/*--------------------------------*- C++ -*----------------------------------*\
| =========                 |                                                 |
| \\      /  F ield         | OpenFOAM: The Open Source CFD Toolbox           |
|  \\    /   O peration     | Version:  v1806                                 |
|   \\  /    A nd           | Web:      www.OpenFOAM.com                      |
|    \\/     M anipulation  |                                                 |
\*---------------------------------------------------------------------------*/
FoamFile
{
    version     2.0;
    format      ascii;
    class       volVectorField;
    location    "13";
    object      U;
}
// * * * * * * * * * * * * * * * * * * * * * * * * * * * * * * * * * * * * * //

dimensions      [0 1 -1 0 0 0 0];


internalField   nonuniform List<vector> 
4400
(
(2.84469 2.00815 0)
(2.67013 1.44346 0)
(2.62102 1.05015 0)
(2.5886 0.982335 0)
(2.59883 0.774625 0)
(2.64322 0.670678 0)
(2.69864 0.589256 0)
(2.75227 0.525196 0)
(2.79863 0.476857 0)
(2.83641 0.441763 0)
(2.8669 0.413764 0)
(2.89165 0.391658 0)
(2.91164 0.375234 0)
(2.92715 0.36364 0)
(2.93924 0.356205 0)
(2.94812 0.352681 0)
(2.95509 0.351278 0)
(2.96118 0.352816 0)
(2.96499 0.353443 0)
(2.97401 0.359305 0)
(2.99409 -0.109536 0)
(2.38926 -0.0517927 0)
(2.63742 -0.0689007 0)
(2.83043 0.0138452 0)
(2.87601 0.0563691 0)
(2.90055 0.122243 0)
(2.90728 0.16207 0)
(2.90809 0.202109 0)
(2.90977 0.230857 0)
(2.91384 0.254119 0)
(2.91932 0.273022 0)
(2.92508 0.288969 0)
(2.93084 0.300684 0)
(2.93673 0.310996 0)
(2.94375 0.318047 0)
(2.9507 0.32542 0)
(2.95893 0.3292 0)
(2.96677 0.334857 0)
(2.97384 0.336184 0)
(2.9859 0.342649 0)
(2.23472 0.479578 0)
(2.61265 0.481939 0)
(2.71241 0.575437 0)
(2.71277 0.553985 0)
(2.71661 0.52358 0)
(2.72329 0.492777 0)
(2.74036 0.464611 0)
(2.76333 0.439403 0)
(2.79007 0.413874 0)
(2.81639 0.391509 0)
(2.84175 0.370611 0)
(2.86489 0.351714 0)
(2.88646 0.33513 0)
(2.90684 0.321347 0)
(2.92607 0.310115 0)
(2.94321 0.300778 0)
(2.95866 0.293799 0)
(2.97172 0.289034 0)
(2.98388 0.285662 0)
(2.99983 0.286329 0)
(3.14273 -0.0648821 0)
(2.7015 -0.0322291 0)
(2.71748 -0.0818929 0)
(2.81122 -0.0535636 0)
(2.8527 -0.0452743 0)
(2.88041 -0.00860261 0)
(2.89398 0.0149115 0)
(2.90168 0.0475276 0)
(2.90688 0.0732109 0)
(2.9127 0.0986013 0)
(2.91922 0.120851 0)
(2.9261 0.140399 0)
(2.93375 0.157861 0)
(2.94172 0.171783 0)
(2.94931 0.183712 0)
(2.957 0.191714 0)
(2.96377 0.198875 0)
(2.97255 0.20051 0)
(2.98266 0.205425 0)
(2.99654 0.201255 0)
(2.40189 0.215289 0)
(2.66051 0.22898 0)
(2.76279 0.309283 0)
(2.7804 0.3177 0)
(2.78791 0.334625 0)
(2.79444 0.32714 0)
(2.80228 0.321956 0)
(2.81539 0.309101 0)
(2.83017 0.296898 0)
(2.84664 0.284049 0)
(2.86147 0.270681 0)
(2.87628 0.256891 0)
(2.89044 0.244092 0)
(2.90395 0.231215 0)
(2.91603 0.219938 0)
(2.92756 0.208401 0)
(2.93883 0.199389 0)
(2.95219 0.19056 0)
(2.96443 0.184945 0)
(2.97711 0.175945 0)
(3.19258 -0.0567709 0)
(2.90556 -0.0427826 0)
(2.83889 -0.0715896 0)
(2.87112 -0.0573895 0)
(2.89897 -0.0639202 0)
(2.91274 -0.0426125 0)
(2.9195 -0.027069 0)
(2.92153 -0.0045173 0)
(2.92406 0.0161763 0)
(2.92612 0.0376206 0)
(2.92916 0.058316 0)
(2.93369 0.0786343 0)
(2.93911 0.0978777 0)
(2.94449 0.116808 0)
(2.94921 0.133194 0)
(2.95472 0.149944 0)
(2.96141 0.163873 0)
(2.96818 0.178026 0)
(2.97349 0.187031 0)
(2.9786 0.197897 0)
(2.52974 0.13822 0)
(2.71359 0.152011 0)
(2.81877 0.203104 0)
(2.84356 0.215753 0)
(2.84996 0.239382 0)
(2.85441 0.245823 0)
(2.86143 0.249066 0)
(2.87109 0.249379 0)
(2.8821 0.247179 0)
(2.89252 0.24465 0)
(2.90501 0.241116 0)
(2.91753 0.237934 0)
(2.92976 0.234049 0)
(2.94007 0.230118 0)
(2.95059 0.226126 0)
(2.96119 0.223585 0)
(2.97205 0.220547 0)
(2.98106 0.220493 0)
(2.9903 0.218301 0)
(2.99765 0.223032 0)
(3.2222 -0.0492957 0)
(3.02297 -0.0410336 0)
(2.93065 -0.0607028 0)
(2.93145 -0.0518428 0)
(2.95164 -0.0598039 0)
(2.967 -0.0509785 0)
(2.97211 -0.0431817 0)
(2.97309 -0.0293778 0)
(2.97141 -0.0169291 0)
(2.97331 -0.00270879 0)
(2.97615 0.0108538 0)
(2.97927 0.0240036 0)
(2.98084 0.0358934 0)
(2.98315 0.046909 0)
(2.98729 0.0575257 0)
(2.99201 0.0665931 0)
(2.99736 0.0752076 0)
(3.00252 0.0813195 0)
(3.00845 0.0870158 0)
(3.01264 0.0907307 0)
(2.62831 0.0861977 0)
(2.76124 0.0923106 0)
(2.86074 0.12575 0)
(2.89362 0.132032 0)
(2.89685 0.149094 0)
(2.89605 0.151764 0)
(2.8985 0.155122 0)
(2.90371 0.150475 0)
(2.91136 0.146381 0)
(2.91964 0.139174 0)
(2.92724 0.131893 0)
(2.93395 0.122527 0)
(2.94064 0.113569 0)
(2.94877 0.103872 0)
(2.95681 0.0948279 0)
(2.96492 0.084617 0)
(2.97256 0.0759547 0)
(2.98021 0.0649934 0)
(2.98792 0.0586133 0)
(2.99758 0.0464164 0)
(3.20722 -0.0468147 0)
(3.07329 -0.0449719 0)
(2.97799 -0.0629367 0)
(2.95502 -0.0607245 0)
(2.96481 -0.0690008 0)
(2.9779 -0.0651552 0)
(2.98518 -0.0635398 0)
(2.98403 -0.0545119 0)
(2.98075 -0.0462727 0)
(2.97762 -0.0355324 0)
(2.97662 -0.0248357 0)
(2.97591 -0.0138449 0)
(2.97671 -0.00312549 0)
(2.9774 0.00733211 0)
(2.97834 0.0169654 0)
(2.97958 0.0258797 0)
(2.98049 0.0339067 0)
(2.98236 0.039961 0)
(2.98364 0.0452282 0)
(2.98614 0.0461462 0)
(2.69103 0.0732398 0)
(2.7799 0.0831914 0)
(2.87319 0.109988 0)
(2.91706 0.121707 0)
(2.92756 0.137829 0)
(2.92608 0.145616 0)
(2.92301 0.153429 0)
(2.92602 0.156508 0)
(2.93331 0.158214 0)
(2.94213 0.159044 0)
(2.94818 0.158101 0)
(2.95317 0.15689 0)
(2.95791 0.154874 0)
(2.96324 0.153296 0)
(2.96896 0.151379 0)
(2.97425 0.150406 0)
(2.97833 0.148287 0)
(2.9817 0.148463 0)
(2.98321 0.146742 0)
(2.98619 0.149977 0)
(3.21198 -0.0349623 0)
(3.12652 -0.0337977 0)
(3.03727 -0.0440037 0)
(2.99734 -0.0445909 0)
(2.99387 -0.0492754 0)
(3.00427 -0.0476536 0)
(3.01555 -0.0465576 0)
(3.01997 -0.0409185 0)
(3.01841 -0.0336942 0)
(3.01283 -0.0264237 0)
(3.00783 -0.0182748 0)
(3.00594 -0.00949175 0)
(3.00614 -0.000276899 0)
(3.00729 0.0087711 0)
(3.00787 0.0172791 0)
(3.00712 0.0248657 0)
(3.00682 0.0318586 0)
(3.00663 0.0391026 0)
(3.00858 0.0444569 0)
(3.00936 0.0529907 0)
(2.74774 0.0469591 0)
(2.80718 0.0510818 0)
(2.89027 0.0647937 0)
(2.93946 0.0718246 0)
(2.95624 0.0817944 0)
(2.95644 0.0855226 0)
(2.95124 0.0886054 0)
(2.94959 0.087788 0)
(2.95239 0.0851898 0)
(2.95826 0.0812834 0)
(2.96556 0.0771462 0)
(2.97179 0.0719854 0)
(2.97663 0.0664695 0)
(2.97999 0.0601144 0)
(2.98228 0.0536065 0)
(2.98554 0.0468856 0)
(2.99022 0.0411608 0)
(2.99559 0.0346418 0)
(3.00186 0.0307955 0)
(3.00654 0.0243261 0)
(3.18785 -0.0363306 0)
(3.13128 -0.0380161 0)
(3.05446 -0.0468398 0)
(3.01177 -0.0513029 0)
(2.99937 -0.0588691 0)
(3.0015 -0.0613912 0)
(3.01024 -0.0631374 0)
(3.01766 -0.0614005 0)
(3.01897 -0.0587603 0)
(3.01523 -0.0552221 0)
(3.00971 -0.0517692 0)
(3.00547 -0.0477451 0)
(3.00296 -0.0433015 0)
(3.00089 -0.0389749 0)
(2.99982 -0.0344804 0)
(2.99913 -0.0306622 0)
(2.99797 -0.0272959 0)
(2.99747 -0.0255053 0)
(2.99702 -0.0238535 0)
(2.9974 -0.0262948 0)
(2.78092 0.043967 0)
(2.82185 0.0495299 0)
(2.89167 0.0618434 0)
(2.9376 0.0712727 0)
(2.95834 0.0824873 0)
(2.96575 0.0892493 0)
(2.96559 0.0946931 0)
(2.96098 0.0970118 0)
(2.95681 0.0974242 0)
(2.95708 0.0969213 0)
(2.96208 0.0961002 0)
(2.96889 0.0953961 0)
(2.97392 0.0935308 0)
(2.97726 0.0915662 0)
(2.97894 0.088913 0)
(2.98007 0.0867788 0)
(2.98191 0.0848596 0)
(2.98439 0.0839514 0)
(2.98617 0.0830229 0)
(2.9889 0.0835479 0)
(3.17746 -0.022772 0)
(3.14298 -0.0221322 0)
(3.08243 -0.0274548 0)
(3.04086 -0.0308037 0)
(3.02173 -0.0351124 0)
(3.01543 -0.0359803 0)
(3.01614 -0.0359168 0)
(3.02062 -0.0337485 0)
(3.02557 -0.0299226 0)
(3.02821 -0.0248438 0)
(3.02693 -0.0191427 0)
(3.02217 -0.0141652 0)
(3.01689 -0.0092456 0)
(3.01273 -0.00446665 0)
(3.01052 0.000316709 0)
(3.01069 0.00538697 0)
(3.01095 0.0098033 0)
(3.0102 0.0142238 0)
(3.0087 0.0171548 0)
(3.00606 0.0209609 0)
(2.82337 0.0274076 0)
(2.8464 0.0292099 0)
(2.89991 0.0365909 0)
(2.94492 0.0429851 0)
(2.97122 0.0496648 0)
(2.98499 0.053373 0)
(2.98971 0.0558933 0)
(2.98748 0.0560104 0)
(2.98257 0.0544584 0)
(2.97867 0.0515427 0)
(2.9774 0.0478525 0)
(2.97866 0.0440751 0)
(2.98133 0.0406739 0)
(2.9839 0.0370987 0)
(2.9866 0.0338782 0)
(2.98819 0.0304041 0)
(2.98949 0.0273088 0)
(2.99143 0.0245852 0)
(2.99411 0.022695 0)
(2.99684 0.021683 0)
(3.15131 -0.0204457 0)
(3.13571 -0.0215664 0)
(3.09339 -0.0266808 0)
(3.05243 -0.0316819 0)
(3.02702 -0.0364825 0)
(3.01434 -0.0391517 0)
(3.00838 -0.0420367 0)
(3.00755 -0.0437191 0)
(3.01124 -0.0439063 0)
(3.01632 -0.0423682 0)
(3.01896 -0.0400802 0)
(3.01824 -0.0374651 0)
(3.01498 -0.0352461 0)
(3.01157 -0.0329268 0)
(3.00924 -0.0305318 0)
(3.00866 -0.0281866 0)
(3.00925 -0.0257402 0)
(3.00956 -0.0245275 0)
(3.00893 -0.0234106 0)
(3.0073 -0.0253474 0)
(2.85337 0.0215003 0)
(2.86433 0.0240512 0)
(2.90249 0.0294903 0)
(2.94595 0.0358292 0)
(2.97721 0.0428886 0)
(2.9919 0.0475183 0)
(2.99552 0.0517716 0)
(2.99521 0.0550999 0)
(2.99304 0.0571099 0)
(2.98869 0.0569118 0)
(2.98362 0.0550241 0)
(2.97978 0.05218 0)
(2.97869 0.049357 0)
(2.98038 0.0469762 0)
(2.98331 0.0447115 0)
(2.98553 0.0426052 0)
(2.98588 0.0400289 0)
(2.98544 0.0379475 0)
(2.98456 0.035878 0)
(2.98601 0.0353967 0)
(3.12907 -0.0148758 0)
(3.12404 -0.0148292 0)
(3.09669 -0.0162648 0)
(3.06131 -0.0192526 0)
(3.03216 -0.0235564 0)
(3.01494 -0.0269477 0)
(3.00804 -0.0298385 0)
(3.00528 -0.0317596 0)
(3.00347 -0.0329379 0)
(3.00299 -0.0328774 0)
(3.00447 -0.0316428 0)
(3.00713 -0.0295367 0)
(3.00951 -0.0270756 0)
(3.01031 -0.0247552 0)
(3.00936 -0.0226756 0)
(3.00772 -0.0208219 0)
(3.00692 -0.0189268 0)
(3.00691 -0.016965 0)
(3.00795 -0.0153458 0)
(3.0082 -0.0134722 0)
(2.08445 -0.77878 0)
(2.12238 -0.664012 0)
(2.08994 -0.535241 0)
(2.08055 -0.410351 0)
(2.07093 -0.285673 0)
(2.06518 -0.162063 0)
(2.0631 -0.0390123 0)
(2.06469 0.0839092 0)
(2.06998 0.207153 0)
(2.07903 0.331183 0)
(2.09193 0.456453 0)
(2.1087 0.583567 0)
(2.13003 0.712617 0)
(2.15426 0.845379 0)
(2.18689 0.979261 0)
(2.21558 1.12162 0)
(2.26708 1.25903 0)
(2.29048 1.4163 0)
(2.37579 1.54866 0)
(2.37104 1.71961 0)
(2.22505 -0.0532319 0)
(2.18832 -0.043679 0)
(2.14822 -0.0361765 0)
(2.10978 -0.0271346 0)
(2.07906 -0.0174798 0)
(2.05805 -0.00735301 0)
(2.04755 0.00308427 0)
(2.04787 0.0136767 0)
(2.0592 0.0242636 0)
(2.08179 0.0346442 0)
(2.11604 0.044623 0)
(2.16253 0.0539883 0)
(2.22195 0.0625431 0)
(2.29521 0.069967 0)
(2.38262 0.0761312 0)
(2.48514 0.0804443 0)
(2.59916 0.0833968 0)
(2.72375 0.0823595 0)
(2.83964 0.0743572 0)
(2.93638 0.0905716 0)
(2.55737 0.0152298 0)
(2.54908 0.0340769 0)
(2.55012 0.0543631 0)
(2.55624 0.0756681 0)
(2.56439 0.0978743 0)
(2.57277 0.120785 0)
(2.58042 0.144192 0)
(2.58682 0.167896 0)
(2.59164 0.191711 0)
(2.59466 0.215454 0)
(2.59559 0.238934 0)
(2.59409 0.261949 0)
(2.5897 0.284277 0)
(2.58175 0.305683 0)
(2.5694 0.325881 0)
(2.55149 0.344617 0)
(2.52706 0.361441 0)
(2.49483 0.376158 0)
(2.45637 0.390176 0)
(2.41366 0.39435 0)
(2.68796 -0.0527036 0)
(2.69006 -0.0508225 0)
(2.68639 -0.0491889 0)
(2.68048 -0.0478176 0)
(2.67515 -0.0467083 0)
(2.67232 -0.0458352 0)
(2.67315 -0.0451688 0)
(2.67827 -0.0446878 0)
(2.68799 -0.0443799 0)
(2.70251 -0.0442398 0)
(2.72195 -0.0442653 0)
(2.74641 -0.044455 0)
(2.77594 -0.0448035 0)
(2.81048 -0.0452983 0)
(2.84973 -0.0459119 0)
(2.89298 -0.0466077 0)
(2.93882 -0.0473053 0)
(2.98493 -0.0478087 0)
(3.02772 -0.0476715 0)
(3.06312 -0.0463087 0)
(2.74074 0.054324 0)
(2.73035 0.0616707 0)
(2.72535 0.0692014 0)
(2.72434 0.0769447 0)
(2.72575 0.084878 0)
(2.72821 0.0929483 0)
(2.73062 0.101091 0)
(2.73219 0.10924 0)
(2.73236 0.117334 0)
(2.73067 0.125313 0)
(2.7268 0.133123 0)
(2.72042 0.140708 0)
(2.7112 0.148011 0)
(2.69884 0.154976 0)
(2.68305 0.161543 0)
(2.66364 0.167657 0)
(2.64064 0.173288 0)
(2.61437 0.178404 0)
(2.58519 0.182792 0)
(2.55216 0.186469 0)
(2.84875 -0.0570663 0)
(2.85438 -0.0565395 0)
(2.85654 -0.0560348 0)
(2.85666 -0.0555989 0)
(2.85615 -0.0552549 0)
(2.85625 -0.0550072 0)
(2.8579 -0.0548489 0)
(2.86178 -0.0547673 0)
(2.86835 -0.0547479 0)
(2.87789 -0.0547763 0)
(2.8906 -0.0548378 0)
(2.90658 -0.0549173 0)
(2.92584 -0.0549975 0)
(2.94828 -0.0550571 0)
(2.97363 -0.0550712 0)
(3.0014 -0.0550138 0)
(3.0308 -0.0548467 0)
(3.06073 -0.0544725 0)
(3.08989 -0.0537669 0)
(3.11684 -0.0531947 0)
(2.82595 0.0479068 0)
(2.81664 0.052186 0)
(2.81065 0.0565005 0)
(2.80734 0.0608749 0)
(2.8059 0.065313 0)
(2.80545 0.0698021 0)
(2.80521 0.0743187 0)
(2.80451 0.078834 0)
(2.8028 0.083317 0)
(2.79964 0.0877371 0)
(2.79469 0.0920643 0)
(2.78767 0.0962699 0)
(2.77834 0.100326 0)
(2.76654 0.104204 0)
(2.75215 0.107881 0)
(2.73516 0.11134 0)
(2.71564 0.114572 0)
(2.69369 0.117547 0)
(2.66926 0.120183 0)
(2.64171 0.122805 0)
(2.94195 -0.0541802 0)
(2.94778 -0.0539204 0)
(2.95134 -0.0536397 0)
(2.95337 -0.0533658 0)
(2.95466 -0.0531171 0)
(2.956 -0.0529029 0)
(2.95806 -0.0527242 0)
(2.96139 -0.0525765 0)
(2.96643 -0.0524516 0)
(2.97349 -0.052339 0)
(2.98278 -0.0522266 0)
(2.99444 -0.0521013 0)
(3.00851 -0.0519483 0)
(3.02495 -0.0517515 0)
(3.04361 -0.0514953 0)
(3.06422 -0.0511663 0)
(3.08636 -0.0507451 0)
(3.10946 -0.0501739 0)
(3.13278 -0.049397 0)
(3.15533 -0.04874 0)
(2.8759 0.0450651 0)
(2.86805 0.0471654 0)
(2.86243 0.0492667 0)
(2.85867 0.0513832 0)
(2.85626 0.0535206 0)
(2.85462 0.0556758 0)
(2.85321 0.0578393 0)
(2.85151 0.0599971 0)
(2.84907 0.0621326 0)
(2.84553 0.0642276 0)
(2.84057 0.066264 0)
(2.83396 0.0682235 0)
(2.82551 0.0700885 0)
(2.81508 0.0718425 0)
(2.8026 0.0734708 0)
(2.78804 0.0749636 0)
(2.77143 0.0763129 0)
(2.75284 0.0774897 0)
(2.73235 0.0784513 0)
(2.71007 0.0794474 0)
(2.97984 -0.0452597 0)
(2.98525 -0.0454273 0)
(2.98903 -0.0455684 0)
(2.99164 -0.0456995 0)
(2.99358 -0.0458329 0)
(2.99538 -0.0459758 0)
(2.99753 -0.0461306 0)
(3.00047 -0.0462959 0)
(3.00456 -0.0464667 0)
(3.01008 -0.0466362 0)
(3.01725 -0.0467958 0)
(3.02621 -0.0469359 0)
(3.03704 -0.0470462 0)
(3.04974 -0.047116 0)
(3.06424 -0.0471353 0)
(3.08039 -0.0470961 0)
(3.09789 -0.0469833 0)
(3.11633 -0.0467547 0)
(3.13509 -0.0463785 0)
(3.15329 -0.0460855 0)
(2.89729 0.0351217 0)
(2.89074 0.0370658 0)
(2.88578 0.0389989 0)
(2.88217 0.0409315 0)
(2.87955 0.0428693 0)
(2.87753 0.0448126 0)
(2.87569 0.0467573 0)
(2.87364 0.0486956 0)
(2.87103 0.0506173 0)
(2.86755 0.0525101 0)
(2.86294 0.0543611 0)
(2.85699 0.0561573 0)
(2.84953 0.0578857 0)
(2.84043 0.0595343 0)
(2.82962 0.0610931 0)
(2.81708 0.0625548 0)
(2.80285 0.0639118 0)
(2.78709 0.0651418 0)
(2.7701 0.0662264 0)
(2.75231 0.0673557 0)
(3.02344 -0.0408131 0)
(3.0282 -0.0407 0)
(3.03177 -0.0405593 0)
(3.03445 -0.0404026 0)
(3.03658 -0.040239 0)
(3.03852 -0.0400743 0)
(3.04063 -0.0399113 0)
(3.04323 -0.0397496 0)
(3.04662 -0.0395861 0)
(3.05103 -0.0394159 0)
(3.05667 -0.0392324 0)
(3.06368 -0.0390283 0)
(3.07215 -0.0387953 0)
(3.08214 -0.0385249 0)
(3.09363 -0.038209 0)
(3.10651 -0.0378408 0)
(3.1206 -0.0374075 0)
(3.13557 -0.0368764 0)
(3.15093 -0.036224 0)
(3.16601 -0.0356278 0)
(2.9196 0.0340589 0)
(2.91423 0.0348725 0)
(2.91003 0.0356714 0)
(2.90681 0.0364627 0)
(2.90431 0.0372507 0)
(2.90225 0.0380366 0)
(2.90032 0.0388186 0)
(2.89823 0.0395923 0)
(2.8957 0.0403513 0)
(2.89247 0.0410875 0)
(2.88835 0.0417919 0)
(2.88312 0.0424551 0)
(2.87666 0.0430671 0)
(2.86883 0.0436185 0)
(2.85958 0.0441004 0)
(2.8489 0.0445056 0)
(2.83685 0.0448254 0)
(2.82365 0.0450396 0)
(2.80961 0.045134 0)
(2.79525 0.0452497 0)
(3.03547 -0.0315701 0)
(3.03955 -0.031975 0)
(3.04274 -0.032354 0)
(3.04524 -0.032715 0)
(3.04729 -0.0330645 0)
(3.04916 -0.0334067 0)
(3.05109 -0.0337436 0)
(3.05335 -0.0340752 0)
(3.05615 -0.0343994 0)
(3.0597 -0.0347125 0)
(3.06417 -0.0350095 0)
(3.0697 -0.0352842 0)
(3.07637 -0.0355297 0)
(3.08426 -0.0357383 0)
(3.09335 -0.0359024 0)
(3.10358 -0.0360145 0)
(3.1148 -0.0360623 0)
(3.12673 -0.0360185 0)
(3.139 -0.035866 0)
(3.15104 -0.0357453 0)
(2.91884 0.0263149 0)
(2.91452 0.0273474 0)
(2.91108 0.0283621 0)
(2.90836 0.029365 0)
(2.90618 0.03036 0)
(2.90432 0.031349 0)
(2.90255 0.0323314 0)
(2.90064 0.0333045 0)
(2.89838 0.0342639 0)
(2.89558 0.0352035 0)
(2.89205 0.0361162 0)
(2.88763 0.0369938 0)
(2.88222 0.0378275 0)
(2.8757 0.0386083 0)
(2.86804 0.0393271 0)
(2.85924 0.0399761 0)
(2.84942 0.0405456 0)
(2.83878 0.041017 0)
(2.82765 0.0413793 0)
(2.81653 0.0417479 0)
(3.05948 -0.0283954 0)
(3.06281 -0.0283666 0)
(3.06548 -0.0283122 0)
(3.06764 -0.0282384 0)
(3.06945 -0.0281505 0)
(3.0711 -0.0280519 0)
(3.07278 -0.0279446 0)
(3.07466 -0.0278284 0)
(3.07692 -0.0277016 0)
(3.07971 -0.0275612 0)
(3.08316 -0.0274024 0)
(3.08738 -0.0272195 0)
(3.09246 -0.0270056 0)
(3.09845 -0.0267529 0)
(3.10534 -0.0264533 0)
(3.11309 -0.026099 0)
(3.12157 -0.0256792 0)
(3.13058 -0.0251716 0)
(3.13984 -0.0245605 0)
(3.14899 -0.0239586 0)
(2.92902 0.0235557 0)
(2.92571 0.0239876 0)
(2.92304 0.0243995 0)
(2.9209 0.0247962 0)
(2.91914 0.025181 0)
(2.9176 0.0255555 0)
(2.91612 0.0259198 0)
(2.91453 0.0262721 0)
(2.91267 0.0266091 0)
(2.91038 0.0269261 0)
(2.90754 0.0272172 0)
(2.90403 0.0274756 0)
(2.89975 0.0276935 0)
(2.89464 0.0278628 0)
(2.88868 0.0279754 0)
(2.88189 0.0280236 0)
(2.87437 0.0279988 0)
(2.86629 0.0278863 0)
(2.85792 0.0276782 0)
(2.84962 0.0274621 0)
(3.06635 -0.0202015 0)
(3.06889 -0.0204326 0)
(3.07096 -0.0206408 0)
(3.07266 -0.020831 0)
(3.0741 -0.0210069 0)
(3.07541 -0.0211711 0)
(3.07671 -0.0213247 0)
(3.07814 -0.0214673 0)
(3.07982 -0.0215974 0)
(3.08185 -0.0217118 0)
(3.08433 -0.0218064 0)
(3.08734 -0.0218756 0)
(3.09095 -0.0219131 0)
(3.09518 -0.0219117 0)
(3.10004 -0.021864 0)
(3.10549 -0.021763 0)
(3.11145 -0.0215993 0)
(3.11778 -0.0213535 0)
(3.12431 -0.0210127 0)
(3.13079 -0.020685 0)
(2.92838 0.0173211 0)
(2.92596 0.0177269 0)
(2.92401 0.0181141 0)
(2.92243 0.0184867 0)
(2.92113 0.0188478 0)
(2.91999 0.0191988 0)
(2.91888 0.0195401 0)
(2.9177 0.0198707 0)
(2.91632 0.0201882 0)
(2.91465 0.0204892 0)
(2.91258 0.0207692 0)
(2.91004 0.0210228 0)
(2.90696 0.0212438 0)
(2.90331 0.0214256 0)
(2.89907 0.0215616 0)
(2.89427 0.0216462 0)
(2.88898 0.0216729 0)
(2.88332 0.0216274 0)
(2.87747 0.0214976 0)
(2.87169 0.0213611 0)
(3.07378 -0.0153221 0)
(3.07558 -0.0154611 0)
(3.07705 -0.0155845 0)
(3.07827 -0.0156964 0)
(3.0793 -0.0157999 0)
(3.08024 -0.0158974 0)
(3.08116 -0.0159902 0)
(3.08214 -0.0160783 0)
(3.08327 -0.0161608 0)
(3.08462 -0.016236 0)
(3.08624 -0.016301 0)
(3.0882 -0.016352 0)
(3.09053 -0.0163847 0)
(3.09326 -0.0163939 0)
(3.09638 -0.0163743 0)
(3.09988 -0.0163207 0)
(3.10369 -0.0162279 0)
(3.10774 -0.0160888 0)
(3.11189 -0.015897 0)
(3.11601 -0.0156702 0)
(2.39764 -0.633711 0)
(2.39164 -0.641518 0)
(2.38554 -0.651484 0)
(2.38405 -0.663214 0)
(2.38726 -0.677251 0)
(2.3961 -0.693754 0)
(2.41097 -0.712967 0)
(2.43189 -0.735017 0)
(2.45837 -0.759946 0)
(2.48927 -0.787651 0)
(2.52278 -0.817808 0)
(2.55642 -0.849774 0)
(2.58699 -0.882535 0)
(2.61064 -0.914775 0)
(2.62263 -0.944983 0)
(2.61699 -0.971324 0)
(2.58592 -0.990712 0)
(2.51977 -0.996169 0)
(2.40937 -0.972356 0)
(2.25429 -0.899578 0)
(2.55631 -0.170212 0)
(2.54138 -0.163822 0)
(2.52083 -0.156852 0)
(2.49483 -0.149436 0)
(2.46329 -0.141579 0)
(2.42604 -0.133369 0)
(2.38323 -0.124931 0)
(2.33545 -0.116433 0)
(2.28385 -0.108069 0)
(2.23029 -0.100055 0)
(2.17742 -0.0926152 0)
(2.12867 -0.0859669 0)
(2.08814 -0.0803028 0)
(2.06028 -0.0757632 0)
(2.04931 -0.0723991 0)
(2.05818 -0.0701242 0)
(2.0871 -0.0686304 0)
(2.13156 -0.0672693 0)
(2.18074 -0.0649211 0)
(2.21803 -0.0604537 0)
(2.61077 -0.231982 0)
(2.61879 -0.226407 0)
(2.63103 -0.220815 0)
(2.64657 -0.215021 0)
(2.66493 -0.208939 0)
(2.68553 -0.202444 0)
(2.70758 -0.195373 0)
(2.72999 -0.187539 0)
(2.75144 -0.178735 0)
(2.77042 -0.168752 0)
(2.78524 -0.1574 0)
(2.79417 -0.144532 0)
(2.79554 -0.130081 0)
(2.78788 -0.114088 0)
(2.7702 -0.0967313 0)
(2.74229 -0.078332 0)
(2.70528 -0.0593271 0)
(2.66221 -0.0402005 0)
(2.61848 -0.0213708 0)
(2.58129 -0.00299721 0)
(2.68622 -0.0889258 0)
(2.66995 -0.0856543 0)
(2.6502 -0.0822265 0)
(2.62784 -0.078897 0)
(2.60366 -0.0756876 0)
(2.57857 -0.0726343 0)
(2.55364 -0.0697948 0)
(2.5302 -0.0672278 0)
(2.50975 -0.0649838 0)
(2.4939 -0.063101 0)
(2.48427 -0.061599 0)
(2.48224 -0.0604742 0)
(2.48879 -0.0596941 0)
(2.50422 -0.0591923 0)
(2.52794 -0.0588652 0)
(2.55821 -0.0585712 0)
(2.59218 -0.0581393 0)
(2.626 -0.0573971 0)
(2.6554 -0.0562193 0)
(2.67668 -0.0545996 0)
(2.77979 -0.0831567 0)
(2.79149 -0.0785194 0)
(2.80563 -0.0738986 0)
(2.82158 -0.0690457 0)
(2.83863 -0.0639114 0)
(2.85601 -0.0584575 0)
(2.87289 -0.0526366 0)
(2.88836 -0.0464066 0)
(2.90142 -0.0397405 0)
(2.91108 -0.0326321 0)
(2.91639 -0.0251017 0)
(2.9165 -0.0172001 0)
(2.91082 -0.00900891 0)
(2.89907 -0.000638001 0)
(2.88147 0.00778179 0)
(2.85886 0.0161167 0)
(2.83278 0.0242518 0)
(2.80543 0.0321128 0)
(2.77942 0.0396896 0)
(2.75727 0.047049 0)
(2.78585 -0.0674346 0)
(2.77154 -0.0657944 0)
(2.75596 -0.0640515 0)
(2.73965 -0.0624281 0)
(2.72334 -0.0609619 0)
(2.70785 -0.0596717 0)
(2.69409 -0.0585835 0)
(2.68299 -0.0577206 0)
(2.67547 -0.057097 0)
(2.67236 -0.0567157 0)
(2.6743 -0.0565659 0)
(2.68163 -0.0566221 0)
(2.69432 -0.0568423 0)
(2.71185 -0.0571686 0)
(2.73321 -0.0575295 0)
(2.75692 -0.057847 0)
(2.78114 -0.0580467 0)
(2.80392 -0.0580721 0)
(2.82348 -0.0578989 0)
(2.83858 -0.0575448 0)
(2.88451 -0.0413756 0)
(2.89649 -0.037894 0)
(2.90932 -0.0344724 0)
(2.92258 -0.0308925 0)
(2.93572 -0.0271205 0)
(2.94813 -0.0231473 0)
(2.95915 -0.0189599 0)
(2.96812 -0.0145511 0)
(2.97438 -0.00992628 0)
(2.97735 -0.00510484 0)
(2.97655 -0.000120176 0)
(2.97167 0.00498084 0)
(2.96263 0.0101407 0)
(2.94964 0.015296 0)
(2.93325 0.0203836 0)
(2.91433 0.0253492 0)
(2.89408 0.0301555 0)
(2.87386 0.034789 0)
(2.85506 0.0392637 0)
(2.83884 0.0436182 0)
(2.86129 -0.0566655 0)
(2.84884 -0.0557691 0)
(2.83646 -0.0547954 0)
(2.82454 -0.0539344 0)
(2.81359 -0.0532174 0)
(2.80417 -0.0526487 0)
(2.79689 -0.0522397 0)
(2.79231 -0.0519982 0)
(2.79092 -0.0519233 0)
(2.79308 -0.052005 0)
(2.79896 -0.0522237 0)
(2.80849 -0.0525507 0)
(2.82135 -0.0529491 0)
(2.83694 -0.0533753 0)
(2.8544 -0.0537833 0)
(2.87269 -0.0541291 0)
(2.8907 -0.0543765 0)
(2.90734 -0.0545024 0)
(2.92175 -0.0545013 0)
(2.93335 -0.0543852 0)
(2.95128 -0.00143193 0)
(2.96208 0.000259825 0)
(2.97271 0.0019487 0)
(2.98283 0.00380205 0)
(2.99205 0.00578614 0)
(2.99995 0.0079063 0)
(3.00609 0.0101668 0)
(3.01006 0.0125629 0)
(3.01149 0.0150815 0)
(3.01009 0.0177015 0)
(3.00572 0.0203947 0)
(2.99833 0.0231275 0)
(2.98812 0.0258635 0)
(2.97542 0.0285664 0)
(2.9608 0.0312038 0)
(2.94497 0.033751 0)
(2.92877 0.0361941 0)
(2.91307 0.0385317 0)
(2.89864 0.0407746 0)
(2.88613 0.0429437 0)
(2.88918 -0.0387106 0)
(2.8792 -0.0384603 0)
(2.8699 -0.0381644 0)
(2.86161 -0.037989 0)
(2.85469 -0.0379418 0)
(2.84951 -0.0380171 0)
(2.84643 -0.0382158 0)
(2.84575 -0.0385365 0)
(2.8477 -0.0389712 0)
(2.85239 -0.0395058 0)
(2.85977 -0.0401203 0)
(2.86964 -0.0407898 0)
(2.88163 -0.0414861 0)
(2.8952 -0.0421792 0)
(2.90971 -0.0428404 0)
(2.92444 -0.0434443 0)
(2.93865 -0.0439725 0)
(2.9517 -0.0444147 0)
(2.96309 -0.0447701 0)
(2.9725 -0.0450469 0)
(2.98672 -0.00914185 0)
(2.99526 -0.00732671 0)
(3.00312 -0.00552963 0)
(3.01001 -0.00360178 0)
(3.01564 -0.00155739 0)
(3.01975 0.000590278 0)
(3.02207 0.00283714 0)
(3.02238 0.00517488 0)
(3.02052 0.00758866 0)
(3.0164 0.0100586 0)
(3.01002 0.012561 0)
(3.00153 0.0150703 0)
(2.99116 0.0175604 0)
(2.97928 0.0200075 0)
(2.96637 0.0223917 0)
(2.95298 0.0246996 0)
(2.93969 0.0269247 0)
(2.92706 0.0290687 0)
(2.91557 0.0311398 0)
(2.90558 0.0331519 0)
(2.92831 -0.0388159 0)
(2.92095 -0.0384779 0)
(2.91458 -0.0381266 0)
(2.90943 -0.0378877 0)
(2.90576 -0.0377627 0)
(2.90378 -0.0377405 0)
(2.90368 -0.0378158 0)
(2.90558 -0.0379816 0)
(2.90953 -0.0382264 0)
(2.91549 -0.0385342 0)
(2.92332 -0.038886 0)
(2.93277 -0.0392605 0)
(2.94351 -0.0396353 0)
(2.95511 -0.0399885 0)
(2.9671 -0.0403006 0)
(2.97898 -0.0405558 0)
(2.99029 -0.0407436 0)
(3.00062 -0.0408593 0)
(3.00969 -0.0409043 0)
(3.01731 -0.0408854 0)
(3.01839 0.0130811 0)
(3.02421 0.0138162 0)
(3.02908 0.0145447 0)
(3.03281 0.0153975 0)
(3.03521 0.0163545 0)
(3.03614 0.0173954 0)
(3.03547 0.0185114 0)
(3.03311 0.0196918 0)
(3.02903 0.0209215 0)
(3.02327 0.0221832 0)
(3.01593 0.023458 0)
(3.00719 0.0247268 0)
(2.99732 0.0259717 0)
(2.98663 0.0271771 0)
(2.97549 0.0283309 0)
(2.96431 0.0294254 0)
(2.95347 0.0304579 0)
(2.94333 0.0314302 0)
(2.93419 0.0323482 0)
(2.92625 0.033221 0)
(2.93623 -0.0191481 0)
(2.93179 -0.0194244 0)
(2.92837 -0.0196998 0)
(2.92615 -0.0200923 0)
(2.92527 -0.0205874 0)
(2.92586 -0.0211672 0)
(2.92798 -0.0218226 0)
(2.93164 -0.0225438 0)
(2.93682 -0.0233176 0)
(2.94339 -0.024129 0)
(2.95121 -0.0249613 0)
(2.96003 -0.0257976 0)
(2.96958 -0.0266212 0)
(2.97953 -0.0274167 0)
(2.98954 -0.0281715 0)
(2.99929 -0.0288758 0)
(3.00845 -0.0295238 0)
(3.0168 -0.0301138 0)
(3.02413 -0.0306476 0)
(3.03036 -0.0311306 0)
(3.0243 0.000252387 0)
(3.02709 0.0012672 0)
(3.02892 0.00238805 0)
(3.02967 0.00360926 0)
(3.02924 0.00491099 0)
(3.02757 0.00627807 0)
(3.0246 0.00769925 0)
(3.02036 0.00916206 0)
(3.01487 0.0106519 0)
(3.00823 0.012153 0)
(3.00057 0.0136496 0)
(2.99208 0.0151267 0)
(2.98298 0.0165711 0)
(2.97354 0.0179717 0)
(2.96402 0.0193208 0)
(2.95472 0.020614 0)
(2.94588 0.0218505 0)
(2.93773 0.0230327 0)
(2.93045 0.0241659 0)
(2.92414 0.0252572 0)
(2.96056 -0.0232131 0)
(2.95901 -0.0232959 0)
(2.95836 -0.0233864 0)
(2.95873 -0.0235684 0)
(2.96016 -0.0238277 0)
(2.96271 -0.0241454 0)
(2.96637 -0.0245103 0)
(2.9711 -0.0249118 0)
(2.97683 -0.0253376 0)
(2.98343 -0.0257741 0)
(2.99075 -0.0262077 0)
(2.99861 -0.0266251 0)
(3.00678 -0.0270142 0)
(3.01504 -0.0273646 0)
(3.02317 -0.027668 0)
(3.03094 -0.0279192 0)
(3.03817 -0.0281155 0)
(3.04471 -0.0282573 0)
(3.05047 -0.0283476 0)
(3.05539 -0.0283915 0)
(3.03276 0.00851763 0)
(3.03295 0.00920372 0)
(3.0323 0.00989987 0)
(3.03077 0.0106832 0)
(3.02831 0.0115266 0)
(3.02491 0.0124093 0)
(3.02059 0.0133198 0)
(3.0154 0.0142466 0)
(3.0094 0.0151771 0)
(3.0027 0.0160985 0)
(2.99543 0.0169989 0)
(2.98776 0.0178675 0)
(2.97986 0.0186957 0)
(2.97193 0.0194765 0)
(2.96415 0.0202057 0)
(2.95671 0.0208816 0)
(2.94976 0.021505 0)
(2.94345 0.0220788 0)
(2.93787 0.0226078 0)
(2.93306 0.0230979 0)
(2.97467 -0.00905969 0)
(2.97545 -0.00961421 0)
(2.97691 -0.0101626 0)
(2.97908 -0.0107831 0)
(2.982 -0.0114492 0)
(2.98564 -0.012142 0)
(2.98999 -0.0128521 0)
(2.99498 -0.0135705 0)
(3.00054 -0.0142872 0)
(3.00657 -0.014992 0)
(3.01293 -0.0156754 0)
(3.0195 -0.0163284 0)
(3.02612 -0.0169438 0)
(3.03266 -0.0175155 0)
(3.03896 -0.0180396 0)
(3.04489 -0.018514 0)
(3.05036 -0.0189388 0)
(3.05527 -0.0193159 0)
(3.05958 -0.0196487 0)
(3.06327 -0.0199421 0)
(3.02266 0.00229168 0)
(3.02105 0.00311461 0)
(3.01882 0.00394664 0)
(3.01595 0.00483591 0)
(3.01244 0.00575575 0)
(3.0083 0.00668854 0)
(3.00357 0.00762479 0)
(2.99831 0.00855538 0)
(2.99258 0.00947058 0)
(2.98648 0.0103611 0)
(2.98014 0.0112188 0)
(2.97366 0.0120367 0)
(2.96718 0.0128095 0)
(2.96082 0.0135339 0)
(2.95473 0.0142081 0)
(2.949 0.0148326 0)
(2.94374 0.0154092 0)
(2.93902 0.0159414 0)
(2.93488 0.0164339 0)
(2.93134 0.016892 0)
(2.99499 -0.00593697 0)
(2.99731 -0.00656055 0)
(3.00006 -0.00718801 0)
(3.00323 -0.00783527 0)
(3.00682 -0.00848953 0)
(3.0108 -0.00914137 0)
(3.01514 -0.00978429 0)
(3.01978 -0.0104117 0)
(3.02465 -0.0110169 0)
(3.0297 -0.0115937 0)
(3.03482 -0.0121366 0)
(3.03994 -0.012641 0)
(3.04496 -0.0131036 0)
(3.04981 -0.0135222 0)
(3.0544 -0.0138963 0)
(3.05866 -0.0142264 0)
(3.06254 -0.0145146 0)
(3.066 -0.0147639 0)
(3.06902 -0.0149784 0)
(3.07161 -0.0151628 0)
(0.623798 -1.57679 0)
(0.749005 -1.04372 0)
(0.443202 -0.825864 0)
(0.400011 -0.521344 0)
(0.291432 -0.33886 0)
(0.216408 -0.179462 0)
(0.153148 -0.0651647 0)
(0.101447 0.0166846 0)
(0.0596496 0.0705112 0)
(0.0269545 0.103044 0)
(0.00252069 0.118546 0)
(-0.0146209 0.120931 0)
(-0.0255455 0.113614 0)
(-0.0315015 0.0996526 0)
(-0.0336875 0.0818142 0)
(-0.0331094 0.0622721 0)
(-0.0304208 0.0427291 0)
(-0.0257523 0.0246259 0)
(-0.0186175 0.00962841 0)
(-0.00792373 0.0015769 0)
(1.74284 -1.25739 0)
(1.45461 -0.952162 0)
(1.19661 -0.822619 0)
(0.962856 -0.625287 0)
(0.764794 -0.469251 0)
(0.591392 -0.32883 0)
(0.440909 -0.213186 0)
(0.313253 -0.121158 0)
(0.206829 -0.0510508 0)
(0.120487 -0.000455335 0)
(0.0525454 0.0334338 0)
(0.00102473 0.0535326 0)
(-0.036194 0.0626524 0)
(-0.0612874 0.0632648 0)
(-0.0762934 0.0574374 0)
(-0.0828153 0.0471167 0)
(-0.0817262 0.0341913 0)
(-0.0728237 0.0205404 0)
(-0.0545603 0.0083285 0)
(-0.0238985 0.00144395 0)
(2.12445 -1.12521 0)
(1.87107 -1.00779 0)
(1.65467 -0.852287 0)
(1.41626 -0.716121 0)
(1.18425 -0.574384 0)
(0.961206 -0.447821 0)
(0.754592 -0.334977 0)
(0.568791 -0.239312 0)
(0.407021 -0.161223 0)
(0.270455 -0.100064 0)
(0.158579 -0.054278 0)
(0.0697259 -0.0218252 0)
(0.00157476 -0.000553579 0)
(-0.0483162 0.0116888 0)
(-0.082196 0.01691 0)
(-0.101777 0.0169322 0)
(-0.107873 0.0135245 0)
(-0.100086 0.00839631 0)
(-0.0765363 0.00328147 0)
(-0.0337326 0.000477081 0)
(2.37779 -1.01347 0)
(2.21237 -0.921065 0)
(2.00704 -0.851493 0)
(1.78483 -0.744775 0)
(1.54729 -0.638168 0)
(1.30237 -0.525742 0)
(1.06038 -0.418722 0)
(0.83088 -0.321067 0)
(0.622061 -0.236584 0)
(0.439509 -0.166908 0)
(0.285821 -0.112052 0)
(0.160971 -0.0708104 0)
(0.0631337 -0.0412958 0)
(-0.010376 -0.0214081 0)
(-0.0622688 -0.0090663 0)
(-0.094709 -0.00232277 0)
(-0.108909 0.000558614 0)
(-0.104864 0.00107054 0)
(-0.0812691 0.000500295 0)
(-0.0356145 5.12038e-05 0)
(2.52517 -0.988495 0)
(2.38404 -0.941013 0)
(2.25355 -0.866393 0)
(2.07105 -0.788259 0)
(1.86046 -0.694184 0)
(1.62295 -0.594899 0)
(1.3699 -0.492272 0)
(1.11375 -0.392821 0)
(0.867383 -0.30142 0)
(0.641896 -0.221951 0)
(0.445028 -0.156448 0)
(0.280559 -0.105158 0)
(0.148827 -0.0669368 0)
(0.0478987 -0.0398457 0)
(-0.0251407 -0.0217171 0)
(-0.073102 -0.010432 0)
(-0.0979667 -0.00407053 0)
(-0.100521 -0.00103321 0)
(-0.0802786 -6.89309e-06 0)
(-0.0356431 7.71215e-05 0)
(2.60566 -0.912466 0)
(2.5401 -0.878386 0)
(2.42983 -0.847622 0)
(2.29445 -0.792319 0)
(2.11914 -0.725645 0)
(1.90805 -0.643816 0)
(1.66582 -0.552996 0)
(1.4031 -0.457469 0)
(1.134 -0.363383 0)
(0.873716 -0.276319 0)
(0.635662 -0.200598 0)
(0.429219 -0.138571 0)
(0.258956 -0.0905911 0)
(0.125325 -0.0554854 0)
(0.026205 -0.0312311 0)
(-0.0414826 -0.0155738 0)
(-0.0805051 -0.00636092 0)
(-0.0925594 -0.00168971 0)
(-0.0779758 3.04929e-05 0)
(-0.0357929 0.000167951 0)
(2.66329 -0.89353 0)
(2.60374 -0.873539 0)
(2.54722 -0.84011 0)
(2.44972 -0.800814 0)
(2.31925 -0.747304 0)
(2.14687 -0.681924 0)
(1.93369 -0.603771 0)
(1.6848 -0.516292 0)
(1.41156 -0.424025 0)
(1.12992 -0.332944 0)
(0.857443 -0.248918 0)
(0.609685 -0.176493 0)
(0.397366 -0.118066 0)
(0.225466 -0.0738513 0)
(0.0942808 -0.0424623 0)
(0.00141548 -0.0216963 0)
(-0.0562707 -0.00915924 0)
(-0.081269 -0.00260618 0)
(-0.0746975 -6.12421e-05 0)
(-0.036121 0.000220104 0)
(2.68575 -0.830606 0)
(2.66914 -0.820178 0)
(2.625 -0.809027 0)
(2.56364 -0.784477 0)
(2.46931 -0.749974 0)
(2.33794 -0.70152 0)
(2.16299 -0.639597 0)
(1.9436 -0.564583 0)
(1.6849 -0.479582 0)
(1.39921 -0.389541 0)
(1.10452 -0.300805 0)
(0.820907 -0.219659 0)
(0.565977 -0.150846 0)
(0.351411 -0.0966438 0)
(0.182185 -0.05693 0)
(0.0581627 -0.0299527 0)
(-0.0233345 -0.0132381 0)
(-0.0652849 -0.00418783 0)
(-0.0695355 -0.000395936 0)
(-0.0362058 0.000233884 0)
(2.70333 -0.810738 0)
(2.68745 -0.803221 0)
(2.67301 -0.789994 0)
(2.63511 -0.772806 0)
(2.57479 -0.746966 0)
(2.48132 -0.711481 0)
(2.34767 -0.663487 0)
(2.16737 -0.602132 0)
(1.93884 -0.527835 0)
(1.66758 -0.443532 0)
(1.36747 -0.354483 0)
(1.05915 -0.267489 0)
(0.765575 -0.189234 0)
(0.506322 -0.124509 0)
(0.293639 -0.0752386 0)
(0.132049 -0.0407419 0)
(0.0208125 -0.0187463 0)
(-0.042888 -0.00641257 0)
(-0.0614815 -0.000918042 0)
(-0.035698 0.000232262 0)
(2.70464 -0.760868 0)
(2.71061 -0.759763 0)
(2.70244 -0.757307 0)
(2.68504 -0.748287 0)
(2.64804 -0.733162 0)
(2.5862 -0.709134 0)
(2.49011 -0.674544 0)
(2.35107 -0.627152 0)
(2.16195 -0.565903 0)
(1.92071 -0.491413 0)
(1.63364 -0.406897 0)
(1.31687 -0.3182 0)
(0.994419 -0.232805 0)
(0.692545 -0.157834 0)
(0.432643 -0.0979551 0)
(0.22697 -0.0544646 0)
(0.0791682 -0.0259078 0)
(-0.0121311 -0.00938873 0)
(-0.0495177 -0.0016448 0)
(-0.0343223 0.000221024 0)
(2.70495 -0.741982 0)
(2.71087 -0.74018 0)
(2.71767 -0.736249 0)
(2.7129 -0.730014 0)
(2.69569 -0.719229 0)
(2.65866 -0.702633 0)
(2.59466 -0.677757 0)
(2.49417 -0.642312 0)
(2.34732 -0.593956 0)
(2.1462 -0.531418 0)
(1.88869 -0.455426 0)
(1.58245 -0.369643 0)
(1.24684 -0.280716 0)
(0.91032 -0.196994 0)
(0.602876 -0.125991 0)
(0.347379 -0.0719664 0)
(0.155414 -0.0352378 0)
(0.0293996 -0.0133164 0)
(-0.0324214 -0.00261062 0)
(-0.0317767 0.000203987 0)
(2.69908 -0.704332 0)
(2.71512 -0.706741 0)
(2.72515 -0.707974 0)
(2.73101 -0.70614 0)
(2.72676 -0.70088 0)
(2.7086 -0.690681 0)
(2.66971 -0.674041 0)
(2.60186 -0.648744 0)
(2.49466 -0.61233 0)
(2.33708 -0.562409 0)
(2.12029 -0.497682 0)
(1.84236 -0.419173 0)
(1.51319 -0.33129 0)
(1.15671 -0.24184 0)
(0.807039 -0.160254 0)
(0.498327 -0.0943242 0)
(0.254253 -0.0474667 0)
(0.0849315 -0.0185528 0)
(-0.00852835 -0.00392899 0)
(-0.0276454 0.000171905 0)
(2.69254 -0.688758 0)
(2.70857 -0.689575 0)
(2.7258 -0.689919 0)
(2.73843 -0.689013 0)
(2.74498 -0.685737 0)
(2.74101 -0.679223 0)
(2.72171 -0.66795 0)
(2.68014 -0.650154 0)
(2.60714 -0.62346 0)
(2.49119 -0.585141 0)
(2.31986 -0.532601 0)
(2.08339 -0.464515 0)
(1.78043 -0.382338 0)
(1.42427 -0.291558 0)
(1.04529 -0.20156 0)
(0.684906 -0.123072 0)
(0.38161 -0.0638492 0)
(0.158824 -0.0257423 0)
(0.0244397 -0.00576074 0)
(-0.0213592 0.000134629 0)
(2.68428 -0.662899 0)
(2.70408 -0.666406 0)
(2.7228 -0.669166 0)
(2.7408 -0.670719 0)
(2.75454 -0.670329 0)
(2.76128 -0.66723 0)
(2.75676 -0.660396 0)
(2.73559 -0.648434 0)
(2.69029 -0.629478 0)
(2.61065 -0.601031 0)
(2.48367 -0.560127 0)
(2.29521 -0.503968 0)
(2.03441 -0.431287 0)
(1.70108 -0.344229 0)
(1.31359 -0.249871 0)
(0.911327 -0.159762 0)
(0.545085 -0.0860792 0)
(0.257432 -0.0357996 0)
(0.0699815 -0.00836379 0)
(-0.0120057 6.43854e-05 0)
(2.67445 -0.652504 0)
(2.69366 -0.6547 0)
(2.71504 -0.657026 0)
(2.73619 -0.659045 0)
(2.75561 -0.659825 0)
(2.77039 -0.658802 0)
(2.77729 -0.654991 0)
(2.7719 -0.647274 0)
(2.74841 -0.63413 0)
(2.69859 -0.613495 0)
(2.61098 -0.582601 0)
(2.47069 -0.538124 0)
(2.26137 -0.476983 0)
(1.97092 -0.398044 0)
(1.60105 -0.304524 0)
(1.17766 -0.205869 0)
(0.753001 -0.116642 0)
(0.389714 -0.0504024 0)
(0.133361 -0.0122467 0)
(0.00178501 -7.3584e-05 0)
(2.66541 -0.635567 0)
(2.68436 -0.640058 0)
(2.70531 -0.643644 0)
(2.72818 -0.647434 0)
(2.75088 -0.650311 0)
(2.77137 -0.651839 0)
(2.78669 -0.651219 0)
(2.7933 -0.647506 0)
(2.78654 -0.639498 0)
(2.76011 -0.625557 0)
(2.7049 -0.603378 0)
(2.60784 -0.569793 0)
(2.45158 -0.520951 0)
(2.21691 -0.453333 0)
(1.89016 -0.366005 0)
(1.47604 -0.26382 0)
(1.01171 -0.159819 0)
(0.568113 -0.0729147 0)
(0.222855 -0.0183 0)
(0.0219427 -0.000228406 0)
(2.65665 -0.627398 0)
(2.67433 -0.631941 0)
(2.69536 -0.635774 0)
(2.719 -0.640261 0)
(2.7441 -0.644425 0)
(2.76877 -0.647873 0)
(2.79062 -0.649898 0)
(2.80655 -0.649687 0)
(2.81275 -0.64623 0)
(2.80431 -0.638236 0)
(2.77444 -0.623909 0)
(2.71303 -0.600615 0)
(2.60502 -0.564587 0)
(2.42981 -0.511102 0)
(2.16424 -0.435798 0)
(1.79233 -0.337716 0)
(1.3231 -0.223813 0)
(0.810759 -0.112512 0)
(0.354888 -0.030521 0)
(0.0526467 -0.000609107 0)
(2.64937 -0.616951 0)
(2.66626 -0.624472 0)
(2.68707 -0.629823 0)
(2.71159 -0.635949 0)
(2.73869 -0.641884 0)
(2.76705 -0.647351 0)
(2.79457 -0.651787 0)
(2.81861 -0.654519 0)
(2.83584 -0.654732 0)
(2.84219 -0.651435 0)
(2.83248 -0.643358 0)
(2.79947 -0.628679 0)
(2.73204 -0.604542 0)
(2.61276 -0.566534 0)
(2.41673 -0.508696 0)
(2.11488 -0.425058 0)
(1.68664 -0.313758 0)
(1.14523 -0.183849 0)
(0.570233 -0.0630341 0)
(0.11034 -0.00486001 0)
(2.63209 -0.619439 0)
(2.64935 -0.627713 0)
(2.67041 -0.634519 0)
(2.69566 -0.641868 0)
(2.72446 -0.649304 0)
(2.75588 -0.656547 0)
(2.78838 -0.663117 0)
(2.8198 -0.66839 0)
(2.84728 -0.671588 0)
(2.86725 -0.671782 0)
(2.87536 -0.667888 0)
(2.86615 -0.658596 0)
(2.83196 -0.642083 0)
(2.76079 -0.615396 0)
(2.63293 -0.573602 0)
(2.41835 -0.509404 0)
(2.07896 -0.414717 0)
(1.58258 -0.28609 0)
(0.936766 -0.136924 0)
(0.247964 -0.0277171 0)
(2.59268 -0.626954 0)
(2.60695 -0.636518 0)
(2.62495 -0.644978 0)
(2.64742 -0.654226 0)
(2.67397 -0.663896 0)
(2.70422 -0.673865 0)
(2.73711 -0.683751 0)
(2.77109 -0.692996 0)
(2.80389 -0.700827 0)
(2.83257 -0.706223 0)
(2.85337 -0.707906 0)
(2.86172 -0.704366 0)
(2.8518 -0.693813 0)
(2.81554 -0.673897 0)
(2.74033 -0.64107 0)
(2.60527 -0.58969 0)
(2.37706 -0.511709 0)
(2.00827 -0.398795 0)
(1.44138 -0.250236 0)
(0.610855 -0.0961194 0)
(2.95588 -0.489486 0)
(2.93309 -0.482485 0)
(2.92167 -0.480034 0)
(2.90629 -0.47679 0)
(2.89093 -0.474331 0)
(2.87479 -0.472309 0)
(2.85771 -0.471686 0)
(2.8387 -0.471686 0)
(2.81767 -0.469257 0)
(2.79204 -0.478684 0)
(2.76454 -0.483463 0)
(2.73348 -0.490977 0)
(2.69813 -0.502379 0)
(2.65376 -0.516 0)
(2.59417 -0.533691 0)
(2.51919 -0.550932 0)
(2.4543 -0.568928 0)
(2.44585 -0.573745 0)
(2.48229 -0.582341 0)
(2.45802 -0.613879 0)
(2.97392 -0.437972 0)
(2.9506 -0.430015 0)
(2.93674 -0.426607 0)
(2.91994 -0.420645 0)
(2.90418 -0.417083 0)
(2.88723 -0.411036 0)
(2.87089 -0.404391 0)
(2.85365 -0.396608 0)
(2.83714 -0.389913 0)
(2.82096 -0.375005 0)
(2.80277 -0.364187 0)
(2.78521 -0.348587 0)
(2.77071 -0.330881 0)
(2.76658 -0.312534 0)
(2.77966 -0.292203 0)
(2.80276 -0.272839 0)
(2.80267 -0.250354 0)
(2.73417 -0.229257 0)
(2.62552 -0.208953 0)
(2.57194 -0.18566 0)
(2.991 -0.360746 0)
(2.9702 -0.357289 0)
(2.95399 -0.355107 0)
(2.93727 -0.352288 0)
(2.91988 -0.350121 0)
(2.90292 -0.348598 0)
(2.88404 -0.347691 0)
(2.86541 -0.346508 0)
(2.84497 -0.345473 0)
(2.82388 -0.348289 0)
(2.8026 -0.346723 0)
(2.77742 -0.347528 0)
(2.74509 -0.34611 0)
(2.70073 -0.342268 0)
(2.64537 -0.337348 0)
(2.59507 -0.330784 0)
(2.57685 -0.322858 0)
(2.60261 -0.308746 0)
(2.62796 -0.285034 0)
(2.60905 -0.251239 0)
(2.99101 -0.258514 0)
(2.97164 -0.262949 0)
(2.95739 -0.261329 0)
(2.94237 -0.262083 0)
(2.92878 -0.259078 0)
(2.91506 -0.256043 0)
(2.90254 -0.250353 0)
(2.88878 -0.243841 0)
(2.87594 -0.235229 0)
(2.86283 -0.223247 0)
(2.8502 -0.212726 0)
(2.84214 -0.198771 0)
(2.84178 -0.185412 0)
(2.85315 -0.171942 0)
(2.87187 -0.157469 0)
(2.8806 -0.140988 0)
(2.85682 -0.123829 0)
(2.79858 -0.109165 0)
(2.74459 -0.100468 0)
(2.72165 -0.0961113 0)
(2.97463 -0.208545 0)
(2.96087 -0.212953 0)
(2.94791 -0.213128 0)
(2.93545 -0.214778 0)
(2.92316 -0.215293 0)
(2.91097 -0.216359 0)
(2.89904 -0.217086 0)
(2.88771 -0.217767 0)
(2.8751 -0.217884 0)
(2.8619 -0.218574 0)
(2.84679 -0.216053 0)
(2.82645 -0.214145 0)
(2.79921 -0.209174 0)
(2.76425 -0.202455 0)
(2.73 -0.193537 0)
(2.71023 -0.18304 0)
(2.71774 -0.170828 0)
(2.74275 -0.153716 0)
(2.75677 -0.128795 0)
(2.75351 -0.0985252 0)
(2.97488 -0.22999 0)
(2.96595 -0.223188 0)
(2.95792 -0.21879 0)
(2.9487 -0.21048 0)
(2.93966 -0.202826 0)
(2.93048 -0.193022 0)
(2.9216 -0.18322 0)
(2.91318 -0.172331 0)
(2.90618 -0.161377 0)
(2.89958 -0.149018 0)
(2.89556 -0.138324 0)
(2.89712 -0.126381 0)
(2.90567 -0.11573 0)
(2.91967 -0.105346 0)
(2.93071 -0.0949204 0)
(2.92796 -0.0858566 0)
(2.90424 -0.0768033 0)
(2.86979 -0.0710814 0)
(2.84475 -0.0695512 0)
(2.82411 -0.0708854 0)
(2.99714 -0.227281 0)
(2.99017 -0.21919 0)
(2.98191 -0.216498 0)
(2.97425 -0.211546 0)
(2.96503 -0.207952 0)
(2.95595 -0.203817 0)
(2.94615 -0.199856 0)
(2.93621 -0.195522 0)
(2.92535 -0.191021 0)
(2.91374 -0.186357 0)
(2.89883 -0.179728 0)
(2.87972 -0.173091 0)
(2.85666 -0.164545 0)
(2.83327 -0.154569 0)
(2.81534 -0.143798 0)
(2.81077 -0.130957 0)
(2.82027 -0.117224 0)
(2.83453 -0.0992905 0)
(2.84086 -0.077808 0)
(2.85198 -0.0529668 0)
(3.01185 -0.119229 0)
(3.00448 -0.118519 0)
(2.9963 -0.116388 0)
(2.98888 -0.114991 0)
(2.98201 -0.111937 0)
(2.97541 -0.108854 0)
(2.96929 -0.104632 0)
(2.96393 -0.100152 0)
(2.95985 -0.0948682 0)
(2.95757 -0.0890867 0)
(2.9584 -0.0838091 0)
(2.96274 -0.0773461 0)
(2.97047 -0.0718799 0)
(2.97834 -0.0665674 0)
(2.98164 -0.061855 0)
(2.97429 -0.0576626 0)
(2.95821 -0.0544512 0)
(2.93997 -0.0538256 0)
(2.92519 -0.0552449 0)
(2.89831 -0.0582347 0)
(2.99943 -0.0381526 0)
(2.99162 -0.0461025 0)
(2.98411 -0.0487247 0)
(2.97714 -0.0541208 0)
(2.97079 -0.0573994 0)
(2.96458 -0.0613008 0)
(2.95823 -0.0641834 0)
(2.95138 -0.0668035 0)
(2.94412 -0.0687725 0)
(2.9357 -0.0703462 0)
(2.92545 -0.070458 0)
(2.91247 -0.0704295 0)
(2.89813 -0.0680059 0)
(2.8854 -0.0649029 0)
(2.87826 -0.0598606 0)
(2.87895 -0.0538825 0)
(2.88497 -0.0453874 0)
(2.89164 -0.0347387 0)
(2.89838 -0.0222055 0)
(2.91944 -0.00785455 0)
(2.98377 -0.0698742 0)
(2.97946 -0.0711657 0)
(2.97645 -0.0695794 0)
(2.9729 -0.0674776 0)
(2.97041 -0.0645052 0)
(2.96792 -0.0607805 0)
(2.96592 -0.0567794 0)
(2.96421 -0.0523497 0)
(2.96332 -0.0477707 0)
(2.96414 -0.0430166 0)
(2.96709 -0.0388126 0)
(2.97283 -0.0344609 0)
(2.97922 -0.0314745 0)
(2.98457 -0.0289459 0)
(2.9857 -0.0277102 0)
(2.98182 -0.0270353 0)
(2.97383 -0.0282959 0)
(2.96467 -0.030681 0)
(2.95091 -0.0342015 0)
(2.92043 -0.0383353 0)
(2.98926 -0.1334 0)
(2.98771 -0.12833 0)
(2.98623 -0.126683 0)
(2.98375 -0.123261 0)
(2.98067 -0.120934 0)
(2.97722 -0.117981 0)
(2.97315 -0.115364 0)
(2.96851 -0.112249 0)
(2.96296 -0.109114 0)
(2.95641 -0.105526 0)
(2.94856 -0.10135 0)
(2.93923 -0.0965151 0)
(2.92992 -0.0904089 0)
(2.92165 -0.0830835 0)
(2.91714 -0.0746862 0)
(2.91645 -0.0651997 0)
(2.91868 -0.054165 0)
(2.92251 -0.0419265 0)
(2.93296 -0.0295273 0)
(2.96002 -0.0156777 0)
(3.00716 -0.0769417 0)
(3.0057 -0.0718457 0)
(3.00331 -0.0692092 0)
(3.00149 -0.0656376 0)
(2.99961 -0.0624014 0)
(2.99827 -0.0589664 0)
(2.99721 -0.0552603 0)
(2.99652 -0.0515019 0)
(2.99652 -0.0474071 0)
(2.99767 -0.0434034 0)
(3.00078 -0.0397067 0)
(3.00553 -0.0365453 0)
(3.01056 -0.0343198 0)
(3.01431 -0.0329773 0)
(3.01525 -0.0321602 0)
(3.01375 -0.0323578 0)
(3.00978 -0.0333871 0)
(3.00207 -0.0351699 0)
(2.98511 -0.0364351 0)
(2.95269 -0.0390456 0)
(3.00843 -0.00184637 0)
(3.00546 -0.00556137 0)
(3.0007 -0.00694682 0)
(2.99691 -0.0101046 0)
(2.99331 -0.01232 0)
(2.99037 -0.0150239 0)
(2.98772 -0.0174395 0)
(2.98493 -0.0197005 0)
(2.98134 -0.0216241 0)
(2.97648 -0.0230476 0)
(2.97023 -0.0237057 0)
(2.96348 -0.0236766 0)
(2.95707 -0.0224622 0)
(2.95191 -0.0203169 0)
(2.94854 -0.0172243 0)
(2.94728 -0.0130579 0)
(2.9489 -0.00813492 0)
(2.95517 -0.00215485 0)
(2.97063 0.00286095 0)
(2.99892 0.00988823 0)
(2.99594 0.00203636 0)
(2.99474 -0.00200653 0)
(2.99419 -0.00217907 0)
(2.9929 -0.00323607 0)
(2.99216 -0.00271128 0)
(2.9914 -0.00222645 0)
(2.99131 -0.00121323 0)
(2.99181 -0.000273346 0)
(2.99326 0.000748127 0)
(2.99581 0.00152444 0)
(2.9993 0.00190597 0)
(3.00339 0.00177634 0)
(3.00764 0.000843041 0)
(3.0111 -0.000518851 0)
(3.01306 -0.0024003 0)
(3.01295 -0.00477047 0)
(3.00976 -0.00761676 0)
(3.00055 -0.0108329 0)
(2.98135 -0.0132355 0)
(2.95208 -0.017525 0)
(2.98947 -0.0615899 0)
(2.98827 -0.0600836 0)
(2.98856 -0.0596633 0)
(2.98812 -0.058722 0)
(2.98742 -0.0581573 0)
(2.98643 -0.0572651 0)
(2.98505 -0.0565666 0)
(2.98321 -0.0554671 0)
(2.98034 -0.0542501 0)
(2.97638 -0.0524235 0)
(2.97179 -0.0501213 0)
(2.96715 -0.0470737 0)
(2.96326 -0.0433918 0)
(2.96055 -0.0392262 0)
(2.95889 -0.0344614 0)
(2.95871 -0.0291551 0)
(2.96187 -0.0234025 0)
(2.97151 -0.0172961 0)
(2.98961 -0.0119693 0)
(3.01357 -0.00383475 0)
(3.00383 -0.0402061 0)
(3.00448 -0.0369137 0)
(3.00464 -0.0351595 0)
(3.00492 -0.032682 0)
(3.00486 -0.0305616 0)
(3.00485 -0.0282517 0)
(3.00536 -0.0260867 0)
(3.00668 -0.0240974 0)
(3.00917 -0.0222815 0)
(3.01232 -0.0207877 0)
(3.0155 -0.019495 0)
(3.01832 -0.0186123 0)
(3.02064 -0.0180138 0)
(3.02266 -0.0178284 0)
(3.0241 -0.0180013 0)
(3.02348 -0.0184324 0)
(3.01856 -0.0187992 0)
(3.00713 -0.0193651 0)
(2.98874 -0.01955 0)
(2.9676 -0.0222621 0)
(3.00185 -0.00256757 0)
(3.00074 -0.0032892 0)
(2.99899 -0.00378165 0)
(2.99764 -0.00485778 0)
(2.99634 -0.00578416 0)
(2.99487 -0.00689593 0)
(2.99297 -0.0077697 0)
(2.99075 -0.00859831 0)
(2.98803 -0.00918701 0)
(2.98536 -0.00963465 0)
(2.98288 -0.00976512 0)
(2.98078 -0.00955755 0)
(2.97911 -0.00900254 0)
(2.97803 -0.00810367 0)
(2.97814 -0.00695283 0)
(2.98055 -0.00556359 0)
(2.98687 -0.00407841 0)
(2.99846 -0.00188732 0)
(3.01457 0.000188105 0)
(3.02997 0.00567082 0)
(3.00255 0.00951394 0)
(3.00285 0.00760517 0)
(3.00307 0.00745177 0)
(3.00297 0.00710896 0)
(3.00323 0.00737088 0)
(3.00385 0.00767373 0)
(3.005 0.00807598 0)
(3.00677 0.00844777 0)
(3.0091 0.00869309 0)
(3.01139 0.00886425 0)
(3.01325 0.00879952 0)
(3.01435 0.0085805 0)
(3.01493 0.00802073 0)
(3.01515 0.00713113 0)
(3.01465 0.00591415 0)
(3.01213 0.00451014 0)
(3.006 0.00315909 0)
(2.99585 0.00104677 0)
(2.98383 -0.00119758 0)
(2.9742 -0.00648861 0)
(2.99296 -0.0194153 0)
(2.99256 -0.019226 0)
(2.99311 -0.0196166 0)
(2.99332 -0.0198954 0)
(2.99307 -0.0203661 0)
(2.99222 -0.0206739 0)
(2.99078 -0.0209798 0)
(2.98902 -0.0211526 0)
(2.98742 -0.0212941 0)
(2.98644 -0.0213843 0)
(2.9862 -0.0213234 0)
(2.98633 -0.0210153 0)
(2.98642 -0.0202285 0)
(2.98689 -0.0190404 0)
(2.98892 -0.0175097 0)
(2.99376 -0.015895 0)
(3.00158 -0.0140343 0)
(3.01096 -0.0110424 0)
(3.02021 -0.0076916 0)
(3.02578 -0.000903201 0)
(3.00382 0.000270476 0)
(3.00373 0.00114684 0)
(3.00338 0.00161961 0)
(3.0035 0.00230328 0)
(3.00399 0.00285167 0)
(3.00487 0.00338715 0)
(3.00591 0.00389964 0)
(3.00679 0.00442414 0)
(3.00731 0.00499649 0)
(3.00743 0.00557392 0)
(3.00735 0.00606032 0)
(3.00742 0.00635259 0)
(3.00753 0.00637164 0)
(3.00698 0.0061958 0)
(3.00493 0.0058455 0)
(3.00114 0.00527219 0)
(2.99635 0.00443463 0)
(2.99173 0.00245289 0)
(2.98855 0.000373662 0)
(2.98923 -0.00387491 0)
(2.92704 -0.622142 0)
(2.91961 -0.618108 0)
(2.92883 -0.619948 0)
(2.9205 -0.62039 0)
(2.92589 -0.622767 0)
(2.9236 -0.627618 0)
(2.92518 -0.633037 0)
(2.92539 -0.642233 0)
(2.92631 -0.652719 0)
(2.92632 -0.666103 0)
(2.92504 -0.683875 0)
(2.92247 -0.70417 0)
(2.9215 -0.730822 0)
(2.92796 -0.76563 0)
(2.94347 -0.809785 0)
(2.95979 -0.865827 0)
(2.96889 -0.950003 0)
(2.95438 -1.0861 0)
(2.78392 -1.26097 0)
(2.55521 -1.87863 0)
(2.92865 -0.618585 0)
(2.91984 -0.615135 0)
(2.92853 -0.61694 0)
(2.9196 -0.618065 0)
(2.92368 -0.620509 0)
(2.92068 -0.625789 0)
(2.92091 -0.631372 0)
(2.9198 -0.640853 0)
(2.91916 -0.651568 0)
(2.91748 -0.665032 0)
(2.91416 -0.68287 0)
(2.90875 -0.702892 0)
(2.90344 -0.728495 0)
(2.90421 -0.761859 0)
(2.91416 -0.805006 0)
(2.92599 -0.859704 0)
(2.92778 -0.922713 0)
(2.92453 -0.966033 0)
(2.97002 -0.931022 0)
(3.14261 -1.05831 0)
(2.92991 -0.614516 0)
(2.9197 -0.611619 0)
(2.92777 -0.613341 0)
(2.91827 -0.615087 0)
(2.92102 -0.617568 0)
(2.91728 -0.623196 0)
(2.91619 -0.628874 0)
(2.91374 -0.638538 0)
(2.91156 -0.649353 0)
(2.90819 -0.662708 0)
(2.90293 -0.680355 0)
(2.89501 -0.699879 0)
(2.886 -0.724246 0)
(2.88179 -0.75597 0)
(2.88647 -0.797843 0)
(2.89085 -0.853509 0)
(2.86735 -0.928285 0)
(2.7936 -1.04715 0)
(2.68109 -1.2492 0)
(2.4485 -1.38957 0)
(2.93119 -0.610148 0)
(2.91964 -0.607735 0)
(2.92703 -0.609344 0)
(2.91705 -0.611613 0)
(2.91848 -0.614104 0)
(2.91405 -0.61998 0)
(2.91173 -0.625674 0)
(2.90802 -0.635392 0)
(2.9044 -0.646161 0)
(2.89944 -0.659183 0)
(2.89241 -0.676386 0)
(2.88235 -0.695193 0)
(2.87016 -0.718138 0)
(2.86137 -0.747744 0)
(2.86117 -0.785706 0)
(2.86379 -0.829022 0)
(2.85363 -0.860525 0)
(2.84979 -0.862569 0)
(2.92782 -0.853379 0)
(2.93672 -0.940156 0)
(2.93222 -0.605378 0)
(2.91936 -0.6034 0)
(2.92599 -0.604858 0)
(2.91554 -0.607566 0)
(2.91567 -0.610043 0)
(2.91051 -0.61609 0)
(2.90701 -0.621744 0)
(2.90207 -0.631425 0)
(2.89705 -0.642053 0)
(2.89059 -0.654596 0)
(2.88196 -0.671202 0)
(2.87009 -0.68919 0)
(2.8553 -0.710635 0)
(2.84247 -0.738168 0)
(2.83667 -0.774376 0)
(2.83008 -0.822989 0)
(2.79375 -0.889683 0)
(2.70685 -0.989613 0)
(2.59077 -1.10967 0)
(2.51774 -1.12252 0)
(2.93325 -0.600366 0)
(2.91915 -0.598744 0)
(2.92498 -0.600023 0)
(2.91412 -0.603062 0)
(2.913 -0.605496 0)
(2.90714 -0.611623 0)
(2.90253 -0.617169 0)
(2.89644 -0.626713 0)
(2.89011 -0.637101 0)
(2.8823 -0.649018 0)
(2.87224 -0.664873 0)
(2.85888 -0.681922 0)
(2.84193 -0.701682 0)
(2.8257 -0.726209 0)
(2.8168 -0.755377 0)
(2.8154 -0.784181 0)
(2.81192 -0.795784 0)
(2.81361 -0.778862 0)
(2.85921 -0.770979 0)
(2.8349 -0.86288 0)
(2.93412 -0.595066 0)
(2.91883 -0.593733 0)
(2.9238 -0.594802 0)
(2.91257 -0.598074 0)
(2.91021 -0.600439 0)
(2.90363 -0.606566 0)
(2.89797 -0.611959 0)
(2.89075 -0.621294 0)
(2.88319 -0.631396 0)
(2.87411 -0.642608 0)
(2.86278 -0.657628 0)
(2.84819 -0.673702 0)
(2.82952 -0.691883 0)
(2.81012 -0.714525 0)
(2.79559 -0.744106 0)
(2.78264 -0.786576 0)
(2.74523 -0.846048 0)
(2.65524 -0.919328 0)
(2.55003 -0.973007 0)
(2.58056 -0.946371 0)
(2.93501 -0.589595 0)
(2.91862 -0.588465 0)
(2.92268 -0.589303 0)
(2.91113 -0.592695 0)
(2.90761 -0.594955 0)
(2.90032 -0.600994 0)
(2.89368 -0.606174 0)
(2.88541 -0.615222 0)
(2.87669 -0.62499 0)
(2.86647 -0.635422 0)
(2.854 -0.64952 0)
(2.83839 -0.664533 0)
(2.81844 -0.680852 0)
(2.79716 -0.699778 0)
(2.78242 -0.719842 0)
(2.78097 -0.736559 0)
(2.78695 -0.736459 0)
(2.79119 -0.713986 0)
(2.79748 -0.714057 0)
(2.75812 -0.795206 0)
(2.93582 -0.583937 0)
(2.91838 -0.582934 0)
(2.92149 -0.58352 0)
(2.90966 -0.586931 0)
(2.90503 -0.589052 0)
(2.89705 -0.594923 0)
(2.88948 -0.599844 0)
(2.88021 -0.608544 0)
(2.87039 -0.61797 0)
(2.85911 -0.627596 0)
(2.84561 -0.640746 0)
(2.82915 -0.654754 0)
(2.80815 -0.669722 0)
(2.78442 -0.687858 0)
(2.76353 -0.711867 0)
(2.74641 -0.748645 0)
(2.71187 -0.798884 0)
(2.63147 -0.847796 0)
(2.54769 -0.86249 0)
(2.60983 -0.825505 0)
(2.93666 -0.578166 0)
(2.91827 -0.577206 0)
(2.9204 -0.577532 0)
(2.90832 -0.580861 0)
(2.90266 -0.582806 0)
(2.89402 -0.588425 0)
(2.88562 -0.593032 0)
(2.87546 -0.601311 0)
(2.86463 -0.610372 0)
(2.8524 -0.619166 0)
(2.83796 -0.631322 0)
(2.8208 -0.644236 0)
(2.79927 -0.657267 0)
(2.77522 -0.671088 0)
(2.75688 -0.683388 0)
(2.75546 -0.690814 0)
(2.76919 -0.685043 0)
(2.77643 -0.666923 0)
(2.75305 -0.67493 0)
(2.70092 -0.736585 0)
(2.9375 -0.57227 0)
(2.91821 -0.571279 0)
(2.91932 -0.571341 0)
(2.907 -0.574501 0)
(2.90037 -0.576246 0)
(2.89111 -0.581544 0)
(2.88197 -0.585799 0)
(2.87103 -0.5936 0)
(2.85933 -0.60229 0)
(2.84627 -0.610249 0)
(2.83099 -0.621423 0)
(2.81318 -0.633439 0)
(2.79093 -0.64563 0)
(2.76467 -0.660185 0)
(2.73904 -0.679717 0)
(2.71806 -0.710674 0)
(2.6885 -0.751617 0)
(2.62585 -0.783259 0)
(2.56344 -0.777741 0)
(2.62069 -0.740317 0)
(2.9384 -0.566287 0)
(2.91829 -0.565191 0)
(2.91837 -0.564993 0)
(2.90582 -0.567906 0)
(2.89827 -0.569432 0)
(2.88842 -0.574355 0)
(2.87864 -0.578234 0)
(2.8671 -0.585507 0)
(2.85474 -0.59381 0)
(2.84105 -0.600906 0)
(2.82509 -0.611034 0)
(2.80679 -0.621937 0)
(2.78453 -0.632106 0)
(2.75923 -0.641689 0)
(2.73846 -0.647836 0)
(2.73591 -0.648751 0)
(2.75428 -0.641889 0)
(2.76366 -0.633014 0)
(2.72222 -0.646749 0)
(2.66206 -0.688283 0)
(2.93935 -0.560194 0)
(2.91848 -0.558933 0)
(2.91751 -0.558479 0)
(2.9047 -0.561077 0)
(2.89627 -0.562374 0)
(2.88581 -0.566897 0)
(2.87545 -0.57042 0)
(2.86348 -0.577167 0)
(2.85072 -0.585099 0)
(2.8367 -0.591309 0)
(2.82026 -0.600386 0)
(2.80145 -0.610498 0)
(2.77851 -0.620424 0)
(2.75075 -0.63226 0)
(2.72155 -0.648133 0)
(2.69718 -0.673474 0)
(2.67312 -0.706153 0)
(2.62983 -0.727405 0)
(2.58461 -0.714484 0)
(2.62296 -0.681041 0)
(2.94041 -0.553995 0)
(2.91884 -0.552523 0)
(2.91683 -0.551821 0)
(2.90373 -0.554029 0)
(2.89444 -0.555085 0)
(2.88333 -0.559198 0)
(2.8724 -0.562426 0)
(2.86009 -0.568722 0)
(2.84723 -0.576339 0)
(2.83324 -0.581609 0)
(2.81663 -0.589445 0)
(2.79769 -0.598257 0)
(2.77519 -0.605916 0)
(2.74948 -0.612173 0)
(2.72707 -0.613989 0)
(2.72242 -0.610964 0)
(2.7419 -0.605237 0)
(2.75177 -0.606249 0)
(2.70152 -0.625215 0)
(2.63698 -0.651891 0)
(2.94159 -0.547655 0)
(2.91936 -0.545947 0)
(2.91634 -0.544996 0)
(2.90286 -0.546737 0)
(2.89275 -0.54753 0)
(2.88087 -0.551229 0)
(2.86934 -0.554252 0)
(2.85658 -0.560267 0)
(2.84379 -0.567742 0)
(2.83013 -0.572065 0)
(2.81362 -0.578629 0)
(2.79455 -0.5866 0)
(2.77149 -0.594479 0)
(2.7431 -0.604219 0)
(2.71144 -0.617278 0)
(2.68387 -0.637586 0)
(2.66396 -0.662593 0)
(2.63814 -0.678112 0)
(2.6062 -0.666963 0)
(2.62148 -0.64181 0)
(2.94297 -0.541164 0)
(2.92011 -0.539205 0)
(2.9161 -0.537995 0)
(2.90217 -0.53919 0)
(2.89127 -0.539681 0)
(2.87852 -0.542942 0)
(2.86628 -0.54582 0)
(2.85283 -0.551755 0)
(2.83985 -0.559378 0)
(2.82648 -0.562781 0)
(2.81033 -0.567825 0)
(2.79184 -0.574145 0)
(2.77016 -0.579325 0)
(2.74515 -0.58289 0)
(2.72168 -0.581789 0)
(2.71295 -0.576551 0)
(2.72823 -0.572528 0)
(2.73757 -0.582132 0)
(2.68834 -0.606804 0)
(2.62277 -0.625698 0)
(2.94448 -0.534514 0)
(2.92128 -0.532254 0)
(2.91595 -0.530766 0)
(2.90181 -0.531362 0)
(2.8899 -0.531503 0)
(2.87649 -0.534269 0)
(2.86317 -0.536988 0)
(2.84895 -0.542926 0)
(2.83475 -0.550989 0)
(2.8209 -0.553768 0)
(2.80485 -0.557616 0)
(2.78671 -0.56318 0)
(2.76501 -0.568896 0)
(2.73763 -0.576447 0)
(2.70464 -0.586385 0)
(2.67255 -0.601122 0)
(2.65113 -0.619239 0)
(2.63715 -0.634399 0)
(2.62036 -0.632167 0)
(2.62078 -0.615912 0)
(2.94572 -0.527753 0)
(2.92334 -0.525025 0)
(2.91544 -0.523272 0)
(2.90231 -0.523256 0)
(2.88828 -0.522987 0)
(2.87543 -0.525177 0)
(2.85984 -0.52762 0)
(2.84568 -0.533378 0)
(2.82836 -0.541764 0)
(2.81276 -0.544434 0)
(2.79628 -0.547345 0)
(2.77868 -0.551422 0)
(2.75908 -0.55416 0)
(2.73655 -0.554774 0)
(2.71309 -0.550009 0)
(2.69795 -0.541036 0)
(2.70147 -0.537893 0)
(2.7047 -0.559436 0)
(2.66461 -0.596134 0)
(2.61102 -0.610888 0)
(2.9462 -0.520909 0)
(2.92651 -0.517423 0)
(2.91433 -0.5155 0)
(2.904 -0.514889 0)
(2.88624 -0.514156 0)
(2.87572 -0.515685 0)
(2.85631 -0.517643 0)
(2.84389 -0.522831 0)
(2.82135 -0.530582 0)
(2.80267 -0.534248 0)
(2.78474 -0.537263 0)
(2.7662 -0.541509 0)
(2.74606 -0.545618 0)
(2.72106 -0.55037 0)
(2.68853 -0.554623 0)
(2.65195 -0.559625 0)
(2.62446 -0.569576 0)
(2.61368 -0.593311 0)
(2.60362 -0.61456 0)
(2.59781 -0.612752 0)
(2.94731 -0.513934 0)
(2.92891 -0.509461 0)
(2.91467 -0.50745 0)
(2.90517 -0.506282 0)
(2.88585 -0.50506 0)
(2.87586 -0.505851 0)
(2.85483 -0.5072 0)
(2.8426 -0.511254 0)
(2.8177 -0.516516 0)
(2.79616 -0.522399 0)
(2.77607 -0.525931 0)
(2.75531 -0.529691 0)
(2.73565 -0.531528 0)
(2.71419 -0.529307 0)
(2.69091 -0.518764 0)
(2.67131 -0.501564 0)
(2.66542 -0.495124 0)
(2.66547 -0.529505 0)
(2.61714 -0.590808 0)
(2.55933 -0.622497 0)
(2.84844 -0.625217 0)
(2.85536 -0.604752 0)
(2.86197 -0.59884 0)
(2.86594 -0.579874 0)
(2.88091 -0.570605 0)
(2.88411 -0.552582 0)
(2.90229 -0.53987 0)
(2.90996 -0.523415 0)
(2.92869 -0.508238 0)
(2.94634 -0.493872 0)
(2.97331 -0.480133 0)
(3.00665 -0.468432 0)
(3.04268 -0.455568 0)
(3.07017 -0.438551 0)
(3.06597 -0.416924 0)
(2.97678 -0.387596 0)
(2.66093 -0.283981 0)
(1.88457 -0.235517 0)
(0.341822 0.0801526 0)
(-0.275173 -0.019695 0)
(2.85759 -0.62531 0)
(2.86476 -0.605917 0)
(2.87211 -0.600871 0)
(2.87589 -0.583022 0)
(2.89152 -0.574831 0)
(2.89501 -0.5583 0)
(2.91335 -0.546749 0)
(2.92159 -0.531828 0)
(2.94001 -0.517788 0)
(2.95761 -0.504567 0)
(2.98422 -0.491832 0)
(3.01797 -0.481048 0)
(3.05583 -0.469107 0)
(3.08686 -0.452495 0)
(3.08899 -0.430545 0)
(3.0121 -0.398082 0)
(2.72193 -0.294606 0)
(1.97907 -0.237997 0)
(0.42527 0.0614264 0)
(-0.290237 0.0843794 0)
(2.86156 -0.624936 0)
(2.86924 -0.606995 0)
(2.87699 -0.602487 0)
(2.88083 -0.586054 0)
(2.89679 -0.578863 0)
(2.90059 -0.563857 0)
(2.91883 -0.553538 0)
(2.92751 -0.540118 0)
(2.94532 -0.527361 0)
(2.96264 -0.515306 0)
(2.98828 -0.503725 0)
(3.02187 -0.493903 0)
(3.0607 -0.483105 0)
(3.09487 -0.467141 0)
(3.1036 -0.445594 0)
(3.04107 -0.411732 0)
(2.78185 -0.310209 0)
(2.08203 -0.242203 0)
(0.547431 0.0639114 0)
(-0.351724 0.136308 0)
(2.86929 -0.625789 0)
(2.877 -0.608692 0)
(2.88539 -0.604964 0)
(2.88892 -0.589456 0)
(2.90537 -0.583304 0)
(2.90939 -0.569654 0)
(2.92769 -0.560546 0)
(2.93696 -0.548637 0)
(2.9546 -0.53725 0)
(2.97199 -0.526496 0)
(2.99739 -0.516222 0)
(3.03138 -0.507548 0)
(3.07207 -0.498048 0)
(3.11011 -0.483023 0)
(3.12605 -0.462261 0)
(3.07768 -0.428951 0)
(2.84858 -0.331322 0)
(2.18407 -0.250926 0)
(0.672348 0.0567529 0)
(-0.425635 0.167983 0)
(2.87312 -0.62614 0)
(2.88092 -0.610234 0)
(2.88969 -0.607017 0)
(2.89303 -0.592805 0)
(2.90963 -0.587538 0)
(2.91383 -0.57539 0)
(2.93187 -0.567476 0)
(2.94153 -0.557171 0)
(2.95869 -0.547219 0)
(2.97585 -0.537919 0)
(3.0004 -0.529088 0)
(3.03416 -0.521767 0)
(3.07589 -0.513856 0)
(3.11751 -0.500344 0)
(3.14109 -0.481477 0)
(3.10908 -0.451199 0)
(2.91399 -0.358562 0)
(2.29195 -0.264409 0)
(0.820958 0.042875 0)
(-0.498701 0.19484 0)
(2.8797 -0.627538 0)
(2.88729 -0.612361 0)
(2.89661 -0.609826 0)
(2.89948 -0.596452 0)
(2.91636 -0.592135 0)
(2.92068 -0.581257 0)
(2.93861 -0.574563 0)
(2.94878 -0.565787 0)
(2.96578 -0.557414 0)
(2.98297 -0.549655 0)
(3.00719 -0.542548 0)
(3.04102 -0.536773 0)
(3.08425 -0.530844 0)
(3.12972 -0.519435 0)
(3.16128 -0.503497 0)
(3.14542 -0.478308 0)
(2.98171 -0.39144 0)
(2.39545 -0.285835 0)
(0.975576 0.0101527 0)
(-0.573767 0.221226 0)
(2.88336 -0.628282 0)
(2.89071 -0.6141 0)
(2.90035 -0.612047 0)
(2.90278 -0.599849 0)
(2.9196 -0.596303 0)
(2.92392 -0.586885 0)
(2.94139 -0.581359 0)
(2.95178 -0.57426 0)
(2.96829 -0.567481 0)
(2.98511 -0.561488 0)
(3.00837 -0.556205 0)
(3.04152 -0.552337 0)
(3.08534 -0.548768 0)
(3.13414 -0.540427 0)
(3.17392 -0.528992 0)
(3.17587 -0.510889 0)
(3.04515 -0.429157 0)
(2.50217 -0.317023 0)
(1.14962 -0.0432086 0)
(-0.644235 0.248051 0)
(2.889 -0.629904 0)
(2.89592 -0.61642 0)
(2.90599 -0.614952 0)
(2.90782 -0.603578 0)
(2.92465 -0.600878 0)
(2.92897 -0.592684 0)
(2.94607 -0.588358 0)
(2.95678 -0.582806 0)
(2.97301 -0.577739 0)
(2.98968 -0.573509 0)
(3.01227 -0.570312 0)
(3.04477 -0.568488 0)
(3.089 -0.567777 0)
(3.14063 -0.56336 0)
(3.18808 -0.558054 0)
(3.20621 -0.547957 0)
(3.10503 -0.470914 0)
(2.60613 -0.361121 0)
(1.3346 -0.1198 0)
(-0.703706 0.272162 0)
(2.89246 -0.63074 0)
(2.89883 -0.618125 0)
(2.90914 -0.617097 0)
(2.91035 -0.606797 0)
(2.92686 -0.604754 0)
(2.931 -0.59796 0)
(2.94742 -0.594741 0)
(2.95807 -0.590869 0)
(2.97368 -0.587483 0)
(2.98972 -0.585209 0)
(3.01106 -0.584122 0)
(3.04206 -0.584651 0)
(3.08559 -0.587115 0)
(3.13898 -0.587838 0)
(3.1932 -0.590313 0)
(3.22676 -0.589405 0)
(3.15659 -0.51685 0)
(2.71349 -0.419922 0)
(1.53861 -0.214388 0)
(-0.739459 0.290423 0)
(2.89733 -0.632234 0)
(2.90304 -0.62032 0)
(2.91366 -0.619783 0)
(2.91414 -0.610329 0)
(2.93039 -0.609018 0)
(2.93438 -0.603416 0)
(2.95015 -0.601341 0)
(2.96083 -0.598995 0)
(2.97595 -0.597355 0)
(2.99155 -0.596944 0)
(3.01176 -0.598086 0)
(3.04117 -0.600895 0)
(3.08344 -0.606804 0)
(3.13741 -0.613287 0)
(3.19598 -0.624734 0)
(3.24042 -0.633576 0)
(3.19768 -0.567073 0)
(2.8149 -0.496066 0)
(1.75848 -0.321273 0)
(-0.750715 0.284385 0)
(2.90053 -0.632874 0)
(2.90542 -0.621764 0)
(2.91619 -0.621616 0)
(2.9159 -0.613169 0)
(2.93159 -0.612404 0)
(2.93524 -0.608122 0)
(2.95007 -0.607058 0)
(2.96039 -0.606321 0)
(2.97469 -0.606336 0)
(2.98936 -0.607888 0)
(3.00796 -0.611181 0)
(3.03505 -0.616403 0)
(3.07516 -0.625811 0)
(3.12854 -0.638614 0)
(3.18921 -0.659432 0)
(3.24072 -0.679051 0)
(3.22196 -0.621836 0)
(2.91421 -0.593457 0)
(2.00469 -0.432428 0)
(-0.706839 0.246392 0)
(2.90473 -0.633908 0)
(2.90874 -0.623506 0)
(2.91967 -0.623765 0)
(2.91858 -0.616202 0)
(2.93375 -0.616042 0)
(2.93708 -0.612907 0)
(2.95099 -0.61289 0)
(2.96101 -0.613592 0)
(2.97455 -0.615266 0)
(2.98843 -0.618611 0)
(3.00549 -0.624029 0)
(3.03024 -0.631444 0)
(3.06772 -0.644269 0)
(3.11945 -0.662974 0)
(3.1792 -0.692364 0)
(3.23181 -0.721686 0)
(3.22746 -0.679991 0)
(2.99306 -0.716069 0)
(2.24255 -0.540695 0)
(-0.627762 0.112853 0)
(2.90764 -0.634079 0)
(2.9106 -0.62445 0)
(2.92159 -0.625037 0)
(2.91962 -0.618448 0)
(2.93399 -0.618737 0)
(2.93685 -0.616823 0)
(2.94959 -0.617699 0)
(2.95893 -0.619864 0)
(2.9714 -0.62305 0)
(2.98405 -0.628196 0)
(2.99923 -0.635616 0)
(3.02116 -0.645272 0)
(3.05554 -0.661392 0)
(3.10485 -0.685479 0)
(3.16208 -0.72176 0)
(3.21211 -0.75864 0)
(3.21576 -0.73619 0)
(3.04399 -0.855676 0)
(2.41637 -0.636538 0)
(-0.434111 -0.0839566 0)
(2.91123 -0.634388 0)
(2.91312 -0.625471 0)
(2.92414 -0.62638 0)
(2.92134 -0.620704 0)
(2.93493 -0.621465 0)
(2.93732 -0.620626 0)
(2.94891 -0.62241 0)
(2.9576 -0.625855 0)
(2.969 -0.630495 0)
(2.98051 -0.637223 0)
(2.99386 -0.646546 0)
(3.01304 -0.65822 0)
(3.04404 -0.677352 0)
(3.09009 -0.705636 0)
(3.14335 -0.746268 0)
(3.1875 -0.786697 0)
(3.19206 -0.781374 0)
(3.06103 -0.976853 0)
(2.4408 -0.709052 0)
(-0.166123 -0.624084 0)
(2.91381 -0.633865 0)
(2.91449 -0.625706 0)
(2.92544 -0.626866 0)
(2.92175 -0.622144 0)
(2.93433 -0.623263 0)
(2.93613 -0.623516 0)
(2.94636 -0.626057 0)
(2.95406 -0.630751 0)
(2.96415 -0.636666 0)
(2.97414 -0.644923 0)
(2.98545 -0.65603 0)
(3.00163 -0.669759 0)
(3.02894 -0.69164 0)
(3.07104 -0.723345 0)
(3.12035 -0.766173 0)
(3.15955 -0.806717 0)
(3.16674 -0.811766 0)
(3.07748 -1.03539 0)
(2.52792 -0.703484 0)
(0.401429 -1.04815 0)
(2.91684 -0.633267 0)
(2.9163 -0.625816 0)
(2.92715 -0.627212 0)
(2.92263 -0.623406 0)
(2.93422 -0.624868 0)
(2.93544 -0.626084 0)
(2.94434 -0.629357 0)
(2.95106 -0.635106 0)
(2.95981 -0.642184 0)
(2.96837 -0.651731 0)
(2.97767 -0.664487 0)
(2.99091 -0.680037 0)
(3.01417 -0.704168 0)
(3.05145 -0.738266 0)
(3.09594 -0.781836 0)
(3.13067 -0.820904 0)
(3.14079 -0.833496 0)
(3.08715 -1.05756 0)
(2.62152 -0.619776 0)
(0.955641 -0.864079 0)
(2.91907 -0.631891 0)
(2.91719 -0.625177 0)
(2.92785 -0.626742 0)
(2.92246 -0.623862 0)
(2.9329 -0.62559 0)
(2.93343 -0.627734 0)
(2.94085 -0.631603 0)
(2.94635 -0.638336 0)
(2.95358 -0.646395 0)
(2.96044 -0.657137 0)
(2.96763 -0.671405 0)
(2.97773 -0.688688 0)
(2.99656 -0.714606 0)
(3.0284 -0.750395 0)
(3.06779 -0.794175 0)
(3.10029 -0.83235 0)
(3.1198 -0.854511 0)
(3.1079 -1.07665 0)
(2.67657 -0.646415 0)
(1.29868 -0.963774 0)
(2.92157 -0.630291 0)
(2.91837 -0.624267 0)
(2.92878 -0.625976 0)
(2.92262 -0.623978 0)
(2.93189 -0.625939 0)
(2.93177 -0.62889 0)
(2.93776 -0.633294 0)
(2.94205 -0.64082 0)
(2.94777 -0.649719 0)
(2.95301 -0.661404 0)
(2.95811 -0.676965 0)
(2.9651 -0.69559 0)
(2.97907 -0.722611 0)
(3.00469 -0.759132 0)
(3.03789 -0.803217 0)
(3.06721 -0.84319 0)
(3.0965 -0.876209 0)
(3.13815 -1.06689 0)
(2.81444 -0.610553 0)
(1.69002 -1.04418 0)
(2.92346 -0.627985 0)
(2.91884 -0.62266 0)
(2.92893 -0.624451 0)
(2.92197 -0.623321 0)
(2.92997 -0.62546 0)
(2.92912 -0.62915 0)
(2.93359 -0.633977 0)
(2.93652 -0.642206 0)
(2.94062 -0.651781 0)
(2.94409 -0.664271 0)
(2.94705 -0.680897 0)
(2.95078 -0.700548 0)
(2.95969 -0.728058 0)
(2.97882 -0.764584 0)
(3.00605 -0.80904 0)
(3.0317 -0.85532 0)
(3.06455 -0.912567 0)
(3.1283 -1.07898 0)
(2.89265 -0.649055 0)
(2.23322 -1.15468 0)
(2.92548 -0.625372 0)
(2.91948 -0.620698 0)
(2.92918 -0.622541 0)
(2.92153 -0.622217 0)
(2.92826 -0.624495 0)
(2.92671 -0.628807 0)
(2.92975 -0.633973 0)
(2.93136 -0.642735 0)
(2.93388 -0.652836 0)
(2.93566 -0.665863 0)
(2.9365 -0.683218 0)
(2.93704 -0.703375 0)
(2.94085 -0.730678 0)
(2.95339 -0.766541 0)
(2.9744 -0.810854 0)
(2.99514 -0.86245 0)
(3.02142 -0.938067 0)
(3.07778 -1.08281 0)
(2.96478 -0.802726 0)
(3.21145 -1.40975 0)
(2.60158 -0.708309 0)
(2.59181 -0.631683 0)
(2.59797 -0.619591 0)
(2.59513 -0.557532 0)
(2.60469 -0.535399 0)
(2.6058 -0.482221 0)
(2.62297 -0.453979 0)
(2.6272 -0.405208 0)
(2.65369 -0.371676 0)
(2.66347 -0.323761 0)
(2.69357 -0.281829 0)
(2.7076 -0.230204 0)
(2.72669 -0.176219 0)
(2.71917 -0.116168 0)
(2.66366 -0.0428864 0)
(2.48624 0.0319185 0)
(2.08764 0.117482 0)
(1.38384 0.181316 0)
(0.654171 0.230969 0)
(0.10074 0.293721 0)
(2.64137 -0.698517 0)
(2.63162 -0.62869 0)
(2.6358 -0.614924 0)
(2.63365 -0.558473 0)
(2.64227 -0.535545 0)
(2.6436 -0.486569 0)
(2.66089 -0.458468 0)
(2.66589 -0.413218 0)
(2.69341 -0.380568 0)
(2.70638 -0.336271 0)
(2.73872 -0.295676 0)
(2.75852 -0.247448 0)
(2.78231 -0.19557 0)
(2.78342 -0.138678 0)
(2.73553 -0.0686236 0)
(2.56339 0.00103397 0)
(2.15414 0.0800409 0)
(1.42322 0.129699 0)
(0.686311 0.155212 0)
(0.138236 0.210715 0)
(2.64276 -0.696174 0)
(2.63289 -0.627735 0)
(2.63772 -0.614294 0)
(2.63521 -0.558272 0)
(2.64439 -0.535795 0)
(2.64531 -0.487039 0)
(2.66285 -0.459348 0)
(2.66757 -0.414402 0)
(2.69504 -0.382206 0)
(2.70802 -0.338503 0)
(2.74044 -0.298857 0)
(2.76056 -0.251741 0)
(2.78475 -0.201541 0)
(2.78614 -0.146782 0)
(2.7394 -0.0799414 0)
(2.56772 -0.0146993 0)
(2.15874 0.0598953 0)
(1.42457 0.103438 0)
(0.695372 0.112589 0)
(0.162321 0.141619 0)
(2.6775 -0.687509 0)
(2.66767 -0.625063 0)
(2.67089 -0.6105 0)
(2.66911 -0.559413 0)
(2.67751 -0.536427 0)
(2.6787 -0.491414 0)
(2.69631 -0.463975 0)
(2.70174 -0.422275 0)
(2.72997 -0.390993 0)
(2.74551 -0.350669 0)
(2.7799 -0.312628 0)
(2.80458 -0.269043 0)
(2.83261 -0.221687 0)
(2.84071 -0.171121 0)
(2.79921 -0.10892 0)
(2.62904 -0.0507912 0)
(2.20887 0.0176469 0)
(1.44304 0.0525886 0)
(0.702404 0.0507468 0)
(0.18011 0.0715856 0)
(2.67959 -0.683851 0)
(2.67068 -0.623447 0)
(2.67423 -0.609467 0)
(2.67248 -0.559148 0)
(2.68137 -0.536926 0)
(2.68224 -0.492332 0)
(2.69995 -0.465612 0)
(2.70514 -0.424455 0)
(2.73299 -0.393962 0)
(2.74873 -0.354727 0)
(2.78298 -0.318244 0)
(2.80799 -0.276516 0)
(2.83638 -0.232012 0)
(2.84459 -0.184736 0)
(2.80355 -0.127074 0)
(2.63404 -0.0759313 0)
(2.21327 -0.0126653 0)
(1.43953 0.0182644 0)
(0.700962 0.00266087 0)
(0.193172 0.00805584 0)
(2.70949 -0.676269 0)
(2.70084 -0.621005 0)
(2.70329 -0.606418 0)
(2.7022 -0.560455 0)
(2.71061 -0.538039 0)
(2.71169 -0.496787 0)
(2.72949 -0.470425 0)
(2.73522 -0.432234 0)
(2.76351 -0.402636 0)
(2.7812 -0.366533 0)
(2.81691 -0.331783 0)
(2.84542 -0.293625 0)
(2.87683 -0.252388 0)
(2.88983 -0.209414 0)
(2.85227 -0.156768 0)
(2.6842 -0.113028 0)
(2.251 -0.0542217 0)
(1.44881 -0.0255282 0)
(0.698262 -0.0459473 0)
(0.204918 -0.0499465 0)
(2.71204 -0.671931 0)
(2.70494 -0.619015 0)
(2.70759 -0.605147 0)
(2.70676 -0.560197 0)
(2.71564 -0.538761 0)
(2.71651 -0.498124 0)
(2.73429 -0.472676 0)
(2.73983 -0.435223 0)
(2.76747 -0.406681 0)
(2.78535 -0.371955 0)
(2.82053 -0.339091 0)
(2.84929 -0.303265 0)
(2.88069 -0.265398 0)
(2.89323 -0.22598 0)
(2.85612 -0.178474 0)
(2.68906 -0.14143 0)
(2.25619 -0.0862119 0)
(1.44172 -0.05924 0)
(0.686224 -0.08607 0)
(0.213625 -0.103647 0)
(2.73757 -0.665468 0)
(2.73091 -0.616924 0)
(2.73297 -0.602841 0)
(2.7327 -0.561702 0)
(2.74141 -0.540326 0)
(2.74245 -0.502677 0)
(2.76033 -0.477693 0)
(2.76622 -0.442906 0)
(2.79398 -0.415227 0)
(2.81316 -0.383296 0)
(2.84927 -0.352185 0)
(2.88061 -0.319791 0)
(2.91409 -0.285128 0)
(2.92986 -0.249725 0)
(2.89494 -0.206849 0)
(2.72913 -0.176295 0)
(2.28842 -0.122443 0)
(1.44697 -0.0934762 0)
(0.6746 -0.121047 0)
(0.22422 -0.152338 0)
(2.74041 -0.660833 0)
(2.7356 -0.614729 0)
(2.73785 -0.601465 0)
(2.738 -0.561469 0)
(2.74718 -0.541272 0)
(2.74812 -0.504414 0)
(2.7659 -0.480503 0)
(2.77164 -0.446608 0)
(2.79853 -0.420121 0)
(2.81774 -0.389621 0)
(2.85299 -0.360516 0)
(2.88443 -0.330581 0)
(2.91744 -0.299239 0)
(2.93232 -0.266995 0)
(2.89756 -0.228936 0)
(2.73397 -0.20422 0)
(2.29466 -0.151722 0)
(1.4408 -0.120561 0)
(0.65355 -0.14941 0)
(0.232357 -0.197177 0)
(2.76207 -0.65553 0)
(2.75781 -0.613099 0)
(2.75995 -0.599935 0)
(2.76052 -0.563231 0)
(2.76979 -0.543267 0)
(2.77089 -0.509095 0)
(2.78879 -0.485694 0)
(2.79471 -0.454146 0)
(2.82144 -0.428449 0)
(2.84137 -0.400382 0)
(2.8771 -0.372976 0)
(2.9103 -0.346126 0)
(2.9446 -0.317552 0)
(2.96161 -0.288599 0)
(2.92872 -0.254398 0)
(2.76713 -0.23433 0)
(2.32392 -0.18057 0)
(1.44845 -0.144506 0)
(0.63221 -0.17035 0)
(0.240366 -0.238331 0)
(2.76508 -0.650895 0)
(2.76275 -0.610891 0)
(2.7651 -0.598577 0)
(2.76617 -0.563103 0)
(2.77595 -0.544466 0)
(2.77707 -0.511222 0)
(2.79484 -0.48901 0)
(2.80065 -0.458455 0)
(2.82635 -0.434001 0)
(2.84609 -0.407296 0)
(2.88075 -0.381859 0)
(2.91379 -0.357259 0)
(2.94723 -0.331562 0)
(2.9633 -0.305158 0)
(2.93074 -0.274885 0)
(2.77255 -0.258782 0)
(2.33386 -0.204176 0)
(1.44833 -0.164555 0)
(0.601717 -0.184368 0)
(0.244125 -0.276804 0)
(2.78337 -0.64676 0)
(2.78163 -0.609743 0)
(2.78421 -0.597777 0)
(2.78558 -0.56508 0)
(2.79569 -0.546853 0)
(2.79699 -0.516011 0)
(2.81484 -0.494321 0)
(2.82073 -0.465827 0)
(2.84608 -0.442094 0)
(2.86612 -0.417456 0)
(2.90089 -0.393537 0)
(2.93498 -0.371465 0)
(2.96919 -0.347972 0)
(2.98675 -0.324014 0)
(2.95605 -0.296494 0)
(2.80119 -0.282875 0)
(2.36327 -0.224986 0)
(1.46159 -0.180893 0)
(0.569496 -0.189678 0)
(0.242885 -0.312145 0)
(2.7865 -0.642392 0)
(2.7866 -0.607739 0)
(2.78941 -0.596575 0)
(2.79134 -0.565209 0)
(2.802 -0.548375 0)
(2.8034 -0.518557 0)
(2.82113 -0.498106 0)
(2.82699 -0.470668 0)
(2.85122 -0.448146 0)
(2.87093 -0.424744 0)
(2.90447 -0.402606 0)
(2.93816 -0.382348 0)
(2.97137 -0.361131 0)
(2.98808 -0.339015 0)
(2.95814 -0.314321 0)
(2.80782 -0.302408 0)
(2.37816 -0.241361 0)
(1.4716 -0.194344 0)
(0.529489 -0.18703 0)
(0.233002 -0.343404 0)
(2.80187 -0.63938 0)
(2.80256 -0.607066 0)
(2.80582 -0.59643 0)
(2.80797 -0.567349 0)
(2.81915 -0.551083 0)
(2.82071 -0.523364 0)
(2.83852 -0.50348 0)
(2.84448 -0.477867 0)
(2.86823 -0.456047 0)
(2.88799 -0.434354 0)
(2.92134 -0.413481 0)
(2.9556 -0.395116 0)
(2.98938 -0.375472 0)
(3.00729 -0.35497 0)
(2.97932 -0.331815 0)
(2.83327 -0.320301 0)
(2.40944 -0.254054 0)
(1.4949 -0.205017 0)
(0.487192 -0.174704 0)
(0.212175 -0.368214 0)
(2.80512 -0.635539 0)
(2.80744 -0.605438 0)
(2.81095 -0.595542 0)
(2.81369 -0.567879 0)
(2.82541 -0.552969 0)
(2.82714 -0.526354 0)
(2.84486 -0.507724 0)
(2.85089 -0.483212 0)
(2.87354 -0.462523 0)
(2.89289 -0.441934 0)
(2.92493 -0.422532 0)
(2.95866 -0.405474 0)
(2.99161 -0.387451 0)
(3.00908 -0.368012 0)
(2.98252 -0.346447 0)
(2.84215 -0.33472 0)
(2.43002 -0.263384 0)
(1.51935 -0.214239 0)
(0.440404 -0.153336 0)
(0.177917 -0.384213 0)
(2.818 -0.633515 0)
(2.82085 -0.60522 0)
(2.82498 -0.595983 0)
(2.82785 -0.570165 0)
(2.84019 -0.555927 0)
(2.84209 -0.531119 0)
(2.85994 -0.513142 0)
(2.86614 -0.490255 0)
(2.88829 -0.47029 0)
(2.90754 -0.451084 0)
(2.93917 -0.432697 0)
(2.97319 -0.416962 0)
(3.0068 -0.399953 0)
(3.02569 -0.381377 0)
(3.00181 -0.36018 0)
(2.86723 -0.347022 0)
(2.46445 -0.269134 0)
(1.55736 -0.22157 0)
(0.394474 -0.12224 0)
(0.128341 -0.38912 0)
(2.82135 -0.630454 0)
(2.82557 -0.604132 0)
(2.83001 -0.595568 0)
(2.8334 -0.571185 0)
(2.84622 -0.558178 0)
(2.84836 -0.534554 0)
(2.86618 -0.517814 0)
(2.87254 -0.496063 0)
(2.89371 -0.477168 0)
(2.9125 -0.458934 0)
(2.94279 -0.441693 0)
(2.9763 -0.42686 0)
(3.00948 -0.410942 0)
(3.02876 -0.392841 0)
(3.00741 -0.372171 0)
(2.88054 -0.356839 0)
(2.49226 -0.272597 0)
(1.60125 -0.228211 0)
(0.351617 -0.0825601 0)
(0.0623194 -0.381216 0)
(2.83214 -0.629228 0)
(2.83681 -0.604323 0)
(2.84194 -0.596501 0)
(2.84538 -0.573587 0)
(2.85883 -0.561342 0)
(2.86118 -0.539286 0)
(2.87917 -0.523305 0)
(2.88584 -0.503021 0)
(2.90654 -0.484884 0)
(2.92516 -0.467765 0)
(2.95494 -0.451354 0)
(2.98866 -0.437458 0)
(3.02282 -0.422245 0)
(3.04412 -0.404523 0)
(3.02646 -0.383557 0)
(2.90725 -0.365081 0)
(2.5323 -0.274032 0)
(1.65979 -0.233116 0)
(0.318067 -0.0358568 0)
(-0.0246268 -0.357269 0)
(2.83557 -0.627104 0)
(2.84131 -0.603905 0)
(2.84681 -0.596674 0)
(2.85062 -0.575132 0)
(2.86452 -0.563965 0)
(2.86716 -0.543154 0)
(2.88516 -0.528353 0)
(2.89207 -0.509236 0)
(2.91194 -0.492125 0)
(2.93011 -0.475869 0)
(2.95865 -0.460398 0)
(2.99198 -0.447203 0)
(3.02621 -0.432813 0)
(3.04887 -0.415301 0)
(3.03494 -0.3943 0)
(2.92515 -0.372308 0)
(2.56828 -0.275459 0)
(1.72538 -0.236414 0)
(0.295439 0.0148933 0)
(-0.126024 -0.30907 0)
(2.84464 -0.626533 0)
(2.85072 -0.604468 0)
(2.85692 -0.597994 0)
(2.86065 -0.577622 0)
(2.87519 -0.567306 0)
(2.87806 -0.547884 0)
(2.89625 -0.533957 0)
(2.90356 -0.516193 0)
(2.92305 -0.499899 0)
(2.94108 -0.484602 0)
(2.96918 -0.469898 0)
(3.00278 -0.457471 0)
(3.03827 -0.443739 0)
(3.0635 -0.42645 0)
(3.05419 -0.404982 0)
(2.95342 -0.37932 0)
(2.61392 -0.277988 0)
(1.80083 -0.236914 0)
(0.289849 0.0584085 0)
(-0.227719 -0.222702 0)
(-0.156046 0.322835 0)
(-0.271151 0.332441 0)
(-0.350166 0.331469 0)
(-0.389316 0.316586 0)
(-0.385207 0.285379 0)
(-0.336596 0.234579 0)
(-0.250997 0.160354 0)
(-0.15514 0.0597716 0)
(-0.0876136 -0.0608322 0)
(-0.0648319 -0.183176 0)
(-0.0610799 -0.287209 0)
(-0.0469447 -0.364264 0)
(-0.0170852 -0.418001 0)
(0.0240445 -0.454399 0)
(0.0761989 -0.479771 0)
(0.140472 -0.497021 0)
(0.217309 -0.505657 0)
(0.306785 -0.506113 0)
(0.408693 -0.500182 0)
(0.522856 -0.489638 0)
(-0.134326 0.250141 0)
(-0.261882 0.265535 0)
(-0.357472 0.272919 0)
(-0.419581 0.269975 0)
(-0.447473 0.253343 0)
(-0.442958 0.218173 0)
(-0.414398 0.157303 0)
(-0.377352 0.0634201 0)
(-0.343501 -0.0581861 0)
(-0.306396 -0.182736 0)
(-0.254462 -0.2841 0)
(-0.187428 -0.356221 0)
(-0.114207 -0.406754 0)
(-0.039154 -0.442309 0)
(0.0393731 -0.464705 0)
(0.12282 -0.475605 0)
(0.213758 -0.479059 0)
(0.313856 -0.477685 0)
(0.424396 -0.472166 0)
(0.54576 -0.462297 0)
(-0.11535 0.171836 0)
(-0.247962 0.183309 0)
(-0.352723 0.189495 0)
(-0.427767 0.187828 0)
(-0.472334 0.173995 0)
(-0.488572 0.143037 0)
(-0.483455 0.0901127 0)
(-0.465073 0.0143592 0)
(-0.435322 -0.0767449 0)
(-0.38533 -0.167594 0)
(-0.312856 -0.244674 0)
(-0.228297 -0.306113 0)
(-0.14346 -0.354438 0)
(-0.0607874 -0.39094 0)
(0.022635 -0.416911 0)
(0.111509 -0.434393 0)
(0.208127 -0.444273 0)
(0.313526 -0.446979 0)
(0.42809 -0.443803 0)
(0.552187 -0.435507 0)
(-0.10306 0.0991613 0)
(-0.239415 0.106614 0)
(-0.351152 0.110523 0)
(-0.436888 0.108 0)
(-0.497047 0.0958324 0)
(-0.534536 0.0707377 0)
(-0.553964 0.0295559 0)
(-0.557228 -0.0262601 0)
(-0.537436 -0.0916893 0)
(-0.485265 -0.159036 0)
(-0.403555 -0.22112 0)
(-0.3068 -0.2762 0)
(-0.20729 -0.32262 0)
(-0.108249 -0.358747 0)
(-0.00825629 -0.384689 0)
(0.0948469 -0.401116 0)
(0.202563 -0.40953 0)
(0.316571 -0.411821 0)
(0.438165 -0.408906 0)
(0.568281 -0.401041 0)
(-0.0935868 0.0344584 0)
(-0.233243 0.039698 0)
(-0.351373 0.0438422 0)
(-0.446339 0.0423723 0)
(-0.519377 0.0334462 0)
(-0.572788 0.0144709 0)
(-0.608557 -0.0157601 0)
(-0.624329 -0.0558348 0)
(-0.609548 -0.10321 0)
(-0.556277 -0.15339 0)
(-0.469323 -0.202301 0)
(-0.364078 -0.247844 0)
(-0.253766 -0.287437 0)
(-0.143588 -0.319241 0)
(-0.0333994 -0.342637 0)
(0.0785732 -0.358036 0)
(0.194234 -0.366433 0)
(0.314789 -0.369065 0)
(0.441248 -0.366951 0)
(0.574676 -0.36031 0)
(-0.082849 -0.0218372 0)
(-0.225719 -0.0169533 0)
(-0.348701 -0.0107333 0)
(-0.450943 -0.00990844 0)
(-0.53357 -0.0146065 0)
(-0.598168 -0.0268941 0)
(-0.645039 -0.0472218 0)
(-0.668751 -0.0745303 0)
(-0.658489 -0.107281 0)
(-0.607104 -0.143073 0)
(-0.519738 -0.179795 0)
(-0.411076 -0.215874 0)
(-0.294307 -0.248817 0)
(-0.175634 -0.276351 0)
(-0.0560637 -0.297135 0)
(0.065253 -0.31097 0)
(0.189111 -0.318552 0)
(0.316478 -0.32118 0)
(0.448414 -0.319822 0)
(0.586235 -0.314569 0)
(-0.0722407 -0.0704207 0)
(-0.217205 -0.064858 0)
(-0.343401 -0.0559268 0)
(-0.451106 -0.0514503 0)
(-0.540818 -0.0511957 0)
(-0.613507 -0.0564255 0)
(-0.667978 -0.0672658 0)
(-0.697654 -0.0829515 0)
(-0.691933 -0.102744 0)
(-0.644223 -0.125753 0)
(-0.559148 -0.151188 0)
(-0.449956 -0.177974 0)
(-0.329297 -0.203652 0)
(-0.204184 -0.225722 0)
(-0.0770593 -0.242655 0)
(0.0515434 -0.254092 0)
(0.181684 -0.260607 0)
(0.313932 -0.263448 0)
(0.449312 -0.263625 0)
(0.589338 -0.261034 0)
(-0.059282 -0.112242 0)
(-0.204719 -0.105563 0)
(-0.333469 -0.093488 0)
(-0.44527 -0.0848579 0)
(-0.540303 -0.0791279 0)
(-0.618812 -0.0771207 0)
(-0.678563 -0.0787669 0)
(-0.712621 -0.0835886 0)
(-0.710943 -0.0915469 0)
(-0.667427 -0.102739 0)
(-0.585846 -0.117264 0)
(-0.477744 -0.134517 0)
(-0.35499 -0.152295 0)
(-0.225282 -0.168234 0)
(-0.0924386 -0.180838 0)
(0.0418075 -0.189691 0)
(0.176781 -0.195349 0)
(0.312667 -0.198995 0)
(0.450646 -0.201663 0)
(0.592726 -0.203024 0)
(-0.0450851 -0.149849 0)
(-0.189273 -0.142251 0)
(-0.318957 -0.126557 0)
(-0.433126 -0.113484 0)
(-0.531507 -0.101964 0)
(-0.613623 -0.0925576 0)
(-0.676597 -0.0851239 0)
(-0.713567 -0.07944 0)
(-0.715376 -0.0759858 0)
(-0.676418 -0.0754961 0)
(-0.599534 -0.0787296 0)
(-0.494456 -0.0856729 0)
(-0.372073 -0.0946238 0)
(-0.240479 -0.103555 0)
(-0.104609 -0.111157 0)
(0.0326069 -0.117054 0)
(0.169606 -0.121706 0)
(0.306228 -0.126321 0)
(0.444004 -0.132168 0)
(0.585787 -0.138814 0)
(-0.028314 -0.184649 0)
(-0.17032 -0.176687 0)
(-0.299624 -0.157631 0)
(-0.414538 -0.140272 0)
(-0.514378 -0.122915 0)
(-0.598049 -0.106056 0)
(-0.662345 -0.0895692 0)
(-0.700826 -0.0734738 0)
(-0.705414 -0.0586602 0)
(-0.671036 -0.0463321 0)
(-0.599631 -0.0378822 0)
(-0.499078 -0.0340138 0)
(-0.379015 -0.0336426 0)
(-0.24772 -0.035196 0)
(-0.111081 -0.0376056 0)
(0.0267482 -0.0405774 0)
(0.163382 -0.0445909 0)
(0.298305 -0.0508254 0)
(0.433671 -0.0606275 0)
(0.573794 -0.0737287 0)
(-0.0108202 -0.218829 0)
(-0.148962 -0.211297 0)
(-0.275994 -0.189188 0)
(-0.38972 -0.167787 0)
(-0.489008 -0.14463 0)
(-0.572213 -0.120336 0)
(-0.63601 -0.0948514 0)
(-0.674593 -0.0684476 0)
(-0.681064 -0.0423619 0)
(-0.651013 -0.0181463 0)
(-0.585501 0.00223013 0)
(-0.490704 0.0171843 0)
(-0.375225 0.0271918 0)
(-0.247102 0.0333192 0)
(-0.11286 0.0362346 0)
(0.0224243 0.0359728 0)
(0.155319 0.0323394 0)
(0.285053 0.0243565 0)
(0.414453 0.0106397 0)
(0.550068 -0.00916463 0)
(0.00638035 -0.253317 0)
(-0.12612 -0.247126 0)
(-0.248633 -0.222771 0)
(-0.358972 -0.197805 0)
(-0.455525 -0.169016 0)
(-0.536189 -0.13741 0)
(-0.597688 -0.103092 0)
(-0.634957 -0.0666295 0)
(-0.642301 -0.0295209 0)
(-0.616146 0.00625542 0)
(-0.556746 0.0381008 0)
(-0.46899 0.0639872 0)
(-0.36032 0.0836218 0)
(-0.23818 0.0971904 0)
(-0.109318 0.105048 0)
(0.020612 0.107292 0)
(0.147248 0.10374 0)
(0.269394 0.0933568 0)
(0.39038 0.0750902 0)
(0.519526 0.0484987 0)
(0.0212308 -0.288242 0)
(-0.103176 -0.284441 0)
(-0.218297 -0.258753 0)
(-0.322684 -0.230838 0)
(-0.414119 -0.196771 0)
(-0.490145 -0.158179 0)
(-0.547637 -0.115413 0)
(-0.582301 -0.0694382 0)
(-0.589607 -0.0219227 0)
(-0.566721 0.0245654 0)
(-0.513626 0.0670382 0)
(-0.434213 0.103244 0)
(-0.334546 0.131938 0)
(-0.221395 0.152541 0)
(-0.101356 0.16499 0)
(0.0197179 0.16924 0)
(0.137122 0.165222 0)
(0.248977 0.152185 0)
(0.35881 0.129434 0)
(0.478581 0.0966205 0)
(0.0319723 -0.321789 0)
(-0.0815837 -0.321204 0)
(-0.185984 -0.295494 0)
(-0.281547 -0.265495 0)
(-0.365303 -0.226821 0)
(-0.434624 -0.181906 0)
(-0.486572 -0.131428 0)
(-0.51758 -0.076848 0)
(-0.524166 -0.0201799 0)
(-0.504153 0.0357058 0)
(-0.457658 0.0875936 0)
(-0.38763 0.132815 0)
(-0.298959 0.169418 0)
(-0.197554 0.19617 0)
(-0.0894963 0.212525 0)
(0.0195874 0.21829 0)
(0.124999 0.213452 0)
(0.224452 0.197469 0)
(0.321491 0.17026 0)
(0.430561 0.131316 0)
(0.0366313 -0.351411 0)
(-0.0628254 -0.35422 0)
(-0.152885 -0.329729 0)
(-0.236563 -0.298516 0)
(-0.309997 -0.256219 0)
(-0.37063 -0.206058 0)
(-0.415703 -0.149107 0)
(-0.442279 -0.0873812 0)
(-0.447737 -0.023225 0)
(-0.430576 0.0402356 0)
(-0.390951 0.0996241 0)
(-0.331159 0.151997 0)
(-0.25512 0.194899 0)
(-0.167793 0.226596 0)
(-0.0745014 0.246111 0)
(0.0196718 0.253059 0)
(0.110386 0.247393 0)
(0.195104 0.228594 0)
(0.277427 0.197285 0)
(0.374462 0.152406 0)
(0.0340195 -0.374784 0)
(-0.0477962 -0.380114 0)
(-0.12006 -0.357666 0)
(-0.188998 -0.325784 0)
(-0.249741 -0.280957 0)
(-0.300019 -0.22694 0)
(-0.337211 -0.165232 0)
(-0.358902 -0.0983367 0)
(-0.363126 -0.0288676 0)
(-0.348889 0.0398459 0)
(-0.3164 0.104342 0)
(-0.267461 0.16158 0)
(-0.205175 0.208817 0)
(-0.133563 0.243996 0)
(-0.0570623 0.265815 0)
(0.0199542 0.27364 0)
(0.0936419 0.267265 0)
(0.161417 0.245806 0)
(0.227377 0.210675 0)
(0.312051 0.159412 0)
(0.0239772 -0.390578 0)
(-0.0360387 -0.396571 0)
(-0.0875929 -0.376469 0)
(-0.139487 -0.344016 0)
(-0.185821 -0.297687 0)
(-0.224619 -0.241299 0)
(-0.253345 -0.176813 0)
(-0.270011 -0.107038 0)
(-0.273123 -0.0347397 0)
(-0.261954 0.0366558 0)
(-0.236851 0.103695 0)
(-0.199142 0.163385 0)
(-0.151225 0.212879 0)
(-0.0962549 0.249947 0)
(-0.0378213 0.273033 0)
(0.0203714 0.281186 0)
(0.0749683 0.274004 0)
(0.123549 0.250002 0)
(0.17141 0.211645 0)
(0.243196 0.153287 0)
(0.00609165 -0.393519 0)
(-0.0271415 -0.397804 0)
(-0.0561921 -0.380576 0)
(-0.0896847 -0.348494 0)
(-0.120965 -0.302537 0)
(-0.147996 -0.24599 0)
(-0.168292 -0.181225 0)
(-0.18015 -0.111146 0)
(-0.182394 -0.0387064 0)
(-0.174489 0.0327604 0)
(-0.156761 0.099815 0)
(-0.130206 0.159384 0)
(-0.0966267 0.208665 0)
(-0.0584512 0.24531 0)
(-0.018517 0.267626 0)
(0.0200921 0.274444 0)
(0.0545271 0.265361 0)
(0.0827767 0.238526 0)
(0.112151 0.198654 0)
(0.170509 0.1341 0)
(-0.014034 -0.360587 0)
(-0.017341 -0.358406 0)
(-0.0245264 -0.34431 0)
(-0.0389557 -0.316524 0)
(-0.0546351 -0.276247 0)
(-0.0691287 -0.225408 0)
(-0.0804117 -0.166263 0)
(-0.0871553 -0.101598 0)
(-0.0885275 -0.0344469 0)
(-0.0842062 0.0317264 0)
(-0.0743536 0.0933797 0)
(-0.0597145 0.147382 0)
(-0.0414913 0.190886 0)
(-0.0213559 0.221593 0)
(-0.0013699 0.238047 0)
(0.0162597 0.239556 0)
(0.0289979 0.226611 0)
(0.0349843 0.198144 0)
(0.0442601 0.163695 0)
(0.0813636 0.101965 0)
(-0.0172616 -0.215934 0)
(-0.00737431 -0.206139 0)
(-0.00428267 -0.195445 0)
(-0.00588349 -0.180712 0)
(-0.00949105 -0.158958 0)
(-0.0134869 -0.129783 0)
(-0.0168793 -0.0940064 0)
(-0.0190358 -0.0535646 0)
(-0.0195893 -0.0109165 0)
(-0.0183908 0.0309961 0)
(-0.0155155 0.0692224 0)
(-0.0112828 0.10122 0)
(-0.00619573 0.124854 0)
(-0.000966371 0.13883 0)
(0.00349348 0.142815 0)
(0.00627834 0.137869 0)
(0.00625526 0.126493 0)
(0.00344107 0.10885 0)
(0.00640473 0.104772 0)
(0.041448 0.0565444 0)
(0.764764 -0.462864 0)
(1.21762 -0.410384 0)
(1.79048 -0.329882 0)
(2.22576 -0.241524 0)
(2.41078 -0.146465 0)
(2.51505 -0.069324 0)
(2.54151 0.00996986 0)
(2.54418 0.0649905 0)
(2.5319 0.12421 0)
(2.53195 0.173864 0)
(2.51639 0.222659 0)
(2.53196 0.275065 0)
(2.51364 0.315367 0)
(2.53449 0.371433 0)
(2.51934 0.405196 0)
(2.54036 0.467133 0)
(2.52852 0.491428 0)
(2.55601 0.568542 0)
(2.54465 0.579073 0)
(2.57942 0.67801 0)
(0.800143 -0.436057 0)
(1.26766 -0.390002 0)
(1.85976 -0.308324 0)
(2.30237 -0.229946 0)
(2.48502 -0.135243 0)
(2.58033 -0.0607505 0)
(2.59851 0.0192096 0)
(2.59227 0.0729452 0)
(2.57781 0.131777 0)
(2.57305 0.17966 0)
(2.5591 0.228619 0)
(2.57085 0.276496 0)
(2.55373 0.316969 0)
(2.57288 0.368095 0)
(2.55838 0.402417 0)
(2.57811 0.458088 0)
(2.56908 0.485603 0)
(2.59545 0.554834 0)
(2.58762 0.569387 0)
(2.62443 0.660454 0)
(0.809742 -0.41106 0)
(1.27473 -0.37046 0)
(1.86694 -0.292195 0)
(2.30727 -0.220615 0)
(2.49219 -0.126801 0)
(2.58626 -0.0555695 0)
(2.60374 0.0229969 0)
(2.59639 0.0754025 0)
(2.58187 0.132978 0)
(2.57583 0.180531 0)
(2.56256 0.22851 0)
(2.57221 0.275631 0)
(2.5565 0.316018 0)
(2.57455 0.366696 0)
(2.56031 0.400482 0)
(2.5805 0.456627 0)
(2.57135 0.483646 0)
(2.59786 0.552475 0)
(2.58992 0.567139 0)
(2.62664 0.656218 0)
(0.836318 -0.377008 0)
(1.31202 -0.343374 0)
(1.92246 -0.267671 0)
(2.37152 -0.204518 0)
(2.55634 -0.112247 0)
(2.64269 -0.0453213 0)
(2.65315 0.0323562 0)
(2.63851 0.0823475 0)
(2.62197 0.13893 0)
(2.61179 0.184701 0)
(2.59999 0.232506 0)
(2.60623 0.276143 0)
(2.59201 0.316661 0)
(2.60821 0.363145 0)
(2.59493 0.397614 0)
(2.61407 0.448582 0)
(2.60707 0.47789 0)
(2.63273 0.540148 0)
(2.62753 0.557746 0)
(2.66592 0.639586 0)
(0.846681 -0.338504 0)
(1.3199 -0.313959 0)
(1.93189 -0.242541 0)
(2.37952 -0.187909 0)
(2.56761 -0.0979648 0)
(2.65206 -0.0362929 0)
(2.66196 0.0386964 0)
(2.6459 0.0863929 0)
(2.62889 0.140884 0)
(2.61749 0.186093 0)
(2.60605 0.232381 0)
(2.60986 0.275048 0)
(2.59703 0.31517 0)
(2.61196 0.361205 0)
(2.599 0.39469 0)
(2.61857 0.446248 0)
(2.61175 0.474647 0)
(2.63697 0.536188 0)
(2.63235 0.553651 0)
(2.6693 0.632481 0)
(0.865451 -0.295519 0)
(1.34631 -0.281301 0)
(1.97529 -0.215289 0)
(2.43253 -0.168545 0)
(2.62168 -0.0804951 0)
(2.6999 -0.0248804 0)
(2.70423 0.0476881 0)
(2.68275 0.0921423 0)
(2.66359 0.145014 0)
(2.64935 0.188311 0)
(2.63841 0.234178 0)
(2.64012 0.274354 0)
(2.62826 0.31468 0)
(2.64179 0.357181 0)
(2.62968 0.391606 0)
(2.64868 0.438954 0)
(2.64316 0.468803 0)
(2.66779 0.524975 0)
(2.66515 0.54432 0)
(2.70295 0.616684 0)
(0.87113 -0.247727 0)
(1.35102 -0.24714 0)
(1.98428 -0.186897 0)
(2.44216 -0.147307 0)
(2.63411 -0.0630197 0)
(2.71073 -0.0136883 0)
(2.71391 0.0551174 0)
(2.69189 0.0969693 0)
(2.6721 0.147268 0)
(2.65724 0.189951 0)
(2.64623 0.234048 0)
(2.64602 0.273532 0)
(2.63495 0.31301 0)
(2.64744 0.355238 0)
(2.63564 0.388443 0)
(2.65482 0.436057 0)
(2.64958 0.464727 0)
(2.67337 0.519847 0)
(2.67149 0.538652 0)
(2.70693 0.60752 0)
(0.878519 -0.198187 0)
(1.36592 -0.212347 0)
(2.01673 -0.158234 0)
(2.48505 -0.12523 0)
(2.67865 -0.043584 0)
(2.75092 -0.00140414 0)
(2.74943 0.0640569 0)
(2.72375 0.102029 0)
(2.70218 0.150378 0)
(2.6856 0.19105 0)
(2.67439 0.234524 0)
(2.67312 0.272173 0)
(2.66263 0.311963 0)
(2.67402 0.351185 0)
(2.66298 0.385504 0)
(2.68183 0.429634 0)
(2.67722 0.459193 0)
(2.70053 0.509865 0)
(2.69986 0.529699 0)
(2.73548 0.593012 0)
(0.872555 -0.145975 0)
(1.36388 -0.177588 0)
(2.02394 -0.130065 0)
(2.4954 -0.102521 0)
(2.69121 -0.0254138 0)
(2.76089 0.0105029 0)
(2.7587 0.0718386 0)
(2.73315 0.107181 0)
(2.71142 0.152762 0)
(2.69486 0.192922 0)
(2.68355 0.234528 0)
(2.68087 0.271839 0)
(2.67084 0.31039 0)
(2.68123 0.349399 0)
(2.67072 0.382444 0)
(2.6892 0.426287 0)
(2.68492 0.454496 0)
(2.7071 0.50381 0)
(2.70705 0.522762 0)
(2.73985 0.582453 0)
(0.862474 -0.0958761 0)
(1.36639 -0.144873 0)
(2.04712 -0.102446 0)
(2.52946 -0.0795355 0)
(2.7268 -0.00523121 0)
(2.79315 0.0234488 0)
(2.78786 0.0809459 0)
(2.76043 0.112357 0)
(2.73761 0.155822 0)
(2.7202 0.194003 0)
(2.70849 0.234826 0)
(2.70515 0.270606 0)
(2.69563 0.309411 0)
(2.70494 0.345928 0)
(2.69512 0.379959 0)
(2.71325 0.420857 0)
(2.70914 0.449579 0)
(2.73089 0.495148 0)
(2.73136 0.514492 0)
(2.76392 0.569653 0)
(0.838279 -0.0479347 0)
(1.35583 -0.114146 0)
(2.05258 -0.0764218 0)
(2.53962 -0.057692 0)
(2.73692 0.0123109 0)
(2.80131 0.0352184 0)
(2.79584 0.088602 0)
(2.76944 0.117704 0)
(2.74715 0.158539 0)
(2.73013 0.196246 0)
(2.71863 0.235259 0)
(2.71411 0.270817 0)
(2.705 0.308158 0)
(2.71316 0.344287 0)
(2.70405 0.377052 0)
(2.72135 0.417159 0)
(2.71749 0.444397 0)
(2.73794 0.488402 0)
(2.73885 0.506721 0)
(2.76854 0.558439 0)
(0.808155 -0.00737857 0)
(1.34807 -0.0882416 0)
(2.06985 -0.0519112 0)
(2.56733 -0.0358663 0)
(2.76468 0.031482 0)
(2.82735 0.0477216 0)
(2.82006 0.0978306 0)
(2.79285 0.123462 0)
(2.77016 0.162277 0)
(2.7527 0.198131 0)
(2.74089 0.236189 0)
(2.73571 0.2703 0)
(2.72708 0.307611 0)
(2.73412 0.341705 0)
(2.72556 0.375009 0)
(2.74243 0.412585 0)
(2.73842 0.440013 0)
(2.75844 0.480825 0)
(2.75941 0.499104 0)
(2.78871 0.547256 0)
(0.767471 0.0250742 0)
(1.33219 -0.0663125 0)
(2.07552 -0.0296174 0)
(2.57776 -0.016361 0)
(2.77381 0.0477143 0)
(2.83414 0.0587749 0)
(2.82714 0.10555 0)
(2.8013 0.129333 0)
(2.77953 0.165792 0)
(2.76263 0.201052 0)
(2.7513 0.237375 0)
(2.74518 0.271113 0)
(2.73706 0.306838 0)
(2.7429 0.340268 0)
(2.73505 0.372244 0)
(2.75086 0.408704 0)
(2.74695 0.434599 0)
(2.76555 0.473749 0)
(2.7668 0.491026 0)
(2.79346 0.536066 0)
(0.722425 0.0456785 0)
(1.32029 -0.0506627 0)
(2.09097 -0.00966931 0)
(2.60124 0.00183054 0)
(2.79702 0.0645092 0)
(2.85555 0.0703972 0)
(2.8473 0.114976 0)
(2.82138 0.136024 0)
(2.79956 0.170619 0)
(2.78257 0.20406 0)
(2.77111 0.23921 0)
(2.76441 0.271452 0)
(2.75674 0.30675 0)
(2.76157 0.338471 0)
(2.75407 0.370391 0)
(2.76938 0.404668 0)
(2.76512 0.430429 0)
(2.78324 0.466881 0)
(2.78423 0.483792 0)
(2.8104 0.526014 0)
(0.67117 0.0560682 0)
(1.30568 -0.0395379 0)
(2.09964 0.00820513 0)
(2.61192 0.0173663 0)
(2.80486 0.0789516 0)
(2.86115 0.0811012 0)
(2.85332 0.12319 0)
(2.82912 0.14283 0)
(2.80856 0.175289 0)
(2.79236 0.207833 0)
(2.78161 0.241231 0)
(2.77434 0.272832 0)
(2.76727 0.306481 0)
(2.77101 0.337316 0)
(2.76408 0.367819 0)
(2.77825 0.40082 0)
(2.77388 0.42515 0)
(2.79054 0.459935 0)
(2.79159 0.475956 0)
(2.81529 0.515379 0)
(0.619345 0.0561994 0)
(1.29798 -0.0341492 0)
(2.11635 0.0235922 0)
(2.63244 0.0310405 0)
(2.82284 0.0929737 0)
(2.87794 0.09181 0)
(2.8697 0.132819 0)
(2.8464 0.150309 0)
(2.82644 0.181082 0)
(2.81053 0.211755 0)
(2.79978 0.243797 0)
(2.79207 0.273871 0)
(2.78529 0.306716 0)
(2.78816 0.336062 0)
(2.78136 0.365984 0)
(2.79489 0.397123 0)
(2.79003 0.420994 0)
(2.80619 0.453619 0)
(2.80672 0.469036 0)
(2.82969 0.50617 0)
(0.566821 0.0483127 0)
(1.2936 -0.0321413 0)
(2.12869 0.0377129 0)
(2.64273 0.042713 0)
(2.82819 0.105667 0)
(2.88191 0.101834 0)
(2.87473 0.141328 0)
(2.85381 0.157748 0)
(2.83573 0.186668 0)
(2.82079 0.216256 0)
(2.8107 0.246533 0)
(2.80265 0.275757 0)
(2.79638 0.306945 0)
(2.79822 0.335262 0)
(2.7918 0.363758 0)
(2.80406 0.393558 0)
(2.79897 0.416165 0)
(2.81371 0.4472 0)
(2.81423 0.461902 0)
(2.8348 0.496514 0)
(0.517706 0.0339052 0)
(1.29701 -0.0335693 0)
(2.14784 0.0504689 0)
(2.66008 0.0527773 0)
(2.84195 0.117379 0)
(2.89486 0.11128 0)
(2.88814 0.150481 0)
(2.86906 0.165243 0)
(2.85221 0.192855 0)
(2.83768 0.220812 0)
(2.8275 0.249667 0)
(2.819 0.277437 0)
(2.81291 0.307512 0)
(2.81382 0.334507 0)
(2.8075 0.362064 0)
(2.81878 0.390274 0)
(2.81337 0.412142 0)
(2.8274 0.441508 0)
(2.82775 0.455499 0)
(2.84714 0.488326 0)
(0.474944 0.0174765 0)
(1.30166 -0.0363881 0)
(2.16553 0.0630878 0)
(2.67054 0.0615822 0)
(2.84698 0.128154 0)
(2.89872 0.120095 0)
(2.89289 0.158606 0)
(2.87609 0.172498 0)
(2.8612 0.198816 0)
(2.84742 0.225802 0)
(2.83794 0.25302 0)
(2.82904 0.279767 0)
(2.82372 0.308234 0)
(2.82333 0.334116 0)
(2.8177 0.360353 0)
(2.8272 0.387165 0)
(2.82212 0.407933 0)
(2.83432 0.435757 0)
(2.83541 0.449183 0)
(2.85217 0.479982 0)
(0.449621 0.000810832 0)
(1.30952 -0.0404725 0)
(2.18938 0.074095 0)
(2.68846 0.069285 0)
(2.86045 0.137901 0)
(2.911 0.1284 0)
(2.90498 0.167002 0)
(2.8892 0.179595 0)
(2.87484 0.205058 0)
(2.8613 0.230798 0)
(2.85197 0.25663 0)
(2.84264 0.282029 0)
(2.83779 0.309199 0)
(2.83627 0.333887 0)
(2.83119 0.359086 0)
(2.83937 0.384433 0)
(2.8344 0.404333 0)
(2.84583 0.430794 0)
(2.84699 0.443429 0)
(2.86245 0.473123 0)
(0.421105 0.0223656 0)
(1.32581 -0.0458359 0)
(2.22834 0.0901387 0)
(2.71242 0.0807175 0)
(2.87469 0.153388 0)
(2.92173 0.14184 0)
(2.91488 0.180693 0)
(2.90041 0.191843 0)
(2.88684 0.21565 0)
(2.87476 0.239463 0)
(2.86598 0.26287 0)
(2.85763 0.286291 0)
(2.85292 0.310999 0)
(2.85079 0.333746 0)
(2.84564 0.356962 0)
(2.85283 0.379978 0)
(2.8465 0.398121 0)
(2.85772 0.422218 0)
(2.85742 0.433943 0)
(2.87096 0.460887 0)
(0.418099 -0.0444956 0)
(1.3989 -0.0476803 0)
(2.29739 0.100893 0)
(2.75813 0.0905549 0)
(2.90829 0.171214 0)
(2.94999 0.160329 0)
(2.94156 0.200634 0)
(2.92758 0.210253 0)
(2.91379 0.231461 0)
(2.90252 0.252487 0)
(2.89328 0.272092 0)
(2.88553 0.293482 0)
(2.88014 0.314746 0)
(2.87706 0.335313 0)
(2.8718 0.355689 0)
(2.87743 0.376282 0)
(2.87011 0.391788 0)
(2.88118 0.414094 0)
(2.87918 0.424156 0)
(2.89109 0.448542 0)
(0.334508 -0.0485299 0)
(1.46504 -0.0501156 0)
(2.36601 0.10952 0)
(2.8 0.101394 0)
(2.93362 0.18724 0)
(2.96799 0.175296 0)
(2.95633 0.217206 0)
(2.94183 0.224248 0)
(2.92856 0.24382 0)
(2.9181 0.262455 0)
(2.90954 0.280173 0)
(2.90222 0.299284 0)
(2.89728 0.31815 0)
(2.89288 0.336384 0)
(2.88842 0.354662 0)
(2.89167 0.372395 0)
(2.88482 0.386432 0)
(2.89419 0.405964 0)
(2.89176 0.414873 0)
(2.90056 0.436031 0)
(0.300727 -0.0820366 0)
(1.58322 -0.0417422 0)
(2.44745 0.114377 0)
(2.85967 0.113495 0)
(2.97218 0.202111 0)
(2.99883 0.18836 0)
(2.9838 0.23258 0)
(2.96713 0.239387 0)
(2.95262 0.257938 0)
(2.94131 0.275709 0)
(2.93245 0.29154 0)
(2.92467 0.308751 0)
(2.91913 0.324446 0)
(2.91404 0.341021 0)
(2.90952 0.356342 0)
(2.91106 0.372046 0)
(2.90417 0.3841 0)
(2.9129 0.402053 0)
(2.90866 0.409438 0)
(2.91618 0.428996 0)
(0.212465 -0.088727 0)
(1.68262 -0.0241977 0)
(2.52299 0.1341 0)
(2.91256 0.129547 0)
(3.00466 0.222982 0)
(3.0216 0.202964 0)
(3.0019 0.249611 0)
(2.9817 0.254409 0)
(2.96539 0.271619 0)
(2.95367 0.287074 0)
(2.94474 0.301079 0)
(2.93733 0.315308 0)
(2.93175 0.328608 0)
(2.92642 0.342463 0)
(2.92191 0.355673 0)
(2.92223 0.368975 0)
(2.91599 0.380077 0)
(2.92328 0.395498 0)
(2.91852 0.402167 0)
(2.92456 0.419391 0)
(0.175296 -0.0874129 0)
(1.82278 0.0140292 0)
(2.60903 0.162079 0)
(2.96964 0.148561 0)
(3.04394 0.24896 0)
(3.04986 0.221152 0)
(3.02525 0.268231 0)
(3.00142 0.271046 0)
(2.98348 0.285652 0)
(2.97091 0.299179 0)
(2.96159 0.310838 0)
(2.95415 0.323622 0)
(2.94813 0.334528 0)
(2.94204 0.346924 0)
(2.93768 0.357937 0)
(2.93684 0.369953 0)
(2.93062 0.379226 0)
(2.93741 0.392994 0)
(2.9313 0.39848 0)
(2.93658 0.413573 0)
(0.143831 -0.058706 0)
(1.9522 0.056829 0)
(2.68693 0.210468 0)
(3.01346 0.177643 0)
(3.06953 0.283972 0)
(3.06379 0.246174 0)
(3.03544 0.290982 0)
(3.00997 0.290002 0)
(2.99187 0.300829 0)
(2.97947 0.311353 0)
(2.97049 0.321076 0)
(2.96348 0.331512 0)
(2.95695 0.340633 0)
(2.95102 0.350949 0)
(2.94653 0.360623 0)
(2.94468 0.370258 0)
(2.93908 0.378787 0)
(2.94479 0.389953 0)
(2.93786 0.394503 0)
(2.94292 0.407094 0)
(0.174291 0.0122158 0)
(2.09558 0.108561 0)
(2.76139 0.279014 0)
(3.04485 0.210531 0)
(3.08621 0.321572 0)
(3.074 0.271947 0)
(3.04571 0.312116 0)
(3.02075 0.307091 0)
(3.0031 0.31447 0)
(2.99088 0.322734 0)
(2.98194 0.33063 0)
(2.97456 0.339026 0)
(2.96802 0.346284 0)
(2.96196 0.354967 0)
(2.95736 0.362658 0)
(2.95487 0.370884 0)
(2.9496 0.378169 0)
(2.95427 0.387176 0)
(2.94673 0.391045 0)
(2.95159 0.401813 0)
(0.2762 0.119456 0)
(2.18531 0.151592 0)
(2.80402 0.359952 0)
(3.05365 0.248948 0)
(3.08955 0.359175 0)
(3.07504 0.296401 0)
(3.04837 0.330977 0)
(3.02434 0.322422 0)
(3.00742 0.326735 0)
(2.99579 0.332757 0)
(2.98692 0.338874 0)
(2.97989 0.345278 0)
(2.9732 0.351007 0)
(2.9675 0.357479 0)
(2.96299 0.363617 0)
(2.96019 0.36974 0)
(2.95549 0.375592 0)
(2.9592 0.382021 0)
(2.95139 0.384997 0)
(2.95635 0.393162 0)
(0.464271 0.23769 0)
(2.26379 0.180699 0)
(2.84067 0.418757 0)
(3.06182 0.273929 0)
(3.09193 0.385775 0)
(3.07492 0.314865 0)
(3.04995 0.346863 0)
(3.02781 0.33715 0)
(3.01267 0.339169 0)
(3.00182 0.343513 0)
(2.99352 0.348154 0)
(2.98626 0.353012 0)
(2.97958 0.35717 0)
(2.97395 0.362196 0)
(2.96949 0.366697 0)
(2.96642 0.371196 0)
(2.96215 0.37586 0)
(2.96502 0.379937 0)
(2.95692 0.382279 0)
(2.96191 0.388189 0)
(0.72228 0.314315 0)
(2.3514 0.17228 0)
(2.87428 0.445423 0)
(3.06865 0.283523 0)
(3.09221 0.401719 0)
(3.07231 0.326875 0)
(3.04895 0.358143 0)
(3.02842 0.3488 0)
(3.01415 0.349401 0)
(3.00372 0.352176 0)
(2.99533 0.355635 0)
(2.98831 0.358516 0)
(2.9819 0.361457 0)
(2.97699 0.364513 0)
(2.97265 0.367789 0)
(2.96969 0.370587 0)
(2.96576 0.37423 0)
(2.96764 0.376354 0)
(2.9595 0.378386 0)
(2.96444 0.382347 0)
(0.981316 0.290771 0)
(2.47701 0.149472 0)
(2.92556 0.449965 0)
(3.08453 0.282915 0)
(3.09714 0.412069 0)
(3.07206 0.335405 0)
(3.04958 0.366706 0)
(3.02964 0.358939 0)
(3.01594 0.358501 0)
(3.00571 0.359906 0)
(2.9978 0.361922 0)
(2.99104 0.363221 0)
(2.98523 0.364669 0)
(2.9808 0.366098 0)
(2.97672 0.367878 0)
(2.97351 0.369121 0)
(2.96972 0.371543 0)
(2.97059 0.372038 0)
(2.96255 0.373699 0)
(2.96739 0.376117 0)
(1.18787 0.273748 0)
(2.59282 0.134796 0)
(2.96948 0.462038 0)
(3.09667 0.283617 0)
(3.10051 0.420993 0)
(3.06896 0.344944 0)
(3.04602 0.376565 0)
(3.027 0.371104 0)
(3.01428 0.369275 0)
(3.00498 0.368924 0)
(2.99762 0.369204 0)
(2.9914 0.368674 0)
(2.98602 0.368815 0)
(2.982 0.368802 0)
(2.97781 0.369397 0)
(2.97448 0.369401 0)
(2.97071 0.370827 0)
(2.97081 0.369947 0)
(2.96313 0.371406 0)
(2.96813 0.372144 0)
(1.38315 0.320249 0)
(2.70268 0.126467 0)
(3.01928 0.47406 0)
(3.11133 0.28169 0)
(3.10551 0.429396 0)
(3.06622 0.355767 0)
(3.04322 0.385767 0)
(3.02538 0.382154 0)
(3.01392 0.378961 0)
(3.00527 0.376787 0)
(2.99837 0.37527 0)
(2.99247 0.37305 0)
(2.98749 0.371983 0)
(2.98355 0.370474 0)
(2.97921 0.370252 0)
(2.97553 0.3692 0)
(2.97148 0.369911 0)
(2.97076 0.368312 0)
(2.96355 0.369579 0)
(2.96863 0.369419 0)
(1.62739 0.345884 0)
(2.81925 0.104004 0)
(3.06607 0.490772 0)
(3.11672 0.291412 0)
(3.10536 0.445084 0)
(3.06013 0.372912 0)
(3.03853 0.396698 0)
(3.0233 0.393688 0)
(3.01301 0.388451 0)
(3.00494 0.38412 0)
(2.9979 0.380605 0)
(2.9919 0.376768 0)
(2.98675 0.37426 0)
(2.98271 0.371554 0)
(2.97807 0.370248 0)
(2.97406 0.368299 0)
(2.97008 0.36801 0)
(2.969 0.365783 0)
(2.96282 0.36657 0)
(2.96827 0.365791 0)
(1.85419 0.384928 0)
(2.9035 0.103309 0)
(3.10562 0.525346 0)
(3.12033 0.312455 0)
(3.10887 0.461916 0)
(3.05782 0.394251 0)
(3.0362 0.409085 0)
(3.02294 0.406022 0)
(3.01314 0.3991 0)
(3.00474 0.392934 0)
(2.99708 0.387799 0)
(2.99028 0.382506 0)
(2.98461 0.379051 0)
(2.97998 0.375472 0)
(2.97499 0.37326 0)
(2.971 0.37032 0)
(2.9675 0.368884 0)
(2.96679 0.365886 0)
(2.96201 0.365931 0)
(2.96802 0.364555 0)
(2.09793 0.466173 0)
(2.99917 0.120619 0)
(3.15467 0.56375 0)
(3.12796 0.341559 0)
(3.1187 0.480601 0)
(3.06369 0.421079 0)
(3.03908 0.42268 0)
(3.02455 0.418397 0)
(3.01319 0.410246 0)
(3.00297 0.402411 0)
(2.99333 0.395572 0)
(2.98507 0.388995 0)
(2.97855 0.3842 0)
(2.97364 0.379362 0)
(2.96898 0.375808 0)
(2.9658 0.371793 0)
(2.96358 0.369137 0)
(2.96391 0.365756 0)
(2.96088 0.365251 0)
(2.96749 0.363982 0)
(2.34225 0.561701 0)
(3.11639 0.15599 0)
(3.23931 0.613993 0)
(3.16311 0.383344 0)
(3.14347 0.500542 0)
(3.08135 0.456562 0)
(3.0467 0.444627 0)
(3.02559 0.435961 0)
(3.0087 0.425183 0)
(2.99426 0.415241 0)
(2.98207 0.406069 0)
(2.97321 0.3968 0)
(2.96753 0.389374 0)
(2.96395 0.382255 0)
(2.96111 0.376779 0)
(2.95997 0.371516 0)
(2.95993 0.367639 0)
(2.96187 0.364417 0)
(2.96072 0.363737 0)
(2.96778 0.363403 0)
(2.77605 0.668896 0)
(3.2863 0.175193 0)
(3.38528 0.672557 0)
(3.22602 0.462128 0)
(3.17357 0.536785 0)
(3.09983 0.505715 0)
(3.04723 0.480507 0)
(3.01083 0.464276 0)
(2.98567 0.448725 0)
(2.96955 0.43352 0)
(2.95948 0.418576 0)
(2.95384 0.404402 0)
(2.95155 0.393221 0)
(2.95134 0.38372 0)
(2.95219 0.376074 0)
(2.9543 0.369324 0)
(2.95725 0.364506 0)
(2.96048 0.362098 0)
(2.9612 0.361645 0)
(2.96853 0.362771 0)
(3.57261 0.896242 0)
(3.40382 0.315805 0)
(3.43109 0.7618 0)
(3.20377 0.611541 0)
(3.10296 0.604579 0)
(3.02812 0.57711 0)
(2.97855 0.540913 0)
(2.94937 0.508411 0)
(2.93439 0.474923 0)
(2.92843 0.44654 0)
(2.92754 0.424237 0)
(2.93002 0.406222 0)
(2.93451 0.392113 0)
(2.94002 0.380513 0)
(2.9458 0.371258 0)
(2.95102 0.364077 0)
(2.95599 0.359926 0)
(2.96004 0.359108 0)
(2.96233 0.359033 0)
(2.96996 0.362072 0)
)
;

boundaryField
{
    inlet
    {
        type            fixedValue;
        value           uniform (3 0 0);
    }
    outlet
    {
        type            zeroGradient;
    }
    upAndBottom
    {
        type            empty;
    }
    obstacle
    {
        type            noSlip;
    }
}


// ************************************************************************* //
