/*--------------------------------*- C++ -*----------------------------------*\
| =========                 |                                                 |
| \\      /  F ield         | OpenFOAM: The Open Source CFD Toolbox           |
|  \\    /   O peration     | Version:  v1806                                 |
|   \\  /    A nd           | Web:      www.OpenFOAM.com                      |
|    \\/     M anipulation  |                                                 |
\*---------------------------------------------------------------------------*/
FoamFile
{
    version     2.0;
    format      ascii;
    class       volScalarField;
    location    "240";
    object      p;
}
// * * * * * * * * * * * * * * * * * * * * * * * * * * * * * * * * * * * * * //

dimensions      [0 2 -2 0 0 0 0];


internalField   nonuniform List<scalar> 
4400
(
0.00724815
0.00921135
0.00878882
0.00735606
0.00593593
0.0046859
0.00368353
0.00294221
0.00241232
0.00202526
0.00172781
0.00148433
0.0012722
0.00107849
0.000896538
0.000722814
0.000555136
0.000391834
0.000231493
7.43009e-05
0.0252235
0.017537
0.0125004
0.00945525
0.00745046
0.00604892
0.00501849
0.00423669
0.00362266
0.00311803
0.00268527
0.00230298
0.00195883
0.00164472
0.00135458
0.00108346
0.000827157
0.000581859
0.000344268
0.00011254
0.0196563
0.0164686
0.0138115
0.0116022
0.00985666
0.00838658
0.00710539
0.00599986
0.0050634
0.00427803
0.00361793
0.00305667
0.00257097
0.00214191
0.0017549
0.00139904
0.00106607
0.000749517
0.00044423
0.000146405
0.0192697
0.0167481
0.0142442
0.0120402
0.0102076
0.00871912
0.0074841
0.00644117
0.00555136
0.0047847
0.00411567
0.00352342
0.00299187
0.00250872
0.00206421
0.00165027
0.00126001
0.000887372
0.000527105
0.000174588
0.0155112
0.0141803
0.0128122
0.0114647
0.0101764
0.00899514
0.00792351
0.00694856
0.00606399
0.00526607
0.00454893
0.00390382
0.00332044
0.00278829
0.00229757
0.00183954
0.00140657
0.000992055
0.000590332
0.000196162
0.0141097
0.013136
0.0120277
0.0108719
0.00975073
0.00870106
0.00773871
0.00686149
0.00606148
0.0053303
0.00465991
0.00404235
0.00347001
0.00293588
0.0024336
0.00195741
0.00150193
0.00106213
0.00063341
0.000210991
0.011938
0.0113283
0.0106304
0.00987154
0.00908183
0.00828643
0.00750782
0.00675825
0.00604295
0.00536473
0.00472466
0.00412207
0.00355459
0.00301869
0.0025101
0.00202428
0.00155667
0.00110284
0.000658695
0.000219743
0.0107912
0.0103198
0.00975215
0.00911632
0.00844581
0.00776492
0.00709042
0.00643374
0.00580053
0.00519292
0.00461116
0.00405434
0.00352078
0.00300828
0.00251432
0.00203616
0.00157092
0.00111568
0.000667562
0.000222995
0.00942634
0.00909571
0.00869589
0.00823842
0.00773768
0.00720796
0.00666141
0.00610879
0.00555788
0.00501411
0.00448117
0.00396128
0.00345542
0.00296352
0.00248467
0.00201736
0.00155967
0.00110949
0.000664644
0.000222182
0.00856699
0.00829568
0.00796033
0.00757094
0.00714173
0.0066847
0.00621009
0.00572617
0.00523926
0.00475374
0.00427247
0.00379721
0.00332889
0.00286781
0.00241375
0.0019661
0.00152394
0.00108616
0.000651516
0.000217943
0.00765465
0.00744773
0.00719022
0.00688775
0.00654694
0.00617524
0.0057795
0.00536604
0.0049405
0.00450752
0.00407079
0.0036331
0.00319646
0.00276213
0.00233076
0.00190251
0.00147713
0.00105412
0.000632813
0.000211729
0.00702233
0.00684454
0.00662157
0.00635744
0.00605884
0.00573181
0.00538204
0.00501466
0.00463407
0.00424393
0.00384716
0.00344601
0.00304221
0.00263699
0.00223122
0.00182543
0.00141987
0.00101463
0.000609616
0.000204009
0.00639756
0.00625261
0.00606938
0.00585096
0.00560066
0.00532247
0.00502031
0.00469799
0.00435912
0.00400701
0.00364454
0.0032742
0.00289801
0.00251761
0.00213423
0.00174878
0.00136191
0.000974064
0.000585524
0.000195912
0.00594501
0.00581585
0.00565228
0.0054562
0.00523111
0.0049803
0.00470704
0.00441449
0.00410559
0.003783
0.00344909
0.00310588
0.00275514
0.00239836
0.00203679
0.00167147
0.00130328
0.000932939
0.000561054
0.000187697
0.00552472
0.00541334
0.00527123
0.00510027
0.00490232
0.00467972
0.00443489
0.00417028
0.00388828
0.00359124
0.00328134
0.00296058
0.00263078
0.00229354
0.00195024
0.00160211
0.0012502
0.000895431
0.000538609
0.000180116
0.00522141
0.00511886
0.00498798
0.00482985
0.0046466
0.00444026
0.00421291
0.00396663
0.0037035
0.00342547
0.00313441
0.00283205
0.00251998
0.00219969
0.00187251
0.00153969
0.00120237
0.000861599
0.000518343
0.000173277
0.0049605
0.00486722
0.00474768
0.00460312
0.0044348
0.00424428
0.00403321
0.00380331
0.00355631
0.00329398
0.00301802
0.00273011
0.00243183
0.00212468
0.00181006
0.00148927
0.00116354
0.000834013
0.000501754
0.000167648
0.00478662
0.00469733
0.0045835
0.00444575
0.00428538
0.00410374
0.00390228
0.00368251
0.00344601
0.00319434
0.00292906
0.0026517
0.00236373
0.00206657
0.0017616
0.00145011
0.00113336
0.000812561
0.000488839
0.000163266
0.00466175
0.00457659
0.00446807
0.00433675
0.00418341
0.00400916
0.0038153
0.00360318
0.00337423
0.00312994
0.00287181
0.00260133
0.00231997
0.00202917
0.00173032
0.00142476
0.00111376
0.000798575
0.000480386
0.000160374
0.00461508
0.00453194
0.00442448
0.00429398
0.00414167
0.00396877
0.00377661
0.00356655
0.00334002
0.00309843
0.00284322
0.00257582
0.00229761
0.00200996
0.00171423
0.00141172
0.0011037
0.000791405
0.00047606
0.000158897
0.0269448
0.0311898
0.0345334
0.0372918
0.0395496
0.0413462
0.0427207
0.0437065
0.0443277
0.0445999
0.0445307
0.0441204
0.0433616
0.042239
0.0407283
0.0387957
0.0364021
0.0335048
0.0299909
0.025492
0.0334806
0.034631
0.0355695
0.0363421
0.0369759
0.037483
0.0378707
0.0381445
0.0383084
0.0383648
0.038315
0.038159
0.0378958
0.0375231
0.0370367
0.0364299
0.0356998
0.0348546
0.0338588
0.0324183
0.0226806
0.0232189
0.0237188
0.0241691
0.0245621
0.0248919
0.0251537
0.0253438
0.0254594
0.0254988
0.0254609
0.0253455
0.0251531
0.024885
0.0245434
0.0241315
0.0236535
0.0231143
0.0225206
0.0218858
0.0216155
0.0218813
0.0221181
0.0223241
0.0224977
0.0226375
0.0227423
0.0228113
0.0228436
0.0228387
0.0227962
0.0227162
0.0225986
0.0224439
0.0222524
0.022025
0.0217633
0.0214705
0.0211437
0.0207576
0.0163161
0.0164442
0.0165594
0.0166605
0.0167466
0.0168168
0.0168702
0.0169062
0.0169245
0.0169246
0.0169064
0.01687
0.0168155
0.0167433
0.016654
0.0165483
0.0164266
0.016289
0.0161387
0.0159907
0.0151338
0.0152165
0.0152884
0.0153492
0.0153985
0.0154361
0.0154615
0.0154748
0.0154756
0.015464
0.0154398
0.0154031
0.0153539
0.0152925
0.0152189
0.0151334
0.0150367
0.01493
0.014812
0.0146705
0.0123
0.0123449
0.0123843
0.0124178
0.0124453
0.0124667
0.0124818
0.0124906
0.0124929
0.0124888
0.0124781
0.012461
0.0124375
0.0124076
0.0123714
0.0123292
0.0122807
0.0122255
0.012165
0.012108
0.0113246
0.0113582
0.0113869
0.0114104
0.0114287
0.0114417
0.0114494
0.0114517
0.0114486
0.0114401
0.0114262
0.0114069
0.0113822
0.0113522
0.011317
0.0112764
0.011231
0.0111811
0.0111262
0.0110597
0.00965255
0.00967344
0.00969132
0.00970615
0.00971789
0.00972649
0.00973194
0.00973421
0.00973329
0.00972916
0.00972183
0.0097113
0.00969757
0.00968067
0.00966062
0.00963748
0.00961115
0.00958132
0.00954863
0.00951779
0.00887936
0.00889639
0.00891063
0.00892208
0.00893069
0.00893645
0.00893935
0.00893938
0.00893653
0.00893079
0.00892218
0.0089107
0.00889636
0.00887918
0.00885918
0.00883636
0.00881085
0.00878295
0.00875229
0.00871543
0.00781746
0.00782937
0.00783939
0.00784751
0.00785372
0.00785801
0.00786037
0.0078608
0.00785928
0.00785581
0.00785041
0.00784306
0.00783377
0.00782255
0.00780941
0.00779438
0.00777739
0.00775827
0.00773737
0.00771711
0.00722388
0.00723413
0.00724262
0.00724935
0.0072543
0.00725748
0.00725886
0.00725846
0.00725627
0.0072523
0.00724653
0.00723898
0.00722966
0.00721857
0.00720571
0.00719109
0.00717477
0.00715692
0.00713733
0.00711419
0.00652325
0.00653118
0.00653778
0.00654304
0.00654697
0.00654956
0.0065508
0.0065507
0.00654925
0.00654644
0.00654229
0.0065368
0.00652995
0.00652177
0.00651225
0.0065014
0.0064892
0.00647555
0.00646064
0.00644573
0.00608722
0.00609433
0.00610019
0.0061048
0.00610816
0.00611027
0.00611112
0.00611072
0.00610906
0.00610614
0.00610197
0.00609655
0.00608987
0.00608195
0.00607279
0.00606239
0.00605077
0.00603803
0.00602407
0.0060079
0.00562711
0.00563308
0.00563802
0.00564193
0.00564481
0.00564665
0.00564747
0.00564724
0.00564598
0.00564369
0.00564036
0.00563599
0.0056306
0.00562417
0.00561672
0.00560824
0.00559873
0.00558814
0.00557655
0.00556466
0.0053308
0.00533633
0.00534089
0.00534447
0.00534707
0.0053487
0.00534935
0.00534902
0.00534771
0.00534542
0.00534215
0.00533791
0.00533269
0.0053265
0.00531935
0.00531122
0.00530214
0.00529215
0.00528121
0.00526879
0.00504931
0.00505427
0.00505837
0.0050616
0.00506396
0.00506546
0.00506609
0.00506585
0.00506475
0.00506278
0.00505994
0.00505623
0.00505166
0.00504622
0.00503993
0.00503278
0.00502476
0.00501586
0.00500612
0.0049959
0.00488043
0.00488517
0.00488908
0.00489215
0.00489437
0.00489576
0.0048963
0.004896
0.00489486
0.00489288
0.00489005
0.00488638
0.00488187
0.00487652
0.00487033
0.0048633
0.00485545
0.00484679
0.0048373
0.00482666
0.0047458
0.00475029
0.00475399
0.00475691
0.00475902
0.00476035
0.00476088
0.00476061
0.00475955
0.00475769
0.00475503
0.00475158
0.00474733
0.00474229
0.00473645
0.00472983
0.0047224
0.00471417
0.00470515
0.00469555
0.00469873
0.00470322
0.00470692
0.00470984
0.00471198
0.00471333
0.0047139
0.00471368
0.00471268
0.0047109
0.00470834
0.00470499
0.00470087
0.00469597
0.00469029
0.00468384
0.00467662
0.00466865
0.00465992
0.00465033
0.0114855
0.0118091
0.0120826
0.0123155
0.0125062
0.0126498
0.0127445
0.012793
0.0128033
0.0127901
0.0127758
0.0127916
0.0128781
0.0130876
0.0134865
0.0141487
0.0151254
0.0164419
0.018302
0.0215246
0.011902
0.0123311
0.0128389
0.0133973
0.0140106
0.0146891
0.0154409
0.0162723
0.0171887
0.0181937
0.0192886
0.0204723
0.0217409
0.0230877
0.024503
0.0259736
0.0274844
0.0290224
0.0305774
0.0321074
0.0136819
0.0139986
0.014322
0.0146598
0.0150127
0.0153805
0.0157631
0.0161605
0.0165725
0.0169988
0.0174395
0.0178949
0.0183656
0.0188527
0.0193572
0.0198797
0.0204201
0.0209769
0.021546
0.0221184
0.0138767
0.0142514
0.0146328
0.0150226
0.0154206
0.0158259
0.0162371
0.0166529
0.0170717
0.0174919
0.0179118
0.0183294
0.0187427
0.0191497
0.0195481
0.0199354
0.0203093
0.0206671
0.0210059
0.0213229
0.012613
0.0128025
0.0129989
0.0131969
0.0133953
0.0135941
0.0137932
0.0139922
0.0141906
0.0143881
0.0145843
0.0147787
0.0149705
0.0151593
0.0153442
0.0155244
0.0156988
0.0158664
0.0160259
0.0161762
0.0119801
0.0121786
0.0123702
0.0125602
0.012749
0.0129357
0.0131198
0.0133007
0.013478
0.0136512
0.0138197
0.0139832
0.0141409
0.0142925
0.0144372
0.0145747
0.0147043
0.0148255
0.0149379
0.0150408
0.0105757
0.0106816
0.0107903
0.0108977
0.011003
0.0111065
0.0112079
0.0113072
0.0114042
0.0114985
0.0115901
0.0116786
0.011764
0.0118458
0.0119239
0.011998
0.0120679
0.0121333
0.0121939
0.0122495
0.00980421
0.00991149
0.0100132
0.0101126
0.0102101
0.0103053
0.0103978
0.0104875
0.0105743
0.0106579
0.0107383
0.0108151
0.0108884
0.0109578
0.0110233
0.0110847
0.0111418
0.0111945
0.0112426
0.011286
0.00870742
0.00877162
0.00883674
0.00890032
0.00896196
0.00902176
0.00907972
0.00913575
0.00918976
0.00924169
0.00929144
0.00933895
0.00938412
0.00942689
0.00946717
0.00950489
0.00953998
0.00957235
0.00960194
0.0096287
0.00802608
0.00808995
0.00815012
0.00820851
0.00826532
0.00832032
0.00837339
0.00842447
0.00847349
0.00852039
0.00856511
0.00860759
0.00864775
0.00868555
0.00872093
0.00875382
0.00878418
0.00881196
0.00883711
0.00885959
0.00722121
0.00726418
0.00730721
0.00734895
0.00738916
0.00742793
0.00746524
0.00750107
0.00753538
0.00756813
0.0075993
0.00762886
0.00765677
0.007683
0.00770753
0.00773033
0.00775137
0.00777062
0.00778807
0.00780369
0.00667795
0.00672008
0.00675979
0.00679815
0.00683528
0.00687106
0.00690542
0.00693834
0.00696981
0.00699977
0.00702822
0.00705513
0.00708046
0.00710419
0.00712631
0.00714679
0.0071656
0.00718274
0.00719817
0.00721189
0.00610199
0.00613344
0.00616459
0.00619468
0.00622359
0.00625136
0.00627799
0.00630347
0.00632778
0.0063509
0.00637282
0.00639353
0.00641301
0.00643125
0.00644824
0.00646396
0.00647841
0.00649157
0.00650344
0.006514
0.0056964
0.005727
0.00575594
0.00578383
0.00581073
0.00583658
0.00586134
0.005885
0.00590755
0.00592898
0.00594927
0.00596841
0.00598639
0.0060032
0.00601882
0.00603325
0.00604648
0.0060585
0.0060693
0.00607888
0.00530021
0.00532514
0.00534961
0.00537319
0.00539581
0.00541751
0.00543828
0.00545811
0.00547699
0.00549492
0.00551188
0.00552787
0.00554289
0.00555692
0.00556996
0.00558201
0.00559305
0.00560309
0.00561211
0.00562012
0.00502221
0.0050465
0.00506957
0.00509178
0.00511316
0.00513366
0.00515327
0.00517199
0.0051898
0.00520671
0.00522269
0.00523775
0.00525189
0.00526508
0.00527733
0.00528864
0.00529899
0.00530839
0.00531682
0.00532429
0.00477359
0.00479488
0.00481563
0.0048356
0.00485476
0.00487312
0.00489067
0.00490742
0.00492335
0.00493846
0.00495274
0.0049662
0.00497882
0.0049906
0.00500154
0.00501164
0.00502088
0.00502927
0.00503681
0.0050435
0.00461352
0.00463459
0.00465466
0.00467397
0.00469253
0.00471031
0.0047273
0.0047435
0.00475891
0.00477353
0.00478733
0.00480033
0.00481252
0.0048239
0.00483445
0.00484419
0.0048531
0.00486118
0.00486843
0.00487485
0.00449321
0.00451289
0.00453196
0.00455031
0.0045679
0.00458475
0.00460085
0.0046162
0.00463079
0.00464463
0.0046577
0.00467
0.00468154
0.0046923
0.00470229
0.0047115
0.00471993
0.00472758
0.00473444
0.00474051
0.00444834
0.00446796
0.00448679
0.00450491
0.00452231
0.00453898
0.00455492
0.00457012
0.00458458
0.00459829
0.00461124
0.00462345
0.00463489
0.00464557
0.00465548
0.00466462
0.004673
0.0046806
0.00468742
0.00469346
0.0046055
0.0056005
0.00606931
0.00638564
0.00661086
0.00675182
0.00682648
0.00685422
0.00684961
0.00682319
0.00678298
0.00673515
0.00668449
0.00663467
0.00658851
0.00654817
0.00651535
0.00649169
0.00647862
0.00647427
0.00517
0.00549561
0.00567017
0.00578744
0.00587069
0.00592422
0.0059535
0.00596453
0.00596207
0.00594978
0.00593046
0.00590635
0.00587916
0.00585018
0.00582037
0.00579047
0.00576097
0.00573161
0.00570073
0.00566946
0.00484823
0.0050148
0.00514626
0.00525009
0.00533028
0.00538927
0.00542969
0.00545434
0.00546592
0.00546687
0.00545937
0.00544531
0.0054263
0.00540367
0.00537849
0.00535166
0.00532394
0.00529549
0.0052646
0.00523044
0.00469371
0.00477048
0.00482915
0.00487375
0.00490592
0.00492676
0.00493758
0.00493984
0.00493497
0.00492433
0.00490917
0.0048906
0.00486962
0.00484707
0.00482365
0.00479999
0.00477665
0.00475379
0.00473031
0.00470559
0.00417663
0.00421416
0.00424659
0.0042715
0.004289
0.00429983
0.0043047
0.00430427
0.00429924
0.00429031
0.00427816
0.00426345
0.00424676
0.00422862
0.00420948
0.00418979
0.00416997
0.00415012
0.00412911
0.00410619
0.00370868
0.00372938
0.00374523
0.00375553
0.00376058
0.00376092
0.00375709
0.0037496
0.00373897
0.00372573
0.0037104
0.00369346
0.00367535
0.00365647
0.00363717
0.00361778
0.00359865
0.00357982
0.00356032
0.00353966
0.00312116
0.00312814
0.00313372
0.00313537
0.00313312
0.00312753
0.00311903
0.00310799
0.00309476
0.00307973
0.00306326
0.0030457
0.00302737
0.00300855
0.00298952
0.00297051
0.00295183
0.00293347
0.00291438
0.00289388
0.00253893
0.00253806
0.00253645
0.00253169
0.00252382
0.00251334
0.00250061
0.00248591
0.00246955
0.00245184
0.00243309
0.00241358
0.00239361
0.00237341
0.0023532
0.00233322
0.00231373
0.00229472
0.00227513
0.00225441
0.00190467
0.0018952
0.00188688
0.00187615
0.00186292
0.00184772
0.00183085
0.00181253
0.00179301
0.00177253
0.00175135
0.00172971
0.00170786
0.00168601
0.00166434
0.00164309
0.00162248
0.0016025
0.00158203
0.00156041
0.00125133
0.00123304
0.00121742
0.00120004
0.00118072
0.00116001
0.00113814
0.00111529
0.00109163
0.00106738
0.00104275
0.00101796
0.000993238
0.000968774
0.000944755
0.000921385
0.000898916
0.000877315
0.0008554
0.000832479
0.000568237
0.000540264
0.000516766
0.000492103
0.00046603
0.000439117
0.00041157
0.000383478
0.000354971
0.000326215
0.000297398
0.000268713
0.000240356
0.000212515
0.000185368
0.00015912
0.000134026
0.000110043
8.59149e-05
6.09791e-05
-0.000154365
-0.000198009
-0.00023468
-0.000271643
-0.000309266
-0.000346896
-0.000384347
-0.000421585
-0.000458528
-0.000495044
-0.000530979
-0.000566163
-0.000600418
-0.000633568
-0.000665441
-0.000695828
-0.000724452
-0.00075135
-0.00077793
-0.000805137
-0.000878867
-0.000937288
-0.000987486
-0.0010374
-0.00108726
-0.00113635
-0.00118451
-0.00123174
-0.00127802
-0.00132327
-0.00136737
-0.00141022
-0.00145166
-0.00149157
-0.00152979
-0.00156611
-0.00160028
-0.00163236
-0.00166384
-0.0016953
-0.00167455
-0.00176852
-0.00185133
-0.00193245
-0.00201211
-0.0020893
-0.0021637
-0.00223525
-0.00230386
-0.00236947
-0.00243199
-0.00249135
-0.00254747
-0.00260026
-0.00264961
-0.00269536
-0.00273718
-0.00277513
-0.00281111
-0.00284679
-0.00234626
-0.00246471
-0.00257523
-0.00268394
-0.00279017
-0.00289277
-0.00299125
-0.0030854
-0.0031751
-0.00326031
-0.00334107
-0.00341749
-0.00348968
-0.00355775
-0.00362178
-0.00368174
-0.00373744
-0.00378915
-0.00383885
-0.00388659
-0.00314658
-0.00336097
-0.00356672
-0.00376883
-0.00396635
-0.00415724
-0.00434
-0.00451354
-0.00467703
-0.00482993
-0.00497196
-0.00510308
-0.00522345
-0.0053333
-0.0054329
-0.00552235
-0.00560134
-0.00566998
-0.00573157
-0.00579027
-0.00328002
-0.00351588
-0.00376342
-0.00401192
-0.00425786
-0.0044992
-0.00473364
-0.00495897
-0.00517344
-0.0053758
-0.00556542
-0.00574222
-0.00590667
-0.00605967
-0.00620233
-0.00633566
-0.00646034
-0.00657772
-0.00669179
-0.00680067
-0.00380748
-0.00429594
-0.00480049
-0.00531186
-0.0058284
-0.00634646
-0.00686084
-0.00736596
-0.00785622
-0.00832623
-0.00877108
-0.00918666
-0.00956993
-0.00991921
-0.0102341
-0.0105152
-0.0107625
-0.0109771
-0.0111682
-0.0113468
-0.00156617
-0.00184189
-0.00220307
-0.0026025
-0.00303402
-0.00349708
-0.00398782
-0.00450058
-0.00502902
-0.00556634
-0.00610563
-0.00664034
-0.00716492
-0.00767555
-0.00817061
-0.00865003
-0.00911607
-0.00958627
-0.0101187
-0.0107442
-0.00170488
-0.00251926
-0.00337789
-0.00430791
-0.00532018
-0.00641889
-0.00760731
-0.00888746
-0.0102592
-0.0117197
-0.0132633
-0.0148815
-0.0165632
-0.0182955
-0.0200625
-0.0218428
-0.0236116
-0.0253778
-0.027237
-0.0291395
0.000152333
0.000458507
0.000766368
0.00107627
0.00138895
0.00170541
0.00202674
0.00235423
0.00268958
0.00303521
0.00339507
0.00377593
0.00418958
0.00465622
0.00520904
0.00589987
0.00679078
0.00790272
0.00915316
0.010447
0.000172572
0.000518334
0.000866557
0.0012187
0.00157644
0.00194187
0.00231739
0.00270577
0.00311017
0.00353419
0.00398168
0.00445671
0.00496343
0.00550688
0.00609588
0.00674659
0.00748378
0.00834928
0.0094443
0.0108984
0.000189804
0.000569104
0.000951239
0.00133845
0.00173299
0.00213761
0.00255552
0.00299061
0.0034477
0.00393305
0.00445486
0.00502389
0.00565372
0.00636052
0.00716151
0.00807153
0.00909692
0.0102269
0.0114321
0.012724
0.000203114
0.000608155
0.00101603
0.00142943
0.00185082
0.00228305
0.00272928
0.003193
0.00367808
0.00418882
0.00473015
0.00530781
0.00592889
0.0066026
0.00734095
0.00815895
0.00907478
0.0101141
0.0113227
0.0127792
0.000212065
0.000634242
0.00105891
0.00148897
0.00192687
0.00237544
0.0028379
0.00331788
0.00381953
0.0043476
0.00490747
0.00550497
0.00614604
0.00683595
0.00757821
0.0083735
0.00922013
0.0101175
0.0110698
0.0120675
0.000216702
0.000647532
0.00108026
0.00151766
0.00196181
0.002415
0.00287971
0.00335846
0.00385391
0.00436882
0.00490612
0.00546898
0.00606086
0.00668554
0.00734701
0.0080497
0.00879895
0.00960005
0.0104538
0.0113602
0.000217418
0.000649264
0.00108237
0.00151931
0.00196183
0.00241188
0.00287154
0.00334298
0.00382839
0.00432994
0.00484964
0.00538915
0.00594944
0.00653051
0.00713105
0.00774835
0.00837837
0.0090159
0.00965305
0.0102703
0.000214788
0.000641113
0.00106797
0.00149753
0.00193099
0.00236966
0.00281484
0.00326775
0.00372954
0.00420119
0.00468356
0.00517732
0.00568288
0.00620034
0.00672942
0.0072693
0.00781837
0.0083726
0.00892275
0.00946262
0.000209613
0.000625536
0.00104142
0.00145907
0.00187932
0.00230306
0.00273118
0.00316446
0.00360352
0.00404875
0.00450018
0.00495741
0.00541941
0.00588445
0.00634993
0.00681234
0.007267
0.00770795
0.00812889
0.0085198
0.000202539
0.000604369
0.00100561
0.0014076
0.00181073
0.00221539
0.00262191
0.0030305
0.00344121
0.0038539
0.00426822
0.00468353
0.00509891
0.00551308
0.00592431
0.00633031
0.00672803
0.00711307
0.00747883
0.00782143
0.000194388
0.000580133
0.000964927
0.00134975
0.00173471
0.00211988
0.00250527
0.00289079
0.00327615
0.00366082
0.00404403
0.00442463
0.00480109
0.00517143
0.00553321
0.00588344
0.00621858
0.00653472
0.00682835
0.00709386
0.000185651
0.000554179
0.000921449
0.00128805
0.0016538
0.00201846
0.00238171
0.00274318
0.00310232
0.00345843
0.00381066
0.00415795
0.00449902
0.00483235
0.00515612
0.00546824
0.00576622
0.00604703
0.00630665
0.00654305
0.000176974
0.0005285
0.000878611
0.0012276
0.00157512
0.00192071
0.0022639
0.00260411
0.00294063
0.00327259
0.00359895
0.00391846
0.00422964
0.00453081
0.00482003
0.00509516
0.00535384
0.00559371
0.00581268
0.00600751
0.000168651
0.000503869
0.000837563
0.00116974
0.00149987
0.00182734
0.00215152
0.00247169
0.00278707
0.00309675
0.00339974
0.00369493
0.00398107
0.0042568
0.00452064
0.00477094
0.00500595
0.00522367
0.00542169
0.00559887
0.000161113
0.000481627
0.000800602
0.00111782
0.00143265
0.00174439
0.00205231
0.00235561
0.00265341
0.00294476
0.00322861
0.00350378
0.00376902
0.00402295
0.00426411
0.00449098
0.00470196
0.00489553
0.00507035
0.00522446
0.000154501
0.00046212
0.000768212
0.00107235
0.00137381
0.00167182
0.00196557
0.00225422
0.0025369
0.00281265
0.00308049
0.00333938
0.0035882
0.00382582
0.00405101
0.00426252
0.00445908
0.0046393
0.00480161
0.00494526
0.000149081
0.000446184
0.000741815
0.00103538
0.00132611
0.00161319
0.00189576
0.00217296
0.00244386
0.00270751
0.0029629
0.00320899
0.00344469
0.00366887
0.0038804
0.0040781
0.00426083
0.00442748
0.00457706
0.00470828
0.000144919
0.000433964
0.000721598
0.00100708
0.00128961
0.00156832
0.00184235
0.00211081
0.00237278
0.00262733
0.00287349
0.00311028
0.0033367
0.00355175
0.0037544
0.00394365
0.00411851
0.00427798
0.004421
0.00454705
0.000142166
0.000425929
0.000708351
0.000988592
0.00126581
0.00153915
0.00180771
0.00207059
0.00232687
0.00257559
0.00281579
0.00304647
0.00326663
0.00347528
0.0036714
0.00385404
0.00402225
0.0041752
0.00431221
0.00443254
0.000140802
0.000421948
0.000701781
0.000979416
0.00125399
0.00152463
0.00179045
0.00205055
0.00230403
0.00254995
0.00278738
0.00301538
0.003233
0.00343929
0.00363331
0.00381413
0.00398082
0.0041325
0.00426817
0.00438694
-6.9021e-05
-0.000193225
-0.000318189
-0.000445051
-0.000573579
-0.000703878
-0.000836035
-0.000970035
-0.00110566
-0.00124219
-0.00137777
-0.00150824
-0.00162533
-0.00171396
-0.00174809
-0.00168458
-0.00145719
-0.00101274
-0.000515517
-0.000937463
-5.31898e-05
-0.000146315
-0.00023879
-0.000330863
-0.000421359
-0.000509175
-0.000592874
-0.000670486
-0.000739292
-0.000795492
-0.000833687
-0.000845966
-0.000820034
-0.000735302
-0.000555676
-0.000220568
0.000348975
0.00119973
0.00229941
0.00361751
-3.79648e-05
-0.000101327
-0.000162906
-0.00022222
-0.000277372
-0.000326368
-0.000366671
-0.000394915
-0.000406544
-0.000395274
-0.000352333
-0.000265437
-0.000117511
0.000114602
0.000460356
0.000951307
0.00160787
0.00241948
0.00332455
0.00426007
-2.39564e-05
-6.00523e-05
-9.35937e-05
-0.000123582
-0.000147679
-0.000163377
-0.000167582
-0.000156368
-0.000124696
-6.6028e-05
2.82199e-05
0.000169524
0.000373528
0.000661383
0.0010588
0.00158748
0.00224762
0.0029987
0.00375378
0.00441089
-1.15711e-05
-2.367e-05
-3.28318e-05
-3.77853e-05
-3.60306e-05
-2.48875e-05
-1.09642e-06
3.94098e-05
0.000101744
0.000192347
0.000319288
0.000492564
0.000724318
0.00102844
0.00141789
0.00189779
0.00245559
0.00305043
0.00361187
0.0040534
-9.89439e-07
7.31966e-06
1.85881e-05
3.41208e-05
5.63091e-05
8.76634e-05
0.000131159
0.000190395
0.000269737
0.000374491
0.000511121
0.000687491
0.000913001
0.0011979
0.0015502
0.00196934
0.00243741
0.00291202
0.00333168
0.00363468
7.81632e-06
3.30326e-05
6.09321e-05
9.26537e-05
0.000130294
0.000175999
0.00023228
0.000302122
0.000389058
0.000497227
0.000631398
0.000796921
0.00099951
0.00124449
0.00153487
0.00186762
0.00222786
0.0025838
0.0028909
0.003101
1.50582e-05
5.41237e-05
9.53623e-05
0.000139573
0.000188391
0.000243406
0.000306442
0.000379624
0.000465417
0.000566652
0.000686544
0.000828637
0.000996595
0.00119357
0.00142068
0.00167406
0.00194059
0.00219566
0.00240845
0.00254553
2.10939e-05
7.16757e-05
0.000123773
0.000177732
0.000234647
0.000295487
0.00036135
0.000433504
0.000513377
0.000602541
0.00070266
0.000815395
0.000942258
0.00108432
0.00124149
0.00141072
0.0015831
0.00174287
0.00187181
0.00194559
2.63809e-05
8.70515e-05
0.000148489
0.000210497
0.000273564
0.000337967
0.000404016
0.000472075
0.000542548
0.000615866
0.000692448
0.000772645
0.000856659
0.00094437
0.00103484
0.00112508
0.00120852
0.00127593
0.00131997
0.00132627
3.14465e-05
0.000101823
0.000172208
0.000241831
0.000310567
0.000378011
0.000443695
0.0005071
0.000567626
0.000624569
0.000677085
0.000724172
0.00076468
0.000797295
0.000820304
0.000830932
0.000824862
0.000798373
0.000752791
0.000682323
3.68261e-05
0.00011757
0.000197607
0.000275589
0.000350792
0.000422139
0.000488398
0.000548182
0.000599913
0.000641802
0.000671838
0.00068781
0.000687341
0.000667883
0.000626522
0.000559748
0.000464001
0.000338681
0.000190423
1.90271e-05
4.30476e-05
0.000135855
0.000227354
0.000315662
0.000399527
0.000477277
0.000546982
0.000606435
0.000653089
0.000684009
0.000695864
0.000684966
0.000647361
0.000578852
0.000474931
0.000330989
0.000143527
-8.72329e-05
-0.000354049
-0.00065103
5.05757e-05
0.000158039
0.00026374
0.000365344
0.000461157
0.000549018
0.000626417
0.000690451
0.000737728
0.000764269
0.000765436
0.000735908
0.000669682
0.000560068
0.00039978
0.000181753
-9.91306e-05
-0.000445031
-0.000855317
-0.00132923
5.98047e-05
0.000185283
0.000308744
0.000427531
0.000539628
0.000642515
0.000733233
0.000808325
0.00086371
0.000894545
0.000895072
0.000858438
0.000776464
0.000639358
0.000435771
0.000154058
-0.00021575
-0.000683333
-0.00126019
-0.00193586
7.09723e-05
0.000218285
0.000363586
0.000504074
0.000637582
0.0007614
0.000872269
0.000966305
0.00103885
0.00108434
0.0010961
0.00106613
0.000984671
0.000839472
0.000615276
0.000294274
-0.000143378
-0.000724554
-0.00149111
-0.0024681
8.41174e-05
0.000257169
0.000428535
0.000595528
0.000756085
0.000907596
0.0010468
0.00116965
0.00127107
0.00134471
0.00138279
0.00137583
0.00131246
0.00117891
0.000958433
0.000630211
0.000165429
-0.000485932
-0.00140638
-0.00261836
9.90459e-05
0.000301351
0.000502611
0.000700535
0.000893487
0.00107939
0.00125555
0.00141844
0.00156336
0.00168393
0.00177157
0.00181484
0.00179903
0.00170605
0.00151521
0.00120342
0.000738934
6.18478e-05
-0.000949477
-0.00248074
0.000115413
0.000349734
0.000583861
0.000816164
0.00104569
0.00127128
0.00149138
0.00170391
0.00190597
0.00209333
0.00225948
0.00239424
0.00248176
0.00249859
0.00241235
0.00218163
0.00175929
0.0010991
0.000147498
-0.00109002
0.000132708
0.000400587
0.000669221
0.000937829
0.00120623
0.0014743
0.0017418
0.00200842
0.00227379
0.00253744
0.00279859
0.00305541
0.00330296
0.00352825
0.00370142
0.00376673
0.00364166
0.00320713
0.00228838
0.000558189
-5.88516e-05
-0.000173195
-0.000287438
-0.000402128
-0.000516789
-0.000631
-0.000744259
-0.000855859
-0.000964873
-0.00107018
-0.00117057
-0.00126493
-0.00135257
-0.00143343
-0.00150818
-0.00157792
-0.00164398
-0.00170786
-0.00177077
-0.00186393
-6.7454e-05
-0.000197712
-0.000328419
-0.000459834
-0.000591564
-0.000723299
-0.000854542
-0.000984543
-0.00111225
-0.0012363
-0.00135507
-0.00146686
-0.00157024
-0.00166436
-0.0017492
-0.00182528
-0.00189292
-0.00195086
-0.0019954
-0.00203293
-7.60643e-05
-0.000222348
-0.000369389
-0.000517594
-0.00066651
-0.000815886
-0.000965263
-0.00111385
-0.00126045
-0.00140341
-0.00154064
-0.00166972
-0.00178833
-0.00189465
-0.00198788
-0.00206815
-0.00213592
-0.0021909
-0.00223244
-0.00226839
-8.45177e-05
-0.000246806
-0.000410098
-0.00057499
-0.000741056
-0.000908095
-0.00107567
-0.00124297
-0.00140867
-0.00157083
-0.00172687
-0.00187366
-0.00200797
-0.00212703
-0.00222935
-0.00231499
-0.0023851
-0.00244076
-0.00248301
-0.00252397
-9.28038e-05
-0.000270829
-0.000450147
-0.000631525
-0.000814595
-0.000999227
-0.00118504
-0.00137121
-0.00155632
-0.00173819
-0.00191379
-0.00207934
-0.00223066
-0.00236405
-0.00247732
-0.00257051
-0.00264558
-0.00270473
-0.00274987
-0.0027961
-0.000100862
-0.000294174
-0.000489123
-0.000686639
-0.000886439
-0.0010885
-0.00129251
-0.00149771
-0.00170262
-0.00190491
-0.00210117
-0.00228699
-0.00245734
-0.00260747
-0.0027343
-0.00283767
-0.00292006
-0.00298465
-0.00303405
-0.00308599
-0.000108589
-0.000316536
-0.000526515
-0.000739638
-0.000955734
-0.00117492
-0.00139702
-0.00162137
-0.00184653
-0.00207008
-0.00228833
-0.00249633
-0.00268817
-0.00285795
-0.00300144
-0.00311785
-0.00320993
-0.00328171
-0.00333655
-0.003395
-0.000115859
-0.000337541
-0.000561703
-0.000789663
-0.0010214
-0.00125722
-0.00149714
-0.00174065
-0.00198646
-0.00223216
-0.0024739
-0.00270625
-0.00292245
-0.00311532
-0.00327911
-0.00341188
-0.00351629
-0.00359715
-0.00365864
-0.00372479
-0.000122513
-0.000356714
-0.0005939
-0.000835621
-0.00108206
-0.00133375
-0.00159097
-0.00185347
-0.00212019
-0.00238886
-0.00265561
-0.00291465
-0.00315842
-0.00337834
-0.00356673
-0.00371992
-0.00383992
-0.00393218
-0.00400188
-0.00407734
-0.00012835
-0.000373468
-0.000622123
-0.000876135
-0.00113593
-0.00140236
-0.00167602
-0.00195702
-0.00224464
-0.00253692
-0.00283011
-0.00311827
-0.00339309
-0.00364458
-0.00386279
-0.00404151
-0.00418134
-0.00428807
-0.00436804
-0.00445501
-0.000133128
-0.000387087
-0.000645167
-0.000909495
-0.00118081
-0.00146032
-0.00174905
-0.00204756
-0.00235564
-0.00267181
-0.00299267
-0.0033123
-0.00362189
-0.00391004
-0.00416431
-0.00437511
-0.00454054
-0.00466602
-0.00475916
-0.0048607
-0.00013657
-0.000396753
-0.000661641
-0.000933698
-0.00121402
-0.00150425
-0.00180592
-0.0021202
-0.00244756
-0.00278724
-0.00313649
-0.00348975
-0.00383795
-0.00416848
-0.00446625
-0.00471757
-0.00491654
-0.00506695
-0.00517751
-0.00529806
-0.000138374
-0.000401576
-0.000670024
-0.000946537
-0.0012326
-0.00153033
-0.00184183
-0.00216901
-0.00251324
-0.0028748
-0.00325201
-0.00364021
-0.00403065
-0.00440984
-0.00476009
-0.00506291
-0.00530653
-0.00549101
-0.00562535
-0.00577207
-0.000138216
-0.00040061
-0.000668702
-0.000945669
-0.00123338
-0.00153445
-0.0018516
-0.00218751
-0.00254461
-0.00292449
-0.00332708
-0.0037494
-0.00418408
-0.00461781
-0.00503089
-0.00539972
-0.00570429
-0.00593696
-0.00610447
-0.00628988
-0.000135762
-0.00039287
-0.000655981
-0.000928601
-0.00121298
-0.0015122
-0.00182962
-0.00216876
-0.00253313
-0.00292578
-0.00334856
-0.00380089
-0.00427802
-0.00476874
-0.0052536
-0.00570566
-0.00609555
-0.00639982
-0.0066153
-0.0068627
-0.000130705
-0.000377453
-0.000630258
-0.000892864
-0.00116783
-0.00145867
-0.00176939
-0.00210439
-0.00246844
-0.00286624
-0.00330179
-0.00377721
-0.00429087
-0.00483501
-0.0053935
-0.00594167
-0.00644628
-0.00686106
-0.00715295
-0.00750875
-0.000122867
-0.000353827
-0.000590518
-0.000836715
-0.00109508
-0.00136935
-0.001664
-0.00198428
-0.00233636
-0.0027271
-0.00316349
-0.0036513
-0.00419261
-0.00478294
-0.00540988
-0.00605533
-0.00669334
-0.00726361
-0.00768296
-0.00823901
-0.000112311
-0.000322175
-0.00053699
-0.000760248
-0.000994347
-0.00124277
-0.00150985
-0.00180105
-0.00212329
-0.00248531
-0.00289767
-0.00337186
-0.00391751
-0.00453789
-0.00522707
-0.00597272
-0.00675388
-0.00749827
-0.00807926
-0.00894372
-9.93845e-05
-0.000283556
-0.000471482
-0.000666058
-0.000869008
-0.00108297
-0.00131131
-0.00155834
-0.00182985
-0.00213379
-0.00248109
-0.00288627
-0.00336724
-0.00394449
-0.00464073
-0.00547629
-0.0064396
-0.00739944
-0.00815572
-0.00930599
-8.46957e-05
-0.000239797
-0.000397192
-0.000558947
-0.000725851
-0.000899324
-0.00108114
-0.00127349
-0.00147921
-0.00170205
-0.00194703
-0.00222132
-0.00253636
-0.00291351
-0.00339419
-0.00404853
-0.0049601
-0.00615053
-0.00760164
-0.0109968
-1.33338e-06
-6.64711e-06
-1.15145e-05
-1.72922e-05
-2.40869e-05
-3.20076e-05
-4.11069e-05
-5.12132e-05
-6.18661e-05
-7.22607e-05
-8.12711e-05
-8.75968e-05
-9.00452e-05
-8.7908e-05
-8.13424e-05
-7.15696e-05
-6.06231e-05
-5.0592e-05
-4.27999e-05
-3.78924e-05
-2.5392e-06
-1.26896e-05
-2.16206e-05
-3.07197e-05
-4.01421e-05
-4.98287e-05
-5.97853e-05
-6.9923e-05
-8.00576e-05
-8.98871e-05
-9.89703e-05
-0.000106726
-0.000112472
-0.000115576
-0.000115749
-0.000113384
-0.000109594
-0.000105736
-0.000102692
-0.000101089
-5.01703e-06
-2.03881e-05
-3.47204e-05
-4.90006e-05
-6.34773e-05
-7.79785e-05
-9.23579e-05
-0.000106323
-0.000119434
-0.000131135
-0.000140821
-0.000147979
-0.000152362
-0.000154162
-0.000154136
-0.00015354
-0.000153717
-0.00015541
-0.00015827
-0.000161904
-7.5025e-06
-2.74177e-05
-4.65215e-05
-6.5243e-05
-8.38409e-05
-0.000102076
-0.000119741
-0.000136527
-0.000152031
-0.000165788
-0.000177334
-0.000186312
-0.000192615
-0.000196565
-0.000199054
-0.000201485
-0.000205288
-0.000211053
-0.00021795
-0.000225205
-1.02362e-05
-3.48129e-05
-5.88611e-05
-8.23452e-05
-0.000105491
-0.00012799
-0.000149545
-0.000169766
-0.000188189
-0.000204346
-0.000217862
-0.000228581
-0.000236688
-0.000242798
-0.000247983
-0.000253642
-0.000261038
-0.00027046
-0.000280648
-0.000290621
-1.29931e-05
-4.22046e-05
-7.11268e-05
-9.93359e-05
-0.000127013
-0.000153799
-0.000179339
-0.000203201
-0.000224903
-0.000243994
-0.000260157
-0.000273342
-0.000283886
-0.00029256
-0.000300548
-0.000309274
-0.00031992
-0.000332564
-0.000345559
-0.000357754
-1.58094e-05
-4.97348e-05
-8.35943e-05
-0.000116637
-0.000149003
-0.000180285
-0.000210072
-0.000237885
-0.000263215
-0.000285612
-0.000304805
-0.000320838
-0.000334161
-0.000345646
-0.000356518
-0.000368173
-0.000381738
-0.000397176
-0.000412525
-0.000426534
-1.8651e-05
-5.73474e-05
-9.61869e-05
-0.000134132
-0.000171288
-0.000207216
-0.000241456
-0.000273496
-0.0003028
-0.000328912
-0.000351578
-0.000370883
-0.000387337
-0.000401859
-0.000415667
-0.000430112
-0.000446292
-0.000464129
-0.000481428
-0.000496906
-2.15245e-05
-6.50633e-05
-0.000108951
-0.000151892
-0.000193964
-0.000234706
-0.000273615
-0.000310149
-0.000343746
-0.00037393
-0.000400446
-0.000423389
-0.000443281
-0.000461037
-0.000477825
-0.00049492
-0.000513418
-0.000533274
-0.00055215
-0.000568818
-2.44259e-05
-7.28752e-05
-0.00012188
-0.000169907
-0.000217014
-0.000262726
-0.000306509
-0.000347792
-0.000385985
-0.000420586
-0.000451314
-0.000478241
-0.000501864
-0.000523047
-0.000542871
-0.000562504
-0.000583044
-0.000604553
-0.00062466
-0.000642298
-2.73577e-05
-8.07867e-05
-0.00013498
-0.000188189
-0.00024045
-0.000291287
-0.000340139
-0.00038641
-0.000429482
-0.000468818
-0.000504095
-0.000535333
-0.000562968
-0.000587782
-0.000610732
-0.000632844
-0.000655206
-0.000678027
-0.000699055
-0.000717506
-3.03203e-05
-8.87963e-05
-0.00014825
-0.000206735
-0.000264265
-0.000320375
-0.00037448
-0.000425964
-0.00047418
-0.000518549
-0.00055869
-0.000594553
-0.000626485
-0.000655157
-0.000681376
-0.000705992
-0.000730045
-0.0007539
-0.000775611
-0.000794799
-3.33142e-05
-9.69027e-05
-0.000161686
-0.000225542
-0.000288451
-0.000349972
-0.000409503
-0.000466409
-0.000520014
-0.000569693
-0.000614997
-0.000655787
-0.000692304
-0.000725094
-0.000754799
-0.00078206
-0.000807815
-0.000832542
-0.000854844
-0.000874809
-3.63389e-05
-0.000105103
-0.000175281
-0.000244601
-0.000312993
-0.000380054
-0.000445172
-0.000507693
-0.000566913
-0.000622158
-0.000672903
-0.000718912
-0.00076031
-0.000797515
-0.000831001
-0.000861194
-0.000888864
-0.000914502
-0.000937577
-0.000958536
-3.93976e-05
-0.000113395
-0.000189025
-0.000263897
-0.000337871
-0.000410592
-0.000481442
-0.000549753
-0.000614794
-0.000675838
-0.000732283
-0.00078379
-0.000830366
-0.000872313
-0.000909963
-0.00094354
-0.000973595
-0.00100048
-0.00102498
-0.00104749
-4.2511e-05
-0.000121779
-0.000202898
-0.000283409
-0.000363056
-0.000441542
-0.000518256
-0.000592514
-0.000663559
-0.000730612
-0.000792992
-0.000850253
-0.000902296
-0.000949329
-0.000991592
-0.00102918
-0.0010624
-0.00109129
-0.0011186
-0.0011438
-4.57177e-05
-0.000130258
-0.00021687
-0.000303106
-0.000388514
-0.000472859
-0.000555551
-0.000635895
-0.000713105
-0.000786353
-0.000854872
-0.000918113
-0.00097588
-0.00102832
-0.00107567
-0.00111803
-0.00115553
-0.0011878
-0.00122085
-0.00125001
-4.89871e-05
-0.000138838
-0.000230934
-0.000322972
-0.000414229
-0.000504517
-0.000593289
-0.00067984
-0.000763358
-0.00084296
-0.000917794
-0.000987203
-0.0010509
-0.00110901
-0.00116187
-0.00120975
-0.00125287
-0.00129084
-0.00133576
-0.0013683
-5.2006e-05
-0.000147557
-0.000245156
-0.000343024
-0.000440218
-0.00053654
-0.000631488
-0.000724357
-0.000814308
-0.0009004
-0.000981693
-0.00105742
-0.00112721
-0.00119117
-0.00124978
-0.00130365
-0.00135343
-0.00140014
-0.00146528
-0.00150232
-5.4289e-05
-0.000156467
-0.000259636
-0.000363292
-0.000466497
-0.000568948
-0.000670167
-0.000769453
-0.000865936
-0.000958619
-0.00104647
-0.00112862
-0.00120459
-0.00127448
-0.00133887
-0.00139862
-0.00145488
-0.00151079
-0.0015924
-0.00165332
-3.58893e-05
-3.46848e-05
-3.34774e-05
-3.24355e-05
-3.15509e-05
-3.07796e-05
-3.0083e-05
-2.94291e-05
-2.87919e-05
-2.81512e-05
-2.74952e-05
-2.68343e-05
-2.61637e-05
-2.51475e-05
-2.31759e-05
-2.42732e-05
-2.46324e-05
-2.48139e-05
-2.52562e-05
-2.65495e-05
-9.91436e-05
-9.87032e-05
-9.84603e-05
-9.82313e-05
-9.80341e-05
-9.78857e-05
-9.77955e-05
-9.77729e-05
-9.78241e-05
-9.79499e-05
-9.81457e-05
-9.84106e-05
-9.87555e-05
-9.92066e-05
-9.98062e-05
-9.95613e-05
-9.94165e-05
-9.9276e-05
-9.89906e-05
-9.87328e-05
-0.000162119
-0.000162891
-0.000163688
-0.00016431
-0.000164844
-0.000165368
-0.000165936
-0.000166593
-0.00016737
-0.000168277
-0.000169298
-0.000170393
-0.0001715
-0.000172555
-0.000173474
-0.000173986
-0.000174202
-0.000174032
-0.000173347
-0.000172408
-0.00022689
-0.000228377
-0.00022974
-0.000230809
-0.000231724
-0.000232606
-0.000233547
-0.000234625
-0.000235891
-0.000237363
-0.000239018
-0.000240794
-0.000242592
-0.000244285
-0.000245738
-0.00024682
-0.000247406
-0.00024736
-0.000246554
-0.000245352
-0.000293018
-0.000294904
-0.000296582
-0.000297873
-0.000298959
-0.000300009
-0.000301157
-0.000302516
-0.000304163
-0.000306127
-0.000308381
-0.000310844
-0.000313383
-0.00031583
-0.00031799
-0.000319675
-0.000320713
-0.000320923
-0.000320132
-0.000318766
-0.00036037
-0.000362423
-0.000364189
-0.000365468
-0.000366497
-0.000367504
-0.000368672
-0.000370157
-0.000372067
-0.000374446
-0.000377265
-0.000380422
-0.000383748
-0.000387023
-0.000389996
-0.000392413
-0.00039405
-0.000394668
-0.000394045
-0.000392674
-0.000428903
-0.000430878
-0.000432477
-0.000433476
-0.000434184
-0.000434896
-0.000435859
-0.000437282
-0.000439313
-0.000442018
-0.000445366
-0.000449234
-0.000453412
-0.00045762
-0.00046154
-0.000464847
-0.000467247
-0.000468438
-0.000468137
-0.000466926
-0.000498508
-0.000500146
-0.000501306
-0.000501731
-0.000501818
-0.000501951
-0.000502452
-0.000503602
-0.000505599
-0.000508537
-0.000512391
-0.000517011
-0.00052214
-0.00052743
-0.000532477
-0.00053687
-0.00054023
-0.000542176
-0.000542355
-0.000541454
-0.000569074
-0.000570097
-0.000570515
-0.000570031
-0.000569151
-0.00056837
-0.000568113
-0.000568745
-0.000570535
-0.000573614
-0.000577964
-0.000583408
-0.000589633
-0.000596207
-0.000602625
-0.000608363
-0.000612936
-0.00061586
-0.000616694
-0.000616252
-0.000640539
-0.000640631
-0.000639956
-0.000638158
-0.000635888
-0.000633788
-0.000632412
-0.00063224
-0.000633624
-0.000636747
-0.000641601
-0.000647981
-0.00065551
-0.000663651
-0.000671775
-0.000679214
-0.000685341
-0.000689537
-0.000691237
-0.000691407
-0.000712944
-0.000711735
-0.00070953
-0.000705903
-0.000701705
-0.000697773
-0.00069483
-0.0006935
-0.000694243
-0.000697305
-0.000702692
-0.000710166
-0.000719308
-0.000729404
-0.000739698
-0.000749345
-0.000757506
-0.000763387
-0.000766232
-0.000767165
-0.000786516
-0.000783553
-0.00077924
-0.000773093
-0.000766252
-0.000759817
-0.000754733
-0.000751803
-0.000751618
-0.000754501
-0.000760483
-0.000769302
-0.000780416
-0.000793031
-0.000806163
-0.000818718
-0.000829611
-0.000837826
-0.000842198
-0.000844039
-0.000861794
-0.000856502
-0.000849266
-0.000839626
-0.000829152
-0.000819314
-0.000811341
-0.000806253
-0.000804789
-0.000807358
-0.000814023
-0.000824488
-0.000838127
-0.000854
-0.000870896
-0.000887419
-0.000902137
-0.000913593
-0.000920086
-0.000922972
-0.000939852
-0.000931465
-0.000920078
-0.000905504
-0.000889996
-0.000875527
-0.000863684
-0.000855732
-0.000852562
-0.000854664
-0.000862126
-0.000874637
-0.000891501
-0.000911634
-0.000933587
-0.000955602
-0.00097574
-0.000991934
-0.00100194
-0.00100563
-0.00102278
-0.00101012
-0.000992551
-0.000970832
-0.000948264
-0.000927489
-0.000910507
-0.000898819
-0.000893436
-0.000894896
-0.000903305
-0.000918352
-0.00093931
-0.000965007
-0.000993795
-0.00102353
-0.00105163
-0.00107525
-0.00109116
-0.00109495
-0.00111485
-0.00109581
-0.00106826
-0.00103576
-0.00100314
-0.000973768
-0.000950037
-0.000933581
-0.000925414
-0.000926047
-0.000935576
-0.000953719
-0.000979803
-0.00101269
-0.00105069
-0.00109135
-0.00113143
-0.00116678
-0.00119171
-0.00119968
-0.00122396
-0.00119463
-0.00114993
-0.00110045
-0.00105326
-0.00101224
-0.000979822
-0.000957468
-0.000945947
-0.000945586
-0.000956414
-0.000978221
-0.00101053
-0.00105251
-0.00110273
-0.00115891
-0.00121747
-0.00127281
-0.00131599
-0.00133131
-0.00136273
-0.00131162
-0.00123894
-0.00116371
-0.0010962
-0.00104017
-0.00099728
-0.000968164
-0.00095293
-0.000951493
-0.000963736
-0.000989568
-0.00102891
-0.00108156
-0.00114704
-0.00122414
-0.00130958
-0.00139558
-0.00147122
-0.00151268
-0.0015802
-0.00144779
-0.00132381
-0.00121637
-0.00112323
-0.00104964
-0.000995631
-0.000959843
-0.000941149
-0.000938808
-0.000952472
-0.000982212
-0.00102851
-0.00109227
-0.00117481
-0.00127748
-0.00139818
-0.00152897
-0.00166985
-0.00183153
-0.0022195
-0.0017317
-0.00144158
-0.00124796
-0.00110975
-0.00101185
-0.000945166
-0.000903158
-0.000881886
-0.000879282
-0.000894549
-0.000927983
-0.000981047
-0.00105678
-0.0011606
-0.00130165
-0.0014944
-0.00175344
-0.00210594
-0.00273358
-3.07783e-05
-3.49168e-05
-4.19145e-05
-4.98753e-05
-5.65941e-05
-6.05202e-05
-6.12514e-05
-5.91184e-05
-5.46656e-05
-4.85727e-05
-4.16029e-05
-3.44918e-05
-2.78115e-05
-2.18973e-05
-1.68572e-05
-1.2631e-05
-9.06473e-06
-6.03784e-06
-3.28621e-06
-1.09464e-06
-0.000100144
-0.000100062
-0.000101903
-0.000103436
-0.000103253
-0.000100531
-9.53813e-05
-8.85554e-05
-8.07514e-05
-7.24961e-05
-6.41461e-05
-5.59499e-05
-4.80712e-05
-4.0596e-05
-3.35439e-05
-2.6879e-05
-2.05314e-05
-1.44901e-05
-8.45063e-06
-3.01344e-06
-0.000171994
-0.000165869
-0.000161228
-0.00015718
-0.000153067
-0.000147762
-0.000140601
-0.000131775
-0.000121665
-0.000110685
-9.92051e-05
-8.75612e-05
-7.60284e-05
-6.4794e-05
-5.3952e-05
-4.35097e-05
-3.34211e-05
-2.36807e-05
-1.39352e-05
-4.96338e-06
-0.000244349
-0.000233874
-0.000224381
-0.000215576
-0.000206997
-0.000197436
-0.000186096
-0.000173255
-0.000159394
-0.000144975
-0.000130318
-0.000115642
-0.0001011
-8.6795e-05
-7.27821e-05
-5.90666e-05
-4.56258e-05
-3.247e-05
-1.92459e-05
-6.85583e-06
-0.0003175
-0.000303618
-0.000290048
-0.000276849
-0.000263778
-0.000249836
-0.000234276
-0.00021745
-0.000199825
-0.000181809
-0.000163652
-0.000145513
-0.000127509
-0.000109723
-9.22089e-05
-7.49781e-05
-5.80196e-05
-4.13407e-05
-2.45829e-05
-8.74454e-06
-0.000391528
-0.000374764
-0.000357623
-0.00034044
-0.000323021
-0.000304585
-0.000284472
-0.000263196
-0.000241304
-0.000219238
-0.000197236
-0.000175409
-0.000153816
-0.000132496
-0.000111474
-9.07442e-05
-7.02958e-05
-5.01256e-05
-2.98712e-05
-1.06146e-05
-0.000466339
-0.000447127
-0.000426855
-0.000406078
-0.00038443
-0.000361412
-0.000336528
-0.000310538
-0.000284109
-0.000257729
-0.000231628
-0.00020588
-0.000180501
-0.000155492
-0.000130849
-0.000106548
-8.25689e-05
-5.8889e-05
-3.51396e-05
-1.24759e-05
-0.00054187
-0.000520594
-0.000497548
-0.000473527
-0.000447731
-0.000420041
-0.000390172
-0.000359193
-0.000327933
-0.000296957
-0.000266509
-0.000236642
-0.000207331
-0.000178535
-0.000150211
-0.000122308
-9.47894e-05
-6.76035e-05
-4.03759e-05
-1.4326e-05
-0.00061814
-0.000595137
-0.000569574
-0.000542606
-0.000512689
-0.000480213
-0.000445154
-0.000408949
-0.000372619
-0.000336822
-0.000301832
-0.000267683
-0.000234313
-0.000201638
-0.000169573
-0.000138035
-0.000106964
-7.62726e-05
-4.55824e-05
-1.61664e-05
-0.000695268
-0.000670853
-0.00064289
-0.000613201
-0.000579097
-0.000541675
-0.000501215
-0.000459562
-0.00041795
-0.000377142
-0.000337445
-0.000298884
-0.000261358
-0.000224736
-0.000188891
-0.0001537
-0.000119075
-8.48855e-05
-5.07546e-05
-1.79967e-05
-0.0007735
-0.000747995
-0.000717546
-0.000685249
-0.000646765
-0.000604176
-0.000558088
-0.000510786
-0.000463716
-0.000417748
-0.000373223
-0.000330154
-0.000288402
-0.000247789
-0.000208137
-0.000169284
-0.00013111
-9.34348e-05
-5.589e-05
-1.98172e-05
-0.000853241
-0.000827017
-0.000793683
-0.000758727
-0.000715508
-0.000667447
-0.000615492
-0.000562356
-0.00050969
-0.000458456
-0.000409022
-0.000361385
-0.000315367
-0.000270739
-0.000227274
-0.000184763
-0.000143053
-0.00010191
-6.09843e-05
-2.16276e-05
-0.000935076
-0.000908634
-0.000871526
-0.000833618
-0.000785104
-0.000731184
-0.000673108
-0.000613983
-0.000555631
-0.000499073
-0.000444695
-0.00039247
-0.000342176
-0.000293533
-0.000246262
-0.000200112
-0.000154888
-0.0001103
-6.60325e-05
-2.34264e-05
-0.00101976
-0.000993816
-0.000951311
-0.000909829
-0.000855241
-0.000795002
-0.000730572
-0.000665353
-0.00060128
-0.000539399
-0.00048009
-0.000423295
-0.000368747
-0.000316114
-0.000265064
-0.000215303
-0.000166597
-0.000118593
-7.10297e-05
-2.52128e-05
-0.0011083
-0.00108366
-0.00103313
-0.000987104
-0.000925487
-0.000858452
-0.000787489
-0.000716144
-0.000646387
-0.000579243
-0.000515064
-0.000453757
-0.000395006
-0.000338428
-0.000283641
-0.000230313
-0.000178162
-0.000126776
-7.59755e-05
-2.69953e-05
-0.00120187
-0.00117947
-0.00111693
-0.00106511
-0.000995403
-0.000921111
-0.000843515
-0.000766086
-0.000690743
-0.000618445
-0.0005495
-0.000483769
-0.000420891
-0.000360432
-0.000301967
-0.000245123
-0.000189565
-0.00013483
-8.08796e-05
-2.88042e-05
-0.00129995
-0.00128441
-0.00120316
-0.00114369
-0.00106468
-0.000982638
-0.000898357
-0.000814946
-0.000734165
-0.000656867
-0.000583291
-0.000513255
-0.000446349
-0.000382091
-0.000320016
-0.000259716
-0.000200788
-0.000142743
-8.57563e-05
-3.06688e-05
-0.00139911
-0.00140411
-0.00129265
-0.0012221
-0.0011325
-0.00104228
-0.000951417
-0.000862275
-0.000776324
-0.000694267
-0.000616269
-0.000542095
-0.000471293
-0.000403344
-0.000337748
-0.000274059
-0.00021181
-0.000150524
-9.06042e-05
-3.2496e-05
-0.0014944
-0.00153446
-0.00138093
-0.00129527
-0.00119541
-0.00109769
-0.00100108
-0.000906978
-0.000816481
-0.000730152
-0.000648093
-0.00057005
-0.000495553
-0.000424067
-0.00035507
-0.000288082
-0.000222597
-0.000158218
-9.53934e-05
-3.39211e-05
-0.00157981
-0.00162617
-0.00144833
-0.00135132
-0.0012468
-0.00114507
-0.00104508
-0.000947659
-0.000853755
-0.000763946
-0.000678376
-0.000596845
-0.000518929
-0.000444111
-0.00037187
-0.000301703
-0.000233119
-0.00016583
-0.000100047
-3.47102e-05
-0.00172521
-0.00164824
-0.00156625
-0.00147712
-0.00138015
-0.00127847
-0.00117469
-0.00107089
-0.000968775
-0.000869545
-0.000773845
-0.000681862
-0.000593444
-0.000508224
-0.000425736
-0.000345503
-0.000267097
-0.000190187
-0.000114355
-3.84741e-05
-0.001647
-0.0016377
-0.00160239
-0.00154885
-0.00148001
-0.00139847
-0.0013072
-0.00120916
-0.00110711
-0.00100342
-0.000899885
-0.000797694
-0.00069748
-0.000599442
-0.000503506
-0.000409454
-0.000317
-0.000225856
-0.000135796
-4.59625e-05
-0.00168096
-0.0016682
-0.00164411
-0.00160629
-0.00155404
-0.00148741
-0.00140753
-0.00131653
-0.00121713
-0.00111217
-0.00100419
-0.000895098
-0.000786171
-0.000678104
-0.000571201
-0.000465515
-0.000360958
-0.000257455
-0.000155003
-5.26141e-05
-0.001763
-0.0017464
-0.00172401
-0.00168987
-0.00164259
-0.00158124
-0.00150574
-0.00141727
-0.00131807
-0.00121094
-0.00109863
-0.000983393
-0.000866817
-0.000749906
-0.000633225
-0.000517053
-0.000401505
-0.000286681
-0.000172722
-5.86709e-05
-0.0018816
-0.00186186
-0.00183814
-0.00180357
-0.00175659
-0.0016956
-0.00161979
-0.00152965
-0.00142715
-0.0013151
-0.00119643
-0.00107361
-0.000948423
-0.000822055
-0.000695233
-0.000568388
-0.000441777
-0.000315636
-0.000190241
-6.46559e-05
-0.00204232
-0.0020196
-0.00199373
-0.00195665
-0.00190659
-0.00184157
-0.00176044
-0.00166364
-0.00155328
-0.00143248
-0.00130439
-0.0011716
-0.00103597
-0.000898728
-0.000760656
-0.000622254
-0.000483859
-0.000345794
-0.00020844
-7.08687e-05
-0.00224483
-0.00221872
-0.00218971
-0.00214851
-0.00209303
-0.00202092
-0.00193089
-0.00182356
-0.00170158
-0.00156856
-0.00142796
-0.00128251
-0.00113409
-0.00098393
-0.000832827
-0.000681313
-0.000529768
-0.000378568
-0.000228164
-7.75979e-05
-0.00249464
-0.00246462
-0.00243172
-0.00238493
-0.00232166
-0.00223913
-0.00213607
-0.00201376
-0.00187578
-0.00172652
-0.00156986
-0.00140862
-0.00124468
-0.00107923
-0.000913027
-0.000746584
-0.00058028
-0.000414501
-0.000249736
-8.49578e-05
-0.00279607
-0.00276121
-0.00272318
-0.00266877
-0.00259474
-0.00249788
-0.00237729
-0.00223535
-0.00207702
-0.0019076
-0.00173136
-0.0015512
-0.00136895
-0.0011857
-0.00100214
-0.000818773
-0.000635926
-0.000453964
-0.000273376
-9.30262e-05
-0.00315714
-0.00311622
-0.00307152
-0.00300685
-0.00291813
-0.00280186
-0.00265795
-0.00249066
-0.00230676
-0.00211256
-0.00191269
-0.00171005
-0.00150635
-0.00130258
-0.00109935
-0.000897066
-0.000695985
-0.000496394
-0.000298728
-0.000101687
-0.00358736
-0.0035386
-0.00348482
-0.00340588
-0.00329674
-0.00315403
-0.00297928
-0.00277961
-0.00256398
-0.00233972
-0.00211168
-0.00188266
-0.00165423
-0.00142722
-0.00120212
-0.000979208
-0.000758595
-0.000540407
-0.00032494
-0.000110655
-0.00410086
-0.00404167
-0.00397506
-0.00387571
-0.00373765
-0.00355824
-0.00334212
-0.00310056
-0.00284507
-0.00258397
-0.00232221
-0.00206242
-0.0018059
-0.00155326
-0.00130473
-0.00106031
-0.000819852
-0.000583168
-0.000350299
-0.000119357
-0.00471704
-0.00464308
-0.00455736
-0.00442748
-0.00424647
-0.00401385
-0.00374055
-0.00344382
-0.0031381
-0.0028324
-0.00253134
-0.002237
-0.00195011
-0.00167075
-0.00139867
-0.00113341
-0.000874329
-0.000620811
-0.000372494
-0.000127019
-0.00546592
-0.00537091
-0.00525525
-0.00507576
-0.00482589
-0.00451266
-0.00415964
-0.00379154
-0.00342462
-0.00306711
-0.00272222
-0.00239076
-0.00207249
-0.00176673
-0.00147254
-0.00118881
-0.000914279
-0.000647685
-0.000388088
-0.000132476
-0.00640304
-0.00627549
-0.00610148
-0.00583234
-0.00546896
-0.00503857
-0.00458072
-0.00412452
-0.00368483
-0.00326723
-0.00287282
-0.00250104
-0.00215062
-0.00181998
-0.00150722
-0.00121022
-0.000926699
-0.000654387
-0.000391414
-0.000133806
-0.00762653
-0.00739322
-0.00710853
-0.00669619
-0.00616966
-0.00558129
-0.00498429
-0.00441094
-0.00387534
-0.00338151
-0.00292886
-0.00251481
-0.00213591
-0.00178823
-0.00146757
-0.00116973
-0.000890596
-0.000626389
-0.000373964
-0.000128158
-0.00899944
-0.00867882
-0.00833865
-0.00770251
-0.00690143
-0.00604985
-0.00523014
-0.00448601
-0.00383021
-0.00325943
-0.0027631
-0.00232933
-0.00194758
-0.00160894
-0.00130573
-0.00103127
-0.000779662
-0.000545756
-0.000325271
-0.000111992
-0.0127007
-0.0115101
-0.0102894
-0.00863815
-0.0071158
-0.00583211
-0.00478645
-0.0039456
-0.00326527
-0.00270597
-0.00223981
-0.00184666
-0.00151185
-0.00122451
-0.000975996
-0.000758899
-0.000566592
-0.000393224
-0.000233758
-8.13163e-05
-0.0111108
-0.00976834
-0.0085972
-0.00686956
-0.0054244
-0.00430625
-0.00342696
-0.00271961
-0.00214636
-0.00168151
-0.00130681
-0.00100889
-0.000773742
-0.000588546
-0.000442549
-0.000326852
-0.000234022
-0.000157893
-9.34036e-05
-3.41675e-05
-0.0330045
-0.0190738
-0.0139628
-0.00910248
-0.00560715
-0.00336244
-0.00190102
-0.0009568
-0.000371784
-2.82151e-05
0.000162063
0.000258418
0.000296083
0.000297035
0.000274929
0.000238076
0.000191621
0.000138859
8.19964e-05
2.43157e-05
)
;

boundaryField
{
    inlet
    {
        type            zeroGradient;
    }
    outlet
    {
        type            fixedValue;
        value           uniform 0;
    }
    upAndBottom
    {
        type            empty;
    }
    obstacle
    {
        type            zeroGradient;
    }
}


// ************************************************************************* //
