/*--------------------------------*- C++ -*----------------------------------*\
| =========                 |                                                 |
| \\      /  F ield         | OpenFOAM: The Open Source CFD Toolbox           |
|  \\    /   O peration     | Version:  v1806                                 |
|   \\  /    A nd           | Web:      www.OpenFOAM.com                      |
|    \\/     M anipulation  |                                                 |
\*---------------------------------------------------------------------------*/
FoamFile
{
    version     2.0;
    format      ascii;
    class       volVectorField;
    location    "12";
    object      U;
}
// * * * * * * * * * * * * * * * * * * * * * * * * * * * * * * * * * * * * * //

dimensions      [0 1 -1 0 0 0 0];


internalField   nonuniform List<vector> 
4400
(
(2.16692 2.67352 0)
(2.74795 2.15213 0)
(2.96115 1.62371 0)
(3.04895 1.33089 0)
(3.12759 1.0122 0)
(3.17509 0.830404 0)
(3.20222 0.675773 0)
(3.20478 0.579315 0)
(3.19639 0.503091 0)
(3.18226 0.448454 0)
(3.16531 0.406091 0)
(3.14732 0.372906 0)
(3.12939 0.34647 0)
(3.11183 0.325238 0)
(3.09487 0.308399 0)
(3.07828 0.295209 0)
(3.0618 0.28496 0)
(3.04545 0.277535 0)
(3.02949 0.272129 0)
(3.01184 0.269155 0)
(2.94164 0.709307 0)
(3.25174 0.553168 0)
(3.19127 0.485343 0)
(3.17865 0.458127 0)
(3.1767 0.487345 0)
(3.17908 0.451409 0)
(3.17792 0.446838 0)
(3.17717 0.4126 0)
(3.17188 0.386377 0)
(3.16211 0.360944 0)
(3.1492 0.340117 0)
(3.13449 0.323029 0)
(3.11864 0.309163 0)
(3.10249 0.297952 0)
(3.08644 0.288678 0)
(3.0709 0.280976 0)
(3.05607 0.274797 0)
(3.04175 0.269762 0)
(3.0279 0.266217 0)
(3.01187 0.26344 0)
(1.99259 1.25915 0)
(2.39678 1.40123 0)
(2.67171 1.32051 0)
(2.81692 1.17863 0)
(2.92311 0.945154 0)
(3.01033 0.787477 0)
(3.07383 0.650719 0)
(3.10836 0.559078 0)
(3.12213 0.487491 0)
(3.12372 0.434711 0)
(3.11859 0.393399 0)
(3.10995 0.360515 0)
(3.09951 0.334009 0)
(3.08784 0.312575 0)
(3.07546 0.295514 0)
(3.06266 0.282178 0)
(3.0495 0.271845 0)
(3.03621 0.264301 0)
(3.02296 0.258872 0)
(3.00862 0.255789 0)
(2.97696 0.383815 0)
(3.20901 0.269224 0)
(3.11979 0.180473 0)
(3.07203 0.203783 0)
(3.07043 0.284866 0)
(3.07986 0.314215 0)
(3.08833 0.352752 0)
(3.09903 0.354362 0)
(3.10585 0.34811 0)
(3.10717 0.333557 0)
(3.10365 0.318255 0)
(3.09658 0.304256 0)
(3.0871 0.292178 0)
(3.07646 0.281968 0)
(3.06542 0.273275 0)
(3.05426 0.26587 0)
(3.04324 0.259863 0)
(3.03227 0.255005 0)
(3.02145 0.251663 0)
(3.00914 0.24931 0)
(2.24321 0.695271 0)
(2.36924 0.880298 0)
(2.57581 0.962485 0)
(2.72765 0.953308 0)
(2.83275 0.818914 0)
(2.9189 0.700294 0)
(2.98776 0.588006 0)
(3.0338 0.508139 0)
(3.06072 0.446146 0)
(3.07324 0.400155 0)
(3.07696 0.364001 0)
(3.07575 0.334803 0)
(3.07155 0.31099 0)
(3.06502 0.291643 0)
(3.05678 0.276157 0)
(3.04755 0.264006 0)
(3.03764 0.254558 0)
(3.02746 0.247623 0)
(3.01704 0.242664 0)
(3.00599 0.239759 0)
(3.0426 0.203665 0)
(3.21673 0.135121 0)
(3.12398 0.0512877 0)
(3.05061 0.0540811 0)
(3.03367 0.139908 0)
(3.03564 0.192114 0)
(3.04019 0.251751 0)
(3.0497 0.278011 0)
(3.05862 0.290626 0)
(3.06446 0.289819 0)
(3.06621 0.283035 0)
(3.06428 0.27437 0)
(3.05965 0.265715 0)
(3.05354 0.25768 0)
(3.04674 0.250401 0)
(3.03936 0.243975 0)
(3.0317 0.23866 0)
(3.02373 0.234489 0)
(3.01567 0.231609 0)
(3.00665 0.230039 0)
(2.4555 0.439982 0)
(2.44874 0.585585 0)
(2.58805 0.696821 0)
(2.71525 0.744069 0)
(2.80883 0.676934 0)
(2.88318 0.597761 0)
(2.94421 0.510824 0)
(2.98915 0.444343 0)
(3.01895 0.391898 0)
(3.03633 0.353197 0)
(3.04502 0.323339 0)
(3.04837 0.299133 0)
(3.0482 0.279132 0)
(3.04525 0.262739 0)
(3.04021 0.249535 0)
(3.03403 0.239102 0)
(3.02712 0.230962 0)
(3.01986 0.224822 0)
(3.01227 0.220502 0)
(3.00418 0.217774 0)
(3.08454 0.106537 0)
(3.23086 0.059668 0)
(3.14479 -0.00760626 0)
(3.0661 -0.0230218 0)
(3.03199 0.0477235 0)
(3.02292 0.102462 0)
(3.02004 0.166166 0)
(3.02406 0.204414 0)
(3.02993 0.229057 0)
(3.03537 0.239032 0)
(3.03871 0.240435 0)
(3.03939 0.237434 0)
(3.03784 0.232627 0)
(3.03498 0.227252 0)
(3.03139 0.221922 0)
(3.02697 0.216982 0)
(3.02193 0.212767 0)
(3.01639 0.209497 0)
(3.01063 0.20722 0)
(3.00437 0.206202 0)
(2.60454 0.304436 0)
(2.542 0.414417 0)
(2.63553 0.514402 0)
(2.73765 0.578547 0)
(2.81669 0.550351 0)
(2.87762 0.498578 0)
(2.92813 0.432353 0)
(2.96719 0.378272 0)
(2.99506 0.334291 0)
(3.01273 0.301757 0)
(3.02306 0.277411 0)
(3.02846 0.258148 0)
(3.03038 0.2423 0)
(3.02959 0.229283 0)
(3.02678 0.218723 0)
(3.02293 0.210295 0)
(3.01846 0.20368 0)
(3.01364 0.19864 0)
(3.00849 0.195132 0)
(3.00291 0.192857 0)
(3.11019 0.052827 0)
(3.23771 0.0140763 0)
(3.16289 -0.0382568 0)
(3.08581 -0.0623441 0)
(3.043 -0.0103879 0)
(3.02472 0.0397605 0)
(3.01519 0.0994141 0)
(3.01332 0.141231 0)
(3.01475 0.171619 0)
(3.01769 0.188217 0)
(3.02041 0.195446 0)
(3.02195 0.197015 0)
(3.02217 0.195518 0)
(3.02138 0.192524 0)
(3.01987 0.189025 0)
(3.01745 0.185575 0)
(3.01429 0.182517 0)
(3.0106 0.18016 0)
(3.00667 0.178475 0)
(3.00255 0.177896 0)
(2.7079 0.221643 0)
(2.62531 0.306999 0)
(2.68971 0.389064 0)
(2.77301 0.452832 0)
(2.83787 0.444792 0)
(2.88663 0.410355 0)
(2.92712 0.358909 0)
(2.95946 0.314791 0)
(2.98358 0.277765 0)
(2.99958 0.250036 0)
(3.00944 0.229827 0)
(3.01506 0.214519 0)
(3.01758 0.202334 0)
(3.0178 0.192471 0)
(3.0164 0.184486 0)
(3.01422 0.178065 0)
(3.01163 0.173026 0)
(3.00874 0.169107 0)
(3.00557 0.166446 0)
(3.00204 0.164625 0)
(3.12538 0.020872 0)
(3.23659 -0.0149528 0)
(3.17425 -0.0565829 0)
(3.10197 -0.083707 0)
(3.05541 -0.0478777 0)
(3.0316 -0.00470426 0)
(3.01709 0.0478896 0)
(3.01032 0.088639 0)
(3.00773 0.120418 0)
(3.00797 0.140162 0)
(3.00941 0.150804 0)
(3.01093 0.155453 0)
(3.01196 0.15655 0)
(3.01229 0.155688 0)
(3.01192 0.153934 0)
(3.01067 0.15193 0)
(3.00872 0.150014 0)
(3.00635 0.148578 0)
(3.00376 0.147501 0)
(3.0012 0.147322 0)
(2.78121 0.165525 0)
(2.69395 0.234007 0)
(2.74043 0.299246 0)
(2.81 0.356847 0)
(2.86298 0.358163 0)
(2.90152 0.333631 0)
(2.93342 0.292504 0)
(2.95965 0.255759 0)
(2.97986 0.224125 0)
(2.99363 0.200124 0)
(3.00215 0.183042 0)
(3.00688 0.170762 0)
(3.00897 0.161452 0)
(3.00939 0.154067 0)
(3.00879 0.14803 0)
(3.00776 0.143087 0)
(3.00656 0.139183 0)
(3.00511 0.136145 0)
(3.00348 0.134118 0)
(3.00149 0.13278 0)
(3.13289 0.000103065 0)
(3.22995 -0.0346742 0)
(3.17907 -0.0696266 0)
(3.1122 -0.0969851 0)
(3.06544 -0.0730784 0)
(3.0388 -0.0374803 0)
(3.02128 0.00748294 0)
(3.01116 0.0447878 0)
(3.00564 0.0753094 0)
(3.00362 0.0958026 0)
(3.00359 0.108015 0)
(3.00447 0.114364 0)
(3.00548 0.11705 0)
(3.00613 0.117636 0)
(3.00623 0.117188 0)
(3.00568 0.116309 0)
(3.00457 0.115293 0)
(3.0032 0.114473 0)
(3.0017 0.113825 0)
(3.00031 0.1137 0)
(2.83263 0.124235 0)
(2.74798 0.180487 0)
(2.78336 0.23216 0)
(2.84262 0.281614 0)
(2.88688 0.28613 0)
(2.91775 0.267097 0)
(2.94305 0.232905 0)
(2.96417 0.201331 0)
(2.98059 0.173743 0)
(2.99162 0.152699 0)
(2.99812 0.138024 0)
(3.00139 0.12796 0)
(3.00272 0.120715 0)
(3.00317 0.115171 0)
(3.0032 0.110707 0)
(3.00303 0.107051 0)
(3.00279 0.104202 0)
(3.00235 0.102009 0)
(3.00177 0.100584 0)
(3.00095 0.0996461 0)
(3.13299 -0.0146536 0)
(3.21748 -0.0491929 0)
(3.17666 -0.0802806 0)
(3.11633 -0.107358 0)
(3.07147 -0.0927525 0)
(3.04391 -0.0640001 0)
(3.02484 -0.0259555 0)
(3.01234 0.00719133 0)
(3.00449 0.0352573 0)
(3.0006 0.0550887 0)
(2.99951 0.0675456 0)
(3.00007 0.0745187 0)
(3.00118 0.0780462 0)
(3.00204 0.0796371 0)
(3.00243 0.0802227 0)
(3.00233 0.0803106 0)
(3.00183 0.0801113 0)
(3.00117 0.0798984 0)
(3.00042 0.0796571 0)
(2.99981 0.0796935 0)
(2.86889 0.0918927 0)
(2.79054 0.13844 0)
(2.81964 0.178566 0)
(2.87095 0.219564 0)
(2.90707 0.22436 0)
(2.9306 0.208345 0)
(2.95008 0.179038 0)
(2.96675 0.151445 0)
(2.97988 0.126972 0)
(2.98886 0.108136 0)
(2.99426 0.0950027 0)
(2.99706 0.0862523 0)
(2.99834 0.0802346 0)
(2.99908 0.0757796 0)
(2.99964 0.0722729 0)
(3.00007 0.0694755 0)
(3.00042 0.0673459 0)
(3.00058 0.0657866 0)
(3.00067 0.0648065 0)
(3.00058 0.0642902 0)
(3.13412 -0.027511 0)
(3.20877 -0.0619991 0)
(3.17532 -0.0905253 0)
(3.11814 -0.116044 0)
(3.07202 -0.107559 0)
(3.04235 -0.0853009 0)
(3.02178 -0.0541461 0)
(3.00837 -0.0258026 0)
(3.00035 -0.00129747 0)
(2.99693 0.0164286 0)
(2.99655 0.0278338 0)
(2.99767 0.0345837 0)
(2.999 0.0384799 0)
(2.99987 0.0407579 0)
(3.00027 0.042131 0)
(3.00039 0.0429496 0)
(3.00028 0.0433708 0)
(3.00011 0.0435672 0)
(2.9999 0.0436263 0)
(2.99972 0.0436335 0)
(2.89861 0.0625417 0)
(2.82806 0.103329 0)
(2.85159 0.137135 0)
(2.89348 0.172428 0)
(2.92159 0.175464 0)
(2.9393 0.158713 0)
(2.95476 0.130498 0)
(2.96901 0.104146 0)
(2.98078 0.0809863 0)
(2.98905 0.0634013 0)
(2.9939 0.0514889 0)
(2.99621 0.0440035 0)
(2.99723 0.0392253 0)
(2.99791 0.0358792 0)
(2.99854 0.033352 0)
(2.99904 0.0314111 0)
(2.99948 0.0299993 0)
(2.99979 0.0290087 0)
(3.00006 0.0283848 0)
(3.00026 0.0280658 0)
(3.11117 -0.0412998 0)
(3.17496 -0.0724699 0)
(3.14914 -0.095872 0)
(3.10238 -0.119715 0)
(3.06798 -0.118981 0)
(3.04606 -0.104652 0)
(3.0294 -0.0810407 0)
(3.01701 -0.058426 0)
(3.00852 -0.038005 0)
(3.00378 -0.0223929 0)
(3.00174 -0.0116403 0)
(3.00118 -0.00471887 0)
(3.00109 -0.000252553 0)
(3.00091 0.00275086 0)
(3.00065 0.00483282 0)
(3.00047 0.00628187 0)
(3.00029 0.00723587 0)
(3.00017 0.00781932 0)
(3.00003 0.00815764 0)
(2.99989 0.00825508 0)
(1.10737 -2.0439 0)
(1.18644 -1.81083 0)
(0.914902 -1.48647 0)
(0.915812 -1.24051 0)
(0.785205 -0.986834 0)
(0.750034 -0.767272 0)
(0.692839 -0.556409 0)
(0.659203 -0.35988 0)
(0.633425 -0.171548 0)
(0.617638 0.0105554 0)
(0.610847 0.189907 0)
(0.6127 0.369798 0)
(0.624583 0.551452 0)
(0.640466 0.742835 0)
(0.683776 0.932814 0)
(0.697738 1.15633 0)
(0.804484 1.35291 0)
(0.786262 1.63335 0)
(1.00549 1.829 0)
(0.922043 2.16577 0)
(2.20338 -0.658942 0)
(1.88698 -0.600753 0)
(1.71016 -0.566844 0)
(1.53982 -0.485597 0)
(1.43399 -0.413773 0)
(1.34485 -0.323913 0)
(1.28341 -0.231361 0)
(1.2389 -0.132264 0)
(1.20984 -0.0289467 0)
(1.19459 0.0777522 0)
(1.19172 0.186286 0)
(1.20061 0.295388 0)
(1.22134 0.404152 0)
(1.25587 0.510476 0)
(1.30177 0.614139 0)
(1.36953 0.714605 0)
(1.44652 0.802732 0)
(1.55773 0.908344 0)
(1.69753 0.940826 0)
(1.82798 1.1036 0)
(1.92394 -0.843552 0)
(1.91107 -0.763757 0)
(1.87712 -0.670323 0)
(1.85394 -0.578047 0)
(1.82374 -0.477893 0)
(1.80075 -0.379301 0)
(1.78026 -0.27902 0)
(1.76492 -0.179256 0)
(1.75475 -0.0798236 0)
(1.75006 0.0190622 0)
(1.75107 0.117425 0)
(1.75788 0.215316 0)
(1.77046 0.312697 0)
(1.78843 0.409644 0)
(1.81234 0.506377 0)
(1.8401 0.600649 0)
(1.87325 0.699267 0)
(1.91284 0.78271 0)
(1.94224 0.888543 0)
(2.00939 0.947968 0)
(2.57877 -0.18922 0)
(2.455 -0.176385 0)
(2.35576 -0.159563 0)
(2.27183 -0.135541 0)
(2.2058 -0.10832 0)
(2.15256 -0.0760543 0)
(2.11156 -0.0405516 0)
(2.08097 -0.00204 0)
(2.0597 0.0386611 0)
(2.04694 0.0808349 0)
(2.04207 0.12371 0)
(2.04473 0.16648 0)
(2.0548 0.208364 0)
(2.07245 0.248558 0)
(2.0978 0.286155 0)
(2.13196 0.321154 0)
(2.17524 0.350497 0)
(2.22848 0.37911 0)
(2.29756 0.395493 0)
(2.37417 0.423876 0)
(2.29579 -0.432354 0)
(2.30689 -0.388423 0)
(2.31008 -0.341052 0)
(2.31017 -0.291685 0)
(2.30753 -0.240231 0)
(2.30442 -0.187942 0)
(2.30134 -0.134871 0)
(2.29902 -0.0814612 0)
(2.29785 -0.0278904 0)
(2.29812 0.0257256 0)
(2.29999 0.079304 0)
(2.30352 0.132779 0)
(2.30869 0.186122 0)
(2.31539 0.239303 0)
(2.3235 0.292328 0)
(2.33263 0.344811 0)
(2.34265 0.397481 0)
(2.35374 0.44814 0)
(2.3627 0.50092 0)
(2.38736 0.547307 0)
(2.78765 -0.0302868 0)
(2.71649 -0.0247764 0)
(2.6561 -0.0175933 0)
(2.60538 -0.00850261 0)
(2.56382 0.00219222 0)
(2.5302 0.014585 0)
(2.5037 0.0283709 0)
(2.48353 0.0433519 0)
(2.46905 0.0592497 0)
(2.45979 0.0757566 0)
(2.45537 0.0925486 0)
(2.4556 0.109294 0)
(2.46037 0.125658 0)
(2.46976 0.141311 0)
(2.48397 0.155928 0)
(2.50346 0.169318 0)
(2.52884 0.180983 0)
(2.5612 0.191383 0)
(2.60365 0.199312 0)
(2.6594 0.20612 0)
(2.51307 -0.257344 0)
(2.5329 -0.229786 0)
(2.54674 -0.200558 0)
(2.55651 -0.170099 0)
(2.56338 -0.13869 0)
(2.56837 -0.106668 0)
(2.57214 -0.074201 0)
(2.57517 -0.0414555 0)
(2.57777 -0.00853782 0)
(2.58019 0.0244814 0)
(2.58256 0.0575491 0)
(2.58495 0.090627 0)
(2.58739 0.123689 0)
(2.58984 0.156706 0)
(2.59224 0.18964 0)
(2.59446 0.222394 0)
(2.59645 0.254969 0)
(2.59815 0.287072 0)
(2.59934 0.319054 0)
(2.60031 0.350176 0)
(2.91236 0.027844 0)
(2.86443 0.0299028 0)
(2.82288 0.0324531 0)
(2.78768 0.0356195 0)
(2.75847 0.0394113 0)
(2.73469 0.0438295 0)
(2.71576 0.0488058 0)
(2.70118 0.0542578 0)
(2.69052 0.0600791 0)
(2.68344 0.0661467 0)
(2.67968 0.0723283 0)
(2.6791 0.0784873 0)
(2.68162 0.0844857 0)
(2.6873 0.0901902 0)
(2.69629 0.0954753 0)
(2.70894 0.100242 0)
(2.7258 0.10439 0)
(2.74797 0.107956 0)
(2.77782 0.110672 0)
(2.82148 0.111629 0)
(2.65281 -0.172121 0)
(2.67438 -0.153265 0)
(2.69121 -0.133399 0)
(2.70429 -0.112752 0)
(2.7145 -0.09151 0)
(2.72253 -0.0698354 0)
(2.72889 -0.0478474 0)
(2.73398 -0.0256417 0)
(2.73805 -0.00328925 0)
(2.74132 0.0191566 0)
(2.74391 0.0416523 0)
(2.74589 0.064163 0)
(2.74731 0.0866582 0)
(2.74816 0.109104 0)
(2.7484 0.131461 0)
(2.74798 0.153672 0)
(2.74684 0.17567 0)
(2.74478 0.19735 0)
(2.741 0.218765 0)
(2.73129 0.240018 0)
(2.99045 0.0479552 0)
(2.95508 0.0481713 0)
(2.92397 0.0484344 0)
(2.89737 0.0488495 0)
(2.87511 0.0494647 0)
(2.85687 0.0502971 0)
(2.84225 0.051336 0)
(2.83089 0.052555 0)
(2.82246 0.053915 0)
(2.8167 0.0553682 0)
(2.81341 0.0568617 0)
(2.81247 0.0583397 0)
(2.81383 0.0597465 0)
(2.81752 0.0610289 0)
(2.82367 0.0621378 0)
(2.83257 0.0630315 0)
(2.84472 0.0636844 0)
(2.8612 0.0641154 0)
(2.88432 0.0641982 0)
(2.91949 0.0630396 0)
(2.74807 -0.125173 0)
(2.76888 -0.111569 0)
(2.78597 -0.097266 0)
(2.79984 -0.0824057 0)
(2.81103 -0.0671096 0)
(2.82006 -0.0514816 0)
(2.82731 -0.0356056 0)
(2.83311 -0.0195501 0)
(2.83769 -0.0033699 0)
(2.84122 0.0128905 0)
(2.84381 0.0291925 0)
(2.84556 0.0455023 0)
(2.84649 0.061788 0)
(2.84661 0.0780164 0)
(2.8459 0.0941505 0)
(2.8443 0.110145 0)
(2.84166 0.125939 0)
(2.83754 0.141452 0)
(2.83055 0.156718 0)
(2.81645 0.172005 0)
(3.04007 0.0532505 0)
(3.0125 0.0523925 0)
(2.98798 0.0514147 0)
(2.96682 0.0504036 0)
(2.94901 0.049411 0)
(2.93432 0.0484642 0)
(2.92247 0.0475732 0)
(2.91319 0.0467364 0)
(2.90621 0.0459439 0)
(2.90133 0.045181 0)
(2.89839 0.0444296 0)
(2.89728 0.04367 0)
(2.89796 0.0428828 0)
(2.90047 0.0420499 0)
(2.9049 0.0411545 0)
(2.91151 0.0401798 0)
(2.92082 0.0391187 0)
(2.93386 0.038004 0)
(2.9528 0.0368142 0)
(2.98154 0.0347676 0)
(2.81507 -0.0963182 0)
(2.83434 -0.0862053 0)
(2.85069 -0.0755672 0)
(2.86432 -0.0644978 0)
(2.87556 -0.0530833 0)
(2.88475 -0.0413986 0)
(2.89219 -0.0295074 0)
(2.89814 -0.0174635 0)
(2.90281 -0.00531239 0)
(2.90634 0.00690821 0)
(2.90886 0.019164 0)
(2.91043 0.0314225 0)
(2.91109 0.0436537 0)
(2.91085 0.0558268 0)
(2.90968 0.06791 0)
(2.90748 0.0798686 0)
(2.904 0.0916523 0)
(2.89859 0.103183 0)
(2.88974 0.114469 0)
(2.87425 0.125886 0)
(3.07089 0.0527519 0)
(3.04867 0.0511891 0)
(3.02874 0.0494499 0)
(3.01142 0.0476041 0)
(2.99674 0.0456993 0)
(2.98457 0.0437661 0)
(2.9747 0.0418222 0)
(2.96691 0.0398771 0)
(2.96099 0.0379346 0)
(2.95678 0.0359944 0)
(2.95412 0.0340544 0)
(2.95295 0.0321119 0)
(2.95323 0.0301636 0)
(2.95498 0.0282067 0)
(2.95831 0.0262383 0)
(2.96346 0.0242512 0)
(2.97095 0.0222398 0)
(2.98178 0.0202411 0)
(2.99773 0.0183184 0)
(3.02144 0.0158134 0)
(2.86247 -0.0769001 0)
(2.88004 -0.0692997 0)
(2.89533 -0.0612826 0)
(2.90832 -0.0529161 0)
(2.91919 -0.0442646 0)
(2.92817 -0.0353862 0)
(2.93548 -0.0263316 0)
(2.94134 -0.017145 0)
(2.94591 -0.00786463 0)
(2.94934 0.00147587 0)
(2.95172 0.010846 0)
(2.95313 0.0202174 0)
(2.95361 0.0295626 0)
(2.95315 0.0388544 0)
(2.95169 0.0480669 0)
(2.94911 0.0571742 0)
(2.94504 0.066133 0)
(2.93877 0.0748563 0)
(2.92891 0.08333 0)
(2.91334 0.0920957 0)
(3.0876 0.0500866 0)
(3.06933 0.0480075 0)
(3.05283 0.0457414 0)
(3.0384 0.0433443 0)
(3.02611 0.0408583 0)
(3.01586 0.0383128 0)
(3.00751 0.0357285 0)
(3.00087 0.0331193 0)
(2.99578 0.0304951 0)
(2.99209 0.0278629 0)
(2.9897 0.0252279 0)
(2.98852 0.0225947 0)
(2.98854 0.0199676 0)
(2.98977 0.0173509 0)
(2.99234 0.0147473 0)
(2.9965 0.012152 0)
(3.00273 0.00955237 0)
(3.01193 0.00698432 0)
(3.02548 0.00458337 0)
(3.04504 0.00196404 0)
(2.89448 -0.0628544 0)
(2.91044 -0.0571872 0)
(2.9246 -0.0511762 0)
(2.93684 -0.0448716 0)
(2.94722 -0.0383234 0)
(2.95586 -0.0315779 0)
(2.96295 -0.0246765 0)
(2.96864 -0.0176555 0)
(2.9731 -0.010547 0)
(2.97643 -0.00337949 0)
(2.97874 0.00382095 0)
(2.98008 0.0110303 0)
(2.98049 0.0182255 0)
(2.97996 0.0253835 0)
(2.9784 0.0324825 0)
(2.97562 0.0395018 0)
(2.97123 0.0464084 0)
(2.9645 0.0531468 0)
(2.95428 0.0597063 0)
(2.93925 0.0663932 0)
(3.09599 0.0467046 0)
(3.08081 0.0441506 0)
(3.06704 0.0414141 0)
(3.05495 0.0385402 0)
(3.04461 0.035565 0)
(3.03596 0.0325165 0)
(3.02889 0.0294163 0)
(3.02327 0.0262812 0)
(3.01895 0.0231253 0)
(3.01582 0.0199605 0)
(3.0138 0.0167977 0)
(3.01281 0.0136476 0)
(3.01286 0.0105204 0)
(3.01397 0.00742556 0)
(3.01627 0.00437199 0)
(3.02002 0.0013658 0)
(3.02569 -0.00159684 0)
(3.03399 -0.00446734 0)
(3.04596 -0.00711367 0)
(3.06261 -0.0101776 0)
(2.9195 -0.0524907 0)
(2.93405 -0.0484168 0)
(2.94715 -0.0440626 0)
(2.95863 -0.0394678 0)
(2.96845 -0.0346736 0)
(2.97668 -0.0297193 0)
(2.98346 -0.0246407 0)
(2.9889 -0.0194703 0)
(2.99316 -0.0142367 0)
(2.99633 -0.00896635 0)
(2.9985 -0.00368294 0)
(2.99974 0.00159264 0)
(3.00007 0.00684063 0)
(2.99947 0.012041 0)
(2.99784 0.017178 0)
(2.99498 0.0222421 0)
(2.99047 0.0272181 0)
(2.98368 0.0320255 0)
(2.97373 0.0365429 0)
(2.95981 0.0413131 0)
(3.08773 0.0427625 0)
(3.07484 0.0398903 0)
(3.06309 0.0368361 0)
(3.0527 0.0336333 0)
(3.04374 0.0303104 0)
(3.03619 0.0268908 0)
(3.02997 0.0233936 0)
(3.02495 0.0198346 0)
(3.02105 0.0162266 0)
(3.01815 0.0125806 0)
(3.01619 0.00890598 0)
(3.01512 0.00521006 0)
(3.01493 0.00149886 0)
(3.01566 -0.00222657 0)
(3.01745 -0.00596716 0)
(3.02053 -0.00972992 0)
(3.02532 -0.0135329 0)
(3.0324 -0.0173569 0)
(3.04243 -0.0211195 0)
(3.05583 -0.0250996 0)
(2.80242 -0.956272 0)
(2.78935 -1.0061 0)
(2.76075 -1.05128 0)
(2.71104 -1.09413 0)
(2.63621 -1.13248 0)
(2.54193 -1.16965 0)
(2.44405 -1.21181 0)
(2.36554 -1.26762 0)
(2.32922 -1.34694 0)
(2.34796 -1.45885 0)
(2.41805 -1.60695 0)
(2.51972 -1.78367 0)
(2.62372 -1.97171 0)
(2.69898 -2.14949 0)
(2.71821 -2.29968 0)
(2.66181 -2.41569 0)
(2.51889 -2.50116 0)
(2.28774 -2.55632 0)
(1.97487 -2.54704 0)
(1.58488 -2.38527 0)
(2.9235 -0.524483 0)
(2.93151 -0.518381 0)
(2.9616 -0.513224 0)
(3.00647 -0.507653 0)
(3.057 -0.499912 0)
(3.09723 -0.485863 0)
(3.11129 -0.462821 0)
(3.08827 -0.429802 0)
(3.02591 -0.388583 0)
(2.93275 -0.344242 0)
(2.82862 -0.304408 0)
(2.74318 -0.277481 0)
(2.70982 -0.270436 0)
(2.75039 -0.28868 0)
(2.85246 -0.337404 0)
(2.96819 -0.407856 0)
(3.02945 -0.490963 0)
(2.98123 -0.573354 0)
(2.8068 -0.632581 0)
(2.52566 -0.669965 0)
(2.63871 -0.866027 0)
(2.58779 -0.884779 0)
(2.53397 -0.905394 0)
(2.48117 -0.927627 0)
(2.43949 -0.954666 0)
(2.416 -0.988396 0)
(2.41272 -1.02938 0)
(2.42477 -1.07587 0)
(2.44179 -1.12362 0)
(2.45078 -1.16605 0)
(2.43961 -1.19513 0)
(2.39983 -1.20437 0)
(2.32827 -1.19351 0)
(2.23011 -1.16506 0)
(2.11883 -1.12836 0)
(2.01674 -1.08887 0)
(1.94478 -1.0495 0)
(1.91182 -1.00924 0)
(1.90977 -0.96477 0)
(1.92056 -0.90933 0)
(2.91522 -0.273079 0)
(2.94284 -0.261449 0)
(2.97097 -0.245644 0)
(2.99007 -0.226738 0)
(2.99115 -0.204555 0)
(2.96896 -0.179891 0)
(2.92371 -0.154764 0)
(2.86224 -0.132012 0)
(2.79795 -0.114665 0)
(2.7492 -0.10539 0)
(2.73514 -0.106645 0)
(2.76954 -0.118083 0)
(2.85039 -0.138065 0)
(2.95611 -0.161405 0)
(3.05154 -0.182826 0)
(3.10118 -0.198851 0)
(3.08464 -0.207463 0)
(3.00265 -0.20902 0)
(2.87338 -0.205402 0)
(2.72346 -0.198953 0)
(2.60113 -0.681612 0)
(2.56751 -0.689424 0)
(2.54072 -0.699732 0)
(2.52273 -0.711446 0)
(2.51418 -0.724701 0)
(2.51202 -0.737961 0)
(2.51057 -0.748828 0)
(2.50297 -0.754081 0)
(2.4829 -0.750814 0)
(2.44618 -0.737635 0)
(2.39196 -0.715694 0)
(2.3238 -0.687659 0)
(2.25055 -0.657028 0)
(2.18578 -0.62745 0)
(2.14382 -0.600949 0)
(2.13372 -0.577548 0)
(2.15384 -0.555568 0)
(2.19295 -0.532187 0)
(2.23641 -0.504679 0)
(2.27254 -0.471359 0)
(2.95322 -0.129233 0)
(2.97083 -0.116643 0)
(2.98136 -0.102333 0)
(2.98079 -0.0872597 0)
(2.96723 -0.072387 0)
(2.94215 -0.0589991 0)
(2.91045 -0.0484004 0)
(2.88005 -0.0417493 0)
(2.86078 -0.0395556 0)
(2.86195 -0.0411386 0)
(2.88919 -0.0448714 0)
(2.94073 -0.0493354 0)
(3.00619 -0.0531401 0)
(3.06881 -0.0550028 0)
(3.1109 -0.0543176 0)
(3.11977 -0.0513821 0)
(3.09178 -0.0471352 0)
(3.03251 -0.0426519 0)
(2.95369 -0.0385341 0)
(2.86856 -0.0346516 0)
(2.64316 -0.519763 0)
(2.62632 -0.522036 0)
(2.61411 -0.524568 0)
(2.60683 -0.526585 0)
(2.6023 -0.527151 0)
(2.59703 -0.52492 0)
(2.58703 -0.518777 0)
(2.56881 -0.508103 0)
(2.54015 -0.492919 0)
(2.50078 -0.474041 0)
(2.45317 -0.452884 0)
(2.40291 -0.431047 0)
(2.35831 -0.410087 0)
(2.32838 -0.391036 0)
(2.31977 -0.374028 0)
(2.33382 -0.358289 0)
(2.36584 -0.342468 0)
(2.40723 -0.325156 0)
(2.44915 -0.305355 0)
(2.4853 -0.282687 0)
(2.9895 -0.0500279 0)
(2.99957 -0.0402702 0)
(3.00326 -0.0307132 0)
(2.9996 -0.0216803 0)
(2.98935 -0.0139162 0)
(2.97519 -0.00802909 0)
(2.96149 -0.00420335 0)
(2.95361 -0.0021436 0)
(2.95661 -0.00138279 0)
(2.97367 -0.00131226 0)
(3.00466 -0.0012309 0)
(3.04533 -0.000474715 0)
(3.0878 0.00144455 0)
(3.12252 0.00466006 0)
(3.14102 0.00887404 0)
(3.13833 0.0134747 0)
(3.11421 0.0177905 0)
(3.07282 0.0213278 0)
(3.02091 0.0239755 0)
(2.96557 0.0260016 0)
(2.70713 -0.395281 0)
(2.69729 -0.393928 0)
(2.69036 -0.391723 0)
(2.68538 -0.388366 0)
(2.68038 -0.383345 0)
(2.67291 -0.376225 0)
(2.6606 -0.366785 0)
(2.64168 -0.355095 0)
(2.61561 -0.341491 0)
(2.58345 -0.326586 0)
(2.54819 -0.311185 0)
(2.51458 -0.296098 0)
(2.48837 -0.28194 0)
(2.47476 -0.268952 0)
(2.47674 -0.256927 0)
(2.49395 -0.245293 0)
(2.52277 -0.233306 0)
(2.55775 -0.220286 0)
(2.59341 -0.205797 0)
(2.62575 -0.189708 0)
(3.02105 -0.00625336 0)
(3.02804 0.000135001 0)
(3.03047 0.00600702 0)
(3.02871 0.0111346 0)
(3.02412 0.0152846 0)
(3.01902 0.0183939 0)
(3.0164 0.020553 0)
(3.0193 0.0219832 0)
(3.02999 0.0230006 0)
(3.04919 0.0239818 0)
(3.07545 0.0253002 0)
(3.10509 0.0272456 0)
(3.13287 0.0299412 0)
(3.15322 0.0332722 0)
(3.16163 0.0369038 0)
(3.15587 0.0403962 0)
(3.13637 0.043348 0)
(3.10593 0.0455153 0)
(3.06872 0.0468778 0)
(3.02906 0.0476057 0)
(2.76888 -0.301887 0)
(2.76167 -0.298871 0)
(2.7566 -0.295092 0)
(2.75222 -0.290378 0)
(2.74694 -0.284511 0)
(2.73909 -0.277358 0)
(2.7272 -0.268906 0)
(2.71044 -0.259296 0)
(2.68893 -0.248813 0)
(2.66403 -0.237864 0)
(2.63833 -0.226898 0)
(2.6154 -0.216315 0)
(2.59909 -0.206361 0)
(2.59257 -0.197059 0)
(2.59739 -0.188207 0)
(2.61298 -0.179437 0)
(2.63689 -0.170323 0)
(2.66554 -0.160497 0)
(2.69531 -0.149725 0)
(2.72336 -0.137933 0)
(3.04659 0.0189223 0)
(3.05256 0.0230418 0)
(3.05551 0.0267325 0)
(3.05619 0.0298946 0)
(3.05586 0.0324215 0)
(3.05623 0.0343314 0)
(3.0592 0.0357315 0)
(3.06647 0.0367927 0)
(3.07898 0.0377291 0)
(3.09654 0.0387674 0)
(3.11757 0.0401033 0)
(3.13927 0.0418534 0)
(3.15812 0.0440124 0)
(3.17066 0.0464372 0)
(3.17429 0.0488783 0)
(3.16787 0.05105 0)
(3.15192 0.0527097 0)
(3.12838 0.0537189 0)
(3.10005 0.0540696 0)
(3.0698 0.0538619 0)
(2.82108 -0.231611 0)
(2.81516 -0.228472 0)
(2.81083 -0.224777 0)
(2.80671 -0.22043 0)
(2.80152 -0.215306 0)
(2.79407 -0.209369 0)
(2.78344 -0.202664 0)
(2.76923 -0.195324 0)
(2.75183 -0.187556 0)
(2.73249 -0.179619 0)
(2.71331 -0.17177 0)
(2.69692 -0.164215 0)
(2.68599 -0.157056 0)
(2.68261 -0.15026 0)
(2.68772 -0.143672 0)
(2.70089 -0.137053 0)
(2.72044 -0.13014 0)
(2.74393 -0.12271 0)
(2.76883 -0.114618 0)
(2.79301 -0.105813 0)
(3.06551 0.0350235 0)
(3.07111 0.0376771 0)
(3.07478 0.040078 0)
(3.07725 0.0420744 0)
(3.07955 0.0436116 0)
(3.08288 0.0447419 0)
(3.08846 0.0455639 0)
(3.0972 0.0462037 0)
(3.1094 0.0468042 0)
(3.12456 0.0475031 0)
(3.14127 0.048404 0)
(3.15745 0.0495484 0)
(3.17065 0.0508959 0)
(3.17861 0.0523254 0)
(3.1797 0.0536605 0)
(3.17334 0.0547121 0)
(3.16001 0.0553251 0)
(3.14112 0.0554119 0)
(3.11864 0.0549654 0)
(3.09464 0.054046 0)
(2.8624 -0.177428 0)
(2.85729 -0.174857 0)
(2.85332 -0.171892 0)
(2.84939 -0.168451 0)
(2.84448 -0.164469 0)
(2.8377 -0.159949 0)
(2.82845 -0.154946 0)
(2.81655 -0.149566 0)
(2.80243 -0.143953 0)
(2.78715 -0.138276 0)
(2.77237 -0.132688 0)
(2.76006 -0.127302 0)
(2.75216 -0.122158 0)
(2.75016 -0.117216 0)
(2.75474 -0.112361 0)
(2.7656 -0.107432 0)
(2.78161 -0.102255 0)
(2.80103 -0.0966838 0)
(2.82201 -0.0906194 0)
(2.84289 -0.0840216 0)
(3.07691 0.0470202 0)
(3.08228 0.0485237 0)
(3.08644 0.049945 0)
(3.09001 0.051059 0)
(3.09377 0.0518206 0)
(3.09859 0.0522904 0)
(3.10523 0.0525533 0)
(3.11414 0.0527022 0)
(3.12533 0.0528332 0)
(3.13818 0.0530313 0)
(3.15154 0.0533517 0)
(3.1638 0.0538037 0)
(3.17324 0.054342 0)
(3.17829 0.0548718 0)
(3.17794 0.0552673 0)
(3.17185 0.0553992 0)
(3.16047 0.0551631 0)
(3.14489 0.0544999 0)
(3.12656 0.0534028 0)
(3.10701 0.0519098 0)
(2.89273 -0.13376 0)
(2.88821 -0.132023 0)
(2.88448 -0.130025 0)
(2.88073 -0.127647 0)
(2.87616 -0.12487 0)
(2.8701 -0.121717 0)
(2.86212 -0.11824 0)
(2.85213 -0.114518 0)
(2.84053 -0.110652 0)
(2.82819 -0.106753 0)
(2.81641 -0.102918 0)
(2.8067 -0.099212 0)
(2.80056 -0.0956498 0)
(2.7991 -0.0921937 0)
(2.80288 -0.0887591 0)
(2.81175 -0.0852322 0)
(2.8249 -0.0814932 0)
(2.84111 -0.0774381 0)
(2.85894 -0.0729958 0)
(2.87708 -0.0681336 0)
(3.08174 0.0573572 0)
(3.08705 0.0579722 0)
(3.09163 0.0585587 0)
(3.09594 0.0589047 0)
(3.1006 0.0589773 0)
(3.10621 0.0588259 0)
(3.11324 0.0585168 0)
(3.12188 0.0581202 0)
(3.13198 0.057703 0)
(3.14294 0.0573195 0)
(3.15378 0.0569997 0)
(3.16327 0.0567394 0)
(3.17013 0.0564976 0)
(3.1733 0.0562015 0)
(3.1721 0.0557599 0)
(3.16637 0.0550815 0)
(3.15654 0.0540932 0)
(3.14345 0.0527532 0)
(3.12823 0.0510552 0)
(3.11206 0.0490239 0)
(2.91454 -0.0991593 0)
(2.91079 -0.0980521 0)
(2.90753 -0.0969103 0)
(2.90423 -0.0954903 0)
(2.9003 -0.0937578 0)
(2.89518 -0.0917508 0)
(2.88855 -0.0895182 0)
(2.88035 -0.0871192 0)
(2.87091 -0.0846254 0)
(2.86093 -0.0821112 0)
(2.85144 -0.0796396 0)
(2.84363 -0.0772492 0)
(2.83868 -0.0749443 0)
(2.8375 -0.0726934 0)
(2.84058 -0.0704334 0)
(2.84789 -0.0680818 0)
(2.85886 -0.065552 0)
(2.87259 -0.0627681 0)
(2.88798 -0.0596764 0)
(2.90392 -0.0562507 0)
(3.07754 0.0641151 0)
(3.08214 0.0642092 0)
(3.08633 0.064206 0)
(3.09049 0.0639315 0)
(3.09509 0.063432 0)
(3.10055 0.0627629 0)
(3.10715 0.061969 0)
(3.11493 0.0610968 0)
(3.12364 0.060192 0)
(3.13273 0.05929 0)
(3.14136 0.0584081 0)
(3.14859 0.0575397 0)
(3.15345 0.056653 0)
(3.15518 0.0556956 0)
(3.15332 0.0546029 0)
(3.14786 0.0533107 0)
(3.13915 0.0517666 0)
(3.12789 0.0499385 0)
(3.11498 0.0478178 0)
(3.10132 0.0454166 0)
(0.780607 -0.430184 0)
(0.663163 -0.178702 0)
(0.530191 -0.0235884 0)
(0.417273 0.103054 0)
(0.322202 0.193744 0)
(0.243086 0.258946 0)
(0.177501 0.302492 0)
(0.123161 0.328048 0)
(0.0780868 0.338957 0)
(0.0407669 0.337858 0)
(0.00975353 0.326435 0)
(-0.0164462 0.306126 0)
(-0.0393948 0.278395 0)
(-0.0610822 0.244443 0)
(-0.0838374 0.205247 0)
(-0.108647 0.161765 0)
(-0.131517 0.115355 0)
(-0.14083 0.0687659 0)
(-0.120493 0.0276908 0)
(-0.0573849 0.00474546 0)
(1.60445 -0.237077 0)
(1.24368 -0.1404 0)
(0.942416 -0.0725686 0)
(0.691901 -0.017597 0)
(0.484696 0.02341 0)
(0.31549 0.0513348 0)
(0.178486 0.069296 0)
(0.0676812 0.0786434 0)
(-0.0225481 0.0806429 0)
(-0.0967738 0.0773205 0)
(-0.158661 0.0707394 0)
(-0.210861 0.0615346 0)
(-0.254603 0.0500303 0)
(-0.289565 0.0369193 0)
(-0.313789 0.0233823 0)
(-0.323583 0.0110659 0)
(-0.313418 0.00179109 0)
(-0.276075 -0.00304211 0)
(-0.203257 -0.00337999 0)
(-0.0861454 -0.00125672 0)
(1.67742 -0.364093 0)
(1.38079 -0.308528 0)
(1.0971 -0.246053 0)
(0.840051 -0.19294 0)
(0.61715 -0.149353 0)
(0.430272 -0.115246 0)
(0.277742 -0.0899024 0)
(0.155075 -0.0718491 0)
(0.0564842 -0.0592356 0)
(-0.0237141 -0.0507654 0)
(-0.0899692 -0.0453719 0)
(-0.144821 -0.0418143 0)
(-0.188996 -0.0389133 0)
(-0.221701 -0.0357624 0)
(-0.241033 -0.0317165 0)
(-0.244409 -0.0263942 0)
(-0.229027 -0.0197546 0)
(-0.192431 -0.0122213 0)
(-0.133193 -0.0049632 0)
(-0.0514602 -0.000798578 0)
(2.22431 -0.298138 0)
(1.85482 -0.240422 0)
(1.50216 -0.191 0)
(1.17428 -0.145808 0)
(0.879525 -0.106966 0)
(0.623308 -0.0755586 0)
(0.407648 -0.0517955 0)
(0.231507 -0.0352308 0)
(0.0914368 -0.0249098 0)
(-0.017463 -0.0194847 0)
(-0.100527 -0.0173757 0)
(-0.162503 -0.0169905 0)
(-0.206802 -0.0169857 0)
(-0.235242 -0.0164579 0)
(-0.248241 -0.0149348 0)
(-0.245262 -0.0123406 0)
(-0.225278 -0.0089507 0)
(-0.18708 -0.00530191 0)
(-0.129354 -0.00209523 0)
(-0.0506078 -0.000351349 0)
(2.27481 -0.409794 0)
(1.94481 -0.352194 0)
(1.61211 -0.292749 0)
(1.28851 -0.236631 0)
(0.987671 -0.186119 0)
(0.718688 -0.14236 0)
(0.486495 -0.105837 0)
(0.292549 -0.076489 0)
(0.135676 -0.053868 0)
(0.0128926 -0.0372308 0)
(-0.0797848 -0.0254653 0)
(-0.146641 -0.0173672 0)
(-0.191624 -0.0119216 0)
(-0.217887 -0.00824328 0)
(-0.227606 -0.00563501 0)
(-0.221994 -0.0036655 0)
(-0.201423 -0.00214217 0)
(-0.165543 -0.00102466 0)
(-0.113404 -0.000319292 0)
(-0.0438024 -3.61518e-05 0)
(2.76252 -0.386911 0)
(2.40774 -0.329558 0)
(2.04239 -0.276792 0)
(1.67613 -0.224144 0)
(1.3262 -0.175147 0)
(1.00565 -0.131688 0)
(0.722785 -0.0947467 0)
(0.481364 -0.0645477 0)
(0.28157 -0.0407766 0)
(0.121176 -0.0227804 0)
(-0.00341812 -0.00975358 0)
(-0.0963995 -0.00101609 0)
(-0.161923 0.00415613 0)
(-0.203677 0.00666219 0)
(-0.224599 0.00725526 0)
(-0.226652 0.00654039 0)
(-0.210698 0.00501961 0)
(-0.176473 0.00313174 0)
(-0.122792 0.00131857 0)
(-0.0481518 0.000243958 0)
(2.83044 -0.481646 0)
(2.51756 -0.424626 0)
(2.18372 -0.36576 0)
(1.82939 -0.305237 0)
(1.47614 -0.247257 0)
(1.1414 -0.19431 0)
(0.838285 -0.14814 0)
(0.574628 -0.109505 0)
(0.35338 -0.0783412 0)
(0.173798 -0.0540792 0)
(0.0328833 -0.0359063 0)
(-0.0733842 -0.0227437 0)
(-0.149253 -0.0134662 0)
(-0.198681 -0.00723139 0)
(-0.224894 -0.00338249 0)
(-0.230141 -0.00129303 0)
(-0.215544 -0.000382247 0)
(-0.181118 -0.000138895 0)
(-0.126044 -0.000132887 0)
(-0.0493012 -7.01161e-05 0)
(3.23165 -0.484875 0)
(2.93623 -0.432838 0)
(2.60393 -0.381243 0)
(2.23583 -0.323747 0)
(1.85408 -0.265655 0)
(1.47911 -0.210224 0)
(1.12873 -0.160206 0)
(0.815757 -0.117332 0)
(0.547284 -0.0822598 0)
(0.325244 -0.0547551 0)
(0.147847 -0.0339964 0)
(0.0111789 -0.0189259 0)
(-0.0894545 -0.0086272 0)
(-0.158579 -0.0022269 0)
(-0.199964 0.00126047 0)
(-0.216352 0.00268004 0)
(-0.209328 0.00271809 0)
(-0.179389 0.00196532 0)
(-0.126284 0.000932425 0)
(-0.0497049 0.000203235 0)
(3.28369 -0.566295 0)
(3.04893 -0.518616 0)
(2.7703 -0.466344 0)
(2.43652 -0.405899 0)
(2.0692 -0.342117 0)
(1.68996 -0.27867 0)
(1.32043 -0.219159 0)
(0.978879 -0.166334 0)
(0.67797 -0.12178 0)
(0.424104 -0.0859256 0)
(0.218317 -0.0583023 0)
(0.0580017 -0.0379135 0)
(-0.0612714 -0.0234654 0)
(-0.144354 -0.013594 0)
(-0.195634 -0.00716179 0)
(-0.218463 -0.00328759 0)
(-0.214951 -0.00121387 0)
(-0.186046 -0.000303989 0)
(-0.131861 -4.02383e-05 0)
(-0.05227 -6.05491e-06 0)
(3.56478 -0.581004 0)
(3.38234 -0.544249 0)
(3.13831 -0.502163 0)
(2.82795 -0.448174 0)
(2.46643 -0.386752 0)
(2.07416 -0.321703 0)
(1.67435 -0.257274 0)
(1.28973 -0.197369 0)
(0.939005 -0.144897 0)
(0.634559 -0.101447 0)
(0.381995 -0.0673106 0)
(0.181304 -0.0417892 0)
(0.0288854 -0.0236342 0)
(-0.0804314 -0.0114951 0)
(-0.15189 -0.00405891 0)
(-0.189835 -8.13451e-05 0)
(-0.197364 0.00149329 0)
(-0.176286 0.00154548 0)
(-0.127423 0.000836723 0)
(-0.0512396 0.000191602 0)
(3.55834 -0.646933 0)
(3.45229 -0.620021 0)
(3.28308 -0.583655 0)
(3.03675 -0.533947 0)
(2.72181 -0.473326 0)
(2.35438 -0.405331 0)
(1.95623 -0.334259 0)
(1.55234 -0.264778 0)
(1.1668 -0.201046 0)
(0.819083 -0.146073 0)
(0.521643 -0.101357 0)
(0.279539 -0.066923 0)
(0.0919736 -0.0417096 0)
(-0.0452877 -0.0240894 0)
(-0.137681 -0.0124405 0)
(-0.190169 -0.00531948 0)
(-0.206513 -0.00143556 0)
(-0.189065 0.000239898 0)
(-0.139007 0.000513647 0)
(-0.0568684 0.000194659 0)
(3.69639 -0.65962 0)
(3.65649 -0.648506 0)
(3.54463 -0.626192 0)
(3.35681 -0.589011 0)
(3.08989 -0.53735 0)
(2.75358 -0.473758 0)
(2.36477 -0.401954 0)
(1.94697 -0.326844 0)
(1.52681 -0.253608 0)
(1.12993 -0.186899 0)
(0.776837 -0.13007 0)
(0.480209 -0.0847522 0)
(0.24449 -0.0509498 0)
(0.0677325 -0.0275259 0)
(-0.0554981 -0.0126091 0)
(-0.131521 -0.00401706 0)
(-0.16594 0.00013008 0)
(-0.162821 0.00129619 0)
(-0.124596 0.000818974 0)
(-0.0524921 0.000167957 0)
(3.60503 -0.706458 0)
(3.63418 -0.708014 0)
(3.60287 -0.696868 0)
(3.49934 -0.671562 0)
(3.31226 -0.629833 0)
(3.04229 -0.572863 0)
(2.69858 -0.503091 0)
(2.29922 -0.424772 0)
(1.86908 -0.343295 0)
(1.4366 -0.264427 0)
(1.02948 -0.193338 0)
(0.670104 -0.133677 0)
(0.372396 -0.0869825 0)
(0.141209 -0.0526926 0)
(-0.0255365 -0.0288675 0)
(-0.133406 -0.0134319 0)
(-0.188008 -0.00453316 0)
(-0.193648 -0.000302814 0)
(-0.152742 0.000877119 0)
(-0.0661786 0.00043794 0)
(3.60875 -0.7094 0)
(3.68269 -0.725962 0)
(3.70734 -0.730839 0)
(3.67677 -0.723242 0)
(3.56932 -0.698636 0)
(3.37642 -0.655954 0)
(3.09775 -0.595761 0)
(2.74288 -0.520761 0)
(2.33055 -0.435558 0)
(1.88685 -0.346172 0)
(1.44214 -0.259226 0)
(1.02644 -0.180891 0)
(0.664348 -0.115808 0)
(0.371022 -0.0663522 0)
(0.151044 -0.0326175 0)
(0.000715333 -0.0127884 0)
(-0.0876551 -0.00281632 0)
(-0.122121 0.00110171 0)
(-0.108702 0.00111718 0)
(-0.0506296 0.000227029 0)
(3.45208 -0.741103 0)
(3.55249 -0.765478 0)
(3.63191 -0.782579 0)
(3.67573 -0.791094 0)
(3.65851 -0.785016 0)
(3.56136 -0.760865 0)
(3.37355 -0.716902 0)
(3.09368 -0.653592 0)
(2.73051 -0.573681 0)
(2.30246 -0.482057 0)
(1.83633 -0.385316 0)
(1.36457 -0.290906 0)
(0.920963 -0.205902 0)
(0.535003 -0.135605 0)
(0.226685 -0.0822495 0)
(0.00411156 -0.0445229 0)
(-0.134384 -0.019688 0)
(-0.194014 -0.00569611 0)
(-0.177447 9.23168e-05 0)
(-0.0850429 0.000712992 0)
(3.38657 -0.742712 0)
(3.47641 -0.770272 0)
(3.57301 -0.797298 0)
(3.66404 -0.821344 0)
(3.72229 -0.83579 0)
(3.72197 -0.834538 0)
(3.64257 -0.813047 0)
(3.47149 -0.768781 0)
(3.20576 -0.701616 0)
(2.85254 -0.613975 0)
(2.42903 -0.510788 0)
(1.96162 -0.399276 0)
(1.48378 -0.288273 0)
(1.03227 -0.187075 0)
(0.641315 -0.103938 0)
(0.335491 -0.0445339 0)
(0.124029 -0.0106714 0)
(0.000368253 0.00256528 0)
(-0.0492129 0.00369817 0)
(-0.0362336 0.00108542 0)
(3.23937 -0.784227 0)
(3.29462 -0.806598 0)
(3.38175 -0.836393 0)
(3.48798 -0.869972 0)
(3.59404 -0.902188 0)
(3.67135 -0.92568 0)
(3.69213 -0.933423 0)
(3.63285 -0.919828 0)
(3.47781 -0.881444 0)
(3.22059 -0.817417 0)
(2.86469 -0.729522 0)
(2.42387 -0.622288 0)
(1.92222 -0.502935 0)
(1.39356 -0.380769 0)
(0.879441 -0.265984 0)
(0.4249 -0.167953 0)
(0.0714301 -0.0928927 0)
(-0.151081 -0.0419004 0)
(-0.225222 -0.0106923 0)
(-0.13579 0.000448807 0)
(3.20215 -0.798138 0)
(3.2058 -0.812579 0)
(3.24759 -0.83703 0)
(3.32705 -0.871046 0)
(3.43992 -0.912615 0)
(3.56643 -0.955951 0)
(3.6784 -0.992462 0)
(3.74573 -1.01315 0)
(3.74218 -1.01004 0)
(3.64896 -0.977479 0)
(3.4561 -0.912574 0)
(3.16276 -0.815524 0)
(2.7775 -0.68998 0)
(2.31849 -0.543336 0)
(1.81413 -0.38678 0)
(1.30337 -0.234688 0)
(0.834717 -0.103517 0)
(0.459317 -0.0110851 0)
(0.207158 0.023798 0)
(0.0481513 0.0113328 0)
(3.13355 -0.844998 0)
(3.10718 -0.857602 0)
(3.09498 -0.875774 0)
(3.10771 -0.90422 0)
(3.16009 -0.946226 0)
(3.25396 -1.00277 0)
(3.37548 -1.06924 0)
(3.49773 -1.13714 0)
(3.58799 -1.19552 0)
(3.61525 -1.2336 0)
(3.55495 -1.24211 0)
(3.39055 -1.2141 0)
(3.11355 -1.14563 0)
(2.72348 -1.03623 0)
(2.22829 -0.889647 0)
(1.64608 -0.714074 0)
(1.00864 -0.521087 0)
(0.369719 -0.324248 0)
(-0.170399 -0.140606 0)
(-0.380106 -0.0336035 0)
(3.11331 -0.857776 0)
(3.1129 -0.87136 0)
(3.10052 -0.878966 0)
(3.08609 -0.887812 0)
(3.08533 -0.901783 0)
(3.11932 -0.928562 0)
(3.20384 -0.973172 0)
(3.34117 -1.03672 0)
(3.51629 -1.11459 0)
(3.70133 -1.19724 0)
(3.86454 -1.27167 0)
(3.97724 -1.32317 0)
(4.0167 -1.33802 0)
(3.96648 -1.30585 0)
(3.81518 -1.22126 0)
(3.55552 -1.08358 0)
(3.18271 -0.893379 0)
(2.68892 -0.646251 0)
(2.04174 -0.341259 0)
(1.07618 -0.222916 0)
(3.00886 -0.355319 0)
(3.0194 -0.357346 0)
(3.02773 -0.360406 0)
(3.03606 -0.36458 0)
(3.04389 -0.369892 0)
(3.05149 -0.376649 0)
(3.05883 -0.384965 0)
(3.06596 -0.395199 0)
(3.0726 -0.407554 0)
(3.07822 -0.42232 0)
(3.08223 -0.439924 0)
(3.08417 -0.460895 0)
(3.08362 -0.485947 0)
(3.07869 -0.515438 0)
(3.06495 -0.548493 0)
(3.0379 -0.582176 0)
(2.99948 -0.613442 0)
(2.96319 -0.644818 0)
(2.93395 -0.709304 0)
(2.86642 -0.842201 0)
(3.00629 -0.341549 0)
(3.01567 -0.34414 0)
(3.02354 -0.347633 0)
(3.03134 -0.352284 0)
(3.03887 -0.358059 0)
(3.04585 -0.364772 0)
(3.05216 -0.372484 0)
(3.05756 -0.381053 0)
(3.06205 -0.390609 0)
(3.06563 -0.401132 0)
(3.06812 -0.412506 0)
(3.06891 -0.424532 0)
(3.06734 -0.437223 0)
(3.06422 -0.451513 0)
(3.06272 -0.4701 0)
(3.06446 -0.497146 0)
(3.06026 -0.535053 0)
(3.0294 -0.574822 0)
(2.97371 -0.592863 0)
(2.93136 -0.570899 0)
(3.00579 -0.329077 0)
(3.0133 -0.330428 0)
(3.01963 -0.33289 0)
(3.02578 -0.336367 0)
(3.03163 -0.340983 0)
(3.03723 -0.346987 0)
(3.04249 -0.354451 0)
(3.04726 -0.363641 0)
(3.05103 -0.374582 0)
(3.05322 -0.387483 0)
(3.05325 -0.402655 0)
(3.05075 -0.420576 0)
(3.04511 -0.441604 0)
(3.03394 -0.465472 0)
(3.01241 -0.490495 0)
(2.97726 -0.513603 0)
(2.93315 -0.53501 0)
(2.88702 -0.570357 0)
(2.82753 -0.653809 0)
(2.72847 -0.789706 0)
(3.00483 -0.314741 0)
(3.0119 -0.31686 0)
(3.01773 -0.319669 0)
(3.02329 -0.323449 0)
(3.02831 -0.32803 0)
(3.0326 -0.333354 0)
(3.03609 -0.339415 0)
(3.03873 -0.346203 0)
(3.04067 -0.353802 0)
(3.04183 -0.362098 0)
(3.04186 -0.370812 0)
(3.04 -0.379583 0)
(3.03563 -0.388477 0)
(3.02965 -0.398456 0)
(3.02457 -0.411639 0)
(3.01981 -0.42984 0)
(3.00586 -0.44773 0)
(2.97134 -0.447206 0)
(2.92073 -0.409171 0)
(2.88391 -0.329177 0)
(3.00344 -0.298752 0)
(3.00865 -0.299659 0)
(3.01331 -0.301819 0)
(3.01783 -0.304751 0)
(3.02214 -0.308823 0)
(3.02616 -0.313963 0)
(3.02964 -0.320278 0)
(3.03225 -0.327768 0)
(3.03348 -0.336498 0)
(3.03294 -0.346634 0)
(3.03027 -0.358483 0)
(3.02512 -0.372371 0)
(3.01651 -0.388227 0)
(3.00177 -0.405092 0)
(2.97667 -0.420735 0)
(2.93981 -0.433619 0)
(2.8967 -0.450005 0)
(2.85223 -0.486796 0)
(2.79339 -0.560815 0)
(2.69575 -0.651336 0)
(3.0037 -0.283152 0)
(3.00856 -0.284834 0)
(3.01252 -0.286832 0)
(3.01618 -0.289708 0)
(3.01923 -0.293067 0)
(3.02161 -0.297094 0)
(3.02327 -0.301697 0)
(3.02424 -0.306911 0)
(3.02458 -0.312635 0)
(3.02415 -0.318623 0)
(3.02258 -0.32447 0)
(3.0193 -0.329786 0)
(3.01413 -0.334662 0)
(3.00798 -0.33985 0)
(3.00237 -0.346335 0)
(2.99575 -0.352736 0)
(2.98084 -0.349884 0)
(2.95135 -0.322005 0)
(2.91573 -0.261645 0)
(2.9041 -0.175147 0)
(3.00172 -0.265136 0)
(3.0053 -0.266007 0)
(3.00869 -0.267874 0)
(3.01185 -0.270357 0)
(3.01488 -0.273711 0)
(3.01751 -0.277757 0)
(3.01953 -0.282538 0)
(3.02053 -0.288013 0)
(3.02014 -0.294261 0)
(3.01808 -0.301495 0)
(3.01413 -0.309986 0)
(3.00787 -0.31989 0)
(2.99807 -0.330721 0)
(2.98218 -0.341071 0)
(2.95722 -0.349116 0)
(2.92371 -0.355786 0)
(2.88758 -0.369978 0)
(2.85178 -0.403255 0)
(2.80231 -0.457967 0)
(2.7176 -0.511341 0)
(3.00259 -0.248896 0)
(3.00565 -0.249772 0)
(3.00814 -0.251106 0)
(3.01037 -0.25303 0)
(3.01206 -0.255358 0)
(3.01325 -0.258202 0)
(3.01388 -0.261486 0)
(3.01401 -0.265181 0)
(3.01358 -0.269081 0)
(3.01235 -0.272829 0)
(3.01006 -0.275995 0)
(3.00652 -0.278211 0)
(3.00208 -0.279559 0)
(2.99762 -0.280484 0)
(2.99371 -0.28101 0)
(2.98841 -0.277698 0)
(2.97646 -0.261307 0)
(2.95499 -0.222043 0)
(2.93529 -0.16005 0)
(2.94522 -0.0848714 0)
(3.00089 -0.22933 0)
(3.00327 -0.230279 0)
(3.00556 -0.231799 0)
(3.00767 -0.23386 0)
(3.00961 -0.23648 0)
(3.01111 -0.239459 0)
(3.01197 -0.242784 0)
(3.01187 -0.246371 0)
(3.01064 -0.250362 0)
(3.00815 -0.254983 0)
(3.0042 -0.26047 0)
(2.99813 -0.266834 0)
(2.98852 -0.273399 0)
(2.97327 -0.278796 0)
(2.95085 -0.282122 0)
(2.92315 -0.286056 0)
(2.89579 -0.298889 0)
(2.86943 -0.326702 0)
(2.82993 -0.365643 0)
(2.76099 -0.396807 0)
(3.00147 -0.211692 0)
(3.0032 -0.211987 0)
(3.00466 -0.212723 0)
(3.00589 -0.213857 0)
(3.00679 -0.215368 0)
(3.0074 -0.217353 0)
(3.00764 -0.219693 0)
(3.0075 -0.222287 0)
(3.00679 -0.224755 0)
(3.0053 -0.226689 0)
(3.00295 -0.227675 0)
(3.00004 -0.227467 0)
(2.99731 -0.226172 0)
(2.99553 -0.224033 0)
(2.99435 -0.220387 0)
(2.99147 -0.211124 0)
(2.98328 -0.188381 0)
(2.96967 -0.147395 0)
(2.96283 -0.0920751 0)
(2.98522 -0.0310902 0)
(3.00061 -0.191791 0)
(3.00221 -0.192561 0)
(3.00368 -0.193676 0)
(3.00498 -0.195132 0)
(3.00603 -0.196874 0)
(3.00662 -0.198745 0)
(3.00663 -0.20075 0)
(3.0059 -0.202861 0)
(3.00446 -0.205278 0)
(3.00224 -0.208179 0)
(2.99894 -0.211653 0)
(2.99371 -0.215486 0)
(2.98513 -0.219016 0)
(2.97168 -0.221279 0)
(2.95293 -0.222304 0)
(2.93143 -0.22556 0)
(2.91191 -0.237533 0)
(2.89353 -0.260601 0)
(2.86274 -0.289016 0)
(2.80765 -0.308067 0)
(3.00059 -0.172397 0)
(3.00139 -0.172414 0)
(3.00216 -0.172894 0)
(3.00285 -0.173623 0)
(3.00344 -0.174677 0)
(3.00395 -0.176022 0)
(3.00425 -0.177553 0)
(3.0042 -0.179082 0)
(3.00348 -0.180264 0)
(3.00198 -0.180771 0)
(2.99991 -0.180298 0)
(2.99797 -0.178662 0)
(2.9972 -0.175902 0)
(2.99815 -0.172072 0)
(2.99972 -0.16615 0)
(2.99932 -0.15413 0)
(2.99446 -0.129988 0)
(2.98712 -0.0920861 0)
(2.98924 -0.0454265 0)
(3.01766 0.00237842 0)
(3.0006 -0.152984 0)
(3.0016 -0.153612 0)
(3.0024 -0.15426 0)
(3.00303 -0.155173 0)
(3.00339 -0.156165 0)
(3.00337 -0.157244 0)
(3.00298 -0.158384 0)
(3.0022 -0.159626 0)
(3.0011 -0.16107 0)
(2.99957 -0.162804 0)
(2.99716 -0.164816 0)
(2.99296 -0.166892 0)
(2.9857 -0.168565 0)
(2.97437 -0.169254 0)
(2.95925 -0.169574 0)
(2.94314 -0.173114 0)
(2.92989 -0.184628 0)
(2.91759 -0.204453 0)
(2.89384 -0.226463 0)
(2.84977 -0.239028 0)
(2.99993 -0.132405 0)
(3.00026 -0.132319 0)
(3.00069 -0.132692 0)
(3.00109 -0.133178 0)
(3.00155 -0.133935 0)
(3.00202 -0.134794 0)
(3.00239 -0.135665 0)
(3.00246 -0.136345 0)
(3.00196 -0.136579 0)
(3.00086 -0.136122 0)
(2.99949 -0.13479 0)
(2.99873 -0.132529 0)
(2.99965 -0.129354 0)
(3.00267 -0.125069 0)
(3.00644 -0.118378 0)
(3.00819 -0.105727 0)
(3.00601 -0.0828722 0)
(3.00311 -0.0498735 0)
(3.01071 -0.011629 0)
(3.04137 0.0248297 0)
(3.00062 -0.11284 0)
(3.00111 -0.113153 0)
(3.00139 -0.113415 0)
(3.00156 -0.113841 0)
(3.00147 -0.114281 0)
(3.00114 -0.114826 0)
(3.0006 -0.115469 0)
(2.99993 -0.116271 0)
(2.99922 -0.117265 0)
(2.99831 -0.118434 0)
(2.99669 -0.119707 0)
(2.99349 -0.120932 0)
(2.98762 -0.121888 0)
(2.97842 -0.122329 0)
(2.96657 -0.123061 0)
(2.95489 -0.127305 0)
(2.94646 -0.138548 0)
(2.93856 -0.156263 0)
(2.92016 -0.174776 0)
(2.88445 -0.184303 0)
(2.99967 -0.0918896 0)
(2.99979 -0.0919366 0)
(3.00005 -0.0922148 0)
(3.00032 -0.0925474 0)
(3.00069 -0.0930093 0)
(3.00106 -0.093448 0)
(3.00134 -0.093775 0)
(3.00134 -0.0938392 0)
(3.00092 -0.0934885 0)
(3.00014 -0.092587 0)
(2.99948 -0.0910218 0)
(2.99977 -0.0887842 0)
(3.00195 -0.0858769 0)
(3.00629 -0.082019 0)
(3.01142 -0.0758285 0)
(3.01474 -0.0641076 0)
(3.01465 -0.0437652 0)
(3.01482 -0.0158707 0)
(3.02563 0.0148602 0)
(3.05617 0.0416068 0)
(3.00047 -0.0724262 0)
(3.00061 -0.0723928 0)
(3.0006 -0.0724009 0)
(3.00051 -0.0724633 0)
(3.00025 -0.0725443 0)
(2.9999 -0.0727524 0)
(2.99948 -0.0731089 0)
(2.99908 -0.0736874 0)
(2.99869 -0.0744812 0)
(2.99809 -0.0754138 0)
(2.99685 -0.0763835 0)
(2.99423 -0.0772967 0)
(2.98938 -0.0781191 0)
(2.98169 -0.078934 0)
(2.97183 -0.0807666 0)
(2.96269 -0.0862609 0)
(2.95724 -0.0976746 0)
(2.95265 -0.114067 0)
(2.93896 -0.130648 0)
(2.91025 -0.139194 0)
(2.99981 -0.0508935 0)
(2.99994 -0.0510365 0)
(3.00011 -0.0512854 0)
(3.00029 -0.0515676 0)
(3.00048 -0.0518766 0)
(3.00063 -0.0520718 0)
(3.00068 -0.0520829 0)
(3.00055 -0.0517829 0)
(3.00024 -0.0511257 0)
(2.99995 -0.0500807 0)
(3.00008 -0.0486198 0)
(3.00124 -0.0467181 0)
(3.00408 -0.0443115 0)
(3.00867 -0.0410965 0)
(3.01369 -0.0359843 0)
(3.01671 -0.0263993 0)
(3.01685 -0.00988403 0)
(3.01853 0.0123715 0)
(3.03166 0.0361342 0)
(3.06276 0.0550582 0)
(3.00024 -0.0311035 0)
(3.00016 -0.0309599 0)
(3 -0.0308221 0)
(2.99982 -0.0307263 0)
(2.99961 -0.0306553 0)
(2.99946 -0.0307233 0)
(2.99936 -0.0309596 0)
(2.99934 -0.0314344 0)
(2.99927 -0.0321131 0)
(2.99892 -0.0329574 0)
(2.99791 -0.0339259 0)
(2.99572 -0.0349692 0)
(2.99167 -0.0360278 0)
(2.98522 -0.0372034 0)
(2.97686 -0.039685 0)
(2.96901 -0.0462944 0)
(2.96443 -0.0590351 0)
(2.96115 -0.076566 0)
(2.95084 -0.0943407 0)
(2.92804 -0.103554 0)
(2.99997 -0.0102179 0)
(3.0001 -0.0104095 0)
(3.00024 -0.0105396 0)
(3.00035 -0.0106601 0)
(3.00042 -0.0107157 0)
(3.00038 -0.0106468 0)
(3.00025 -0.0104199 0)
(3.00007 -0.00998375 0)
(3.00001 -0.00933696 0)
(3.00031 -0.00846247 0)
(3.00127 -0.00733234 0)
(3.00325 -0.00590181 0)
(3.00671 -0.00407693 0)
(3.01189 -0.00153667 0)
(3.01802 0.0026909 0)
(3.02282 0.0104698 0)
(3.02462 0.0229339 0)
(3.02669 0.0386423 0)
(3.03759 0.0544542 0)
(3.0622 0.0648613 0)
(3.06121 -0.393458 0)
(3.10202 -0.40036 0)
(3.12237 -0.403471 0)
(3.15086 -0.40844 0)
(3.17636 -0.412785 0)
(3.2022 -0.417283 0)
(3.2277 -0.421703 0)
(3.25309 -0.426232 0)
(3.27866 -0.431297 0)
(3.30426 -0.43693 0)
(3.32957 -0.443564 0)
(3.35317 -0.451183 0)
(3.37387 -0.460131 0)
(3.39212 -0.471016 0)
(3.40721 -0.486107 0)
(3.4185 -0.511726 0)
(3.43126 -0.558337 0)
(3.42497 -0.612767 0)
(3.24551 -0.689759 0)
(2.44664 -0.774609 0)
(3.05518 -0.39575 0)
(3.09371 -0.400725 0)
(3.11374 -0.403964 0)
(3.14153 -0.408416 0)
(3.16752 -0.413458 0)
(3.19468 -0.418962 0)
(3.22192 -0.425062 0)
(3.24905 -0.431517 0)
(3.27535 -0.437993 0)
(3.30041 -0.444465 0)
(3.32378 -0.450595 0)
(3.34593 -0.456487 0)
(3.36717 -0.462036 0)
(3.38589 -0.467399 0)
(3.402 -0.472558 0)
(3.42084 -0.476195 0)
(3.45006 -0.474544 0)
(3.48957 -0.472927 0)
(3.47607 -0.43327 0)
(3.02373 -0.323956 0)
(3.05539 -0.402195 0)
(3.09415 -0.408287 0)
(3.11408 -0.411231 0)
(3.14102 -0.415947 0)
(3.16537 -0.420167 0)
(3.19013 -0.424965 0)
(3.21481 -0.429989 0)
(3.23985 -0.435652 0)
(3.26546 -0.44216 0)
(3.29136 -0.449535 0)
(3.31687 -0.457957 0)
(3.34026 -0.467333 0)
(3.35973 -0.477935 0)
(3.3752 -0.490563 0)
(3.38601 -0.507183 0)
(3.38995 -0.532524 0)
(3.39103 -0.571671 0)
(3.38798 -0.614494 0)
(3.28623 -0.657221 0)
(2.73352 -0.618796 0)
(3.0484 -0.402628 0)
(3.0856 -0.408473 0)
(3.10616 -0.412567 0)
(3.13312 -0.417842 0)
(3.15889 -0.423685 0)
(3.18526 -0.429792 0)
(3.21145 -0.436349 0)
(3.23705 -0.443103 0)
(3.26167 -0.449956 0)
(3.2852 -0.457034 0)
(3.30757 -0.464279 0)
(3.32919 -0.471618 0)
(3.35018 -0.478553 0)
(3.3686 -0.48426 0)
(3.38284 -0.487517 0)
(3.39641 -0.485165 0)
(3.4192 -0.473514 0)
(3.47381 -0.460683 0)
(3.56203 -0.43324 0)
(3.34477 -0.402142 0)
(3.04841 -0.409756 0)
(3.08448 -0.41477 0)
(3.1041 -0.417739 0)
(3.12956 -0.422026 0)
(3.1531 -0.4264 0)
(3.17717 -0.431627 0)
(3.20143 -0.437542 0)
(3.22629 -0.444371 0)
(3.25172 -0.452163 0)
(3.27725 -0.460778 0)
(3.30208 -0.470174 0)
(3.32467 -0.480285 0)
(3.34326 -0.491461 0)
(3.35736 -0.504672 0)
(3.36643 -0.521581 0)
(3.36795 -0.545443 0)
(3.36369 -0.577889 0)
(3.35806 -0.609859 0)
(3.31377 -0.636695 0)
(3.0465 -0.59923 0)
(3.04285 -0.409448 0)
(3.0784 -0.415593 0)
(3.09906 -0.420038 0)
(3.12484 -0.425765 0)
(3.14954 -0.431989 0)
(3.17435 -0.438382 0)
(3.19877 -0.44509 0)
(3.22248 -0.451941 0)
(3.24549 -0.459149 0)
(3.26794 -0.466877 0)
(3.28988 -0.475175 0)
(3.31145 -0.483661 0)
(3.33248 -0.491333 0)
(3.35121 -0.496535 0)
(3.36557 -0.497377 0)
(3.37787 -0.490832 0)
(3.39891 -0.475317 0)
(3.46135 -0.461596 0)
(3.59898 -0.458978 0)
(3.55941 -0.47894 0)
(3.04102 -0.413218 0)
(3.07418 -0.417528 0)
(3.09344 -0.420921 0)
(3.11745 -0.425498 0)
(3.14038 -0.430688 0)
(3.16405 -0.436929 0)
(3.18805 -0.444043 0)
(3.21254 -0.45212 0)
(3.23716 -0.460893 0)
(3.26148 -0.470281 0)
(3.28489 -0.480143 0)
(3.30647 -0.490691 0)
(3.32484 -0.502438 0)
(3.33917 -0.51662 0)
(3.34886 -0.534707 0)
(3.35128 -0.558361 0)
(3.34416 -0.586854 0)
(3.33062 -0.612125 0)
(3.32 -0.630675 0)
(3.27687 -0.608052 0)
(3.03799 -0.414132 0)
(3.07117 -0.420215 0)
(3.0911 -0.424659 0)
(3.11508 -0.430456 0)
(3.13805 -0.436586 0)
(3.16089 -0.443099 0)
(3.18343 -0.450013 0)
(3.20556 -0.457369 0)
(3.22753 -0.46542 0)
(3.24944 -0.474224 0)
(3.27128 -0.483793 0)
(3.29278 -0.493372 0)
(3.31365 -0.501618 0)
(3.33279 -0.506516 0)
(3.34845 -0.506269 0)
(3.36227 -0.498952 0)
(3.38521 -0.485102 0)
(3.44855 -0.476659 0)
(3.58971 -0.492567 0)
(3.66694 -0.541076 0)
(3.03378 -0.414635 0)
(3.06404 -0.418884 0)
(3.08301 -0.422967 0)
(3.10565 -0.427986 0)
(3.12794 -0.434088 0)
(3.1509 -0.441122 0)
(3.17415 -0.449166 0)
(3.19754 -0.458015 0)
(3.2206 -0.467435 0)
(3.24308 -0.477369 0)
(3.26476 -0.487793 0)
(3.28543 -0.499212 0)
(3.3041 -0.512374 0)
(3.31959 -0.528644 0)
(3.33112 -0.549237 0)
(3.3356 -0.574343 0)
(3.3267 -0.601028 0)
(3.30355 -0.62073 0)
(3.30213 -0.630996 0)
(3.40549 -0.624978 0)
(3.03298 -0.416458 0)
(3.06298 -0.421862 0)
(3.08179 -0.426012 0)
(3.10363 -0.431568 0)
(3.12453 -0.437481 0)
(3.14539 -0.444187 0)
(3.16617 -0.451517 0)
(3.18704 -0.459735 0)
(3.20826 -0.468989 0)
(3.22974 -0.479205 0)
(3.2512 -0.49015 0)
(3.27208 -0.500868 0)
(3.29228 -0.509944 0)
(3.31161 -0.515477 0)
(3.32897 -0.516049 0)
(3.34586 -0.511076 0)
(3.37282 -0.502848 0)
(3.43293 -0.502343 0)
(3.54649 -0.527147 0)
(3.66916 -0.587528 0)
(3.02749 -0.414345 0)
(3.05499 -0.418629 0)
(3.07342 -0.423157 0)
(3.09451 -0.428721 0)
(3.11566 -0.435545 0)
(3.13721 -0.443248 0)
(3.15888 -0.451928 0)
(3.18029 -0.461237 0)
(3.20111 -0.471094 0)
(3.22142 -0.481634 0)
(3.2414 -0.493082 0)
(3.26126 -0.50614 0)
(3.28021 -0.521751 0)
(3.29681 -0.541231 0)
(3.30996 -0.565336 0)
(3.31595 -0.592781 0)
(3.30546 -0.618738 0)
(3.27501 -0.633859 0)
(3.26918 -0.636472 0)
(3.42858 -0.642038 0)
(3.02765 -0.414921 0)
(3.05398 -0.419267 0)
(3.07126 -0.423215 0)
(3.09072 -0.428452 0)
(3.1095 -0.434404 0)
(3.12849 -0.441504 0)
(3.14774 -0.449659 0)
(3.16749 -0.459125 0)
(3.18776 -0.469849 0)
(3.20825 -0.481556 0)
(3.22851 -0.493825 0)
(3.24796 -0.50571 0)
(3.26683 -0.51596 0)
(3.28572 -0.523124 0)
(3.30437 -0.526352 0)
(3.32477 -0.526161 0)
(3.35676 -0.526101 0)
(3.41265 -0.535627 0)
(3.48634 -0.564789 0)
(3.58177 -0.622372 0)
(3.02254 -0.410178 0)
(3.04711 -0.414929 0)
(3.0644 -0.419909 0)
(3.08352 -0.426104 0)
(3.10274 -0.433425 0)
(3.12203 -0.441528 0)
(3.14119 -0.450509 0)
(3.15993 -0.460181 0)
(3.1782 -0.470648 0)
(3.19627 -0.482231 0)
(3.21454 -0.4954 0)
(3.23331 -0.510941 0)
(3.25185 -0.529792 0)
(3.2686 -0.553087 0)
(3.28208 -0.581103 0)
(3.28795 -0.611317 0)
(3.27609 -0.637658 0)
(3.2444 -0.651134 0)
(3.23538 -0.651385 0)
(3.3712 -0.660931 0)
(3.02176 -0.40912 0)
(3.04403 -0.412518 0)
(3.05966 -0.416398 0)
(3.0768 -0.421487 0)
(3.09369 -0.427722 0)
(3.11097 -0.435452 0)
(3.12865 -0.444573 0)
(3.14688 -0.455235 0)
(3.16544 -0.467185 0)
(3.1839 -0.48008 0)
(3.20178 -0.493428 0)
(3.21885 -0.506515 0)
(3.23568 -0.518429 0)
(3.25329 -0.528235 0)
(3.27234 -0.535676 0)
(3.29581 -0.542258 0)
(3.33216 -0.552549 0)
(3.38305 -0.574318 0)
(3.42185 -0.609413 0)
(3.44816 -0.656266 0)
(3.01862 -0.40432 0)
(3.03996 -0.408717 0)
(3.05546 -0.413383 0)
(3.07211 -0.419358 0)
(3.08862 -0.42645 0)
(3.10494 -0.43446 0)
(3.12107 -0.443522 0)
(3.13683 -0.453563 0)
(3.15242 -0.464951 0)
(3.16806 -0.478063 0)
(3.18409 -0.493492 0)
(3.20065 -0.511936 0)
(3.21719 -0.53437 0)
(3.23235 -0.5617 0)
(3.24418 -0.593676 0)
(3.24761 -0.626883 0)
(3.23373 -0.654828 0)
(3.20601 -0.671037 0)
(3.20406 -0.678678 0)
(3.28623 -0.692683 0)
(3.01641 -0.398817 0)
(3.03494 -0.401611 0)
(3.04881 -0.405572 0)
(3.06358 -0.410678 0)
(3.07839 -0.417284 0)
(3.09362 -0.425442 0)
(3.10919 -0.435186 0)
(3.12504 -0.446507 0)
(3.14075 -0.459122 0)
(3.15597 -0.472744 0)
(3.17038 -0.486925 0)
(3.18402 -0.501269 0)
(3.19754 -0.515224 0)
(3.21224 -0.528418 0)
(3.22987 -0.541206 0)
(3.25446 -0.55596 0)
(3.29182 -0.577925 0)
(3.33428 -0.613098 0)
(3.34938 -0.659506 0)
(3.32478 -0.705475 0)
(3.0153 -0.392631 0)
(3.0331 -0.396572 0)
(3.04632 -0.40089 0)
(3.06015 -0.406603 0)
(3.07359 -0.413253 0)
(3.08671 -0.421058 0)
(3.09957 -0.430064 0)
(3.11225 -0.440551 0)
(3.12494 -0.452879 0)
(3.13768 -0.467511 0)
(3.15045 -0.485055 0)
(3.16314 -0.506148 0)
(3.17537 -0.531716 0)
(3.186 -0.562531 0)
(3.19252 -0.598022 0)
(3.18975 -0.63436 0)
(3.17226 -0.665332 0)
(3.15044 -0.687901 0)
(3.16097 -0.712138 0)
(3.21503 -0.749457 0)
(3.01181 -0.383773 0)
(3.02685 -0.386341 0)
(3.03882 -0.390374 0)
(3.05133 -0.395531 0)
(3.06398 -0.402367 0)
(3.07679 -0.410654 0)
(3.0896 -0.420514 0)
(3.10217 -0.43173 0)
(3.11412 -0.444172 0)
(3.12525 -0.457666 0)
(3.13543 -0.47199 0)
(3.14471 -0.486986 0)
(3.1534 -0.502451 0)
(3.16263 -0.518599 0)
(3.17519 -0.536804 0)
(3.19596 -0.560708 0)
(3.22724 -0.59591 0)
(3.25514 -0.643586 0)
(3.25217 -0.700637 0)
(3.22558 -0.764577 0)
(3.01215 -0.37678 0)
(3.02625 -0.379855 0)
(3.03695 -0.383398 0)
(3.04786 -0.38832 0)
(3.05823 -0.394255 0)
(3.0683 -0.401597 0)
(3.07816 -0.410398 0)
(3.08794 -0.421057 0)
(3.09765 -0.433893 0)
(3.10698 -0.449285 0)
(3.11553 -0.467743 0)
(3.12295 -0.489858 0)
(3.1289 -0.516545 0)
(3.13201 -0.54852 0)
(3.12879 -0.585263 0)
(3.11431 -0.623829 0)
(3.08765 -0.660602 0)
(3.06368 -0.694573 0)
(3.07563 -0.735671 0)
(3.13245 -0.797289 0)
(3.00842 -0.365092 0)
(3.02052 -0.367725 0)
(3.03056 -0.371625 0)
(3.04069 -0.376678 0)
(3.05088 -0.383158 0)
(3.06081 -0.390853 0)
(3.07036 -0.399837 0)
(3.0792 -0.409975 0)
(3.08714 -0.421264 0)
(3.09416 -0.433687 0)
(3.10016 -0.447082 0)
(3.10488 -0.46134 0)
(3.108 -0.476408 0)
(3.11043 -0.493019 0)
(3.11548 -0.513597 0)
(3.12701 -0.543103 0)
(3.14092 -0.587203 0)
(3.13433 -0.64703 0)
(3.08651 -0.721905 0)
(3.05683 -0.804827 0)
(3.15469 -0.380206 0)
(3.14217 -0.360009 0)
(3.12798 -0.341837 0)
(3.124 -0.318031 0)
(3.11157 -0.295937 0)
(3.11295 -0.269592 0)
(3.10975 -0.250605 0)
(3.11951 -0.229835 0)
(3.12947 -0.210807 0)
(3.1373 -0.193196 0)
(3.11928 -0.170974 0)
(3.05539 -0.12694 0)
(2.88911 -0.0732823 0)
(2.58439 0.00221384 0)
(2.13148 0.0836799 0)
(1.62666 0.14593 0)
(1.23505 0.160301 0)
(1.01567 0.119346 0)
(0.822125 0.0941898 0)
(0.411911 -0.0200708 0)
(3.18252 -0.344832 0)
(3.1859 -0.334156 0)
(3.18029 -0.318978 0)
(3.18068 -0.299787 0)
(3.17295 -0.278159 0)
(3.16506 -0.249798 0)
(3.16036 -0.227426 0)
(3.14897 -0.199091 0)
(3.1571 -0.181415 0)
(3.15213 -0.166175 0)
(3.16071 -0.154057 0)
(3.13024 -0.141524 0)
(3.02102 -0.117095 0)
(2.77061 -0.067874 0)
(2.32707 0.00309336 0)
(1.73828 0.0833964 0)
(1.23772 0.103053 0)
(0.923287 0.111329 0)
(0.731486 0.0425548 0)
(0.431646 0.0377418 0)
(3.18554 -0.292198 0)
(3.20938 -0.300496 0)
(3.21389 -0.296203 0)
(3.23276 -0.29613 0)
(3.23568 -0.281189 0)
(3.24486 -0.272319 0)
(3.23855 -0.244086 0)
(3.23282 -0.223762 0)
(3.21491 -0.18921 0)
(3.19655 -0.166502 0)
(3.1834 -0.135437 0)
(3.14622 -0.122652 0)
(3.07489 -0.0992158 0)
(2.8918 -0.07115 0)
(2.51153 -0.0186961 0)
(1.90422 0.0515659 0)
(1.28665 0.10825 0)
(0.898471 0.0883315 0)
(0.618896 0.073453 0)
(0.229354 0.0110716 0)
(3.15458 -0.203587 0)
(3.18127 -0.209301 0)
(3.19319 -0.213045 0)
(3.21954 -0.216768 0)
(3.23827 -0.221321 0)
(3.2654 -0.222756 0)
(3.28171 -0.221879 0)
(3.3005 -0.215643 0)
(3.2975 -0.204849 0)
(3.30025 -0.181855 0)
(3.26739 -0.160425 0)
(3.23227 -0.128477 0)
(3.15356 -0.0957606 0)
(2.98139 -0.0614137 0)
(2.64332 -0.0222745 0)
(2.04999 0.0397902 0)
(1.31862 0.0881012 0)
(0.818469 0.0898186 0)
(0.511723 0.0386901 0)
(0.203885 0.0119027 0)
(3.16492 -0.212042 0)
(3.18697 -0.198208 0)
(3.19143 -0.1913 0)
(3.20901 -0.179195 0)
(3.22153 -0.174841 0)
(3.23826 -0.164401 0)
(3.26022 -0.165323 0)
(3.27657 -0.159345 0)
(3.30412 -0.159268 0)
(3.31575 -0.152825 0)
(3.32608 -0.146157 0)
(3.31996 -0.123219 0)
(3.25433 -0.100965 0)
(3.10243 -0.0613504 0)
(2.78078 -0.00823132 0)
(2.21723 0.0372509 0)
(1.41438 0.100391 0)
(0.788421 0.100941 0)
(0.419838 0.0643843 0)
(0.10314 0.0147809 0)
(3.19573 -0.250359 0)
(3.23126 -0.252375 0)
(3.24 -0.24353 0)
(3.26377 -0.240207 0)
(3.27245 -0.223253 0)
(3.28862 -0.214873 0)
(3.29741 -0.195064 0)
(3.31051 -0.181976 0)
(3.32171 -0.163529 0)
(3.33013 -0.152718 0)
(3.35039 -0.134524 0)
(3.34414 -0.128127 0)
(3.32422 -0.109228 0)
(3.21405 -0.0813989 0)
(2.91266 -0.0364877 0)
(2.33525 0.0209802 0)
(1.48968 0.069147 0)
(0.734287 0.0910078 0)
(0.296709 0.0496707 0)
(0.00661563 0.0133665 0)
(3.16016 -0.214947 0)
(3.20705 -0.229274 0)
(3.22805 -0.234023 0)
(3.26479 -0.240573 0)
(3.28918 -0.243877 0)
(3.32038 -0.244364 0)
(3.34325 -0.2397 0)
(3.36878 -0.232583 0)
(3.38186 -0.219487 0)
(3.40063 -0.200111 0)
(3.39628 -0.180591 0)
(3.39909 -0.157587 0)
(3.3862 -0.135091 0)
(3.30495 -0.11844 0)
(3.05976 -0.0858458 0)
(2.49327 -0.0320971 0)
(1.60773 0.028353 0)
(0.725473 0.0561258 0)
(0.221749 0.0298896 0)
(-0.0604583 0.00827278 0)
(3.14931 -0.209025 0)
(3.18752 -0.207468 0)
(3.20702 -0.208918 0)
(3.2391 -0.210265 0)
(3.26642 -0.215466 0)
(3.29757 -0.218936 0)
(3.33168 -0.228978 0)
(3.36491 -0.235056 0)
(3.40577 -0.24341 0)
(3.43482 -0.245773 0)
(3.4591 -0.242716 0)
(3.46571 -0.226908 0)
(3.42997 -0.214169 0)
(3.35462 -0.192608 0)
(3.14598 -0.169178 0)
(2.63752 -0.124028 0)
(1.72394 -0.0477294 0)
(0.741944 -0.000428263 0)
(0.180179 -0.00569927 0)
(-0.0885622 -0.00143676 0)
(3.16403 -0.270598 0)
(3.20543 -0.267086 0)
(3.2187 -0.259257 0)
(3.24845 -0.2554 0)
(3.26335 -0.245255 0)
(3.28498 -0.241831 0)
(3.30258 -0.236364 0)
(3.32746 -0.238137 0)
(3.35731 -0.245086 0)
(3.39796 -0.259566 0)
(3.44386 -0.273949 0)
(3.46723 -0.290951 0)
(3.47393 -0.293073 0)
(3.41486 -0.286374 0)
(3.22683 -0.265567 0)
(2.78502 -0.233507 0)
(1.90351 -0.143494 0)
(0.824463 -0.0559239 0)
(0.214276 -0.038363 0)
(-0.0470246 -0.0114679 0)
(3.16259 -0.289616 0)
(3.21367 -0.305999 0)
(3.23524 -0.308387 0)
(3.27214 -0.315954 0)
(3.29494 -0.31538 0)
(3.31819 -0.313053 0)
(3.33108 -0.30414 0)
(3.33844 -0.295101 0)
(3.34194 -0.286191 0)
(3.35211 -0.284142 0)
(3.36954 -0.294759 0)
(3.41043 -0.312615 0)
(3.43993 -0.334124 0)
(3.41411 -0.349901 0)
(3.28201 -0.346627 0)
(2.92127 -0.313049 0)
(2.16024 -0.237601 0)
(0.999914 -0.0897484 0)
(0.301913 -0.0492633 0)
(0.037595 -0.0181351 0)
(3.11653 -0.245844 0)
(3.16301 -0.262357 0)
(3.1905 -0.275939 0)
(3.23326 -0.292721 0)
(3.27176 -0.311179 0)
(3.31249 -0.325622 0)
(3.34719 -0.339212 0)
(3.37037 -0.343916 0)
(3.37776 -0.342665 0)
(3.3693 -0.336245 0)
(3.3617 -0.32927 0)
(3.36021 -0.330624 0)
(3.36862 -0.346733 0)
(3.38113 -0.364876 0)
(3.31364 -0.374706 0)
(3.05585 -0.35739 0)
(2.44966 -0.298806 0)
(1.31291 -0.124414 0)
(0.406428 -0.0293718 0)
(0.124923 -0.0271531 0)
(3.10964 -0.267622 0)
(3.14182 -0.256869 0)
(3.15423 -0.25751 0)
(3.18407 -0.257664 0)
(3.20996 -0.26545 0)
(3.24652 -0.279421 0)
(3.28606 -0.29931 0)
(3.32703 -0.321675 0)
(3.36186 -0.342732 0)
(3.38274 -0.354701 0)
(3.38067 -0.357459 0)
(3.36239 -0.354729 0)
(3.35355 -0.350168 0)
(3.34265 -0.354757 0)
(3.30299 -0.364286 0)
(3.14909 -0.363945 0)
(2.70811 -0.301699 0)
(1.76197 -0.18163 0)
(0.534322 0.00175627 0)
(0.194838 -0.0381396 0)
(3.14806 -0.340109 0)
(3.18559 -0.332629 0)
(3.19003 -0.319853 0)
(3.21158 -0.310782 0)
(3.21714 -0.2967 0)
(3.22931 -0.290253 0)
(3.24175 -0.285671 0)
(3.26578 -0.292554 0)
(3.29961 -0.304783 0)
(3.33744 -0.323346 0)
(3.369 -0.340333 0)
(3.3846 -0.348569 0)
(3.37035 -0.349615 0)
(3.3417 -0.348105 0)
(3.30716 -0.346209 0)
(3.20133 -0.340835 0)
(2.88895 -0.286077 0)
(2.15292 -0.245646 0)
(0.741513 0.00242724 0)
(0.223819 0.000714558 0)
(3.13743 -0.339486 0)
(3.19053 -0.360687 0)
(3.20968 -0.361597 0)
(3.24263 -0.370129 0)
(3.25991 -0.366579 0)
(3.27327 -0.359764 0)
(3.27914 -0.347422 0)
(3.28159 -0.332337 0)
(3.28727 -0.320689 0)
(3.3032 -0.316124 0)
(3.32976 -0.319504 0)
(3.35503 -0.328411 0)
(3.37166 -0.335261 0)
(3.37469 -0.333093 0)
(3.34352 -0.326426 0)
(3.25863 -0.310245 0)
(3.02478 -0.276195 0)
(2.44056 -0.230756 0)
(1.19085 -0.0435407 0)
(0.181008 0.100727 0)
(3.08601 -0.292286 0)
(3.1342 -0.310973 0)
(3.16148 -0.325514 0)
(3.20231 -0.34215 0)
(3.24068 -0.359309 0)
(3.27779 -0.37085 0)
(3.30853 -0.378149 0)
(3.32754 -0.375379 0)
(3.3359 -0.36693 0)
(3.33615 -0.352513 0)
(3.33716 -0.339471 0)
(3.3511 -0.330323 0)
(3.37721 -0.32526 0)
(3.39412 -0.322572 0)
(3.39613 -0.313219 0)
(3.36135 -0.295708 0)
(3.20258 -0.255303 0)
(2.72955 -0.177421 0)
(1.71217 -0.093941 0)
(0.0752243 0.116291 0)
(3.07811 -0.314335 0)
(3.11254 -0.307584 0)
(3.12775 -0.309727 0)
(3.15874 -0.310469 0)
(3.18918 -0.318912 0)
(3.22804 -0.330139 0)
(3.26893 -0.344547 0)
(3.30989 -0.360271 0)
(3.34219 -0.371385 0)
(3.36276 -0.377081 0)
(3.3714 -0.374725 0)
(3.37159 -0.367371 0)
(3.37042 -0.360244 0)
(3.38334 -0.354565 0)
(3.40726 -0.350958 0)
(3.40671 -0.344588 0)
(3.30589 -0.299296 0)
(2.91823 -0.266505 0)
(1.95927 -0.146454 0)
(0.120291 0.00175687 0)
(3.10623 -0.367894 0)
(3.14476 -0.36323 0)
(3.15429 -0.354661 0)
(3.17855 -0.348986 0)
(3.19329 -0.340596 0)
(3.21317 -0.337125 0)
(3.23541 -0.336822 0)
(3.26447 -0.343015 0)
(3.29861 -0.353123 0)
(3.3339 -0.365918 0)
(3.36152 -0.376461 0)
(3.3763 -0.383507 0)
(3.38287 -0.385771 0)
(3.38523 -0.387529 0)
(3.38556 -0.394567 0)
(3.38736 -0.39996 0)
(3.33919 -0.389334 0)
(3.07793 -0.402627 0)
(2.25149 -0.242298 0)
(0.447467 -0.123402 0)
(3.0959 -0.370018 0)
(3.14469 -0.383504 0)
(3.1642 -0.384725 0)
(3.19529 -0.39061 0)
(3.21714 -0.38992 0)
(3.23675 -0.388271 0)
(3.25362 -0.383806 0)
(3.27006 -0.37818 0)
(3.2902 -0.374834 0)
(3.31433 -0.373589 0)
(3.34313 -0.376283 0)
(3.37221 -0.380237 0)
(3.39099 -0.383821 0)
(3.39725 -0.386425 0)
(3.403 -0.387154 0)
(3.40677 -0.388077 0)
(3.38719 -0.374375 0)
(3.25013 -0.395164 0)
(2.69866 -0.263413 0)
(1.09297 -0.178206 0)
(3.06683 -0.361282 0)
(3.11134 -0.37148 0)
(3.1342 -0.378399 0)
(3.16739 -0.386797 0)
(3.19851 -0.395875 0)
(3.2299 -0.402957 0)
(3.25933 -0.40854 0)
(3.28498 -0.411263 0)
(3.3063 -0.411667 0)
(3.32454 -0.410496 0)
(3.34137 -0.409599 0)
(3.35724 -0.409879 0)
(3.37499 -0.411379 0)
(3.39605 -0.411758 0)
(3.40918 -0.411962 0)
(3.40653 -0.409117 0)
(3.38363 -0.389341 0)
(3.27553 -0.428846 0)
(2.84444 -0.269571 0)
(1.51624 -0.256254 0)
(3.06438 -0.384677 0)
(3.10339 -0.387271 0)
(3.12177 -0.388699 0)
(3.14999 -0.391277 0)
(3.17574 -0.394592 0)
(3.20396 -0.399073 0)
(3.23288 -0.40472 0)
(3.26268 -0.411283 0)
(3.29177 -0.417526 0)
(3.319 -0.422999 0)
(3.34322 -0.426207 0)
(3.36608 -0.427053 0)
(3.3888 -0.4253 0)
(3.4093 -0.421677 0)
(3.43261 -0.41527 0)
(3.47346 -0.402644 0)
(3.5397 -0.381642 0)
(3.60575 -0.39279 0)
(3.44732 -0.210678 0)
(2.65753 -0.270079 0)
(2.63479 -0.96054 0)
(2.5756 -0.742843 0)
(2.61647 -0.741055 0)
(2.5349 -0.562255 0)
(2.56745 -0.526043 0)
(2.47717 -0.378233 0)
(2.46905 -0.30466 0)
(2.36722 -0.175701 0)
(2.29467 -0.0767338 0)
(2.19779 0.0605266 0)
(2.03723 0.134105 0)
(1.91493 0.249303 0)
(1.7616 0.320539 0)
(1.6121 0.375086 0)
(1.47701 0.406335 0)
(1.35917 0.42161 0)
(1.26592 0.424041 0)
(1.17998 0.427901 0)
(1.09828 0.41808 0)
(1.05785 0.436714 0)
(2.74752 -0.952368 0)
(2.67347 -0.768011 0)
(2.71206 -0.74733 0)
(2.63085 -0.603408 0)
(2.66293 -0.549398 0)
(2.57688 -0.428385 0)
(2.57104 -0.337971 0)
(2.47207 -0.226362 0)
(2.40905 -0.0983765 0)
(2.29639 0.0216665 0)
(2.12954 0.121549 0)
(2.00175 0.252554 0)
(1.82443 0.34108 0)
(1.65414 0.408481 0)
(1.50103 0.448499 0)
(1.37034 0.46729 0)
(1.27041 0.46835 0)
(1.1794 0.468094 0)
(1.10395 0.456952 0)
(1.06954 0.475561 0)
(2.74509 -0.923241 0)
(2.67636 -0.749683 0)
(2.71117 -0.73003 0)
(2.63456 -0.592153 0)
(2.6661 -0.542986 0)
(2.584 -0.4244 0)
(2.58152 -0.342811 0)
(2.48932 -0.229639 0)
(2.42868 -0.112679 0)
(2.31244 -0.000114315 0)
(2.16065 0.109162 0)
(2.02749 0.237159 0)
(1.84515 0.328796 0)
(1.66732 0.399759 0)
(1.50693 0.444379 0)
(1.37024 0.466683 0)
(1.26635 0.46923 0)
(1.17438 0.470322 0)
(1.10336 0.461795 0)
(1.06902 0.4818 0)
(2.83772 -0.90976 0)
(2.75938 -0.762905 0)
(2.78989 -0.728879 0)
(2.71657 -0.617908 0)
(2.74478 -0.555855 0)
(2.66847 -0.457271 0)
(2.66717 -0.365005 0)
(2.57823 -0.264838 0)
(2.52141 -0.136038 0)
(2.3998 -0.0286595 0)
(2.24737 0.0985953 0)
(2.10565 0.233133 0)
(1.90552 0.336034 0)
(1.71028 0.416619 0)
(1.53305 0.468752 0)
(1.38326 0.494546 0)
(1.27208 0.496595 0)
(1.17548 0.495753 0)
(1.1105 0.487682 0)
(1.07928 0.509251 0)
(2.83476 -0.864747 0)
(2.76702 -0.733986 0)
(2.78893 -0.70201 0)
(2.72751 -0.600252 0)
(2.74912 -0.544601 0)
(2.68493 -0.451409 0)
(2.6835 -0.370886 0)
(2.60617 -0.271683 0)
(2.55318 -0.156135 0)
(2.43218 -0.0554662 0)
(2.29678 0.0792981 0)
(2.14685 0.20792 0)
(1.94038 0.315147 0)
(1.73494 0.401367 0)
(1.54582 0.460177 0)
(1.38594 0.490725 0)
(1.26831 0.49471 0)
(1.17014 0.495994 0)
(1.11285 0.491999 0)
(1.08115 0.51559 0)
(2.9081 -0.845531 0)
(2.83343 -0.731303 0)
(2.85141 -0.692449 0)
(2.79548 -0.6093 0)
(2.81021 -0.545573 0)
(2.75609 -0.467526 0)
(2.75173 -0.3818 0)
(2.68223 -0.291612 0)
(2.62839 -0.176927 0)
(2.51307 -0.073621 0)
(2.37918 0.0665631 0)
(2.21987 0.194899 0)
(2.00185 0.309218 0)
(1.78161 0.40281 0)
(1.57531 0.468282 0)
(1.40086 0.502032 0)
(1.27446 0.506259 0)
(1.17246 0.507625 0)
(1.12227 0.50516 0)
(1.09021 0.529883 0)
(2.90719 -0.795949 0)
(2.84217 -0.697637 0)
(2.85236 -0.66127 0)
(2.80921 -0.588211 0)
(2.81559 -0.530356 0)
(2.77728 -0.460564 0)
(2.76912 -0.384263 0)
(2.71448 -0.300249 0)
(2.6646 -0.195505 0)
(2.55667 -0.0974248 0)
(2.43492 0.0422231 0)
(2.26903 0.164509 0)
(2.0469 0.283212 0)
(1.81605 0.382756 0)
(1.59492 0.454851 0)
(1.40746 0.492775 0)
(1.27258 0.498718 0)
(1.16918 0.502362 0)
(1.12834 0.503365 0)
(1.0933 0.52837 0)
(2.96396 -0.772265 0)
(2.89298 -0.68181 0)
(2.9025 -0.645126 0)
(2.8615 -0.58231 0)
(2.86353 -0.522178 0)
(2.83389 -0.462365 0)
(2.82197 -0.386259 0)
(2.77835 -0.308552 0)
(2.72585 -0.210619 0)
(2.63009 -0.109754 0)
(2.50978 0.0248247 0)
(2.33823 0.144879 0)
(2.11039 0.267798 0)
(1.86661 0.372609 0)
(1.62745 0.450018 0)
(1.4237 0.49019 0)
(1.27842 0.496585 0)
(1.17262 0.501097 0)
(1.13924 0.502639 0)
(1.09883 0.525469 0)
(2.96572 -0.724941 0)
(2.90251 -0.648368 0)
(2.90739 -0.61304 0)
(2.87456 -0.559474 0)
(2.87223 -0.504006 0)
(2.85415 -0.453173 0)
(2.84034 -0.383544 0)
(2.80973 -0.31546 0)
(2.76156 -0.22442 0)
(2.67709 -0.129638 0)
(2.56418 -0.00162371 0)
(2.39113 0.114309 0)
(2.16234 0.239903 0)
(1.90843 0.349231 0)
(1.65266 0.431779 0)
(1.43359 0.474632 0)
(1.27816 0.482163 0)
(1.17175 0.488072 0)
(1.14668 0.490001 0)
(1.09759 0.508286 0)
(3.00838 -0.698526 0)
(2.94185 -0.625589 0)
(2.94759 -0.59318 0)
(2.91432 -0.543279 0)
(2.9111 -0.490429 0)
(2.89782 -0.444222 0)
(2.88274 -0.379351 0)
(2.86186 -0.315508 0)
(2.81296 -0.233516 0)
(2.7417 -0.139572 0)
(2.63017 -0.0211902 0)
(2.4572 0.0924789 0)
(2.22664 0.218938 0)
(1.96116 0.331063 0)
(1.68686 0.417206 0)
(1.44999 0.461228 0)
(1.28287 0.468906 0)
(1.17501 0.474803 0)
(1.15534 0.473958 0)
(1.0932 0.484024 0)
(3.01187 -0.656153 0)
(2.9524 -0.59499 0)
(2.95477 -0.56233 0)
(2.92658 -0.520376 0)
(2.92247 -0.470893 0)
(2.91573 -0.432318 0)
(2.90211 -0.372122 0)
(2.89011 -0.317911 0)
(2.84714 -0.241827 0)
(2.78769 -0.155117 0)
(2.68142 -0.0455609 0)
(2.5124 0.0649332 0)
(2.28277 0.19089 0)
(2.0076 0.305021 0)
(1.71574 0.394392 0)
(1.46168 0.439791 0)
(1.28303 0.447949 0)
(1.17415 0.453166 0)
(1.15855 0.447885 0)
(1.07881 0.446723 0)
(3.04329 -0.628973 0)
(2.98363 -0.570419 0)
(2.98552 -0.54106 0)
(2.95728 -0.499456 0)
(2.95315 -0.45517 0)
(2.94894 -0.417356 0)
(2.93606 -0.364168 0)
(2.93117 -0.312561 0)
(2.89075 -0.245799 0)
(2.84302 -0.162943 0)
(2.73979 -0.0636745 0)
(2.57604 0.043782 0)
(2.34693 0.167302 0)
(2.06137 0.281625 0)
(1.75071 0.37278 0)
(1.47751 0.418655 0)
(1.28571 0.426648 0)
(1.17417 0.429574 0)
(1.15848 0.416992 0)
(1.05557 0.401677 0)
(3.04834 -0.592228 0)
(2.99511 -0.543238 0)
(2.99321 -0.512567 0)
(2.96904 -0.477644 0)
(2.96451 -0.435693 0)
(2.96319 -0.403512 0)
(2.95357 -0.35426 0)
(2.95392 -0.310282 0)
(2.92077 -0.249471 0)
(2.88347 -0.17393 0)
(2.78636 -0.0838425 0)
(2.63081 0.0198374 0)
(2.40457 0.140126 0)
(2.11079 0.25401 0)
(1.78249 0.346537 0)
(1.49033 0.393057 0)
(1.28505 0.401155 0)
(1.16985 0.40064 0)
(1.15047 0.379134 0)
(1.01891 0.34851 0)
(3.07213 -0.566405 0)
(3.02036 -0.519724 0)
(3.01676 -0.49174 0)
(2.99417 -0.456077 0)
(2.98795 -0.419305 0)
(2.98785 -0.386359 0)
(2.97925 -0.344305 0)
(2.98371 -0.302015 0)
(2.95519 -0.249835 0)
(2.92696 -0.179535 0)
(2.83551 -0.0992263 0)
(2.68849 5.48516e-06 0)
(2.46566 0.115674 0)
(2.16426 0.22789 0)
(1.81843 0.32083 0)
(1.50591 0.367733 0)
(1.28547 0.375637 0)
(1.16447 0.370451 0)
(1.13634 0.338843 0)
(0.970341 0.293182 0)
(3.07874 -0.535487 0)
(3.0318 -0.495704 0)
(3.02542 -0.466748 0)
(3.00628 -0.436108 0)
(2.99937 -0.400397 0)
(2.99986 -0.371509 0)
(2.9943 -0.33294 0)
(3.00065 -0.295975 0)
(2.97915 -0.249931 0)
(2.95851 -0.186464 0)
(2.87469 -0.115055 0)
(2.73768 -0.0210876 0)
(2.52027 0.0893276 0)
(2.21359 0.199622 0)
(1.85208 0.292805 0)
(1.51961 0.340641 0)
(1.28361 0.348682 0)
(1.15534 0.338313 0)
(1.11456 0.297045 0)
(0.909694 0.238549 0)
(3.09727 -0.512501 0)
(3.05222 -0.474699 0)
(3.04486 -0.448099 0)
(3.02724 -0.41636 0)
(3.01887 -0.384477 0)
(3.02002 -0.354528 0)
(3.0154 -0.321735 0)
(3.02286 -0.285896 0)
(3.00635 -0.247402 0)
(2.99178 -0.189564 0)
(2.91498 -0.127201 0)
(2.78743 -0.0395124 0)
(2.57563 0.0646375 0)
(2.26418 0.172307 0)
(1.88752 0.265063 0)
(1.53445 0.314189 0)
(1.28184 0.322525 0)
(1.14442 0.306897 0)
(1.08798 0.257449 0)
(0.841441 0.189952 0)
(3.10436 -0.486996 0)
(3.06384 -0.454025 0)
(3.05436 -0.427322 0)
(3.03931 -0.398921 0)
(3.03054 -0.367495 0)
(3.03222 -0.340226 0)
(3.02994 -0.309849 0)
(3.03774 -0.27715 0)
(3.02783 -0.244623 0)
(3.01847 -0.192695 0)
(2.94963 -0.138577 0)
(2.83188 -0.0580166 0)
(2.62626 0.0396353 0)
(2.31156 0.144551 0)
(1.92094 0.236412 0)
(1.54745 0.287363 0)
(1.27787 0.296584 0)
(1.13047 0.276176 0)
(1.05768 0.221298 0)
(0.768184 0.15036 0)
(3.11766 -0.467467 0)
(3.08263 -0.436241 0)
(3.06937 -0.411416 0)
(3.05857 -0.382234 0)
(3.04583 -0.353677 0)
(3.05124 -0.325533 0)
(3.04661 -0.298672 0)
(3.05791 -0.266828 0)
(3.05219 -0.240286 0)
(3.04706 -0.19311 0)
(2.9865 -0.146836 0)
(2.8777 -0.0739236 0)
(2.67649 0.016869 0)
(2.35966 0.118444 0)
(1.95532 0.208596 0)
(1.56051 0.261483 0)
(1.27266 0.271825 0)
(1.11481 0.247067 0)
(1.02639 0.190507 0)
(0.693605 0.12208 0)
(3.12207 -0.446952 0)
(3.09695 -0.418793 0)
(3.07652 -0.394722 0)
(3.07363 -0.367707 0)
(3.05465 -0.33983 0)
(3.06626 -0.313268 0)
(3.05637 -0.287825 0)
(3.0748 -0.258696 0)
(3.07073 -0.235621 0)
(3.07051 -0.193544 0)
(3.01964 -0.153995 0)
(2.91953 -0.0879181 0)
(2.72175 -0.00411394 0)
(2.40554 0.0933509 0)
(1.98863 0.18156 0)
(1.57235 0.236444 0)
(1.26532 0.247955 0)
(1.09699 0.219006 0)
(0.994598 0.165418 0)
(0.620315 0.104483 0)
(3.13139 -0.43107 0)
(3.11347 -0.403914 0)
(3.08956 -0.381777 0)
(3.09127 -0.354352 0)
(3.06813 -0.328863 0)
(3.08323 -0.301367 0)
(3.06904 -0.278232 0)
(3.0917 -0.25123 0)
(3.08771 -0.229459 0)
(3.092 -0.193376 0)
(3.04989 -0.158983 0)
(2.95819 -0.0984929 0)
(2.76519 -0.0221346 0)
(2.45122 0.0700832 0)
(2.02328 0.156374 0)
(1.58497 0.212995 0)
(1.25757 0.225426 0)
(1.07803 0.192184 0)
(0.957688 0.146036 0)
(0.559194 0.0984756 0)
(1.01203 0.440941 0)
(0.980318 0.439112 0)
(0.941182 0.431256 0)
(0.893143 0.415361 0)
(0.836067 0.389025 0)
(0.771714 0.350115 0)
(0.704527 0.297329 0)
(0.642422 0.230443 0)
(0.594734 0.150758 0)
(0.568105 0.0616472 0)
(0.565851 -0.0316765 0)
(0.589919 -0.12324 0)
(0.639776 -0.207462 0)
(0.709589 -0.280153 0)
(0.789819 -0.339074 0)
(0.871576 -0.383713 0)
(0.948767 -0.414807 0)
(1.01782 -0.433943 0)
(1.07714 -0.443037 0)
(1.12661 -0.443812 0)
(1.01318 0.477467 0)
(0.971286 0.473219 0)
(0.917334 0.461815 0)
(0.849838 0.441599 0)
(0.769104 0.410602 0)
(0.678041 0.367386 0)
(0.582837 0.311632 0)
(0.493733 0.243947 0)
(0.423386 0.165792 0)
(0.38238 0.0798638 0)
(0.376897 -0.00992168 0)
(0.409332 -0.0992083 0)
(0.477302 -0.183775 0)
(0.571844 -0.260029 0)
(0.68014 -0.325422 0)
(0.790506 -0.378301 0)
(0.894735 -0.418014 0)
(0.987848 -0.445106 0)
(1.06743 -0.460864 0)
(1.13304 -0.466659 0)
(1.0062 0.483247 0)
(0.95908 0.478215 0)
(0.898253 0.465491 0)
(0.82253 0.443398 0)
(0.732974 0.410139 0)
(0.633505 0.364604 0)
(0.53138 0.30704 0)
(0.437605 0.238955 0)
(0.364814 0.162737 0)
(0.322696 0.0812344 0)
(0.316378 -0.00274942 0)
(0.34812 -0.0868351 0)
(0.416526 -0.168391 0)
(0.513807 -0.244115 0)
(0.627538 -0.310778 0)
(0.745541 -0.365885 0)
(0.858684 -0.408234 0)
(0.96092 -0.437996 0)
(1.04884 -0.456147 0)
(1.12148 -0.46397 0)
(1.00627 0.510187 0)
(0.950107 0.504356 0)
(0.876691 0.490118 0)
(0.78514 0.465892 0)
(0.677534 0.43026 0)
(0.559227 0.382543 0)
(0.438928 0.323287 0)
(0.328987 0.253973 0)
(0.243493 0.176599 0)
(0.193484 0.0936634 0)
(0.184794 0.00806229 0)
(0.219799 -0.0775168 0)
(0.296932 -0.160362 0)
(0.407803 -0.237531 0)
(0.538825 -0.306371 0)
(0.676307 -0.36467 0)
(0.809532 -0.411028 0)
(0.93094 -0.445024 0)
(1.03581 -0.466977 0)
(1.12236 -0.47789 0)
(0.997994 0.515596 0)
(0.933619 0.508535 0)
(0.849516 0.492304 0)
(0.745443 0.465441 0)
(0.624735 0.427005 0)
(0.49418 0.376952 0)
(0.36371 0.31651 0)
(0.246323 0.247844 0)
(0.156065 0.173384 0)
(0.103432 0.0954616 0)
(0.0936888 0.0161151 0)
(0.128992 -0.0633753 0)
(0.208095 -0.141614 0)
(0.323468 -0.216357 0)
(0.462009 -0.285025 0)
(0.609812 -0.34501 0)
(0.755381 -0.394314 0)
(0.889995 -0.431817 0)
(1.00757 -0.457201 0)
(1.10517 -0.471127 0)
(0.995213 0.52831 0)
(0.920999 0.519684 0)
(0.824051 0.50109 0)
(0.705104 0.471241 0)
(0.569032 0.429761 0)
(0.42417 0.377237 0)
(0.281603 0.315347 0)
(0.154967 0.246515 0)
(0.0584338 0.173221 0)
(0.00244901 0.0974835 0)
(-0.0082096 0.0208681 0)
(0.0282645 -0.0555918 0)
(0.111188 -0.131109 0)
(0.233246 -0.204163 0)
(0.381684 -0.272499 0)
(0.542262 -0.33363 0)
(0.70272 -0.385455 0)
(0.853268 -0.426392 0)
(0.986405 -0.455425 0)
(1.09764 -0.472673 0)
(0.984976 0.523509 0)
(0.900097 0.512015 0)
(0.78995 0.489698 0)
(0.656816 0.455962 0)
(0.507314 0.411369 0)
(0.351214 0.357335 0)
(0.200449 0.296081 0)
(0.068677 0.230281 0)
(-0.0303805 0.162029 0)
(-0.0871346 0.0927908 0)
(-0.0978641 0.0237651 0)
(-0.0612957 -0.0450917 0)
(0.0222716 -0.113446 0)
(0.14678 -0.180492 0)
(0.300002 -0.245167 0)
(0.468301 -0.305254 0)
(0.639368 -0.358585 0)
(0.802894 -0.402991 0)
(0.950175 -0.436444 0)
(1.07478 -0.457983 0)
(0.975375 0.515013 0)
(0.878596 0.499162 0)
(0.754425 0.471715 0)
(0.607247 0.433133 0)
(0.4454 0.385051 0)
(0.279686 0.329592 0)
(0.122542 0.269454 0)
(-0.0125377 0.207254 0)
(-0.112206 0.144795 0)
(-0.168444 0.0831664 0)
(-0.178508 0.0229312 0)
(-0.141552 -0.0369332 0)
(-0.0578162 -0.0974337 0)
(0.0680551 -0.158179 0)
(0.224883 -0.21855 0)
(0.399424 -0.277183 0)
(0.579607 -0.33172 0)
(0.755151 -0.379606 0)
(0.916626 -0.417901 0)
(1.05551 -0.444409 0)
(0.956561 0.489135 0)
(0.846599 0.466915 0)
(0.708367 0.432753 0)
(0.548917 0.388882 0)
(0.378029 0.338245 0)
(0.206901 0.283448 0)
(0.0477276 0.227275 0)
(-0.0863774 0.17168 0)
(-0.183676 0.118169 0)
(-0.237528 0.067514 0)
(-0.246252 0.0191064 0)
(-0.209561 -0.0288363 0)
(-0.127469 -0.0781541 0)
(-0.00395539 -0.129449 0)
(0.151805 -0.18278 0)
(0.327343 -0.237232 0)
(0.511695 -0.291141 0)
(0.695514 -0.341873 0)
(0.86943 -0.38554 0)
(1.02284 -0.418169 0)
(0.931711 0.452225 0)
(0.807539 0.421298 0)
(0.656235 0.378833 0)
(0.487498 0.329241 0)
(0.311587 0.276649 0)
(0.139143 0.223946 0)
(-0.018321 0.173312 0)
(-0.148317 0.12661 0)
(-0.241075 0.0846769 0)
(-0.291193 0.0470999 0)
(-0.298088 0.0124068 0)
(-0.261985 -0.0219002 0)
(-0.18273 -0.0583721 0)
(-0.0632631 -0.0987866 0)
(0.0885482 -0.143921 0)
(0.261728 -0.193398 0)
(0.446505 -0.246245 0)
(0.63517 -0.299774 0)
(0.819528 -0.349329 0)
(0.987537 -0.389081 0)
(0.893323 0.398525 0)
(0.75447 0.357 0)
(0.59269 0.305679 0)
(0.419659 0.251392 0)
(0.244662 0.198994 0)
(0.0766503 0.150949 0)
(-0.0739913 0.108727 0)
(-0.196458 0.0736004 0)
(-0.282139 0.0455995 0)
(-0.327166 0.0230743 0)
(-0.332004 0.00371404 0)
(-0.29722 -0.015524 0)
(-0.222624 -0.0377316 0)
(-0.11022 -0.0655647 0)
(0.033254 -0.100725 0)
(0.198677 -0.143559 0)
(0.377949 -0.193549 0)
(0.566002 -0.248645 0)
(0.757267 -0.303871 0)
(0.939329 -0.351462 0)
(0.842288 0.333648 0)
(0.689556 0.280199 0)
(0.521737 0.220268 0)
(0.350603 0.162726 0)
(0.182597 0.112437 0)
(0.024201 0.0708953 0)
(-0.11551 0.0391868 0)
(-0.227538 0.0174778 0)
(-0.304467 0.00448539 0)
(-0.343819 -0.00224676 0)
(-0.346695 -0.00581794 0)
(-0.313949 -0.00971279 0)
(-0.245469 -0.0174204 0)
(-0.142456 -0.0322803 0)
(-0.010365 -0.0568683 0)
(0.143257 -0.0923475 0)
(0.312299 -0.138738 0)
(0.494738 -0.194752 0)
(0.688939 -0.255499 0)
(0.883809 -0.311508 0)
(0.774388 0.259113 0)
(0.610436 0.19399 0)
(0.442993 0.127455 0)
(0.281183 0.0693864 0)
(0.126892 0.0236578 0)
(-0.0164656 -0.00949183 0)
(-0.14181 -0.0294396 0)
(-0.240787 -0.0369764 0)
(-0.307657 -0.0349179 0)
(-0.341029 -0.0263744 0)
(-0.342303 -0.0149905 0)
(-0.312533 -0.00426843 0)
(-0.251506 0.00192755 0)
(-0.160063 -0.000318696 0)
(-0.0425087 -0.014239 0)
(0.0948064 -0.0416938 0)
(0.248058 -0.0833036 0)
(0.418733 -0.138742 0)
(0.610514 -0.203869 0)
(0.815814 -0.268196 0)
(0.692468 0.182516 0)
(0.522006 0.107032 0)
(0.362318 0.0365703 0)
(0.216877 -0.0197116 0)
(0.0813917 -0.0592271 0)
(-0.0434158 -0.0824318 0)
(-0.151704 -0.0903569 0)
(-0.23602 -0.0849169 0)
(-0.292242 -0.0692252 0)
(-0.319728 -0.047123 0)
(-0.31998 -0.0225 0)
(-0.29404 0.000927456 0)
(-0.241595 0.0191722 0)
(-0.163372 0.0281886 0)
(-0.0626707 0.0245338 0)
(0.0554319 0.00537364 0)
(0.18875 -0.0308775 0)
(0.342446 -0.0846792 0)
(0.526535 -0.152922 0)
(0.73922 -0.225319 0)
(0.59775 0.108709 0)
(0.426927 0.025523 0)
(0.283037 -0.0454552 0)
(0.159946 -0.0974608 0)
(0.0470168 -0.128958 0)
(-0.0566919 -0.142368 0)
(-0.145852 -0.139432 0)
(-0.214809 -0.122736 0)
(-0.260446 -0.0958399 0)
(-0.282527 -0.0628697 0)
(-0.282332 -0.0277248 0)
(-0.26074 0.00581616 0)
(-0.21766 0.0338293 0)
(-0.153781 0.0523323 0)
(-0.0717034 0.0576136 0)
(0.0248687 0.0464725 0)
(0.134691 0.0164639 0)
(0.265991 -0.0343706 0)
(0.436451 -0.103746 0)
(0.65236 -0.183305 0)
(0.494928 0.0448065 0)
(0.330086 -0.0435447 0)
(0.208713 -0.111814 0)
(0.111959 -0.157867 0)
(0.0238264 -0.181327 0)
(-0.0574117 -0.186009 0)
(-0.127101 -0.17415 0)
(-0.180855 -0.148809 0)
(-0.216392 -0.113752 0)
(-0.233588 -0.0730903 0)
(-0.233366 -0.0305647 0)
(-0.216403 0.0101497 0)
(-0.182874 0.0453151 0)
(-0.133524 0.0711414 0)
(-0.0705074 0.0838459 0)
(0.00327887 0.0800534 0)
(0.0872838 0.0568069 0)
(0.191872 0.00997159 0)
(0.34302 -0.0583818 0)
(0.557392 -0.144437 0)
(0.386486 -0.00477861 0)
(0.234252 -0.0963069 0)
(0.140285 -0.159621 0)
(0.0725896 -0.19922 0)
(0.0103689 -0.215368 0)
(-0.0480905 -0.213075 0)
(-0.0987615 -0.194758 0)
(-0.138089 -0.163684 0)
(-0.164272 -0.123613 0)
(-0.177082 -0.0784269 0)
(-0.177061 -0.0316102 0)
(-0.164708 0.0133725 0)
(-0.140442 0.0530501 0)
(-0.105141 0.0839324 0)
(-0.0607807 0.102355 0)
(-0.00994828 0.105174 0)
(0.0471716 0.0892821 0)
(0.121803 0.0477531 0)
(0.247996 -0.0164614 0)
(0.454228 -0.109293 0)
(0.275049 -0.0372626 0)
(0.144232 -0.12942 0)
(0.0807564 -0.185497 0)
(0.0422399 -0.219519 0)
(0.00496993 -0.230311 0)
(-0.0319192 -0.223715 0)
(-0.0648221 -0.202016 0)
(-0.0909128 -0.168538 0)
(-0.108591 -0.126745 0)
(-0.117434 -0.0802045 0)
(-0.117651 -0.0321577 0)
(-0.109584 0.014169 0)
(-0.0938343 0.0555862 0)
(-0.0713783 0.0889696 0)
(-0.0441221 0.111095 0)
(-0.0145248 0.119103 0)
(0.0173269 0.110614 0)
(0.0605428 0.0756479 0)
(0.155876 0.0209857 0)
(0.341385 -0.0780507 0)
(0.144251 -0.0531426 0)
(0.0517713 -0.136788 0)
(0.0228784 -0.175905 0)
(0.0154302 -0.203764 0)
(0.00325188 -0.212313 0)
(-0.0123401 -0.206665 0)
(-0.0279963 -0.187485 0)
(-0.0411849 -0.157345 0)
(-0.0504832 -0.119405 0)
(-0.0553354 -0.0768748 0)
(-0.055705 -0.0328141 0)
(-0.0517849 0.00977594 0)
(-0.0441765 0.0479664 0)
(-0.0337856 0.0790654 0)
(-0.0223728 0.100595 0)
(-0.0124113 0.110401 0)
(-0.00511723 0.1092 0)
(0.00193088 0.0843482 0)
(0.0568047 0.0542196 0)
(0.196854 -0.0459611 0)
(0.075048 -0.0495675 0)
(0.0065838 -0.118697 0)
(-0.00424839 -0.111007 0)
(-0.000296714 -0.122636 0)
(0.000809661 -0.125767 0)
(-0.000963884 -0.123901 0)
(-0.00422308 -0.114677 0)
(-0.00753216 -0.0984543 0)
(-0.0100968 -0.0766435 0)
(-0.0115518 -0.0513014 0)
(-0.0118049 -0.0246278 0)
(-0.010918 0.00124052 0)
(-0.00918935 0.0242603 0)
(-0.00708133 0.0428718 0)
(-0.00549129 0.0563261 0)
(-0.00569542 0.0647503 0)
(-0.00852264 0.0743612 0)
(-0.0139766 0.0693216 0)
(0.00928246 0.099558 0)
(0.115595 -0.00292499 0)
(1.20414 -0.432577 0)
(1.2458 -0.374081 0)
(1.30281 -0.344589 0)
(1.37213 -0.307531 0)
(1.42808 -0.279481 0)
(1.49338 -0.244184 0)
(1.55888 -0.209417 0)
(1.62882 -0.160827 0)
(1.70255 -0.127256 0)
(1.76156 -0.0378559 0)
(1.83629 -0.0247423 0)
(1.88217 0.11689 0)
(1.93886 0.106211 0)
(1.96776 0.292996 0)
(2.00683 0.263096 0)
(2.03801 0.486173 0)
(2.04414 0.445609 0)
(2.04743 0.711504 0)
(2.04329 0.66147 0)
(1.98714 0.979341 0)
(1.23417 -0.462087 0)
(1.28268 -0.405917 0)
(1.33031 -0.3743 0)
(1.39867 -0.336685 0)
(1.45506 -0.311135 0)
(1.52254 -0.275568 0)
(1.59273 -0.240374 0)
(1.66491 -0.186895 0)
(1.75166 -0.15295 0)
(1.8061 -0.0507271 0)
(1.89844 -0.0399809 0)
(1.94006 0.115432 0)
(2.00657 0.109306 0)
(2.04015 0.300202 0)
(2.07805 0.283716 0)
(2.12477 0.504518 0)
(2.12616 0.478207 0)
(2.15096 0.743713 0)
(2.14348 0.708503 0)
(2.13204 1.03653 0)
(1.23367 -0.462505 0)
(1.28989 -0.408932 0)
(1.33528 -0.378476 0)
(1.40171 -0.339932 0)
(1.45835 -0.314934 0)
(1.52683 -0.279248 0)
(1.59894 -0.242831 0)
(1.67256 -0.187972 0)
(1.76298 -0.151964 0)
(1.81686 -0.0486898 0)
(1.9112 -0.0326549 0)
(1.95575 0.116703 0)
(2.01782 0.122076 0)
(2.05901 0.301463 0)
(2.08922 0.297298 0)
(2.14408 0.507031 0)
(2.13847 0.489033 0)
(2.17394 0.744312 0)
(2.1603 0.717168 0)
(2.16242 1.02757 0)
(1.25532 -0.481178 0)
(1.31961 -0.429372 0)
(1.35818 -0.398703 0)
(1.42378 -0.359945 0)
(1.4811 -0.336823 0)
(1.55214 -0.301257 0)
(1.62891 -0.263746 0)
(1.70573 -0.205326 0)
(1.80665 -0.167758 0)
(1.85906 -0.0560505 0)
(1.96453 -0.0382253 0)
(2.00991 0.11715 0)
(2.07548 0.129413 0)
(2.12465 0.309471 0)
(2.15009 0.315862 0)
(2.22064 0.523372 0)
(2.20758 0.514909 0)
(2.26453 0.768678 0)
(2.24355 0.749098 0)
(2.28137 1.06145 0)
(1.25539 -0.479304 0)
(1.33147 -0.431334 0)
(1.36692 -0.403028 0)
(1.4296 -0.363373 0)
(1.48744 -0.341123 0)
(1.5605 -0.305593 0)
(1.64088 -0.26626 0)
(1.71999 -0.205625 0)
(1.82694 -0.164918 0)
(1.87928 -0.0521464 0)
(1.9867 -0.025878 0)
(2.03733 0.120363 0)
(2.09624 0.148461 0)
(2.15629 0.312866 0)
(2.1713 0.335581 0)
(2.25266 0.527443 0)
(2.23098 0.530705 0)
(2.30131 0.768669 0)
(2.27362 0.759476 0)
(2.32693 1.04892 0)
(1.26862 -0.486287 0)
(1.35527 -0.440986 0)
(1.38644 -0.414957 0)
(1.44805 -0.375787 0)
(1.50695 -0.354855 0)
(1.58335 -0.319738 0)
(1.66917 -0.278647 0)
(1.75208 -0.21502 0)
(1.86823 -0.171442 0)
(1.92161 -0.0543673 0)
(2.03456 -0.0219035 0)
(2.09 0.123346 0)
(2.14797 0.160348 0)
(2.2167 0.322146 0)
(2.22655 0.352832 0)
(2.31972 0.541676 0)
(2.29245 0.551105 0)
(2.3787 0.785137 0)
(2.34546 0.779313 0)
(2.42292 1.0641 0)
(1.26691 -0.478674 0)
(1.36821 -0.438466 0)
(1.39669 -0.416399 0)
(1.45538 -0.377347 0)
(1.51546 -0.357442 0)
(1.59502 -0.322638 0)
(1.68603 -0.27938 0)
(1.77199 -0.213142 0)
(1.89499 -0.165755 0)
(1.94995 -0.0486797 0)
(2.06292 -0.00604494 0)
(2.1253 0.129033 0)
(2.17592 0.181092 0)
(2.25539 0.327923 0)
(2.25531 0.373046 0)
(2.35817 0.546128 0)
(2.32362 0.567029 0)
(2.42088 0.78289 0)
(2.38353 0.787347 0)
(2.47261 1.04892 0)
(1.27057 -0.473257 0)
(1.38619 -0.437701 0)
(1.41292 -0.420602 0)
(1.4706 -0.383187 0)
(1.53242 -0.364264 0)
(1.61643 -0.330147 0)
(1.71408 -0.284697 0)
(1.80435 -0.215689 0)
(1.93541 -0.164402 0)
(1.9937 -0.0465142 0)
(2.1076 0.00511076 0)
(2.17683 0.13488 0)
(2.22425 0.195956 0)
(2.31104 0.338034 0)
(2.30713 0.38885 0)
(2.41669 0.557426 0)
(2.38005 0.582772 0)
(2.48602 0.791542 0)
(2.44722 0.798712 0)
(2.54977 1.0499 0)
(1.26294 -0.457364 0)
(1.39657 -0.428524 0)
(1.42243 -0.417327 0)
(1.47809 -0.381766 0)
(1.54207 -0.363917 0)
(1.6306 -0.330422 0)
(1.73507 -0.282649 0)
(1.82918 -0.210967 0)
(1.96664 -0.155333 0)
(2.02845 -0.0390215 0)
(2.14037 0.0230299 0)
(2.21657 0.143114 0)
(2.25732 0.2157 0)
(2.35231 0.34553 0)
(2.34108 0.406535 0)
(2.45675 0.560969 0)
(2.41627 0.595864 0)
(2.52822 0.786091 0)
(2.48939 0.802601 0)
(2.59777 1.03157 0)
(1.25491 -0.440262 0)
(1.40753 -0.418293 0)
(1.43454 -0.414315 0)
(1.48991 -0.38188 0)
(1.55672 -0.36493 0)
(1.65104 -0.332368 0)
(1.76354 -0.282233 0)
(1.86256 -0.207962 0)
(2.0065 -0.147669 0)
(2.07318 -0.0332531 0)
(2.18387 0.0382732 0)
(2.26633 0.151761 0)
(2.30351 0.231408 0)
(2.40317 0.355583 0)
(2.39054 0.4203 0)
(2.50755 0.568545 0)
(2.46914 0.607269 0)
(2.5828 0.787486 0)
(2.54644 0.807268 0)
(2.66006 1.02204 0)
(1.23707 -0.416233 0)
(1.41197 -0.402181 0)
(1.44108 -0.40582 0)
(1.49619 -0.377117 0)
(1.56655 -0.361216 0)
(1.66687 -0.329543 0)
(1.78779 -0.277118 0)
(1.89163 -0.200332 0)
(2.04048 -0.135144 0)
(2.11263 -0.0241624 0)
(2.21967 0.0565213 0)
(2.30806 0.162222 0)
(2.34016 0.248821 0)
(2.44428 0.363452 0)
(2.42835 0.434303 0)
(2.54631 0.569912 0)
(2.50836 0.616331 0)
(2.62207 0.778518 0)
(2.58886 0.806009 0)
(2.70366 1.00038 0)
(1.21492 -0.390863 0)
(1.41439 -0.384465 0)
(1.44787 -0.396607 0)
(1.50447 -0.372539 0)
(1.57927 -0.357465 0)
(1.68688 -0.326849 0)
(1.8172 -0.27218 0)
(1.92682 -0.193041 0)
(2.08013 -0.122885 0)
(2.15906 -0.0154986 0)
(2.26194 0.0730646 0)
(2.35559 0.172814 0)
(2.3852 0.263581 0)
(2.49022 0.372323 0)
(2.47601 0.445406 0)
(2.5899 0.573443 0)
(2.55737 0.623405 0)
(2.66723 0.773607 0)
(2.63874 0.804635 0)
(2.75397 0.983261 0)
(1.18351 -0.362444 0)
(1.411 -0.36324 0)
(1.45003 -0.383645 0)
(1.50893 -0.364887 0)
(1.58915 -0.350604 0)
(1.70453 -0.320953 0)
(1.84466 -0.264219 0)
(1.96011 -0.182879 0)
(2.11634 -0.107946 0)
(2.20181 -0.00454587 0)
(2.29978 0.0905443 0)
(2.39692 0.184162 0)
(2.42392 0.278203 0)
(2.52865 0.379228 0)
(2.51531 0.455664 0)
(2.62451 0.572123 0)
(2.59673 0.628007 0)
(2.7018 0.761456 0)
(2.67819 0.797821 0)
(2.79214 0.958304 0)
(1.14671 -0.334636 0)
(1.4049 -0.341482 0)
(1.45157 -0.369967 0)
(1.51423 -0.357025 0)
(1.60094 -0.34328 0)
(1.72534 -0.314559 0)
(1.87605 -0.255821 0)
(1.99794 -0.172437 0)
(2.15607 -0.0928836 0)
(2.24794 0.0065472 0)
(2.3416 0.106736 0)
(2.4406 0.195433 0)
(2.46674 0.291044 0)
(2.56835 0.386154 0)
(2.55993 0.463949 0)
(2.6605 0.571596 0)
(2.64156 0.630442 0)
(2.73949 0.751425 0)
(2.72098 0.790377 0)
(2.83321 0.935679 0)
(1.10361 -0.307271 0)
(1.39464 -0.318614 0)
(1.44976 -0.354098 0)
(1.51699 -0.347436 0)
(1.61119 -0.334022 0)
(1.74515 -0.306065 0)
(1.90673 -0.245441 0)
(2.03502 -0.160037 0)
(2.19336 -0.0762687 0)
(2.29083 0.0190537 0)
(2.37996 0.122743 0)
(2.47934 0.206859 0)
(2.50472 0.302978 0)
(2.60183 0.391012 0)
(2.59886 0.470652 0)
(2.6913 0.567079 0)
(2.67964 0.629756 0)
(2.77113 0.736653 0)
(2.75634 0.778245 0)
(2.86623 0.908095 0)
(1.0579 -0.282664 0)
(1.38318 -0.296457 0)
(1.44704 -0.337722 0)
(1.51953 -0.337627 0)
(1.62226 -0.324296 0)
(1.76674 -0.296918 0)
(1.93959 -0.234417 0)
(2.07473 -0.146929 0)
(2.23269 -0.0593684 0)
(2.33512 0.0319175 0)
(2.42054 0.137545 0)
(2.51911 0.217891 0)
(2.54567 0.313737 0)
(2.63581 0.39495 0)
(2.64097 0.475128 0)
(2.72438 0.562442 0)
(2.7199 0.626858 0)
(2.80461 0.72287 0)
(2.79275 0.765738 0)
(2.89987 0.881944 0)
(1.00968 -0.261025 0)
(1.3707 -0.274569 0)
(1.44144 -0.319678 0)
(1.51907 -0.326812 0)
(1.63124 -0.31337 0)
(1.7867 -0.286327 0)
(1.97079 -0.22208 0)
(2.11313 -0.13257 0)
(2.27095 -0.0418241 0)
(2.37781 0.0454527 0)
(2.46003 0.151421 0)
(2.55639 0.228125 0)
(2.58548 0.323241 0)
(2.66776 0.396864 0)
(2.67981 0.47683 0)
(2.75495 0.554936 0)
(2.75492 0.621166 0)
(2.83305 0.706138 0)
(2.82416 0.749889 0)
(2.92744 0.852729 0)
(0.958964 -0.242757 0)
(1.35893 -0.253698 0)
(1.43347 -0.300055 0)
(1.51577 -0.315507 0)
(1.63843 -0.301973 0)
(1.80594 -0.274948 0)
(2.00126 -0.209212 0)
(2.15165 -0.118204 0)
(2.31127 -0.0249457 0)
(2.42277 0.0587493 0)
(2.50293 0.163947 0)
(2.59596 0.237162 0)
(2.6288 0.331244 0)
(2.70296 0.397837 0)
(2.72097 0.4766 0)
(2.78496 0.547369 0)
(2.79073 0.614301 0)
(2.85964 0.689596 0)
(2.85648 0.733696 0)
(2.95327 0.824549 0)
(0.901756 -0.226314 0)
(1.34349 -0.233622 0)
(1.42107 -0.277449 0)
(1.50781 -0.303139 0)
(1.64223 -0.289833 0)
(1.82307 -0.262443 0)
(2.02946 -0.195629 0)
(2.18822 -0.104368 0)
(2.35161 -0.00953995 0)
(2.4674 0.0713445 0)
(2.54605 0.174995 0)
(2.63485 0.244767 0)
(2.67158 0.337259 0)
(2.73796 0.39732 0)
(2.75975 0.475202 0)
(2.80973 0.538303 0)
(2.82364 0.605462 0)
(2.88028 0.670972 0)
(2.8864 0.71484 0)
(2.97284 0.794621 0)
(0.838869 -0.210151 0)
(1.31362 -0.215111 0)
(1.40478 -0.252618 0)
(1.49697 -0.290112 0)
(1.64528 -0.277609 0)
(1.84153 -0.249364 0)
(2.05949 -0.18176 0)
(2.22656 -0.0919935 0)
(2.39215 0.00349051 0)
(2.51025 0.0828307 0)
(2.58796 0.184426 0)
(2.67095 0.25084 0)
(2.71197 0.341453 0)
(2.76997 0.396137 0)
(2.79563 0.474191 0)
(2.83314 0.529061 0)
(2.85474 0.595795 0)
(2.90123 0.652154 0)
(2.91396 0.695376 0)
(2.99104 0.765561 0)
(0.603463 0.0287759 0)
(1.12289 -0.145542 0)
(1.32117 -0.158395 0)
(1.44722 -0.236095 0)
(1.66148 -0.229823 0)
(1.92586 -0.195966 0)
(2.19342 -0.124834 0)
(2.39181 -0.0429225 0)
(2.5484 0.0534037 0)
(2.66737 0.126849 0)
(2.74061 0.218146 0)
(2.79762 0.270548 0)
(2.84823 0.350914 0)
(2.87714 0.386946 0)
(2.91575 0.463113 0)
(2.93084 0.485823 0)
(2.95858 0.546322 0)
(2.98809 0.570384 0)
(3.00207 0.608956 0)
(3.06271 0.64159 0)
(0.614469 -0.0531585 0)
(0.964636 -0.0607748 0)
(1.13231 -0.168479 0)
(1.37413 -0.176995 0)
(1.72608 -0.187707 0)
(2.12738 -0.11627 0)
(2.45481 -0.0372657 0)
(2.68094 0.0393281 0)
(2.80391 0.115386 0)
(2.88285 0.170514 0)
(2.94505 0.214973 0)
(2.95097 0.256626 0)
(2.99916 0.288807 0)
(2.98988 0.317367 0)
(3.03197 0.344483 0)
(3.01945 0.362849 0)
(3.04937 0.390508 0)
(3.04562 0.397731 0)
(3.06448 0.4197 0)
(3.08431 0.422034 0)
(0.280328 -0.0194496 0)
(0.741104 -0.116424 0)
(1.0144 -0.152589 0)
(1.36927 -0.200752 0)
(1.89825 -0.150637 0)
(2.39249 -0.0860854 0)
(2.70284 -0.0112881 0)
(2.87732 0.0425596 0)
(2.96327 0.0711718 0)
(2.9826 0.115079 0)
(3.00941 0.121271 0)
(3.02592 0.159633 0)
(3.03179 0.166796 0)
(3.0507 0.205834 0)
(3.05657 0.211005 0)
(3.06559 0.24822 0)
(3.07513 0.252791 0)
(3.07061 0.279674 0)
(3.08378 0.287799 0)
(3.08242 0.302707 0)
(0.182453 -0.0191239 0)
(0.529043 -0.0595142 0)
(0.855711 -0.13333 0)
(1.36538 -0.141536 0)
(2.05445 -0.11412 0)
(2.58123 -0.0587416 0)
(2.84458 -0.0250916 0)
(2.95373 0.00807169 0)
(3.01517 0.0304134 0)
(3.05616 0.0534848 0)
(3.06425 0.0906135 0)
(3.11539 0.115804 0)
(3.11759 0.151734 0)
(3.14845 0.179122 0)
(3.14403 0.206967 0)
(3.15383 0.228207 0)
(3.1487 0.247072 0)
(3.14328 0.260291 0)
(3.14242 0.270821 0)
(3.13477 0.278424 0)
(0.0360623 -0.0127818 0)
(0.386106 -0.0624943 0)
(0.777106 -0.0991781 0)
(1.42064 -0.110565 0)
(2.19265 -0.0641222 0)
(2.69067 -0.0473109 0)
(2.9461 -0.00959202 0)
(3.06892 0.0137123 0)
(3.12647 0.0656732 0)
(3.18318 0.0925818 0)
(3.21827 0.140714 0)
(3.22136 0.163914 0)
(3.24301 0.19783 0)
(3.22535 0.206345 0)
(3.22006 0.228897 0)
(3.19415 0.228641 0)
(3.17965 0.240483 0)
(3.15154 0.237239 0)
(3.14174 0.24186 0)
(3.10968 0.232116 0)
(-0.051649 -0.00398864 0)
(0.259244 -0.0232672 0)
(0.717556 -0.047662 0)
(1.46154 -0.033407 0)
(2.26078 0.00546316 0)
(2.76334 0.033646 0)
(3.0396 0.0740102 0)
(3.19238 0.106201 0)
(3.26817 0.129833 0)
(3.2821 0.161202 0)
(3.30206 0.163587 0)
(3.28149 0.179624 0)
(3.26278 0.176476 0)
(3.23894 0.1817 0)
(3.21615 0.176324 0)
(3.19239 0.180714 0)
(3.17148 0.177808 0)
(3.14644 0.181482 0)
(3.13161 0.181209 0)
(3.09425 0.18223 0)
(-0.0514977 0.00576929 0)
(0.239826 0.01419 0)
(0.726662 0.0118891 0)
(1.56503 0.0350817 0)
(2.37862 0.0934503 0)
(2.89577 0.123039 0)
(3.15146 0.158295 0)
(3.24606 0.172526 0)
(3.28428 0.168921 0)
(3.29045 0.165137 0)
(3.26492 0.157855 0)
(3.26529 0.154686 0)
(3.23872 0.152951 0)
(3.22818 0.159872 0)
(3.21074 0.162948 0)
(3.19712 0.170811 0)
(3.18148 0.176052 0)
(3.15825 0.181436 0)
(3.14507 0.185215 0)
(3.10892 0.1911 0)
(0.0140709 0.00933335 0)
(0.288703 0.0366215 0)
(0.790955 0.0455522 0)
(1.72467 0.0988036 0)
(2.52339 0.171929 0)
(2.98139 0.200408 0)
(3.17771 0.216173 0)
(3.23457 0.204966 0)
(3.22934 0.206238 0)
(3.24489 0.194476 0)
(3.25642 0.202601 0)
(3.26194 0.205538 0)
(3.27012 0.21884 0)
(3.26196 0.225466 0)
(3.24675 0.236705 0)
(3.22415 0.238277 0)
(3.20177 0.241918 0)
(3.17244 0.237816 0)
(3.15611 0.23727 0)
(3.11621 0.229015 0)
(0.0867448 0.0113629 0)
(0.35315 0.0370481 0)
(0.901657 0.0678106 0)
(1.93524 0.159714 0)
(2.66049 0.236602 0)
(3.02007 0.246585 0)
(3.14921 0.258993 0)
(3.20595 0.245496 0)
(3.24484 0.247442 0)
(3.26263 0.257784 0)
(3.29766 0.263851 0)
(3.30594 0.26954 0)
(3.30188 0.270969 0)
(3.28022 0.266081 0)
(3.25095 0.259346 0)
(3.21441 0.250468 0)
(3.17987 0.241342 0)
(3.1436 0.229951 0)
(3.1201 0.222633 0)
(3.08048 0.206503 0)
(0.166193 0.0180421 0)
(0.4707 -0.0106541 0)
(1.19789 0.0598461 0)
(2.23985 0.174486 0)
(2.80668 0.238202 0)
(3.06078 0.237344 0)
(3.16742 0.2505 0)
(3.21605 0.252972 0)
(3.2651 0.255279 0)
(3.2969 0.261328 0)
(3.29586 0.256333 0)
(3.28696 0.248429 0)
(3.25962 0.231997 0)
(3.22977 0.220572 0)
(3.19814 0.205992 0)
(3.16918 0.199236 0)
(3.1407 0.192983 0)
(3.11023 0.192373 0)
(3.09066 0.191569 0)
(3.05529 0.194596 0)
(0.114494 0.0379217 0)
(0.470379 -0.0328164 0)
(1.52881 0.102947 0)
(2.46251 0.167837 0)
(2.89521 0.233801 0)
(3.08778 0.216877 0)
(3.18834 0.237717 0)
(3.2547 0.226557 0)
(3.2723 0.233596 0)
(3.27786 0.226955 0)
(3.26135 0.220316 0)
(3.23649 0.212053 0)
(3.21502 0.207156 0)
(3.19828 0.205135 0)
(3.1839 0.207758 0)
(3.16991 0.211143 0)
(3.15587 0.216815 0)
(3.13654 0.224423 0)
(3.12512 0.230685 0)
(3.0882 0.241252 0)
(0.196422 0.0368258 0)
(0.678108 -0.0321936 0)
(1.90261 0.141472 0)
(2.6554 0.144448 0)
(2.98231 0.231371 0)
(3.12545 0.216132 0)
(3.18425 0.252819 0)
(3.23081 0.244171 0)
(3.25975 0.247507 0)
(3.25492 0.247137 0)
(3.24892 0.248638 0)
(3.24072 0.25188 0)
(3.2354 0.26073 0)
(3.22537 0.266182 0)
(3.21278 0.273641 0)
(3.19516 0.2754 0)
(3.1773 0.276843 0)
(3.15371 0.271642 0)
(3.13722 0.270631 0)
(3.09627 0.259067 0)
(0.110206 0.00259931 0)
(0.753578 0.0125312 0)
(2.00971 0.198586 0)
(2.71935 0.189277 0)
(3.01537 0.268109 0)
(3.14571 0.242324 0)
(3.20473 0.267534 0)
(3.22895 0.259545 0)
(3.25152 0.262622 0)
(3.2694 0.264102 0)
(3.27379 0.266996 0)
(3.27237 0.271646 0)
(3.2617 0.271837 0)
(3.2434 0.270705 0)
(3.21626 0.264843 0)
(3.1847 0.25868 0)
(3.15096 0.250329 0)
(3.11776 0.23829 0)
(3.09142 0.230238 0)
(3.05047 0.211428 0)
(0.259092 -0.0739168 0)
(1.36801 -0.0330307 0)
(2.46212 0.13602 0)
(2.98346 0.123509 0)
(3.15121 0.210082 0)
(3.21433 0.184644 0)
(3.24691 0.228045 0)
(3.27828 0.219426 0)
(3.28916 0.236034 0)
(3.29771 0.241451 0)
(3.29463 0.243945 0)
(3.27527 0.24407 0)
(3.24562 0.239059 0)
(3.21526 0.232622 0)
(3.18484 0.223979 0)
(3.1542 0.218128 0)
(3.12223 0.212678 0)
(3.09103 0.212496 0)
(3.06375 0.209033 0)
(3.02605 0.21169 0)
(-0.244776 -0.0150096 0)
(1.42029 0.0153677 0)
(2.48293 0.194291 0)
(2.98689 0.155518 0)
(3.16561 0.257714 0)
(3.24936 0.216 0)
(3.27289 0.2661 0)
(3.28767 0.255534 0)
(3.30079 0.267747 0)
(3.29762 0.27049 0)
(3.28251 0.269249 0)
(3.25566 0.265873 0)
(3.22368 0.26479 0)
(3.19218 0.262832 0)
(3.16834 0.262966 0)
(3.14799 0.262297 0)
(3.13021 0.263015 0)
(3.10754 0.266596 0)
(3.08969 0.269018 0)
(3.05727 0.278415 0)
(0.26344 0.0282387 0)
(2.05714 0.0368744 0)
(2.93615 0.253672 0)
(3.25473 0.183283 0)
(3.29916 0.302893 0)
(3.30887 0.246741 0)
(3.31942 0.294694 0)
(3.31712 0.284539 0)
(3.30799 0.296565 0)
(3.29516 0.298156 0)
(3.27814 0.296354 0)
(3.25945 0.294388 0)
(3.23749 0.295044 0)
(3.2121 0.298254 0)
(3.18501 0.302575 0)
(3.15922 0.304665 0)
(3.13665 0.306315 0)
(3.11388 0.302715 0)
(3.09807 0.30377 0)
(3.06371 0.295381 0)
(-0.0429327 0.216761 0)
(1.96827 0.183557 0)
(2.81927 0.478477 0)
(3.10849 0.326134 0)
(3.18544 0.432332 0)
(3.23101 0.344354 0)
(3.26843 0.376174 0)
(3.30016 0.343061 0)
(3.30467 0.335206 0)
(3.29265 0.32396 0)
(3.27677 0.314025 0)
(3.2615 0.3066 0)
(3.24452 0.299481 0)
(3.22222 0.294865 0)
(3.19105 0.290981 0)
(3.15726 0.288753 0)
(3.12333 0.286262 0)
(3.09318 0.281253 0)
(3.06535 0.276824 0)
(3.02691 0.264491 0)
(1.62554 0.281153 0)
(3.10483 0.110954 0)
(3.44848 0.413046 0)
(3.43178 0.215616 0)
(3.38671 0.365107 0)
(3.37064 0.278717 0)
(3.3553 0.34357 0)
(3.32755 0.327272 0)
(3.30148 0.338279 0)
(3.27487 0.340291 0)
(3.2456 0.339814 0)
(3.21699 0.335979 0)
(3.19222 0.328827 0)
(3.16908 0.317583 0)
(3.14666 0.305069 0)
(3.12315 0.294605 0)
(3.09731 0.285261 0)
(3.07034 0.280292 0)
(3.04346 0.273691 0)
(3.01394 0.273128 0)
(0.898961 0.450694 0)
(2.19041 0.228034 0)
(2.65582 0.654618 0)
(2.84303 0.450273 0)
(2.97533 0.602009 0)
(3.06489 0.504371 0)
(3.13392 0.516673 0)
(3.1721 0.472029 0)
(3.18231 0.4458 0)
(3.18119 0.417388 0)
(3.17165 0.3934 0)
(3.15521 0.372227 0)
(3.13611 0.353594 0)
(3.11877 0.337355 0)
(3.10537 0.324167 0)
(3.09215 0.31258 0)
(3.07814 0.303171 0)
(3.06204 0.296717 0)
(3.04724 0.292863 0)
(3.02635 0.292741 0)
(4.23415 0.361683 0)
(4.51334 -0.0931056 0)
(4.40033 0.283394 0)
(3.91437 0.02552 0)
(3.73406 0.236345 0)
(3.53019 0.141049 0)
(3.43213 0.234787 0)
(3.35713 0.220611 0)
(3.30896 0.246054 0)
(3.26858 0.254425 0)
(3.23428 0.262892 0)
(3.20398 0.269035 0)
(3.17557 0.273904 0)
(3.14866 0.278003 0)
(3.1227 0.280591 0)
(3.09892 0.28181 0)
(3.07769 0.282211 0)
(3.05844 0.280955 0)
(3.04041 0.279965 0)
(3.01803 0.276302 0)
)
;

boundaryField
{
    inlet
    {
        type            fixedValue;
        value           uniform (3 0 0);
    }
    outlet
    {
        type            zeroGradient;
    }
    upAndBottom
    {
        type            empty;
    }
    obstacle
    {
        type            noSlip;
    }
}


// ************************************************************************* //
