/*--------------------------------*- C++ -*----------------------------------*\
| =========                 |                                                 |
| \\      /  F ield         | OpenFOAM: The Open Source CFD Toolbox           |
|  \\    /   O peration     | Version:  v1806                                 |
|   \\  /    A nd           | Web:      www.OpenFOAM.com                      |
|    \\/     M anipulation  |                                                 |
\*---------------------------------------------------------------------------*/
FoamFile
{
    version     2.0;
    format      ascii;
    class       surfaceScalarField;
    location    "270";
    object      phi;
}
// * * * * * * * * * * * * * * * * * * * * * * * * * * * * * * * * * * * * * //

dimensions      [0 3 -1 0 0 0 0];
oriented        oriented;


internalField   nonuniform List<scalar> 
4680
(
0.0750008
-0.000451484
0.0750037
-0.00135404
0.0750089
-0.00225377
0.0750171
-0.0031471
0.075029
-0.00403091
0.0750454
-0.00490182
0.0750675
-0.00575599
0.0750962
-0.0065891
0.075133
-0.00739625
0.0751791
-0.00817208
0.0752361
-0.00891069
0.0753055
-0.00960578
0.0753887
-0.0102509
0.075487
-0.0108392
0.0756014
-0.0113645
0.0757326
-0.0118206
0.075881
-0.0122024
0.0760467
-0.0125052
0.0762299
-0.0127275
-0.0128628
0.0764213
0.0750022
-0.000453652
0.0750088
-0.00136065
0.0750201
-0.00226511
0.0750369
-0.0031639
0.0750602
-0.00405416
0.0750911
-0.00493276
0.0751312
-0.00579607
0.0751821
-0.00664
0.0752456
-0.00745977
0.0753237
-0.00825013
0.0754181
-0.00900513
0.0755307
-0.00971842
0.0756631
-0.0103832
0.0758164
-0.0109925
0.0759913
-0.0115394
0.0761878
-0.012017
0.0764052
-0.0124198
0.0766418
-0.0127418
0.0768948
-0.0129805
-0.0131312
0.0771632
0.0750034
-0.000457066
0.0750137
-0.00137096
0.0750314
-0.00228275
0.0750573
-0.00318979
0.0750927
-0.00408963
0.0751395
-0.00497951
0.0751994
-0.00585606
0.0752749
-0.00671549
0.0753683
-0.00755313
0.075482
-0.00836388
0.0756185
-0.0091416
0.07578
-0.00987988
0.0759681
-0.0105713
0.0761841
-0.0112085
0.0764282
-0.0117836
0.0766999
-0.0122887
0.0769975
-0.0127174
0.0773177
-0.013062
0.0776571
-0.0133199
-0.0134846
0.0780105
0.0750045
-0.00046153
0.075018
-0.00138446
0.075041
-0.00230583
0.0750749
-0.00322369
0.0751213
-0.00413603
0.0751825
-0.00504063
0.0752608
-0.00593441
0.0753594
-0.00681406
0.0754811
-0.00767488
0.0756294
-0.00851214
0.075807
-0.00931922
0.076017
-0.0100898
0.0762611
-0.0108155
0.076541
-0.0114884
0.0768565
-0.0120991
0.0772067
-0.0126389
0.0775887
-0.0130994
0.0779982
-0.0134715
0.0784296
-0.0137513
-0.0139299
0.078875
0.0750053
-0.0004668
0.0750212
-0.0014004
0.0750485
-0.00233314
0.0750888
-0.00326392
0.075144
-0.00419128
0.0752171
-0.00511371
0.0753111
-0.00602843
0.0754299
-0.00693285
0.0755771
-0.00782212
0.0757572
-0.00869222
0.0759736
-0.00953561
0.0762304
-0.0103466
0.0765296
-0.0111147
0.0768738
-0.0118325
0.0772622
-0.0124876
0.0776942
-0.0130709
0.0781652
-0.0135704
0.0786699
-0.0139762
0.0792001
-0.0142816
-0.0144755
0.0797457
0.0750058
-0.000472558
0.0750232
-0.00141785
0.0750532
-0.0023631
0.0750975
-0.00330831
0.0751589
-0.00425262
0.0752407
-0.00519552
0.0753467
-0.00613447
0.0754819
-0.00706804
0.0756507
-0.00799087
0.0758589
-0.00890043
0.0761106
-0.00978731
0.0764118
-0.0106478
0.0767645
-0.0114674
0.0771732
-0.0122412
0.0776362
-0.0129506
0.078154
-0.0135887
0.0787197
-0.0141361
0.0793278
-0.0145843
0.079966
-0.0149198
-0.0151317
0.0806222
0.0750058
-0.000478407
0.0750236
-0.00143561
0.0750542
-0.00239374
0.0751001
-0.00335414
0.0751641
-0.00431663
0.0752506
-0.00528202
0.075364
-0.00624792
0.0755107
-0.00721468
0.0756957
-0.0081759
0.0759271
-0.00913185
0.0762094
-0.0100696
0.0765516
-0.0109899
0.0769551
-0.0118709
0.0774284
-0.0127146
0.0779672
-0.0134894
0.0785763
-0.0141977
0.0792434
-0.0148033
0.0799659
-0.0153068
0.0807239
-0.0156778
-0.0159129
0.0815051
0.0750055
-0.000483867
0.0750221
-0.00145224
0.075051
-0.00242268
0.075095
-0.00339811
0.0751575
-0.0043791
0.0752436
-0.0053682
0.0753587
-0.00636296
0.0755105
-0.00736652
0.075705
-0.00837041
0.0759532
-0.00938
0.0762594
-0.0103758
0.0766378
-0.0113684
0.0770877
-0.0123208
0.0776254
-0.0132522
0.0782404
-0.0141044
0.0789476
-0.0149049
0.0797239
-0.0155796
0.0805759
-0.0161588
0.0814682
-0.0165701
-0.0168394
0.0823947
0.0750045
-0.000488373
0.0750183
-0.00146604
0.0750427
-0.00244708
0.0750809
-0.00343627
0.0751367
-0.00443496
0.0752165
-0.00544794
0.075326
-0.00647246
0.0754751
-0.00751566
0.0756704
-0.0085657
0.0759267
-0.00963633
0.0762479
-0.0106969
0.0766558
-0.0117763
0.077145
-0.01281
0.0777459
-0.0138532
0.0784354
-0.0147939
0.0792498
-0.0157193
0.0801426
-0.0164723
0.0811453
-0.0171615
0.0821897
-0.0176145
-0.017941
0.0832913
0.0750029
-0.000491273
0.0750119
-0.00147506
0.0750285
-0.00246369
0.0750563
-0.00346401
0.0750996
-0.00447825
0.0751655
-0.00551391
0.0752608
-0.00656777
0.0753975
-0.00765227
0.0755826
-0.0087508
0.0758359
-0.00988963
0.0761598
-0.0110209
0.0765875
-0.0122039
0.077105
-0.0133275
0.0777667
-0.014515
0.0785248
-0.015552
0.0794587
-0.0166533
0.0804729
-0.0174865
0.0816573
-0.0183459
0.0828737
-0.0188309
-0.0192631
0.0841958
0.0750006
-0.000491836
0.0750026
-0.00147707
0.0750077
-0.00246881
0.0750198
-0.00347607
0.0750436
-0.00450211
0.0750872
-0.00555749
0.075158
-0.0066386
0.07527
-0.00776429
0.0754314
-0.00891221
0.0756669
-0.0101251
0.0759779
-0.0113319
0.0764111
-0.0126371
0.076941
-0.0138574
0.077658
-0.0152319
0.0784723
-0.0163663
0.0795416
-0.0177226
0.0806759
-0.0186207
0.0820884
-0.0197584
0.0834971
-0.0202396
-0.0208761
0.0851102
0.0749974
-0.000489263
0.07499
-0.00146968
0.0749796
-0.00245838
0.0749701
-0.00346657
0.0749668
-0.00449883
0.0749781
-0.00556878
0.0750126
-0.00667304
0.0750854
-0.00783713
0.0752067
-0.00903356
0.0754052
-0.0103236
0.0756834
-0.01161
0.076101
-0.0130547
0.076622
-0.0143784
0.0773812
-0.0159911
0.0782314
-0.0172165
0.0794542
-0.0189455
0.0806952
-0.0198616
0.0824062
-0.0214695
0.0840228
-0.0218562
-0.0228898
0.0860365
0.0749934
-0.000482708
0.0749741
-0.00145032
0.0749438
-0.00242808
0.0749065
-0.00342924
0.0748676
-0.00446001
0.0748357
-0.00553683
0.0748202
-0.0066576
0.0748368
-0.0078537
0.0748987
-0.00909542
0.0750357
-0.0104607
0.0752564
-0.0118307
0.0756273
-0.0134256
0.0761134
-0.0148644
0.076887
-0.0167648
0.0777471
-0.0180766
0.0791337
-0.020332
0.0804509
-0.0211789
0.0825644
-0.023583
0.0843867
-0.0236785
-0.0254799
0.0869769
0.0749886
-0.000471322
0.0749547
-0.00141643
0.0749002
-0.00237352
0.0748285
-0.00335762
0.0747454
-0.00437685
0.0746585
-0.00544994
0.0745784
-0.00657748
0.0745195
-0.00779485
0.0744993
-0.00907514
0.0745449
-0.0105063
0.0746778
-0.0119636
0.0749583
-0.0137061
0.0753779
-0.015284
0.0761115
-0.0174984
0.0769596
-0.0189247
0.0784855
-0.021858
0.0798449
-0.0225382
0.0824901
-0.0262282
0.0844679
-0.0256563
-0.0289481
0.087936
0.074983
-0.000454296
0.0749321
-0.00136557
0.0748491
-0.00229047
0.0747369
-0.00324546
0.0746007
-0.0042406
0.0744471
-0.00529638
0.0742867
-0.00641713
0.0741322
-0.00764027
0.0740039
-0.00894693
0.0739242
-0.0104265
0.0739305
-0.01197
0.0740647
-0.0138403
0.0743748
-0.0155941
0.0749781
-0.0181017
0.075803
-0.0197496
0.0773625
-0.0234175
0.0787849
-0.0239606
0.0820395
-0.0294828
0.0840677
-0.0276845
-0.0338343
0.0889539
0.0749766
-0.000430926
0.0749067
-0.00129563
0.0747914
-0.0021752
0.0746331
-0.00308713
0.0744357
-0.00404321
0.0742044
-0.00506512
0.0739486
-0.00616126
0.0736781
-0.00736975
0.073414
-0.00868289
0.073173
-0.0101855
0.0730044
-0.0118013
0.0729293
-0.0137652
0.0730605
-0.0157253
0.0734184
-0.0184596
0.0741858
-0.020517
0.0755452
-0.0247769
0.0771943
-0.0256097
0.0808757
-0.0331643
0.0829967
-0.0298055
-0.0410007
0.0901632
0.0749698
-0.000400689
0.0748791
-0.00120498
0.0747288
-0.00202486
0.0745199
-0.00287823
0.0742548
-0.00377816
0.0739366
-0.00474688
0.0735717
-0.0057964
0.0731668
-0.00696485
0.0727395
-0.0082556
0.0723017
-0.00974772
0.0719024
-0.011402
0.0715526
-0.0134154
0.0713964
-0.0155691
0.0713946
-0.0184578
0.0719688
-0.0210912
0.0728552
-0.0256633
0.0749186
-0.027673
0.0783304
-0.0365761
0.0813359
-0.032811
-0.0511324
0.0914676
0.0749626
-0.000363302
0.0748504
-0.00109276
0.0746634
-0.00183785
0.0744013
-0.00261613
0.0740644
-0.00344132
0.0736529
-0.00433532
0.0731693
-0.00531282
0.0726154
-0.00641099
0.0720022
-0.00764235
0.0713351
-0.00908062
0.0706508
-0.0107178
0.069958
-0.0127226
0.0693808
-0.0149919
0.0688944
-0.0179714
0.0689554
-0.0211522
0.0692232
-0.025931
0.0713821
-0.029832
0.0735304
-0.0387244
0.0794005
-0.0386811
-0.0625937
0.0908617
0.0749555
-0.000318806
0.0748218
-0.000959033
0.0745981
-0.00161416
0.0742825
-0.00230057
0.073873
-0.00303182
0.073366
-0.00382829
0.0727595
-0.00470632
0.0720487
-0.00570023
0.0712359
-0.00682952
0.0703157
-0.00816045
0.0693068
-0.00970886
0.0682046
-0.0116204
0.0670863
-0.0138736
0.0659469
-0.0168321
0.0650936
-0.0202989
0.0644479
-0.0252853
0.0654906
-0.0308747
0.0667237
-0.0399574
0.0759521
-0.0479095
-0.0690325
0.0823909
0.0749488
-0.000267638
0.0747947
-0.000804935
0.0745363
-0.00135569
0.0741698
-0.00193412
0.0736907
-0.00255265
0.0730914
-0.00322902
0.0723647
-0.00397969
0.0714988
-0.00483424
0.0704853
-0.00581606
0.0693054
-0.00698053
0.0679565
-0.00836004
0.066407
-0.0100708
0.0646826
-0.0121492
0.0627237
-0.0148731
0.0606659
-0.0182411
0.0584341
-0.0230536
0.0566479
-0.0290884
0.0557857
-0.0390952
0.0613577
-0.0534815
0.0576328
-0.0653075
0.0768547
-0.025899
0.0773237
-0.0254795
0.0778066
-0.0245046
0.0782846
-0.023072
0.078744
-0.021329
0.0791725
-0.0193929
0.0795678
-0.0173428
0.0799254
-0.015291
0.0802497
-0.0131963
-0.0112318
0.0805353
0.0777307
-0.0264665
0.0783086
-0.0260574
0.0788683
-0.0250643
0.0793873
-0.023591
0.079856
-0.0217977
0.0802683
-0.0198052
0.0806289
-0.0177034
0.0809384
-0.0156005
0.0812058
-0.0134636
-0.0114588
0.0814327
0.0787436
-0.0271996
0.0794636
-0.0267774
0.0801329
-0.0257335
0.0807265
-0.0241846
0.0812371
-0.0223083
0.0816638
-0.0202319
0.0820176
-0.0180572
0.0823036
-0.0158866
0.0825363
-0.0136963
-0.0116415
0.082719
0.0797882
-0.0281128
0.0806631
-0.0276523
0.0814526
-0.026523
0.08213
-0.0248621
0.0826913
-0.0228696
0.0831422
-0.0206827
0.0835004
-0.0184154
0.0837761
-0.0161623
0.0839884
-0.0139086
-0.0117953
0.0841422
0.0808544
-0.0292216
0.0818947
-0.0286926
0.0828105
-0.0274388
0.0835739
-0.0256255
0.0841854
-0.0234811
0.0846592
-0.0211566
0.0850214
-0.0187776
0.0852875
-0.0164284
0.0854816
-0.0141027
-0.0119244
0.0856107
0.0819459
-0.0305452
0.0831631
-0.0299098
0.0842105
-0.0284863
0.085059
-0.0264739
0.0857163
-0.0241384
0.0862079
-0.0216482
0.086569
-0.0191387
0.086821
-0.0166804
0.0869929
-0.0142746
-0.0120259
0.0870944
0.0830677
-0.0321078
0.0844748
-0.0313169
0.0856588
-0.0296704
0.0865894
-0.0274045
0.0872856
-0.0248346
0.0877872
-0.0221498
0.0881394
-0.0194908
0.0883694
-0.0169104
0.0885109
-0.0144161
-0.0120919
0.0885769
0.0842249
-0.0339379
0.0858365
-0.0329286
0.087162
-0.0309959
0.0881689
-0.0284113
0.0888946
-0.0255604
0.0893957
-0.0226509
0.0897275
-0.0198226
0.0899221
-0.0171049
0.0900178
-0.0145119
-0.0121055
0.0900314
0.0854215
-0.0360681
0.0872555
-0.0347627
0.0887277
-0.032468
0.0898025
-0.0294862
0.0905449
-0.0263027
0.0910286
-0.0231346
0.0913183
-0.0201123
0.09145
-0.0172366
0.0914687
-0.0145305
-0.0120317
0.0913949
0.0866593
-0.0385316
0.0887428
-0.0368461
0.0903686
-0.0340939
0.0914977
-0.0306153
0.0922327
-0.0270377
0.0926627
-0.0235646
0.0928618
-0.0203114
0.0928715
-0.0172463
0.0927492
-0.0144083
-0.0118026
0.0925201
0.0879375
-0.0413589
0.0903221
-0.0392307
0.0921064
-0.0358783
0.0932544
-0.0317633
0.0939208
-0.0277041
0.0942084
-0.0238522
0.094209
-0.020312
0.0939782
-0.0170155
0.0935976
-0.0140276
-0.0113024
0.0930974
0.0892602
-0.0445826
0.0920442
-0.0420147
0.0939546
-0.0377886
0.0950119
-0.0328207
0.0954501
-0.0281423
0.0953985
-0.0238006
0.0949901
-0.0199036
0.0943153
-0.0163408
0.093494
-0.0132064
-0.0103692
0.0925609
0.0906816
-0.0482874
0.0939748
-0.0453079
0.0958217
-0.0396355
0.0964942
-0.0334932
0.0963532
-0.0280013
0.0955972
-0.0230446
0.0944453
-0.0187517
0.0930473
-0.0149427
0.0915674
-0.0117265
-0.00883822
0.0900365
0.0923069
-0.0526583
0.0960464
-0.0490474
0.0972416
-0.0408306
0.0969142
-0.0331658
0.0955783
-0.0266654
0.0935948
-0.0210611
0.0913063
-0.0164632
0.0889255
-0.012562
0.0866394
-0.00944031
-0.00664895
0.0844501
0.0941426
-0.057847
0.0976154
-0.0525202
0.0969188
-0.040134
0.0946094
-0.0308564
0.0912965
-0.0233525
0.0875976
-0.0173623
0.0839478
-0.0128133
0.0805626
-0.0091768
0.0775844
-0.00646207
-0.00399642
0.0749318
0.0955052
-0.063189
0.0967332
-0.0537481
0.0923158
-0.0357167
0.0869814
-0.0255219
0.0811874
-0.0175585
0.0757873
-0.0119622
0.0711088
-0.00813475
0.0672184
-0.00528639
0.0640998
-0.00334352
-0.00140464
0.061508
0.0938949
-0.0656163
0.0896451
-0.0494984
0.0799312
-0.0260028
0.0714572
-0.0170479
0.0637612
-0.0098625
0.0577825
-0.00598359
0.0532501
-0.00360236
0.0499125
-0.00194873
0.0475125
-0.000943585
0.000492136
0.0456157
0.084251
-0.0590056
0.0715688
-0.0368161
0.0573945
-0.0118285
0.0478269
-0.00748029
0.0408114
-0.00284699
0.0364081
-0.00158029
0.0335105
-0.000704728
0.0316821
-0.000120369
0.0305413
0.00019719
0.00134817
0.0296853
0.0603629
-0.0369776
0.040371
-0.0168242
0.0281893
0.000353202
0.0218561
-0.0011471
0.0186678
0.000341335
0.0170375
4.99417e-05
0.0161557
0.000177092
0.0157918
0.000243543
0.0156878
0.000301216
0.00118473
0.0158512
0.0206552
0.00383095
0.00418415
0.00303705
0.00337838
0.00342833
0.00360542
0.00384896
0.00415018
0.00533491
0.0809212
-0.0133897
0.0812452
-0.00919917
0.0815145
-0.00473467
0.0817231
-0.00116722
0.0819012
0.00295444
0.0820365
0.00604365
0.0821252
0.00971873
0.0821748
0.0121836
0.0821793
0.0147326
0.0821558
0.0159714
0.082098
0.016274
0.0820403
0.0157011
0.0819793
0.0130049
0.0819506
0.0108816
0.0819863
0.00567261
0.0820707
0.00353652
0.0823025
-0.00226617
0.0825505
-0.00226709
0.0829598
-0.00605734
-0.00269045
0.0817237
-0.0136807
0.0819507
-0.00942619
0.0821291
-0.0049131
0.0822716
-0.00130969
0.0823683
0.00285776
0.0824274
0.0059845
0.0824384
0.00970779
0.0824102
0.0122118
0.0823344
0.0148084
0.0822407
0.0160651
0.0821159
0.0163988
0.0820141
0.015803
0.0819186
0.0131004
0.081885
0.0109152
0.0819345
0.00562306
0.0820588
0.00341221
0.0823672
-0.00257452
0.082687
-0.00258693
0.0831859
-0.00655622
-0.00305595
0.0829322
-0.0138939
0.0830717
-0.00956568
0.083167
-0.00500844
0.0832183
-0.00136095
0.083225
0.00285108
0.083184
0.00602549
0.0830856
0.00980621
0.0829369
0.0123605
0.0827303
0.0150149
0.082512
0.0162834
0.0822639
0.0166469
0.0820725
0.0159945
0.0819014
0.0132715
0.0818435
0.010973
0.0819017
0.0055649
0.0820756
0.00323832
0.0824938
-0.0029927
0.0829103
-0.00300352
0.0835622
-0.00720806
-0.00350461
0.0843033
-0.0140549
0.0843813
-0.00964369
0.0844166
-0.00504382
0.0843972
-0.0013415
0.0843301
0.00291817
0.0841994
0.00615624
0.0839935
0.010012
0.0837169
0.0126371
0.0833598
0.0153719
0.082989
0.0166542
0.082581
0.0170549
0.0822648
0.0163106
0.0819818
0.0135545
0.0818764
0.0110785
0.0819226
0.00551873
0.0821402
0.00302072
0.082669
-0.00352158
0.0831881
-0.00352262
0.0840117
-0.0080316
-0.00404878
0.0857292
-0.0141734
0.085759
-0.00967348
0.0857505
-0.0050354
0.0856796
-0.00127053
0.0855586
0.00303911
0.0853572
0.00635769
0.0850599
0.0103093
0.0846653
0.0130318
0.084159
0.0158782
0.0836278
0.0171854
0.0830424
0.0176404
0.0825798
0.0167731
0.082157
0.0139773
0.0819808
0.0112546
0.0819883
0.00551129
0.0822318
0.00277717
0.0828555
-0.0041453
0.083463
-0.00413009
0.0844584
-0.00902702
-0.0046894
0.0871668
-0.0142457
0.087148
-0.00965469
0.0870988
-0.00498623
0.0869826
-0.00115426
0.0868183
0.00320339
0.0865593
0.00661662
0.0861858
0.0106828
0.0856863
0.0135313
0.0850402
0.0165243
0.0843509
0.0178748
0.0835829
0.0184083
0.0829612
0.0173949
0.082378
0.0145605
0.0821092
0.0115235
0.0820468
0.00557368
0.0822912
0.00253268
0.082978
-0.00483209
0.0836466
-0.00479869
0.0847972
-0.0101776
-0.00541687
0.0885887
-0.0142575
0.0885089
-0.00957493
0.0884082
-0.0048855
0.0882393
-0.000985344
0.0880302
0.00341251
0.087717
0.00692979
0.0872758
0.0111241
0.0866807
0.0141264
0.0859052
0.0172997
0.0850622
0.0187178
0.0841128
0.0193577
0.0833228
0.0181848
0.0825631
0.0153202
0.0821785
0.0119082
0.0820101
0.00574204
0.0822227
0.00232014
0.0829233
-0.00553272
0.0836137
-0.00548905
0.0848866
-0.0114505
-0.00621435
0.0899521
-0.0141782
0.089783
-0.00940588
0.0896034
-0.00470591
0.0893606
-0.000742486
0.089094
0.00367911
0.0887216
0.00730213
0.0882165
0.0116291
0.0875324
0.0148105
0.0866386
0.0181936
0.0856473
0.0197091
0.0845212
0.0204838
0.0835546
0.0191515
0.0826047
0.0162701
0.082077
0.0124358
0.0817603
0.00605883
0.0818969
0.00218344
0.0825424
-0.00617817
0.0832023
-0.00614893
0.0845499
-0.0127981
-0.00706168
0.0911653
-0.0139486
0.090854
-0.00909459
0.0905467
-0.00439857
0.090194
-0.000389831
0.0898483
0.00402481
0.0894088
0.00774163
0.0888456
0.0121924
0.0880837
0.0155723
0.0870892
0.0191881
0.0859608
0.0208374
0.0846696
0.021775
0.08352
0.0203011
0.0823693
0.0174208
0.081666
0.0131391
0.0811521
0.00657276
0.0811539
0.0021816
0.0816552
-0.00667942
0.0822206
-0.00671431
0.0835844
-0.014162
-0.00794176
0.0920368
-0.0134653
0.0914974
-0.00855523
0.09099
-0.00389118
0.0904801
0.000120101
0.0900321
0.00447287
0.0895243
0.00824941
0.0889215
0.0127952
0.0881101
0.0163837
0.0870509
0.0202473
0.0858131
0.0220752
0.0843823
0.0232058
0.0830516
0.0216318
0.0816959
0.0187765
0.0807809
0.0140541
0.0800167
0.00733697
0.0798081
0.00239022
0.0800603
-0.00693163
0.0804615
-0.00711548
0.0817825
-0.015483
-0.0088502
0.092205
-0.0125729
0.0913217
-0.00767194
0.0905302
-0.00309969
0.0898176
0.000832674
0.0892586
0.0050319
0.0887052
0.00880282
0.0881106
0.0133898
0.087311
0.0171833
0.0862552
0.0213031
0.0849649
0.0233655
0.0834441
0.0247266
0.0819515
0.0231244
0.0803991
0.0203289
0.079238
0.0152152
0.0781701
0.00840483
0.0776612
0.00289906
0.0775567
-0.00682711
0.0777318
-0.00729051
0.0789678
-0.016719
-0.00980592
0.0910744
-0.0110864
0.0897316
-0.00632919
0.088592
-0.00196007
0.0876716
0.00175312
0.0870323
0.0056712
0.0865025
0.00933254
0.08601
0.0138824
0.0853307
0.0178625
0.0843897
0.0222442
0.0831444
0.0246107
0.0816147
0.0262564
0.0800062
0.0247328
0.0782831
0.022052
0.0768502
0.0166482
0.0754305
0.00982455
0.0745283
0.00380123
0.0739839
-0.00628271
0.073896
-0.00720265
0.075044
-0.017867
-0.010858
0.0878196
-0.00886957
0.0859739
-0.00448347
0.0845078
-0.000494024
0.0834557
0.0028052
0.082841
0.00628596
0.0824698
0.00970369
0.0822282
0.0141241
0.0818279
0.0182628
0.0811553
0.0229168
0.0800928
0.0256732
0.0786669
0.0276822
0.0770188
0.0263809
0.0751705
0.0239004
0.0734545
0.0183641
0.0716471
0.011632
0.0702771
0.00517117
0.0692655
-0.00527106
0.0689292
-0.00686637
0.0700422
-0.01898
-0.0120825
0.0815555
-0.00597503
0.0793419
-0.00226987
0.0777228
0.00112516
0.0767389
0.00378904
0.0763416
0.00668324
0.0763254
0.00971989
0.0765222
0.0139273
0.0765869
0.0181981
0.0763555
0.0231481
0.0756344
0.0263943
0.0744428
0.0288738
0.0728538
0.0279699
0.0709387
0.0258155
0.0689461
0.0203567
0.0667391
0.0138389
0.0648783
0.007032
0.0634587
-0.00385141
0.0629592
-0.00636694
0.0641445
-0.0201653
-0.0135641
0.0717462
-0.00278938
0.0695454
-6.91225e-05
0.0681326
0.00253803
0.067517
0.00440458
0.067584
0.0066163
0.0681312
0.00917264
0.0689393
0.0131193
0.0696299
0.0175075
0.0699851
0.0227929
0.0697466
0.0266329
0.0689084
0.029712
0.0674795
0.0293989
0.0655558
0.0277392
0.0633127
0.0225998
0.0607387
0.016413
0.0584513
0.00931937
0.0567846
-0.00218469
0.056274
-0.00585628
0.0576631
-0.0215544
-0.0153686
0.0587386
-1.99934e-05
0.0571193
0.00155025
0.0563429
0.00331441
0.0563923
0.00435518
0.0571223
0.00588625
0.0583641
0.0079309
0.0598679
0.0116155
0.0612571
0.0161183
0.0622654
0.0217847
0.06259
0.0263082
0.0621807
0.0301213
0.0609889
0.0305907
0.0591028
0.0296253
0.0566653
0.0250373
0.0538269
0.0192513
0.0512863
0.0118599
0.0496169
-0.000515308
0.0492771
-0.00551642
0.0509782
-0.0232555
-0.0175152
0.0440019
0.00159382
0.0434537
0.00209853
0.0436034
0.00316469
0.0444467
0.00351181
0.0458779
0.00445512
0.0477888
0.00601999
0.0499357
0.00946851
0.0519722
0.0140819
0.0535955
0.0201613
0.0544797
0.0254241
0.0545107
0.0300902
0.053593
0.0315084
0.0517831
0.0314352
0.0492563
0.0275641
0.0463447
0.022163
0.0438201
0.0143846
0.0424204
0.000884349
0.0424076
-0.00550366
0.0444619
-0.0253098
-0.0199651
0.0295978
0.00168135
0.0302782
0.00141813
0.0313194
0.00212353
0.0328251
0.00200601
0.0348003
0.00247995
0.0372004
0.0036199
0.0398155
0.00685338
0.042342
0.0115554
0.0444541
0.0180492
0.0458169
0.0240613
0.0462416
0.0296655
0.0456013
0.0321487
0.0439219
0.0331147
0.0414782
0.0300078
0.0387627
0.0248784
0.036565
0.0165823
0.0356646
0.00178476
0.0360662
-0.00590528
0.0384308
-0.0276744
-0.0226265
0.0173359
0.000196628
0.018939
-0.000184943
0.0205114
0.000551088
0.022351
0.000166468
0.0245914
0.000239591
0.0272214
0.000989867
0.0300746
0.00400015
0.0328826
0.00874738
0.035313
0.0156189
0.0370284
0.022346
0.0377703
0.0289235
0.0374069
0.0325121
0.0359568
0.0345648
0.033827
0.0321376
0.0316087
0.0270966
0.0300205
0.0181705
0.0297531
0.00205225
0.0305828
-0.00673504
0.0331395
-0.0302311
-0.0253703
0.00824466
-0.00271313
0.0100299
-0.00197022
0.0116216
-0.0010406
0.0134276
-0.00163954
0.0156498
-0.00198259
0.018262
-0.00162227
0.0211355
0.00112662
0.0240247
0.0058582
0.0266041
0.0130394
0.0285428
0.0204073
0.0295341
0.0279322
0.029474
0.0325722
0.0284024
0.0356364
0.026834
0.033706
0.0253838
0.0285469
0.0246005
0.0189538
0.0250058
0.00164689
0.0262175
-0.00794675
0.028794
-0.0328075
-0.0280599
0.00247987
-0.005193
0.00332779
-0.00281814
0.00430273
-0.00201554
0.00552324
-0.00286006
0.00713672
-0.00359606
0.00908492
-0.00357048
0.0112767
-0.00106517
0.0135393
0.00359563
0.0156098
0.0109689
0.0172589
0.0187582
0.0182093
0.0269817
0.0184279
0.0323536
0.0179694
0.0360949
0.0172545
0.034421
0.0167954
0.0290059
0.0168
0.0189492
0.0176069
0.000840032
0.0187821
-0.00912196
0.0207164
-0.0347418
-0.0300884
0.000135527
-0.00532852
0.000208914
-0.00289152
0.00081065
-0.00261728
0.0017652
-0.0038146
0.00317754
-0.00500841
0.0049429
-0.00533583
0.00698407
-0.00310634
0.00913493
0.00144477
0.0111627
0.00894112
0.0128541
0.0170668
0.0139466
0.0258892
0.0144382
0.031862
0.0144121
0.036121
0.0142675
0.0345656
0.0144709
0.0288025
0.0150773
0.0183428
0.0162683
-0.000351021
0.0176147
-0.0104683
0.0193373
-0.0364644
-0.0319288
-0.00143525
-0.00389328
-0.00198381
-0.00234296
-0.00180161
-0.00279947
-0.00110421
-0.004512
8.69118e-05
-0.00619953
0.00164625
-0.00689517
0.00350171
-0.00496181
0.00550226
-0.000555777
0.00745353
0.00698986
0.009164
0.0153563
0.0104082
0.0246451
0.0112079
0.0310623
0.0116742
0.0356547
0.0121469
0.0340928
0.0130273
0.0279221
0.0142304
0.0171397
0.015773
-0.00189365
0.0172572
-0.0119525
0.0187063
-0.0379136
-0.0334938
-0.00236671
-0.00152656
-0.00339995
-0.00130973
-0.00354545
-0.00265397
-0.00306779
-0.00498967
-0.0020837
-0.00718362
-0.000734637
-0.00824423
0.000918066
-0.00661451
0.00275197
-0.00238968
0.00460688
0.00513495
0.00632704
0.0136361
0.00773539
0.0232367
0.00886774
0.0299299
0.00986023
0.0346622
0.0109585
0.0329945
0.0125025
0.0263781
0.0142653
0.015377
0.0161304
-0.00375879
0.0177207
-0.0135428
0.0188542
-0.039047
-0.0347091
-0.00279286
0.0012663
-0.00408478
-1.78064e-05
-0.00442324
-0.00231551
-0.00410462
-0.00530829
-0.00329798
-0.00799025
-0.00214176
-0.00940045
-0.000687524
-0.00806875
0.000969446
-0.00404665
0.00272064
0.00338375
0.00444747
0.0119093
0.00602886
0.0216553
0.00750162
0.0284572
0.00902566
0.0331382
0.0107252
0.031295
0.0128871
0.0242162
0.0151496
0.0131145
0.0173114
-0.00592056
0.0189843
-0.0152157
0.0197884
-0.0398511
-0.0355402
-0.0027645
0.0040308
-0.00405237
0.00127007
-0.00442778
-0.00194011
-0.00419192
-0.00554415
-0.00351969
-0.00866248
-0.00253497
-0.0103852
-0.00127128
-0.00933244
0.000212569
-0.0055305
0.00185859
0.00173773
0.00358967
0.0101782
0.00534428
0.0199007
0.00714606
0.0266554
0.00917637
0.0311079
0.011428
0.0290433
0.0141296
0.0215146
0.0168299
0.0104142
0.0192478
-0.00833845
0.0209872
-0.0169552
0.0214807
-0.0403446
-0.0359852
-0.00226985
0.00630065
-0.00328781
0.00228802
-0.0035419
-0.00168601
-0.00331093
-0.00577513
-0.002728
-0.00924541
-0.00189142
-0.0112218
-0.000807161
-0.0104167
0.000506684
-0.00684434
0.00204767
0.000196743
0.00377703
0.00844887
0.00569332
0.0179844
0.00779433
0.0245544
0.010278
0.0286242
0.0130139
0.0263075
0.0161598
0.0183687
0.0192178
0.00735617
0.0218318
-0.0109524
0.02363
-0.0187534
0.023862
-0.0405766
-0.0360708
-0.00123373
0.00753438
-0.00174981
0.0028041
-0.00174026
-0.00169556
-0.00144812
-0.00606727
-0.000912625
-0.0097809
-0.00020621
-0.0119282
0.000706155
-0.0113291
0.00184888
-0.00798707
0.00327984
-0.00123421
0.0049947
0.006734
0.00704827
0.0159309
0.00940334
0.0221993
0.0122664
0.0257612
0.0154046
0.0231692
0.0188847
0.0148886
0.0222001
0.00404077
0.0249365
-0.0136888
0.0267836
-0.0206005
0.0268245
-0.0406175
-0.035847
0.000487938
0.00704644
0.000636501
0.00265554
0.00100441
-0.00206347
0.00140414
-0.00646699
0.00191003
-0.0102868
0.0024977
-0.0125158
0.00323896
-0.0120703
0.00420981
-0.00895792
0.00551872
-0.00254312
0.00719599
0.00505673
0.00934904
0.0137778
0.0119024
0.0196459
0.0150539
0.0226097
0.0185004
0.0197227
0.0221994
0.0111896
0.0256617
0.000578478
0.0284354
-0.0164625
0.0303057
-0.0224708
0.0302321
-0.0405439
-0.0353788
0.00309329
0.00395315
0.00402847
0.00172036
0.00471679
-0.00275178
0.00524503
-0.00699524
0.00572069
-0.0107625
0.006192
-0.0129871
0.00675476
-0.0126331
0.00753939
-0.00974255
0.0087044
-0.00370813
0.0103134
0.00344776
0.0125161
0.0115751
0.0152042
0.0169578
0.0185437
0.0192701
0.0221905
0.016076
0.0260006
0.00737951
0.0294882
-0.00290916
0.0322153
-0.0191895
0.0340581
-0.0243136
0.0339228
-0.0404087
-0.034759
0.0113748
0.000242079
-0.00766371
0.0135509
-0.00045573
0.0148947
-0.00409564
0.0157887
-0.00788923
0.0163694
-0.0113432
0.0168111
-0.0134288
0.0172756
-0.0130975
0.0180474
-0.0105144
0.0194058
-0.00506659
0.0215305
0.00132311
0.024656
0.00844954
0.0286002
0.0130136
0.033514
0.0143563
0.0388169
0.0107731
0.0443007
0.00189576
0.0490646
-0.00767312
0.0527617
-0.0228866
0.0551903
-0.0267423
0.0549305
-0.0401489
-0.0338031
0.0246595
-0.00126135
-0.0231561
0.0263327
-0.00212892
0.0274829
-0.00524584
0.0282142
-0.00862058
0.0285249
-0.0116539
0.0285932
-0.0134971
0.0285978
-0.0131021
0.0288744
-0.0107909
0.0297746
-0.00596681
0.0315483
-0.000450647
0.034442
0.0055559
0.0382953
0.00916027
0.0430899
0.00956176
0.0482511
0.00561182
0.0534734
-0.00332645
0.0578275
-0.0120273
0.0610053
-0.0260643
0.0630239
-0.0287608
0.0627418
-0.0398668
-0.0327833
0.0422172
-0.000523447
-0.0429551
0.0424066
-0.00231828
0.0426581
-0.0054973
0.0427722
-0.00873471
0.0425605
-0.0114422
0.0421211
-0.0130577
0.0416106
-0.0125916
0.0413552
-0.0105355
0.0417287
-0.00634026
0.0430332
-0.0017552
0.0455006
0.00308852
0.0490364
0.00562448
0.0534582
0.00513998
0.058196
0.000874034
0.0628886
-0.00801907
0.0666273
-0.015766
0.0691183
-0.0285553
0.0705251
-0.0301676
0.0700875
-0.0394292
-0.0317411
0.0616586
0.00210962
-0.0642917
0.0601899
-0.000849589
0.059181
-0.00448841
0.0583507
-0.00790442
0.0574112
-0.0105027
0.0563712
-0.0120177
0.0553364
-0.0115568
0.054593
-0.00979215
0.0544552
-0.00620246
0.055268
-0.002568
0.0571956
0.00116092
0.0602214
0.00259875
0.064072
0.00128932
0.0681395
-0.00319345
0.0720771
-0.0119566
0.0750193
-0.0187083
0.07673
-0.030266
0.0774253
-0.030863
0.0766769
-0.0386808
-0.030649
0.0794578
0.00561338
-0.0829615
0.0769401
0.00166811
0.0749225
-0.00247089
0.073219
-0.00620087
0.0715812
-0.00886488
0.0699961
-0.0104326
0.0685233
-0.010084
0.0674231
-0.00869191
0.0668934
-0.00567275
0.0672929
-0.00296753
0.0686922
-0.000238399
0.0711062
0.000184819
0.0742637
-0.00186822
0.077499
-0.00642871
0.0805303
-0.0149879
0.0825639
-0.0207419
0.0834625
-0.0311647
0.0834624
-0.0308628
0.0823203
-0.0375387
-0.0294617
0.092762
0.00887456
-0.0960232
0.090096
0.0043341
0.087712
-8.68789e-05
0.0855707
-0.00405958
0.083532
-0.00682618
0.0816387
-0.0085393
0.0799275
-0.00837282
0.0786635
-0.00742794
0.0779333
-0.00494252
0.0780652
-0.00309947
0.0790511
-0.00122428
0.0808682
-0.00163223
0.0833113
-0.00431134
0.0856703
-0.00878772
0.0877567
-0.0170743
0.088881
-0.0218662
0.089004
-0.0312877
0.0884104
-0.0302691
0.086896
-0.0360243
-0.0281607
0.100858
0.0113158
-0.103299
0.098638
0.00655407
0.0964712
0.00207999
0.0943644
-0.00195282
0.092306
-0.00476779
0.0904093
-0.00664262
0.0887059
-0.00666936
0.0874767
-0.00619878
0.0867398
-0.00420556
0.0867549
-0.00311465
0.0874863
-0.00195562
0.0888106
-0.00295658
0.0906078
-0.00610847
0.0921662
-0.0103462
0.0933879
-0.018296
0.0937206
-0.0221989
0.0931824
-0.0307495
0.0921447
-0.0292315
0.0903598
-0.0342394
-0.0267687
0.104704
0.0128947
-0.106282
0.103117
0.00814052
0.101412
0.00378536
0.0996387
-0.000179793
0.0978274
-0.00295645
0.096154
-0.00496921
0.0946509
-0.00516625
0.0935966
-0.00514453
0.0929898
-0.00359874
0.0930013
-0.00312615
0.0936029
-0.0025572
0.0945683
-0.00392202
0.0958439
-0.00738404
0.0967601
-0.0112624
0.0972834
-0.0188192
0.0970213
-0.0219369
0.0959969
-0.029725
0.0946785
-0.027913
0.0927593
-0.0323203
-0.0253382
0.105769
0.0138208
-0.106696
0.10473
0.00917948
0.103497
0.0050185
0.102139
0.00117836
0.100676
-0.00149342
0.0993194
-0.00361245
0.0981049
-0.00395183
0.0972807
-0.00432026
0.0968603
-0.00317837
0.0969203
-0.0031861
0.0974637
-0.00310064
0.0981859
-0.00464423
0.0990724
-0.00827056
0.099531
-0.011721
0.0995548
-0.018843
0.0989137
-0.0212958
0.0975971
-0.0284084
0.0961485
-0.0264644
0.0942245
-0.0303963
-0.0239312
0.105294
0.0143346
-0.105808
0.104639
0.00983414
0.10378
0.00587808
0.102779
0.0021789
0.101655
-0.000369145
0.100605
-0.002563
0.0996804
-0.00302669
0.0990732
-0.00371314
0.0988308
-0.00293593
0.0989449
-0.00330025
0.0994529
-0.00360865
0.100012
-0.00520282
0.10062
-0.00887927
0.100786
-0.0118867
0.100494
-0.0185515
0.0996608
-0.0204621
0.0982244
-0.0269721
0.0967657
-0.0250056
0.0949369
-0.0285676
-0.0226032
0.104078
0.0146109
-0.104354
0.103664
0.0102477
0.103062
0.00648044
0.102329
0.00291125
0.101481
0.000478891
0.100683
-0.0017642
0.1
-0.00234417
0.0995648
-0.00327794
0.0994585
-0.00282958
0.0996075
-0.0034493
0.100075
-0.00407628
0.100517
-0.0056451
0.10093
-0.0092915
0.100925
-0.0118825
0.100463
-0.0180888
0.0995715
-0.0195709
0.0981449
-0.0255455
0.0967603
-0.023621
0.0950921
-0.0268993
-0.0213944
0.102551
0.0147506
-0.10269
0.102284
0.0105142
0.101852
0.00691231
0.101309
0.00345475
0.100668
0.00111975
0.100057
-0.00115374
0.0995592
-0.00184609
0.0992464
-0.00296513
0.0992275
-0.00281067
0.0993867
-0.00360848
0.0998008
-0.0044904
0.100153
-0.00599709
0.100424
-0.00956267
0.100331
-0.0117891
0.0997961
-0.0175543
0.0989324
-0.0187072
0.0976006
-0.0242137
0.0963428
-0.0223632
0.0948713
-0.0254278
-0.0203305
0.100914
0.0148039
-0.100968
0.100743
0.0106855
0.100428
0.00722688
0.100018
0.00386511
0.099531
0.0016067
0.0990588
-0.000681546
0.0986948
-0.00148205
0.0984648
-0.00273514
0.0984931
-0.00283893
0.098643
-0.0037584
0.0989935
-0.00484096
0.0992706
-0.00627414
0.0994388
-0.0097309
0.0993045
-0.0116548
0.0987626
-0.0170125
0.0979746
-0.0179191
0.0967877
-0.0230268
0.0956867
-0.0212622
0.0944288
-0.0241699
-0.0194239
0.0992537
0.0147946
-0.0992444
0.0991522
0.0107871
0.0989257
0.00745331
0.0986152
0.00417567
0.0982461
0.00197581
0.0978787
-0.000314217
0.0976123
-0.0012156
0.0974395
-0.00256233
0.0974882
-0.00288761
0.0976186
-0.00388879
0.0979032
-0.00512558
0.0981174
-0.00648836
0.0982114
-0.0098249
0.0980654
-0.0115087
0.0975576
-0.0165047
0.0968716
-0.0172332
0.0958574
-0.0220125
0.0949288
-0.0203336
0.0938896
-0.0231307
-0.0186779
0.0976038
0.0147347
-0.0975439
0.0975595
0.0108313
0.0974061
0.00760671
0.0971772
0.00440456
0.0969036
0.00224941
0.096622
-3.25597e-05
0.0964304
-0.00102401
0.0963017
-0.00243364
0.0963575
-0.00294339
0.0964673
-0.00399865
0.0966921
-0.00535034
0.0968567
-0.00665301
0.096902
-0.0098702
0.0967652
-0.0113719
0.0963207
-0.0160601
0.095753
-0.0166655
0.0949257
-0.0211853
0.0941765
-0.0195844
0.093353
-0.0223072
-0.0180879
0.0959796
0.0146309
-0.0958758
0.0959869
0.0108241
0.0958994
0.00769415
0.0957439
0.00456003
0.0955546
0.00243874
0.0953503
0.000171769
0.0952231
-0.000896804
0.0951359
-0.00234649
0.0951972
-0.00300465
0.0952935
-0.00409499
0.0954721
-0.00552889
0.0956038
-0.00678474
0.0956259
-0.00989228
0.0955172
-0.0112632
0.0951583
-0.0157012
0.0947199
-0.0162271
0.0940845
-0.0205498
0.0935139
-0.0190139
0.0928946
-0.0216878
-0.0176417
0.0943932
0.0144855
-0.0942478
0.0944516
0.0107656
0.0944303
0.00771551
0.0943486
0.00464167
0.0942427
0.00254472
0.0941173
0.000297105
0.094055
-0.00083444
0.0940154
-0.00230689
0.0940899
-0.00307917
0.0941857
-0.00419078
0.0943369
-0.00568014
0.0944551
-0.00690292
0.0944789
-0.00991603
0.0944157
-0.0112001
0.0941583
-0.0154438
0.0938541
-0.0159229
0.0934042
-0.0201
0.0930017
-0.0186114
0.0925645
-0.0212506
-0.0173195
0.092873
0.0142922
-0.0926796
0.0929919
0.0106467
0.0930472
0.00766021
0.09305
0.00463883
0.0930362
0.00255854
0.0930004
0.000332908
0.0930116
-0.000845628
0.0930296
-0.00232493
0.0931295
-0.00317903
0.0932387
-0.0043
0.0933817
-0.00582309
0.0935039
-0.00702516
0.0935494
-0.00996148
0.0935432
-0.0111939
0.0933917
-0.0152923
0.0932146
-0.0157459
0.0929292
-0.0198146
0.0926702
-0.0183524
0.0923804
-0.0209608
-0.0170942
0.0915136
0.0140287
-0.0912501
0.0917157
0.0104446
0.0918681
0.00750777
0.0919734
0.00453354
0.0920605
0.00247148
0.0921246
0.000268794
0.092215
-0.00093604
0.0922931
-0.002403
0.0924245
-0.0033104
0.0925535
-0.00442902
0.0927001
-0.00596969
0.0928349
-0.00715997
0.0929112
-0.0100378
0.09296
-0.0112426
0.0929017
-0.015234
0.092827
-0.0156712
0.0926661
-0.0196537
0.0925111
-0.0181974
0.0923208
-0.0207705
-0.0169367
0.0905788
-0.0902223
0.0908773
0.0911285
0.0913304
0.0915148
0.0916422
0.0917877
0.0919165
0.0920649
0.0922085
0.0923569
0.0925023
0.0926004
0.0926866
0.0926842
0.0926699
0.0925752
0.0924756
0.0923292
0.0285709
0.0425939
-0.0711648
0.00700128
0.0215696
0.00630061
0.000700667
0.00488146
0.00141915
0.00537202
-0.000490558
0.00547346
-0.000101439
0.00568439
-0.000210937
0.00597735
-0.000292959
0.00631533
-0.000337974
-0.00134839
0.0783928
0.0608685
-0.0966674
0.0581493
0.0418131
0.042552
0.016298
0.0337412
0.0102299
0.0286608
0.00458989
0.0260091
0.0025502
0.0244758
0.00132245
0.0236965
0.000486339
0.023292
6.64531e-05
-0.00121242
0.101825
0.062845
-0.103802
0.0926219
0.0510163
0.0787615
0.0301585
0.0683369
0.0206545
0.059675
0.0132518
0.0536521
0.00857307
0.0494003
0.00557428
0.0464942
0.00339238
0.0445209
0.00203982
0.000353309
0.108293
0.0580279
-0.103476
0.107774
0.0515353
0.100649
0.037284
0.0934682
0.0278351
0.0862022
0.0205177
0.0798461
0.0149292
0.0745714
0.0108489
0.0703294
0.00763443
0.0670292
0.00534
0.00309084
0.107846
0.0521291
-0.101948
0.11129
0.0480921
0.109528
0.0390454
0.106236
0.0311269
0.10201
0.0247442
0.097538
0.0194012
0.0932585
0.0151284
0.089361
0.0115319
0.085978
0.00872305
0.00610734
0.105776
0.0470038
-0.100651
0.109999
0.043869
0.111056
0.0379885
0.110409
0.0317739
0.108721
0.0264322
0.106385
0.0217373
0.103766
0.0177468
0.101073
0.0142254
0.0985033
0.0112925
0.00858747
0.103803
0.0426874
-0.0994862
0.107566
0.0401054
0.10961
0.0359447
0.110289
0.0310945
0.110105
0.0266171
0.109277
0.0225651
0.108043
0.0189802
0.106547
0.015722
0.104964
0.0128756
0.0102519
0.102083
0.0389678
-0.0983638
0.105236
0.0369528
0.107401
0.0337802
0.108586
0.0299095
0.109096
0.0261067
0.10909
0.0225712
0.108716
0.0193541
0.108057
0.016381
0.10724
0.0136925
0.0112096
0.100487
0.0357503
-0.09727
0.103171
0.0342695
0.105191
0.03176
0.106498
0.0286028
0.10727
0.0253341
0.107635
0.0222061
0.107701
0.019288
0.107521
0.0165614
0.107178
0.014035
0.0116925
0.0989606
0.0329907
-0.096201
0.101295
0.0319352
0.103128
0.0299266
0.104416
0.0273148
0.105266
0.0244849
0.105778
0.0216934
0.106043
0.0190231
0.106104
0.016501
0.106017
0.0141218
0.0119015
0.0975087
0.0306363
-0.0951543
0.0995507
0.0298933
0.101202
0.0282754
0.102425
0.0260921
0.10328
0.0236296
0.103846
0.0211271
0.104197
0.0186726
0.104373
0.0163248
0.104416
0.0140786
0.0119637
0.0961301
0.0286339
-0.0941278
0.0979116
0.0281118
0.0993888
0.0267982
0.100527
0.0249539
0.101358
0.0227985
0.101939
0.0205466
0.102326
0.018285
0.10256
0.0160905
0.102672
0.0139667
0.0119457
0.0948198
0.0269359
-0.0931218
0.0963647
0.026567
0.0976752
0.0254877
0.0987182
0.023911
0.0995072
0.0220095
0.100081
0.0199724
0.100483
0.0178832
0.100749
0.0158252
0.100901
0.0138144
0.0118791
0.0935709
0.0255022
-0.0921372
0.0948998
0.025238
0.0960511
0.0243364
0.0969929
0.0229691
0.0977278
0.0212746
0.0982816
0.0194186
0.0986841
0.0174807
0.0989659
0.0155434
0.0991444
0.0136359
0.011779
0.0923755
0.0243009
-0.0911742
0.093507
0.0241065
0.0945068
0.0233366
0.0953451
0.0221308
0.0960178
0.020602
0.096541
0.0188953
0.0969345
0.0170872
0.0972229
0.0152549
0.0974189
0.0134399
0.011654
0.0912258
0.0233068
-0.0902318
0.0921762
0.0231562
0.0930322
0.0224805
0.0937673
0.0213957
0.0943729
0.0199964
0.0948586
0.0184097
0.095236
0.0167099
0.0955241
0.0149668
0.0957314
0.0132326
0.0115096
0.0901142
0.0225006
-0.0893079
0.0908972
0.0223731
0.0916173
0.0217605
0.0922509
0.0207621
0.0927876
0.0194597
0.0932316
0.0179658
0.0935883
0.0163531
0.0938716
0.0146835
0.0940868
0.0130174
0.0113486
0.0890349
0.021867
-0.0884013
0.0896627
0.0217453
0.0902545
0.0211687
0.0907906
0.020226
0.0912594
0.0189908
0.0916612
0.017564
0.091997
0.0160173
0.0922755
0.014405
0.0924995
0.0127935
0.0111685
0.0879966
0.0213918
-0.0875214
0.0884827
0.0212592
0.0889575
0.0206939
0.0894055
0.019778
0.0898152
0.0185812
0.0901836
0.0171956
0.090508
0.0156929
0.090793
0.01412
0.0910377
0.0125488
0.010956
0.0871067
-0.0867594
0.0874832
0.0878723
0.0882641
0.0886459
0.0890112
0.0893525
0.0896699
0.0899604
0.0854426
0.000292438
-0.000235025
0.0852698
0.000879538
-0.000706724
0.0849801
0.00148177
-0.00119205
0.0845695
0.00211622
-0.00170567
0.0840329
0.0027969
-0.00226031
0.0833621
0.00354461
-0.00287385
0.0825494
0.00437597
-0.00356318
0.0815816
0.00532578
-0.00435798
0.0804503
0.0064134
-0.00528218
0.0791356
0.00770588
-0.00639116
0.0776363
0.00921743
-0.00771815
0.0759199
0.0110958
-0.00937931
0.0740212
0.0133117
-0.011413
0.0718824
0.0162368
-0.014098
0.0696912
0.0196321
-0.0174409
0.0673662
0.0245687
-0.0222437
0.0658455
0.0298328
-0.028312
0.0654825
0.0387502
-0.0383872
0.0733553
0.0447862
-0.0526591
0.0664958
-0.0643053
0.0854515
0.000340911
0.0853059
0.00102513
0.0850626
0.00172508
0.0847198
0.00245901
0.0842759
0.00324089
0.0837274
0.00409303
0.0830736
0.0050298
0.0823105
0.00608884
0.0814434
0.00728058
0.0804687
0.00868051
0.0794146
0.0102716
0.0782782
0.0122322
0.0771699
0.01442
0.0760702
0.0173365
0.0754125
0.0202897
0.075012
0.0249692
0.076767
0.0280778
0.0785365
0.0369808
0.0878762
0.0354465
0.0577046
0.085461
0.000379906
0.085344
0.00114214
0.0851494
0.00191972
0.0848773
0.00273104
0.0845292
0.003589
0.0841062
0.00451603
0.0836133
0.00552276
0.0830541
0.00664795
0.0824451
0.00788965
0.0817943
0.00933125
0.0811522
0.0109137
0.080527
0.0128575
0.080078
0.0148689
0.0797659
0.0176486
0.0801157
0.01994
0.0807557
0.0243291
0.0831322
0.0257013
0.0862211
0.0338919
0.0911543
0.0305133
0.0450573
0.0854704
0.000409543
0.0853815
0.00123096
0.0852347
0.00206654
0.0850318
0.00293395
0.0847765
0.00384428
0.0844735
0.00481907
0.0841319
0.0058643
0.0837612
0.00701867
0.083384
0.00826683
0.0830166
0.00969868
0.0827157
0.0112146
0.0825015
0.0130716
0.0825166
0.0148539
0.0827647
0.0174005
0.0835405
0.0191641
0.0848776
0.0229921
0.0869033
0.0236757
0.0909899
0.0298053
0.0938679
0.0276353
0.0354491
0.0854791
0.000430422
0.0854167
0.00129343
0.0853143
0.00216886
0.0851753
0.00307297
0.0850049
0.00401468
0.0848102
0.00501378
0.0846026
0.00607191
0.0843956
0.00722568
0.0842124
0.00845005
0.0840772
0.00983381
0.084035
0.0112568
0.084131
0.0129756
0.0844331
0.0145518
0.0850545
0.0167791
0.0859753
0.0182433
0.0876951
0.0212723
0.0893993
0.0219714
0.0932221
0.0259825
0.0956448
0.0252125
0.0291463
0.0854869
0.000443488
0.085448
0.0013324
0.0853851
0.00223172
0.0853023
0.00315573
0.0852057
0.00411132
0.0851039
0.00511558
0.0850085
0.00616727
0.0849361
0.00729815
0.0849059
0.00848023
0.0849494
0.0097903
0.0850917
0.0111146
0.0854006
0.0126667
0.0858722
0.0140802
0.0866968
0.0159545
0.0876739
0.0172662
0.0894178
0.0195284
0.0910093
0.0203799
0.0941212
0.0228706
0.0964084
0.0229254
0.0249041
0.0854936
0.000449894
0.0854746
0.00135134
0.0854452
0.00226115
0.0854097
0.00319125
0.0853742
0.00414681
0.0853482
0.00514156
0.0853424
0.00617309
0.0853745
0.0072661
0.085459
0.00839568
0.0856302
0.00961914
0.0858974
0.0108474
0.0863349
0.0122292
0.0869062
0.0135089
0.0877995
0.0150612
0.0888023
0.0162634
0.0903927
0.017938
0.0919207
0.0188519
0.0943606
0.0204307
0.0964538
0.0208322
0.0218716
0.085499
0.000450879
0.0854964
0.001354
0.085494
0.00226354
0.0854963
0.00318893
0.0855091
0.00413396
0.0855419
0.0051088
0.085604
0.00611102
0.0857124
0.00715767
0.0858782
0.00822984
0.0861329
0.00936445
0.0864795
0.0105008
0.0869821
0.0117267
0.0876046
0.0128864
0.088487
0.0141788
0.0894807
0.0152697
0.0908746
0.0165441
0.0923033
0.0174231
0.0942398
0.0184942
0.0960827
0.0189893
0.0195905
0.0855032
0.00044767
0.0855131
0.00134408
0.0855315
0.00224515
0.0855626
0.00315787
0.0856116
0.00408493
0.0856872
0.00503315
0.0857977
0.00600056
0.0859579
0.00699743
0.0861769
0.00801084
0.0864804
0.00906095
0.0868711
0.0101102
0.0873955
0.0112022
0.0880311
0.0122507
0.0888646
0.0133453
0.0898131
0.0143212
0.0910238
0.0153334
0.0923179
0.016129
0.0938935
0.0169186
0.095481
0.0174018
0.0178015
0.0855063
0.00044141
0.0855253
0.00132503
0.0855587
0.00221179
0.0856101
0.00310644
0.0856843
0.00401069
0.0857889
0.00492859
0.0859309
0.00585855
0.0861227
0.0068057
0.086372
0.00776151
0.0866982
0.00873471
0.0871054
0.00970301
0.0876239
0.0106837
0.0882439
0.0116308
0.0890124
0.0125767
0.0898901
0.0134435
0.0909424
0.0142812
0.0920884
0.0149829
0.0933978
0.0156092
0.0947522
0.0160473
0.0163527
0.0855083
0.000433127
0.0855334
0.00129994
0.0855765
0.00216862
0.0856411
0.00304194
0.085731
0.00392073
0.0858527
0.00480692
0.0860122
0.00569901
0.0862193
0.00659866
0.0864808
0.00749996
0.0868106
0.00840489
0.0872137
0.00929998
0.0877086
0.0101887
0.088293
0.0110464
0.0889905
0.0118793
0.0897844
0.0126496
0.0906995
0.0133661
0.0917001
0.0139823
0.092803
0.0145063
0.0939547
0.0148956
0.0151532
0.0855094
0.000423708
0.0855379
0.00127147
0.0855864
0.00212006
0.0856578
0.00297058
0.0857555
0.00382304
0.0858846
0.00467784
0.0860503
0.00553331
0.08626
0.00638893
0.0865198
0.00724016
0.0868392
0.00808545
0.0872233
0.00891587
0.0876833
0.00972881
0.08822
0.0105097
0.0888445
0.0112548
0.0895501
0.011944
0.0903441
0.0125721
0.0912096
0.0131169
0.0921445
0.0135714
0.0931222
0.013918
0.0141476
0.0855098
0.0004139
0.0855394
0.00124188
0.0855896
0.00206983
0.0856627
0.00289749
0.0857616
0.00372416
0.0858903
0.00454912
0.0860532
0.00537041
0.0862559
0.00618623
0.0865035
0.00699263
0.0868025
0.00778643
0.0871574
0.00856093
0.087575
0.00931126
0.0880571
0.0100276
0.0886085
0.0107033
0.0892266
0.0113259
0.0899115
0.0118872
0.090654
0.0123744
0.0914469
0.0127784
0.0922748
0.0130901
0.0133005
0.0855096
0.000404314
0.0855385
0.00121299
0.0855874
0.00202094
0.085658
0.00282682
0.0857529
0.00362931
0.0858751
0.00442689
0.0860283
0.00521727
0.0862165
0.00599793
0.0864441
0.00676513
0.0867155
0.00751502
0.0870344
0.00824202
0.0874049
0.00894072
0.0878289
0.00960365
0.0883083
0.0102239
0.0888415
0.0107927
0.0894267
0.011302
0.0900578
0.0117433
0.0907273
0.0121089
0.0914248
0.0123925
0.0125882
0.0855089
0.000395443
0.0855356
0.00118629
0.0855807
0.00197582
0.0856457
0.00276187
0.0857324
0.00354259
0.0858434
0.0043159
0.0859814
0.00507921
0.0861498
0.00582957
0.0863516
0.00656329
0.0865903
0.00727632
0.0868687
0.00796366
0.0871893
0.00862006
0.0875537
0.00923931
0.0879625
0.00981511
0.0884146
0.0103406
0.0889076
0.010809
0.0894371
0.0112138
0.0899969
0.0115491
0.0905793
0.0118101
0.0119933
0.0855078
0.000387673
0.0855312
0.00116291
0.0855706
0.00193634
0.0856273
0.00270519
0.0857027
0.00346718
0.0857988
0.00421982
0.0859178
0.00496024
0.0860621
0.00568526
0.0862342
0.00639117
0.0864366
0.00707389
0.0866715
0.00772881
0.0869405
0.00835098
0.0872449
0.00893498
0.0875847
0.00947528
0.0879591
0.00996611
0.0883661
0.010402
0.0888022
0.0107776
0.0892626
0.0110887
0.0897417
0.0113311
0.0115032
0.0855064
0.000381296
0.0855256
0.00114373
0.0855579
0.00190396
0.0856044
0.00265878
0.085666
0.00340553
0.0857444
0.00414142
0.0858413
0.00486337
0.0859585
0.00556803
0.086098
0.00625167
0.0862616
0.00691026
0.0864511
0.00753939
0.0866676
0.00813445
0.086912
0.00869055
0.0871845
0.0092028
0.0874844
0.0096662
0.0878102
0.0100763
0.0881593
0.0104285
0.0885283
0.0107197
0.088913
0.0109464
0.0111083
0.0855048
0.000376529
0.0855191
0.00112939
0.0855433
0.00187978
0.085578
0.00262409
0.0856241
0.00335942
0.0856828
0.00408272
0.0857554
0.00479075
0.0858434
0.00548004
0.0859482
0.00614681
0.0860714
0.00678708
0.0862142
0.00739658
0.0863778
0.00797093
0.0865627
0.00850558
0.0867694
0.00899616
0.0869974
0.00943818
0.0872458
0.00982789
0.087513
0.0101613
0.0877965
0.0104362
0.0880938
0.0106491
0.0108008
0.085503
0.000373545
0.085512
0.00112037
0.0855273
0.00186452
0.0855493
0.00260207
0.0855788
0.00332991
0.0856167
0.00404482
0.085664
0.00474345
0.0857218
0.00542222
0.0857913
0.0060773
0.0858737
0.00670472
0.08597
0.00730027
0.0860812
0.00785972
0.0862081
0.00837873
0.086351
0.00885321
0.0865102
0.00927903
0.0866852
0.00965287
0.0868753
0.00997115
0.0870791
0.0102324
0.0872944
0.0104338
0.0105738
0.0855011
0.0855048
0.0855115
0.0855216
0.0855359
0.0855549
0.0855795
0.0856105
0.0856488
0.0856953
0.0857509
0.0858165
0.085893
0.085981
0.086081
0.0861934
0.0863181
0.0864554
0.0866052
0.0599546
-0.000222247
0.0598184
-0.000668719
0.0595895
-0.00112675
0.0592636
-0.00160824
0.0588351
-0.00212417
0.0582956
-0.00268956
0.0576354
-0.00331946
0.0568399
-0.00403875
0.0558944
-0.00487054
0.0547744
-0.00586055
0.0534602
-0.00704587
0.0519078
-0.00851835
0.0500968
-0.0103382
0.0479307
-0.012707
0.0454038
-0.0157142
0.0421994
-0.0198492
0.0382412
-0.0251302
0.0319734
-0.0328274
0.0206526
-0.0421607
-0.0446549
0.0599514
-0.000173657
0.0598054
-0.000522679
0.0595595
-0.000880843
0.0592086
-0.00125739
0.0587456
-0.00166117
0.05816
-0.00210394
0.0574387
-0.00259818
0.0565632
-0.00316328
0.055512
-0.00381932
0.0542529
-0.00460142
0.0527512
-0.00554421
0.0509485
-0.00671559
0.0487881
-0.00817786
0.0461481
-0.010067
0.0429263
-0.0124923
0.0387995
-0.0157224
0.0335769
-0.0199077
0.0263068
-0.0255573
0.0160328
-0.0318868
-0.0286221
0.0599489
-0.000122565
0.0597951
-0.000368908
0.0595359
-0.000621558
0.0591653
-0.000886796
0.0586749
-0.0011708
0.0580526
-0.00148162
0.0572825
-0.00182814
0.0563429
-0.00222363
0.0552064
-0.0026828
0.0538344
-0.0032295
0.0521801
-0.0038899
0.0501736
-0.00470903
0.0477307
-0.005735
0.0447164
-0.0070527
0.0409703
-0.00874617
0.0362071
-0.0109593
0.0300921
-0.0137927
0.0219547
-0.0174199
0.0111896
-0.0211216
-0.0174325
0.0599472
-6.97321e-05
0.0597881
-0.000209817
0.0595196
-0.000353061
0.0591354
-0.000502586
0.0586261
-0.000661507
0.0579783
-0.00083385
0.0571744
-0.00102419
0.0561899
-0.00123918
0.0549937
-0.00148655
0.0535424
-0.00177828
0.0517809
-0.00212833
0.0496309
-0.0025591
0.0469923
-0.00309635
0.0437206
-0.00378105
0.0396315
-0.00465704
0.0344594
-0.00578721
0.0278841
-0.00721732
0.0194643
-0.0090001
0.00899087
-0.0106482
-0.00844165
0.0599463
-1.60186e-05
0.0597845
-4.80462e-05
0.0595114
-7.99249e-05
0.0591203
-0.000111509
0.0586014
-0.000142653
0.0579408
-0.000173195
0.0571196
-0.000203002
0.0561123
-0.000231899
0.0548855
-0.000259765
0.0533937
-0.000286401
0.0515771
-0.000311737
0.0493535
-0.000335575
0.0466152
-0.000358022
0.0432132
-0.000379047
0.0389555
-0.00039931
0.0335877
-0.000419374
0.0268112
-0.000440865
0.0182766
-0.00046549
0.00810479
-0.00047641
-0.000336867
0.0599463
3.76674e-05
0.0597846
0.000113634
0.0595116
0.000193061
0.0591208
0.000279353
0.0586022
0.000375921
0.0579419
0.000487113
0.0571211
0.000617763
0.0561143
0.000774891
0.0548881
0.000966451
0.0533969
0.00120486
0.051581
0.00150418
0.0493581
0.00188731
0.0466203
0.00237978
0.0432184
0.00302283
0.0389601
0.00385895
0.0335907
0.0049501
0.0268119
0.00633791
0.0182739
0.00807247
0.00810095
0.00969657
0.00776408
0.0599473
9.04164e-05
0.0597884
0.000272464
0.0595204
0.000461107
0.0591368
0.000662915
0.0586284
0.000884369
0.0579816
0.00113383
0.057179
0.00142046
0.056196
0.00175786
0.0550014
0.00216099
0.0535521
0.00265417
0.0517926
0.00326369
0.0496447
0.00403525
0.0470077
0.00501673
0.0437367
0.00629389
0.0396463
0.00794934
0.0344692
0.0101272
0.0278855
0.0129216
0.0194554
0.0165025
0.0089797
0.0201723
0.0167438
0.059949
0.000141378
0.0597957
0.000425809
0.0595372
0.00071964
0.0591676
0.00103243
0.0586787
0.00137333
0.0580581
0.00175441
0.0572902
0.00218839
0.056353
0.00269503
0.0552194
0.00329463
0.0538507
0.00402285
0.0522
0.00491441
0.050197
0.00603821
0.0477575
0.00745627
0.0447448
0.00930657
0.0409977
0.0116964
0.0362274
0.0148974
0.0300945
0.0190546
0.0219079
0.0246891
0.0111331
0.0309471
0.0278769
0.0599516
0.000189817
0.0598061
0.000571261
0.0595613
0.000964486
0.0592119
0.00138176
0.0587509
0.00183437
0.0581677
0.00233758
0.0574494
0.00290673
0.0565774
0.00356702
0.0555302
0.00434182
0.0542757
0.00527733
0.0527793
0.00641083
0.0509822
0.00783528
0.0488276
0.00961089
0.0461916
0.0119426
0.0429696
0.0149184
0.0388345
0.0190324
0.0336025
0.0242866
0.0263508
0.0319409
0.015978
0.0413199
0.0438548
0.0599548
0.0598193
0.0595918
0.0592679
0.0588419
0.0583056
0.0576492
0.0568582
0.0559179
0.054804
0.0534967
0.0519527
0.0501505
0.0479952
0.0454727
0.0422614
0.038236
0.0317897
0.0204505
)
;

boundaryField
{
    inlet
    {
        type            calculated;
        value           nonuniform List<scalar> 
50
(
-0.075
-0.075
-0.075
-0.075
-0.075
-0.075
-0.075
-0.075
-0.075
-0.075
-0.075
-0.075
-0.075
-0.075
-0.075
-0.075
-0.075
-0.075
-0.075
-0.075
-0.06
-0.06
-0.06
-0.06
-0.06
-0.06
-0.06
-0.06
-0.06
-0.06
-0.0855
-0.0855
-0.0855
-0.0855
-0.0855
-0.0855
-0.0855
-0.0855
-0.0855
-0.0855
-0.0855
-0.0855
-0.0855
-0.0855
-0.0855
-0.0855
-0.0855
-0.0855
-0.0855
-0.0855
)
;
    }
    outlet
    {
        type            calculated;
        value           nonuniform List<scalar> 
150
(
0.0832452
0.0835514
0.0840108
0.0845559
0.0850991
0.0855247
0.085684
0.0853972
0.0844645
0.0826909
0.0799235
0.0760961
0.0712667
0.0656261
0.0594676
0.0531248
0.0469118
0.0410922
0.0358834
0.0314835
0.0227449
0.0211778
0.0202713
0.0200696
0.0206195
0.0219257
0.0239476
0.0266007
0.0297639
0.0333031
0.0539746
0.061722
0.0690452
0.0755848
0.081133
0.085595
0.0889678
0.0913288
0.0928176
0.0936088
0.0938833
0.0938073
0.0935223
0.0931436
0.0927629
0.0924484
0.0922422
0.0921551
0.0921633
0.0922081
0.000372427
0.00111666
0.00185787
0.00259193
0.00331566
0.00402579
0.00471886
0.00539122
0.00603903
0.00665823
0.00724465
0.00779408
0.00830225
0.00876521
0.009179
0.00954051
0.0098464
0.0100952
0.010284
0.0104196
0.0210445
0.0208828
0.0203048
0.0193861
0.0181994
0.0168303
0.0153515
0.0138027
0.0122583
0.010694
0.0136723
0.0101461
0.00725655
0.00433164
0.00228713
0.000141389
-0.00108157
-0.00253174
-0.00345883
-0.00457267
-0.00611804
-0.00730535
-0.010136
-0.0113288
-0.0152316
-0.0156568
-0.019559
-0.0180978
-0.0206241
-0.0168156
0.000450662
0.00135121
0.00224856
0.0031389
0.00401901
0.00488536
0.00573397
0.00656035
0.00735951
0.00812592
0.00885366
0.00953638
0.0101677
0.0107409
0.0112502
0.0116893
0.012054
0.0123395
0.0125443
0.0126714
0.0254656
0.0250104
0.0240218
0.0225939
0.0208697
0.0189643
0.0169476
0.0149334
0.012872
0.0109462
0.0130038
0.0088752
0.00446541
0.000958554
-0.00313247
-0.00617901
-0.00980741
-0.0122332
-0.014737
-0.0159479
-0.0162162
-0.0156434
-0.0129439
-0.0108529
-0.00570827
-0.00362097
0.00203441
0.00201905
0.00564807
0.00240502
)
;
    }
    upAndBottom
    {
        type            empty;
        value           nonuniform 0();
    }
    obstacle
    {
        type            calculated;
        value           uniform 0;
    }
}


// ************************************************************************* //
