/*--------------------------------*- C++ -*----------------------------------*\
| =========                 |                                                 |
| \\      /  F ield         | OpenFOAM: The Open Source CFD Toolbox           |
|  \\    /   O peration     | Version:  v1806                                 |
|   \\  /    A nd           | Web:      www.OpenFOAM.com                      |
|    \\/     M anipulation  |                                                 |
\*---------------------------------------------------------------------------*/
FoamFile
{
    version     2.0;
    format      ascii;
    class       surfaceScalarField;
    location    "420";
    object      phi;
}
// * * * * * * * * * * * * * * * * * * * * * * * * * * * * * * * * * * * * * //

dimensions      [0 3 -1 0 0 0 0];
oriented        oriented;


internalField   nonuniform List<scalar> 
4680
(
0.0750004
-0.000193802
0.0750017
-0.000579979
0.0750042
-0.000963712
0.0750082
-0.00134346
0.0750139
-0.0017179
0.0750218
-0.00208545
0.0750324
-0.00244415
0.0750461
-0.00279162
0.0750637
-0.00312514
0.0750856
-0.00344163
0.0751125
-0.00373776
0.0751449
-0.0040099
0.0751834
-0.00425422
0.0752284
-0.00446671
0.0752801
-0.00464333
0.0753386
-0.00478014
0.0754034
-0.00487354
0.0754736
-0.00492028
0.0755481
-0.00491847
-0.00487226
0.0756388
0.075001
-0.000194821
0.0750042
-0.000583121
0.0750096
-0.000969144
0.0750177
-0.00135156
0.075029
-0.00172917
0.075044
-0.0021005
0.0750636
-0.0024637
0.0750884
-0.00281648
0.0751194
-0.00315614
0.0751574
-0.00347965
0.0752033
-0.00378361
0.0752577
-0.00406431
0.0753212
-0.00431772
0.0753941
-0.00453959
0.0754763
-0.00472553
0.0755673
-0.00487119
0.0756663
-0.00497254
0.0757722
-0.00502617
0.0758836
-0.00502987
-0.00498244
0.0759938
0.0750016
-0.000196422
0.0750065
-0.000588012
0.0750149
-0.000977598
0.0750275
-0.00136411
0.0750449
-0.00174653
0.0750679
-0.00212359
0.0750978
-0.00249356
0.0751356
-0.00285428
0.0751826
-0.00320313
0.07524
-0.00353708
0.075309
-0.00385264
0.0753907
-0.00414593
0.0754856
-0.00441264
0.0755941
-0.00464809
0.0757159
-0.00484734
0.0758501
-0.00500542
0.0759951
-0.00511753
0.0761485
-0.00517955
0.0763066
-0.00518799
-0.00514073
0.0764649
0.0750021
-0.000198495
0.0750084
-0.000594362
0.0750194
-0.00098861
0.0750358
-0.0013805
0.0750586
-0.0017693
0.075089
-0.00215397
0.0751284
-0.00253299
0.0751785
-0.00290438
0.075241
-0.00326561
0.0753176
-0.00361368
0.07541
-0.003945
0.0755195
-0.00425547
0.0756472
-0.00454035
0.0757935
-0.00479442
0.0759581
-0.00501191
0.0761397
-0.00518698
0.0763358
-0.00531365
0.076543
-0.00538672
0.0767565
-0.00540151
-0.00535574
0.0769715
0.0750024
-0.0002009
0.0750098
-0.000601749
0.0750227
-0.00100147
0.0750419
-0.00139978
0.0750689
-0.00179627
0.0751052
-0.00219023
0.0751526
-0.00258044
0.0752134
-0.00296514
0.0752898
-0.00334198
0.0753841
-0.003708
0.0754986
-0.00405953
0.0756353
-0.00439221
0.0757958
-0.00470078
0.0759807
-0.00497932
0.0761898
-0.00522101
0.0764216
-0.00541877
0.076673
-0.00556509
0.0769395
-0.00565326
0.077215
-0.00567693
-0.00563272
0.0774919
0.0750025
-0.00020345
0.0750104
-0.000609616
0.0750242
-0.00101527
0.0750451
-0.00142066
0.0750746
-0.00182582
0.0751149
-0.00223047
0.0751682
-0.00263374
0.0752373
-0.00303425
0.0753251
-0.00342983
0.0754349
-0.00381774
0.0755695
-0.0041942
0.075732
-0.00455464
0.0759244
-0.0048932
0.0761482
-0.00520312
0.0764034
-0.00547622
0.0766885
-0.00570391
0.0769999
-0.0058765
0.077332
-0.00598535
0.0776766
-0.0060215
-0.00598005
0.0780239
0.0750025
-0.000205911
0.0750101
-0.000617262
0.0750237
-0.00102883
0.0750445
-0.00144153
0.0750746
-0.00185591
0.0751164
-0.00227223
0.0751727
-0.00269009
0.0752471
-0.00310861
0.0753432
-0.00352597
0.0754652
-0.00393973
0.0756171
-0.00434609
0.0758029
-0.00474044
0.0760259
-0.00511615
0.0762885
-0.00546568
0.0765913
-0.00577907
0.0769333
-0.0060459
0.0773104
-0.00625356
0.0777158
-0.00639077
0.0781391
-0.00644487
-0.00640884
0.0785679
0.0750021
-0.000208005
0.0750087
-0.000623845
0.0750206
-0.00104076
0.0750395
-0.00146043
0.0750676
-0.00188403
0.0751079
-0.00231248
0.0751638
-0.00274596
0.0752395
-0.00318432
0.0753396
-0.00362615
0.0754696
-0.00406971
0.0756347
-0.00451113
0.0758404
-0.00494615
0.0760914
-0.00536717
0.0763919
-0.00576618
0.0767436
-0.00613079
0.0771464
-0.00644867
0.0775959
-0.00670311
0.0780846
-0.00687945
0.0785994
-0.00695965
-0.00693363
0.0791242
0.0750014
-0.000209406
0.0750059
-0.000628387
0.0750146
-0.00104942
0.0750292
-0.00147507
0.0750524
-0.00190718
0.0750875
-0.00234754
0.0751385
-0.002797
0.0752106
-0.00325644
0.0753094
-0.00372496
0.0754417
-0.00420202
0.0756142
-0.00468363
0.0758348
-0.00516673
0.0761098
-0.00564219
0.0764462
-0.00610258
0.0768472
-0.00653179
0.0773148
-0.00691632
0.0778449
-0.00723316
0.0784293
-0.00746389
0.0790519
-0.00758226
-0.00757383
0.0796921
0.0750003
-0.000209746
0.0750017
-0.000629783
0.0750053
-0.00105296
0.075013
-0.00148279
0.0750277
-0.00192187
0.0750532
-0.00237306
0.0750941
-0.00283795
0.0751566
-0.00331889
0.0752471
-0.00381548
0.0753744
-0.00432928
0.0755466
-0.00485584
0.0757748
-0.00539496
0.0760673
-0.00593469
0.0764357
-0.00647094
0.0768847
-0.00698075
0.0774211
-0.00745274
0.0780406
-0.00785262
0.0787364
-0.00815976
0.0794884
-0.00833421
-0.00835562
0.0802702
0.0749989
-0.000208625
0.0749959
-0.000626823
0.0749923
-0.00104932
0.0749901
-0.00148063
0.0749924
-0.00192417
0.0750034
-0.00238403
0.0750281
-0.00286263
0.0750735
-0.00336433
0.0751472
-0.00388914
0.0752599
-0.00444205
0.0754214
-0.00501732
0.0756472
-0.00562076
0.0759471
-0.00623462
0.0763407
-0.00686445
0.076833
-0.00747305
0.0774413
-0.00806107
0.078159
-0.00857032
0.0789862
-0.00898693
0.0798957
-0.00924378
-0.00931478
0.0808549
0.074997
-0.000205622
0.0749884
-0.000618235
0.0749754
-0.00103633
0.0749602
-0.00146543
0.0749458
-0.00190977
0.0749367
-0.00237487
0.074938
-0.002864
0.0749578
-0.00338411
0.0750042
-0.00393552
0.0750905
-0.00452836
0.0752275
-0.00515435
0.0754369
-0.00583015
0.0757292
-0.00652686
0.0761367
-0.00727202
0.0766618
-0.00799817
0.0773438
-0.008743
0.0781656
-0.00939211
0.0791497
-0.00997111
0.0802536
-0.0103477
-0.0105021
0.081441
0.0749947
-0.000200319
0.0749792
-0.000602742
0.0749547
-0.00101178
0.0749232
-0.00143392
0.0748876
-0.00187419
0.0748523
-0.00233959
0.0748226
-0.00283431
0.0748069
-0.00336838
0.0748137
-0.00394234
0.0748587
-0.00457342
0.0749538
-0.00524936
0.0751277
-0.00600405
0.0753903
-0.00678953
0.0757942
-0.00767592
0.0763319
-0.00853588
0.0770867
-0.00949776
0.0780094
-0.0103148
0.0791864
-0.0111481
0.0805273
-0.0116886
-0.0119934
0.0820185
0.074992
-0.000192327
0.0749684
-0.000579154
0.0749303
-0.000973618
0.0748793
-0.00138296
0.0748181
-0.001813
0.0747506
-0.00227209
0.0746818
-0.00276548
0.0746198
-0.00330633
0.0745733
-0.00389585
0.0745592
-0.00455939
0.0745905
-0.00528063
0.074703
-0.0061166
0.0749062
-0.00699265
0.0752776
-0.00804735
0.0757935
-0.00905178
0.0766138
-0.0103181
0.0776152
-0.0113162
0.0790417
-0.0125746
0.0806539
-0.0133008
-0.0139053
0.0825659
0.074989
-0.00018132
0.0749563
-0.000546465
0.0749027
-0.000920049
0.0748296
-0.0013098
0.0747388
-0.00172221
0.0746333
-0.00216666
0.0745175
-0.00264963
0.0743981
-0.00318692
0.0742836
-0.00378136
0.0741901
-0.00446589
0.0741321
-0.00522264
0.0741487
-0.00613321
0.0742536
-0.00709755
0.0745456
-0.0083393
0.0749886
-0.00949483
0.0758437
-0.0111732
0.0768718
-0.0123443
0.0786379
-0.0143407
0.0805162
-0.0151791
-0.0164461
0.0830569
0.0749858
-0.000167074
0.0749433
-0.000503981
0.074873
-0.000849798
0.0747756
-0.00121237
0.0746521
-0.00159867
0.074504
-0.00201857
0.0743342
-0.00247984
0.0741471
-0.00299987
0.0739501
-0.00358438
0.0737556
-0.00427135
0.0735799
-0.00504692
0.0734575
-0.00601084
0.0734151
-0.00705514
0.0735543
-0.00847847
0.0738603
-0.00980083
0.0746591
-0.011972
0.0756316
-0.0133168
0.0778115
-0.0165206
0.079884
-0.0172516
-0.0201442
0.0835822
0.0749824
-0.00014951
0.0749299
-0.000451433
0.0748424
-0.000762301
0.0747197
-0.00108967
0.0745616
-0.00144062
0.0743679
-0.00182485
0.0741392
-0.00225116
0.0738766
-0.00273725
0.0735845
-0.00329227
0.0732689
-0.00395578
0.0729456
-0.00472361
0.0726367
-0.00570194
0.072385
-0.00680347
0.0722664
-0.00835981
0.0723519
-0.00988638
0.0729121
-0.0125321
0.0737619
-0.0141666
0.0761947
-0.0189534
0.0782956
-0.0193524
-0.0263612
0.0845126
0.0749792
-0.000128731
0.0749169
-0.000389078
0.0748125
-0.000657905
0.0746648
-0.000942019
0.0744724
-0.00124815
0.0742325
-0.00158504
0.0739433
-0.00196188
0.0736012
-0.00239519
0.0732059
-0.00289692
0.0727549
-0.00350478
0.0722571
-0.00422581
0.0717175
-0.00516238
0.0711815
-0.00626746
0.070684
-0.00786227
0.0703875
-0.00958994
0.0704449
-0.0125895
0.0711319
-0.0148536
0.073311
-0.0211326
0.0755506
-0.021592
-0.0364573
0.0856466
0.0749764
-0.000105082
0.074905
-0.000317745
0.0747851
-0.000538002
0.0746145
-0.000771381
0.07439
-0.00102371
0.0741068
-0.00130179
0.0737596
-0.00161465
0.07334
-0.00197567
0.0728414
-0.00239824
0.0722507
-0.00291408
0.0715637
-0.00353885
0.0707634
-0.00436212
0.069872
-0.00537606
0.0688793
-0.00686955
0.0679457
-0.00865635
0.0671392
-0.011783
0.0672712
-0.0149855
0.0684305
-0.0222919
0.0726319
-0.0257934
-0.0478467
0.0840213
0.0749741
-7.91896e-05
0.0748951
-0.000238713
0.0747622
-0.000405093
0.0745722
-0.000581367
0.0743205
-0.000772014
0.0739998
-0.000981149
0.0736022
-0.00121708
0.0731142
-0.00148767
0.0725227
-0.00180674
0.0718029
-0.00219422
0.0709354
-0.00267135
0.0698739
-0.00330066
0.0685999
-0.00410206
0.0670297
-0.0052993
0.0652177
-0.00684437
0.0630604
-0.00962573
0.0612486
-0.0131737
0.060384
-0.0214273
0.0673301
-0.0327395
0.0737156
-0.0542321
0.0756736
-0.00192007
0.0757054
-0.00189964
0.0757383
-0.00187782
0.0757714
-0.00185287
0.0758045
-0.00182515
0.0758376
-0.00179479
0.0758706
-0.00176188
0.0759035
-0.00172656
0.075936
-0.00168887
-0.00164874
0.0759667
0.0760375
-0.00196379
0.0760824
-0.00194449
0.0761266
-0.00192207
0.0761704
-0.00189663
0.0762134
-0.00186822
0.0762556
-0.00183697
0.0762967
-0.00180298
0.0763366
-0.00176646
0.0763752
-0.00172741
-0.00168672
0.0764132
0.0765283
-0.00202715
0.0765908
-0.00200697
0.0766521
-0.0019834
0.076712
-0.00195654
0.0767702
-0.00192647
0.0768266
-0.00189332
0.0768808
-0.00185722
0.0769327
-0.00181838
0.0769821
-0.00177675
-0.00173334
0.0770287
0.077056
-0.00211161
0.077139
-0.00209
0.0772203
-0.00206472
0.0772995
-0.00203575
0.0773763
-0.00200321
0.0774502
-0.00196724
0.0775209
-0.00192796
0.0775882
-0.00188566
0.0776516
-0.00184016
-0.00179311
0.0777114
0.0776005
-0.00222018
0.0777073
-0.00219678
0.0778117
-0.00216917
0.0779133
-0.00213732
0.0780115
-0.00210139
0.0781057
-0.00206152
0.0781957
-0.00201787
0.0782808
-0.00197081
0.0783606
-0.00191999
-0.00186793
0.0784355
0.0781602
-0.00235648
0.0782942
-0.00233076
0.0784252
-0.0023001
0.0785523
-0.00226448
0.078675
-0.00222407
0.0787926
-0.00217907
0.0789043
-0.00212967
0.0790099
-0.00207634
0.0791084
-0.00201849
-0.00195989
0.0792003
0.0787364
-0.00252494
0.078902
-0.00249633
0.0790637
-0.00246182
0.0792206
-0.00242139
0.0793718
-0.00237523
0.0795163
-0.00232362
0.0796534
-0.00226676
0.0797824
-0.00220533
0.0799023
-0.0021384
-0.00207139
0.0800138
0.0793307
-0.00273148
0.0795338
-0.00269938
0.079732
-0.00266008
0.0799242
-0.00261356
0.080109
-0.00256007
0.0802854
-0.00249996
0.0804521
-0.00243352
0.0806085
-0.00236169
0.0807531
-0.00228306
-0.00220529
0.080887
0.0799448
-0.00298408
0.0801932
-0.00294782
0.0804357
-0.00290259
0.0806705
-0.00284834
0.0808959
-0.00278544
0.0811103
-0.00271438
0.0813123
-0.00263554
0.0815009
-0.00255027
0.0816744
-0.00245658
-0.00236496
0.0818341
0.0805798
-0.0032937
0.0808844
-0.00325251
0.0811817
-0.00319985
0.081469
-0.00313565
0.081744
-0.00306047
0.0820047
-0.00297506
0.0822491
-0.00287996
0.082476
-0.00277711
0.0826832
-0.00266384
-0.00255415
0.0828724
0.0812368
-0.00367556
0.0816128
-0.00362857
0.0819794
-0.00356643
0.0823328
-0.00348907
0.0826698
-0.00339743
0.0829874
-0.00329271
0.0832833
-0.00317582
0.0835557
-0.00304953
0.0838023
-0.0029104
-0.00277668
0.0840248
0.0819169
-0.00415149
0.0823861
-0.00409778
0.0828428
-0.00402312
0.0832814
-0.00392764
0.083697
-0.00381309
0.0840859
-0.00368157
0.0844447
-0.00353461
0.0847714
-0.00337622
0.0850633
-0.00320228
-0.00303581
0.0853224
0.0826225
-0.00475542
0.0832177
-0.00469307
0.083795
-0.00460039
0.0843457
-0.00447832
0.0848631
-0.0043305
0.085342
-0.00416047
0.0857781
-0.00397076
0.086169
-0.00376707
0.0865118
-0.00354511
-0.00333249
0.0868085
0.0833579
-0.00554745
0.0841339
-0.005469
0.0848793
-0.0053458
0.0855816
-0.00518066
0.0862324
-0.00498127
0.086825
-0.0047531
0.0873543
-0.00450005
0.0878171
-0.00422991
0.0882118
-0.00393975
-0.0036598
0.0885391
0.0841395
-0.00662999
0.0851877
-0.00651721
0.0861773
-0.00633539
0.0870908
-0.00609415
0.0879172
-0.00580769
0.0886479
-0.00548385
0.0892774
-0.00512948
0.0898025
-0.00475501
0.0902258
-0.00436311
-0.00397836
0.0905444
0.0850895
-0.00813737
0.086525
-0.00795265
0.0878398
-0.00765022
0.0890134
-0.00726773
0.0900292
-0.00682351
0.0908748
-0.00632948
0.0915467
-0.00580132
0.0920459
-0.00525425
0.092388
-0.00470521
-0.00414702
0.0925567
0.0866417
-0.0102665
0.0884867
-0.00979766
0.0900378
-0.00920129
0.0912982
-0.00852811
0.0922598
-0.00778513
0.0929231
-0.00699279
0.0933058
-0.00618405
0.0934313
-0.00537973
0.0933389
-0.00461284
-0.00383655
0.0930285
0.088462
-0.0130818
0.090299
-0.0116347
0.0914213
-0.0103236
0.0919347
-0.00904145
0.0919175
-0.00776797
0.091464
-0.00653927
0.0906768
-0.0053969
0.0896487
-0.00435162
0.0884447
-0.00340883
-0.00247312
0.0870813
0.0849026
-0.0139631
0.0844937
-0.0112258
0.0830731
-0.00890307
0.0808983
-0.00686661
0.0782265
-0.0050962
0.0753225
-0.00363528
0.0723897
-0.00246409
0.0695656
-0.00152748
0.0669329
-0.000776136
-0.00016955
0.0646293
0.0597525
0.0485266
0.0396236
0.032757
0.0276608
0.0240255
0.0215614
0.0200339
0.0192578
0.0190882
0.0762532
-0.0138709
0.0763705
-0.00797972
0.0764678
-0.00463834
0.0766936
-0.0034702
0.0769489
-0.00109576
0.0772194
0.00244976
0.0771687
0.00959523
0.0767548
0.0136976
0.0763032
0.0119308
0.076042
0.007437
0.0763951
-0.00223923
0.0769972
-0.00531876
0.0774671
-0.00243785
0.0778915
0.00108342
0.0775554
0.0120927
0.0768352
0.0131781
0.0761548
0.00891632
0.0756496
0.00498791
0.0762988
-0.0126749
-0.0117553
0.0766683
-0.014126
0.0766596
-0.0079711
0.0766523
-0.00463095
0.0768815
-0.00369941
0.0771941
-0.00140836
0.0774261
0.00221772
0.077266
0.00975537
0.0767285
0.014235
0.0761716
0.0124877
0.075914
0.00769459
0.0764324
-0.00275765
0.0771613
-0.00604763
0.0776998
-0.00297637
0.07807
0.000713217
0.0776028
0.0125599
0.076787
0.013994
0.0759965
0.00970673
0.0754684
0.00551603
0.076309
-0.0135155
-0.012571
0.0772863
-0.0143836
0.0771327
-0.00781744
0.0769957
-0.00449405
0.077251
-0.00395468
0.0776353
-0.00179268
0.0778429
0.00201018
0.0775142
0.0100841
0.076747
0.0150021
0.0759823
0.0132525
0.0757147
0.00796223
0.0764847
-0.00352773
0.0774557
-0.0070186
0.0780987
-0.00361933
0.0784072
0.000404687
0.0777324
0.0132346
0.0767188
0.0150077
0.0757325
0.010693
0.0751655
0.006083
0.0762731
-0.0146231
-0.0135648
0.0779934
-0.0146657
0.0776934
-0.00751741
0.0774209
-0.00422162
0.0777226
-0.00425637
0.0782292
-0.00229927
0.07844
0.00179945
0.0779172
0.0106068
0.0768421
0.0160772
0.0757807
0.0143139
0.0754725
0.00827043
0.0765393
-0.00459445
0.0778323
-0.00831169
0.0786423
-0.00442926
0.0788918
0.000155117
0.0779504
0.014176
0.0766622
0.0162959
0.0754179
0.0119372
0.0747593
0.00674165
0.0761394
-0.0160033
-0.0147646
0.0787498
-0.01498
0.0782864
-0.007054
0.0778644
-0.00379958
0.0782419
-0.00463384
0.0789239
-0.00298127
0.0791761
0.00154725
0.0784552
0.0113277
0.0770158
0.0175165
0.0755824
0.0157473
0.0751923
0.00866051
0.0765749
-0.00597702
0.0782602
-0.00999698
0.0792931
-0.00546222
0.0795
-5.18084e-05
0.0782582
0.0154179
0.0766379
0.0179162
0.0750879
0.0134873
0.0742595
0.00757007
0.0758541
-0.0175979
-0.0161763
0.0795479
-0.0153276
0.0788863
-0.00639244
0.0782867
-0.00319996
0.0787733
-0.00512043
0.0796887
-0.00389669
0.0800202
0.00121576
0.0791012
0.0122467
0.0772529
0.0193649
0.0753826
0.0176176
0.0748624
0.00918071
0.0765543
-0.00766889
0.0786903
-0.0121329
0.0800033
-0.00677526
0.080194
-0.000242525
0.0786415
0.0169704
0.076654
0.0199037
0.0747663
0.0153749
0.0736687
0.00866774
0.0753594
-0.0192886
-0.0177806
0.0803925
-0.0157063
0.0794816
-0.00548157
0.0786606
-0.00237888
0.0792947
-0.00575456
0.0805125
-0.00511449
0.0809567
0.000771512
0.0798318
0.0133716
0.0775335
0.0216632
0.0751724
0.0199786
0.0744606
0.00989254
0.0764144
-0.00962268
0.0790413
-0.0147598
0.0806994
-0.0084334
0.0809142
-0.000457307
0.0790708
0.0188139
0.0767065
0.0222679
0.074467
0.0176145
0.0729823
0.0101525
0.0745983
-0.0209046
-0.0195357
0.0812931
-0.0161124
0.0800666
-0.00425501
0.078963
-0.00127527
0.0797883
-0.00657992
0.0813932
-0.00671939
0.0819812
0.000183542
0.080628
0.0147248
0.0778395
0.0244517
0.0749489
0.0228692
0.0739589
0.0108826
0.0760596
-0.0117234
0.079183
-0.0178833
0.0812629
-0.0105133
0.0815752
-0.000769593
0.0794991
0.02089
0.0767795
0.0249874
0.0741899
0.0202041
0.0721915
0.0121509
0.0735293
-0.0222424
-0.0213833
0.0822602
-0.0165385
0.0806384
-0.00263316
0.0791732
0.000189931
0.0802317
-0.00763841
0.0823239
-0.00881163
0.0830886
-0.00058113
0.0814696
0.0163438
0.0781556
0.0277657
0.0747184
0.0263065
0.0733253
0.0122757
0.0753592
-0.0137573
0.0789263
-0.0214504
0.0815219
-0.0131089
0.0820558
-0.00130352
0.0798596
0.0230863
0.0768435
0.0280035
0.0739187
0.0231289
0.0712875
0.0147822
0.0721433
-0.0230983
-0.0232559
0.0833034
-0.0169695
0.0811991
-0.000528895
0.0792741
0.00211499
0.0805846
-0.00894896
0.0832671
-0.0114941
0.0842515
-0.0015656
0.0823238
0.0182716
0.0784653
0.0316242
0.0744905
0.0302812
0.0725217
0.0142445
0.07416
-0.0153956
0.0780359
-0.0253262
0.0812536
-0.0163266
0.0822031
-0.00225302
0.0800656
0.0252238
0.0768551
0.0312139
0.0736208
0.0263632
0.0702675
0.0181354
0.0704772
-0.0233079
-0.025088
0.0844287
-0.0173734
0.0817566
0.00214322
0.079255
0.00461662
0.0807635
-0.0104575
0.0841087
-0.0148392
0.0853805
-0.00283747
0.0831265
0.0205256
0.0787428
0.0360079
0.074263
0.0347609
0.0715001
0.0170074
0.0723225
-0.016218
0.0762844
-0.0292882
0.0802256
-0.0202678
0.0818484
-0.00387585
0.0800183
0.0270539
0.0767595
0.0344727
0.0732517
0.0298711
0.069141
0.0222461
0.068616
-0.0227829
-0.0268254
0.0856394
-0.0176904
0.0823239
0.00545863
0.0791
0.00784059
0.0805897
-0.0119472
0.0845794
-0.018829
0.0862637
-0.00452175
0.0837557
0.0230336
0.0789406
0.0408231
0.0740007
0.0397008
0.0702042
0.020804
0.0697795
-0.0157933
0.0735443
-0.033053
0.0782705
-0.024994
0.0808529
-0.00645819
0.0796247
0.028282
0.0764967
0.0376007
0.0727651
0.0336027
0.0679335
0.0270777
0.0666817
-0.0215311
-0.0284322
0.0869278
-0.0178096
0.082908
0.00947843
0.0787485
0.012
0.0797114
-0.0129101
0.0841562
-0.0232738
0.0864989
-0.00686446
0.0839997
0.0255328
0.0789712
0.0458515
0.0736217
0.0450503
0.068583
0.0258427
0.0665978
-0.0138081
0.0698858
-0.036341
0.0753791
-0.0304874
0.079162
-0.0102411
0.0788233
0.0286207
0.0760132
0.0404108
0.0721238
0.0374921
0.0666869
0.0325146
0.0648099
-0.0196541
-0.0298917
0.0882472
-0.0175177
0.0834592
0.0142664
0.0780031
0.0174562
0.0775313
-0.0124384
0.0820235
-0.0277659
0.0854587
-0.0102997
0.0835391
0.0274524
0.0786911
0.0506995
0.0729998
0.0507416
0.066619
0.0322235
0.0630087
-0.0101978
0.0656233
-0.0389557
0.071758
-0.036622
0.0768519
-0.015335
0.0776088
0.0278638
0.0752746
0.0427451
0.0713106
0.041456
0.0654556
0.0383696
0.0631247
-0.0173233
-0.031202
0.0894049
-0.0163782
0.0837416
0.0199296
0.0763903
0.0248076
0.073222
-0.00927009
0.0772226
-0.0317665
0.0824089
-0.0154859
0.0819889
0.0278724
0.0779049
0.0547835
0.0719895
0.0566571
0.0643579
0.0398551
0.059378
-0.00521787
0.0612649
-0.0408425
0.0678072
-0.0431644
0.0741285
-0.0216562
0.0760401
0.0259521
0.0742748
0.0445104
0.0703333
0.0453976
0.064299
0.0444039
0.0617194
-0.0147437
-0.0323694
0.0897416
-0.0135632
0.0830873
0.0265839
0.0730459
0.0348489
0.0659788
-0.00220294
0.069126
-0.0349137
0.0768612
-0.0232212
0.0790528
0.0256808
0.0764145
0.0574219
0.0704669
0.0626047
0.0619205
0.0484015
0.0561205
0.000582094
0.0573737
-0.0420958
0.0640142
-0.0498049
0.0712737
-0.0289157
0.0742248
0.023001
0.0730373
0.0456979
0.0692233
0.0492116
0.063274
0.0503533
0.0606489
-0.0121187
-0.0334016
0.087408
-0.00794272
0.0800328
0.0339591
0.066787
0.0480947
0.0555826
0.00900151
0.0581407
-0.0374718
0.0690537
-0.0341342
0.0747538
0.0199807
0.0741085
0.0580672
0.0683759
0.0683373
0.0594834
0.057294
0.0535971
0.00646838
0.0544108
-0.0429094
0.0608095
-0.0562036
0.0685621
-0.0366683
0.0722857
0.0192774
0.0716066
0.046377
0.0680302
0.0527879
0.0624298
0.0559537
0.0599388
-0.00962774
-0.0343011
0.0785726
0.00056599
0.0721578
0.0403739
0.0566396
0.0636129
0.0430529
0.0225882
0.0460868
-0.0405057
0.0601069
-0.0481543
0.0695272
0.0105603
0.0710284
0.0565661
0.0657496
0.0736161
0.0572419
0.0658017
0.052034
0.0116763
0.0526344
-0.0435098
0.0584602
-0.0620294
0.0661883
-0.0443965
0.0703272
0.0151384
0.0700368
0.0466675
0.0668133
0.0560114
0.0618039
0.0609631
0.0595952
-0.00741911
-0.0350603
0.0591735
0.00602177
0.0576312
0.0419162
0.0431128
0.0781313
0.0310302
0.0346709
0.0355987
-0.0450742
0.0514997
-0.0640553
0.0639953
-0.00193527
0.067329
0.0532324
0.0627045
0.0782406
0.0553744
0.0731318
0.0515063
0.0155443
0.052085
-0.0440885
0.0570457
-0.0669901
0.0642371
-0.0515878
0.0684165
0.010959
0.0683811
0.0467029
0.0656254
0.0587672
0.0614187
0.0651698
0.0596047
-0.00560506
-0.035659
0.0325438
-0.00743382
0.0388124
0.0356476
0.0292031
0.0877406
0.0229462
0.0409278
0.0290044
-0.0511324
0.0443905
-0.0794415
0.0586549
-0.0161997
0.0631746
0.0487128
0.05941
0.0820052
0.053998
0.0785438
0.0519845
0.0175578
0.0526557
-0.0447598
0.0564727
-0.0708071
0.0627035
-0.0578187
0.0665952
0.00706737
0.0666879
0.0466102
0.0645006
0.0609545
0.0612753
0.0683952
0.0599584
-0.00428816
-0.0360524
0.00794802
-0.0153818
0.0109071
0.0326884
0.00901042
0.0896373
0.00862698
0.0413113
0.0112377
-0.0537431
0.0163586
-0.0845624
0.0221259
-0.021967
0.0241036
0.046735
0.0228234
0.0832854
0.0213317
0.0800356
0.0211766
0.0177129
0.0215051
-0.0450883
0.0225975
-0.0718994
0.0247382
-0.0599594
0.026205
0.00560055
0.0262088
0.0466064
0.025482
0.0616813
0.0245282
0.069349
0.0241891
-0.00394903
-0.036112
0.0055662
-0.020948
0.00843624
0.0298184
0.00779105
0.0902825
0.00873155
0.0403708
0.0113572
-0.0563687
0.015789
-0.0889943
0.0213604
-0.0275383
0.0234023
0.0446931
0.0223072
0.0843805
0.0212408
0.0811019
0.0214367
0.0175171
0.0217855
-0.0454371
0.0226637
-0.0727776
0.0245652
-0.0618609
0.0259369
0.00422885
0.0259516
0.0465916
0.0253198
0.0623131
0.0245639
0.0701049
0.0243121
-0.00369731
-0.0361357
0.00356003
-0.0245081
0.00624596
0.0271325
0.0069253
0.0896032
0.00922008
0.038076
0.0117719
-0.0589206
0.0154178
-0.0926402
0.0206318
-0.0327523
0.0226805
0.0426444
0.0218065
0.0852546
0.0211994
0.081709
0.0217365
0.01698
0.0221007
-0.0458014
0.0227674
-0.0734443
0.0244146
-0.0635081
0.0256701
0.00297335
0.025696
0.0465658
0.025172
0.0628371
0.024616
0.070661
0.02445
-0.00353137
-0.0361257
0.00197695
-0.026485
0.00440138
0.024708
0.00645868
0.0875459
0.0100334
0.0345012
0.0124458
-0.061333
0.0152313
-0.0954256
0.0199471
-0.0374681
0.0219599
0.0406315
0.021329
0.0858854
0.0211998
0.0818382
0.0220701
0.0161097
0.0224491
-0.0461803
0.0229027
-0.0738979
0.0242829
-0.0648883
0.0254111
0.00184513
0.0254466
0.0465302
0.0250348
0.063249
0.0246827
0.071013
0.0246031
-0.00345178
-0.0360828
0.000846955
-0.027332
0.00296601
0.022589
0.00640112
0.0841108
0.0111157
0.0297867
0.0133352
-0.0635524
0.0152205
-0.097311
0.0193138
-0.0415613
0.0212486
0.0386967
0.0208824
0.0862516
0.0212427
0.081478
0.0224329
0.0149194
0.0228253
-0.0465727
0.0230663
-0.074139
0.0241694
-0.0659914
0.0251606
0.000853959
0.0252051
0.0464858
0.0249088
0.0635453
0.0247634
0.0711584
0.0247704
-0.0034587
-0.0360077
0.000202428
-0.0275344
0.00199772
0.0207937
0.00674776
0.0793607
0.0124064
0.024128
0.0143952
-0.0655412
0.0153734
-0.0982892
0.0187412
-0.0449291
0.0205567
0.0368811
0.0204749
0.0863335
0.0213288
0.0806241
0.0228206
0.0134276
0.023224
-0.046976
0.0232553
-0.0741703
0.024074
-0.0668101
0.0249197
8.2894e-06
0.0249729
0.0464326
0.0247949
0.0637232
0.0248575
0.0710958
0.0249506
-0.00355183
-0.0359012
5.68951e-05
-0.0275913
0.00154741
0.0193032
0.00748006
0.0734281
0.0138465
0.0177616
0.0155821
-0.0672768
0.0156753
-0.0983823
0.0182398
-0.0474937
0.0198959
0.035225
0.0201151
0.0861143
0.021459
0.0792802
0.0232293
0.0116572
0.0236404
-0.0473871
0.0234667
-0.0739966
0.0239965
-0.0673398
0.0246895
-0.000684717
0.0247518
0.0463702
0.0246939
0.0637811
0.0249643
0.0708254
0.0251429
-0.00373042
-0.0357643
0.000408276
-0.0279996
0.00165584
0.0180556
0.00856782
0.0665161
0.0153835
0.0109459
0.0168546
-0.0687479
0.0161098
-0.0976376
0.0178206
-0.0492044
0.0192796
0.033766
0.0198124
0.0855814
0.0216342
0.0774584
0.0236558
0.00963563
0.0240702
-0.0478015
0.023698
-0.0736244
0.023937
-0.0675789
0.0244715
-0.00121919
0.0245436
0.0462981
0.0246066
0.0637182
0.0250831
0.0703489
0.0253459
-0.00399324
-0.0355984
0.00134741
-0.029347
0.00234894
0.0170541
0.00997349
0.0588915
0.0169744
0.00394501
0.0181759
-0.0699494
0.0166601
-0.0961218
0.017494
-0.0500383
0.0187223
0.0325377
0.0195766
0.0847271
0.0218558
0.0751792
0.0240974
0.007394
0.0245092
-0.0482133
0.0239463
-0.0730615
0.0238959
-0.0675285
0.0242673
-0.00159055
0.02435
0.0462154
0.0245336
0.0635346
0.0252134
0.069669
0.0255588
-0.00433866
-0.0354043
0.00290275
-0.0322497
0.00365408
0.0163028
0.0116529
0.0508927
0.0185928
-0.00299491
0.0194739
-0.0708305
0.017324
-0.0939719
0.0172838
-0.0499981
0.0182335
0.0315879
0.0194191
0.0835415
0.0221339
0.0724645
0.0245427
0.00498513
0.0249433
-0.0486139
0.0242144
-0.0723325
0.0238781
-0.0671922
0.0240782
-0.00179073
0.0241687
0.046125
0.0244807
0.0632225
0.0253563
0.0687935
0.0257728
-0.0047552
-0.0351939
0.0256236
-0.020682
-0.0371914
0.0264313
0.0154951
0.0529946
0.0243294
0.0737432
-0.0237435
0.0744965
-0.0715838
0.0635999
-0.0830753
0.0573178
-0.0437161
0.0580621
0.0308437
0.0646973
0.0769063
0.0766125
0.0605493
0.0853036
-0.00370592
0.0867571
-0.0500674
0.0832702
-0.0688457
0.0800851
-0.0640071
0.0793411
-0.00104668
0.0796903
0.0457757
0.0819542
0.0609586
0.0860176
0.0647301
0.0877717
-0.00650932
-0.0346898
0.0758669
0.00427404
-0.100823
0.066085
0.0252771
0.0797053
0.010709
0.0907805
-0.0348186
0.0880383
-0.0688416
0.0740062
-0.0690432
0.0610448
-0.0307547
0.0589975
0.032891
0.0681045
0.0677993
0.0820273
0.0466265
0.090811
-0.0124897
0.0917257
-0.0509821
0.0866588
-0.0637787
0.0808203
-0.0581686
0.0783006
0.00147304
0.0787516
0.0453247
0.0822894
0.0574208
0.0880744
0.0589451
0.0905585
-0.00899346
-0.0339695
0.103545
0.0176786
-0.11695
0.0984001
0.0304225
0.102878
0.00623067
0.103758
-0.0356981
0.0970347
-0.0621184
0.0832799
-0.0552883
0.0687504
-0.0162252
0.0656726
0.0359689
0.0757557
0.0577162
0.089263
0.0331192
0.0964733
-0.0196999
0.0962002
-0.0507091
0.090003
-0.0575815
0.082249
-0.0504146
0.0783679
0.00535419
0.0789814
0.0447112
0.0835108
0.0528915
0.0905798
0.0518761
0.093514
-0.0119277
-0.033014
0.114395
0.022098
-0.118815
0.115046
0.0297722
0.115902
0.00537459
0.111014
-0.0308104
0.102015
-0.0531194
0.0902956
-0.0435687
0.0782657
-0.0041953
0.0764082
0.0378264
0.0863585
0.0477658
0.0975103
0.0219674
0.101879
-0.0240682
0.0999175
-0.0487479
0.09304
-0.050704
0.0843039
-0.0416785
0.0796451
0.010013
0.0805985
0.0437577
0.0858534
0.0476366
0.0935999
0.0441296
0.0965666
-0.0148944
-0.0317587
0.116535
0.0226301
-0.117067
0.12009
0.0262178
0.119945
0.00551891
0.113557
-0.0244216
0.104161
-0.043724
0.0948241
-0.0342317
0.0870961
0.00353267
0.0880266
0.0368959
0.0972455
0.0385469
0.10515
0.014063
0.106328
-0.0252465
0.102625
-0.045045
0.0955503
-0.0436292
0.0867926
-0.0329207
0.0821303
0.0146753
0.0836774
0.0422107
0.0893737
0.0419403
0.0971202
0.0363831
0.0996148
-0.0173891
-0.0301031
0.115836
0.0217937
-0.114999
0.119783
0.0222705
0.119637
0.0056647
0.113797
-0.0185813
0.104993
-0.0349205
0.0975177
-0.0267559
0.09387
0.00718031
0.0975392
0.0332267
0.105706
0.0303801
0.110603
0.00916577
0.109229
-0.0238726
0.104242
-0.0400575
0.0973882
-0.0367756
0.0894526
-0.0249852
0.0856249
0.018503
0.0879861
0.0398495
0.0938203
0.0361061
0.100921
0.0292828
0.10248
-0.0189485
-0.0279635
0.114435
0.0205763
-0.113218
0.117784
0.0189213
0.117744
0.00570508
0.11303
-0.0138668
0.105286
-0.0271768
0.0992142
-0.0206841
0.098358
0.00803652
0.103602
0.0279827
0.110521
0.0234608
0.1133
0.0063867
0.110506
-0.0210785
0.104939
-0.0344899
0.0985885
-0.0304254
0.0920104
-0.0184071
0.0896759
0.0208375
0.0929263
0.0365991
0.0985763
0.0304561
0.104563
0.0232958
0.104921
-0.0193059
-0.0253334
0.112968
0.0192789
-0.11167
0.115536
0.0163526
0.115576
0.00566558
0.111894
-0.0101848
0.105382
-0.0206647
0.100461
-0.0157637
0.101052
0.00744645
0.106551
0.0224831
0.112164
0.0178479
0.113752
0.00479887
0.110549
-0.017876
0.105028
-0.0289683
0.0993224
-0.0247201
0.094259
-0.0133437
0.0936803
0.0214162
0.0976701
0.0326092
0.102845
0.0252816
0.107534
0.0186062
0.10671
-0.0184819
-0.0223149
0.11157
0.0180033
-0.110294
0.113487
0.0144353
0.113551
0.00560172
0.110665
-0.00729911
0.105373
-0.0153728
0.101454
-0.0118448
0.102562
0.00633893
0.107457
0.0175881
0.111855
0.0134498
0.112889
0.00376488
0.10987
-0.0148568
0.104799
-0.0238978
0.0998007
-0.0197217
0.0961105
-0.00965347
0.0970953
0.0204314
0.10148
0.0282242
0.105981
0.0207808
0.109468
0.0151192
0.107735
-0.0167483
-0.0190975
0.110262
0.0167957
-0.109054
0.111699
0.0129982
0.111754
0.00554646
0.109463
-0.00500812
0.105271
-0.0111805
0.102208
-0.00878223
0.103347
0.00520006
0.107319
0.0136166
0.110685
0.0100832
0.111474
0.00297631
0.108865
-0.0122475
0.104443
-0.0194762
0.100183
-0.015462
0.0975759
-0.007046
0.0996217
0.0183856
0.103988
0.0238582
0.107743
0.0170252
0.11029
0.012572
0.108036
-0.0144944
-0.0159001
0.109044
0.0156813
-0.10793
0.110139
0.0119032
0.110172
0.00551324
0.108338
-0.00317381
0.105076
-0.00791892
0.102711
-0.00641667
0.10369
0.00422045
0.106759
0.010548
0.109296
0.00754618
0.109952
0.00231965
0.107776
-0.0100706
0.104057
-0.0157573
0.100542
-0.0119471
0.0987082
-0.00521241
0.10124
0.0158538
0.105244
0.0198538
0.10829
0.0139792
0.11019
0.0106726
0.10778
-0.012085
-0.0129118
0.107911
0.0146755
-0.106905
0.108762
0.0110529
0.108772
0.00550318
0.107302
-0.00170439
0.104796
-0.00541274
0.102976
-0.00459666
0.103754
0.00344247
0.106073
0.00822904
0.107966
0.0056532
0.108517
0.00176811
0.106723
-0.00827648
0.103678
-0.0127118
0.100873
-0.0091427
0.0995629
-0.0039019
0.102119
0.013298
0.105568
0.016405
0.107999
0.0115477
0.109475
0.00919635
0.107172
-0.00978182
-0.0102581
0.106858
0.0137868
-0.105969
0.107529
0.0103817
0.107522
0.00551009
0.106352
-0.000534217
0.104445
-0.0035053
0.103044
-0.00319616
0.103638
0.00284918
0.105376
0.00649097
0.106778
0.00425131
0.107228
0.00131754
0.105759
-0.00680691
0.103316
-0.0102696
0.101147
-0.00697339
0.100187
-0.00294183
0.10249
0.010995
0.10533
0.0135647
0.107253
0.00962516
0.108442
0.00800713
0.106394
-0.0077338
-0.00799733
0.105878
0.0130188
-0.10511
0.106414
0.00984562
0.106399
0.00552582
0.105477
0.000387513
0.104038
-0.00206661
0.102962
-0.00212037
0.103405
0.00240686
0.104703
0.00519243
0.105733
0.00322129
0.106089
0.000962234
0.104897
-0.00561495
0.102974
-0.00834691
0.10134
-0.00533938
0.100622
-0.00222433
0.102557
0.0090605
0.104825
0.0112963
0.106333
0.00811764
0.107306
0.00703428
0.105576
-0.00600392
-0.00613708
0.104964
0.0123707
-0.104316
0.105394
0.00941561
0.105379
0.00554145
0.104663
0.001103
0.103592
-0.000995563
0.102773
-0.00130089
0.103099
0.00208091
0.104066
0.00422545
0.104815
0.00247241
0.105087
0.000690026
0.104138
-0.00466638
0.102653
-0.00686196
0.101452
-0.00413765
0.100912
-0.0016847
0.102462
0.00751007
0.104235
0.00952394
0.105404
0.00694876
0.106197
0.00624059
0.104797
-0.00460348
-0.00465334
0.104109
0.0118391
-0.103578
0.104453
0.00907189
0.104443
0.00555109
0.103904
0.00164269
0.103124
-0.00021557
0.102513
-0.00069043
0.102753
0.00184117
0.103469
0.00350973
0.104006
0.00193468
0.104214
0.000482771
0.103484
-0.00393631
0.102365
-0.00574314
0.101503
-0.00327576
0.101099
-0.00128103
0.102296
0.00631299
0.103655
0.00816554
0.104547
0.00605591
0.105189
0.00559915
0.104103
-0.00351718
-0.00350575
0.103305
0.0114187
-0.102885
0.103578
0.00879928
0.103582
0.0055473
0.103194
0.00202982
0.102653
0.000325864
0.10222
-0.000257126
0.102398
0.00166251
0.102924
0.00298402
0.103306
0.00155266
0.103471
0.000317608
0.10294
-0.00340523
0.102126
-0.0049287
0.101526
-0.00267644
0.101225
-0.000979525
0.102114
0.00542418
0.103132
0.00714714
0.103803
0.00538509
0.104321
0.0050812
0.103519
-0.00271508
-0.00264665
0.102553
0.0111001
-0.102234
0.10277
0.00858223
0.102798
0.0055188
0.102552
0.00227579
0.102217
0.000661477
0.101937
2.19307e-05
0.102075
0.00152539
0.102459
0.0025998
0.102731
0.00128084
0.102878
0.000170258
0.102526
-0.00305333
0.101958
-0.00436085
0.101555
-0.00227296
0.101323
-0.000748207
0.10195
0.00479783
0.102693
0.00640362
0.103193
0.0048858
0.103621
0.0046532
0.103062
-0.00215648
-0.00202251
0.101876
0.0108628
-0.101639
0.102064
0.00839425
0.102137
0.00544576
0.10203
0.00238295
0.101876
0.000815796
0.101726
0.000171294
0.101833
0.00141836
0.102114
0.00231943
0.102312
0.00108217
0.102465
1.75534e-05
0.102259
-0.00284751
0.101875
-0.00397619
0.101607
-0.00200578
0.101411
-0.000551937
0.101826
0.00438263
0.102361
0.00586917
0.102737
0.00450912
0.103108
0.00428244
0.102746
-0.00179473
-0.00156635
0.101392
-0.101191
0.101581
0.101714
0.101727
0.101704
0.101641
0.101722
0.101939
0.102098
0.102245
0.102142
0.101857
0.101656
0.10149
0.101756
0.102167
0.102477
0.102807
0.102565
0.0912365
0.012426
-0.103663
0.0804518
0.0107847
0.07108
0.00937183
0.0629841
0.0080959
0.0561067
0.00687741
0.0503759
0.00573075
0.0457037
0.00467217
0.0420016
0.00370219
0.039193
0.00280855
0.00200162
0.108708
0.0100887
-0.106371
0.110117
0.00937657
0.110721
0.00876729
0.110641
0.00817574
0.109958
0.00756064
0.108772
0.00691696
0.107185
0.00625883
0.105285
0.00560219
0.103146
0.00494751
0.00432497
0.112391
0.00762569
-0.109928
0.114211
0.00755719
0.115618
0.00735966
0.11668
0.00711382
0.117421
0.0068201
0.117856
0.00648118
0.118009
0.00610594
0.117901
0.00571072
0.117558
0.0052903
0.00493287
0.110246
0.00611185
-0.108732
0.111742
0.00606165
0.113126
0.00597496
0.114395
0.00584543
0.115531
0.00568409
0.116516
0.00549588
0.117338
0.00528365
0.117991
0.0050579
0.118477
0.00480392
0.00459548
0.10965
0.00496975
-0.108508
0.110756
0.00495558
0.111816
0.00491542
0.112814
0.00484784
0.113739
0.0047584
0.114585
0.0046503
0.115344
0.00452452
0.116013
0.00438862
0.11659
0.00422711
0.00411814
0.109085
0.00417528
-0.10829
0.109869
0.00417168
0.110635
0.00414892
0.111374
0.00410862
0.11208
0.00405225
0.112749
0.00398163
0.113376
0.00389739
0.11396
0.00380506
0.114495
0.00369154
0.00361412
0.108439
0.00358168
-0.107845
0.109034
0.00357668
0.109623
0.00355981
0.110201
0.00353094
0.110762
0.00349074
0.111304
0.0034402
0.111821
0.00337951
0.112314
0.00331243
0.112777
0.00322879
0.00317301
0.107783
0.00311263
-0.107314
0.108253
0.00310704
0.10872
0.00309319
0.10918
0.00307078
0.10963
0.00304011
0.110069
0.00300166
0.110493
0.00295539
0.110902
0.00290372
0.111291
0.00283927
0.00279414
0.107118
0.00273645
-0.106742
0.107494
0.00273067
0.107869
0.00271858
0.10824
0.00270003
0.108605
0.00267513
0.108962
0.00264415
0.109311
0.00260698
0.109649
0.00256521
0.109975
0.00251366
0.00247498
0.10645
0.00243135
-0.106145
0.106755
0.00242533
0.107059
0.00241433
0.107361
0.00239826
0.107659
0.00237718
0.107952
0.00235125
0.108239
0.00232036
0.108518
0.00228558
0.108789
0.00224331
0.00220939
0.10579
0.00218182
-0.105541
0.10604
0.00217569
0.106289
0.00216554
0.106536
0.00215131
0.10678
0.00213306
0.10702
0.00211084
0.107256
0.00208462
0.107486
0.00205508
0.10771
0.00201977
0.0019897
0.105148
0.00197708
-0.104944
0.105353
0.00197099
0.105557
0.00196162
0.105759
0.00194889
0.10596
0.00193284
0.106157
0.00191353
0.106351
0.00189091
0.10654
0.00186546
0.106724
0.0018355
0.00180876
0.10453
0.00180926
-0.104362
0.104698
0.00180336
0.104865
0.00179469
0.10503
0.00178322
0.105194
0.00176897
0.105356
0.00175197
0.105514
0.0017322
0.10567
0.00171001
0.105821
0.00168421
0.00166035
0.103938
0.00167246
-0.103801
0.104074
0.00166681
0.10421
0.00165879
0.104345
0.00164838
0.104478
0.00163558
0.10461
0.00162044
0.104739
0.00160296
0.104866
0.00158337
0.104989
0.00156083
0.00153939
0.103372
0.0015622
-0.103262
0.103482
0.0015568
0.103591
0.00154935
0.1037
0.0015398
0.103807
0.00152819
0.103913
0.00151454
0.104017
0.00149885
0.104119
0.00148131
0.104219
0.00146131
0.00144187
0.102831
0.00147509
-0.102744
0.102918
0.00146989
0.103004
0.00146289
0.10309
0.00145403
0.103175
0.00144333
0.103259
0.00143083
0.103341
0.00141653
0.103422
0.00140058
0.1035
0.00138251
0.00136467
0.102313
0.00140844
-0.102246
0.102379
0.00140345
0.102445
0.00139678
0.102511
0.00138843
0.102576
0.0013784
0.10264
0.00136674
0.102703
0.00135344
0.102765
0.00133864
0.102825
0.00132197
0.00130524
0.101815
0.00135957
-0.101766
0.101864
0.0013549
0.101912
0.00134845
0.10196
0.00134047
0.102008
0.00133092
0.102055
0.00131984
0.102101
0.00130724
0.102146
0.00129323
0.102191
0.00127754
0.00126183
0.101349
0.00132804
-0.101317
0.101382
0.00132214
0.101414
0.00131581
0.101447
0.00130783
0.101479
0.00129836
0.101512
0.00128746
0.101544
0.00127512
0.101576
0.00126142
0.101607
0.00124611
0.0012302
0.100996
-0.100973
0.101017
0.101038
0.10106
0.101082
0.101104
0.101126
0.101148
0.10117
0.100465
7.13995e-05
-3.62012e-05
0.100358
0.000212499
-0.000105205
0.100177
0.000357925
-0.000176985
0.0999175
0.000514191
-0.000255135
0.0995741
0.000687811
-0.000344371
0.0991363
0.000886554
-0.000448808
0.0985936
0.00111965
-0.000576917
0.097928
0.00140173
-0.000736155
0.0971228
0.0017458
-0.000940607
0.0961462
0.0021851
-0.00120852
0.0949757
0.00273258
-0.00156206
0.0935568
0.00347857
-0.00205965
0.0918798
0.00440223
-0.00272521
0.0898706
0.00578747
-0.00377832
0.0876694
0.00738476
-0.00518353
0.0853557
0.0101646
-0.00785089
0.0841437
0.0125422
-0.0113302
0.0848422
0.018844
-0.0195425
0.0942421
0.0210698
-0.0304697
0.0380692
-0.0474897
0.100469
0.000102366
0.100375
0.000306084
0.100218
0.000515535
0.0999933
0.000738722
0.0996982
0.000982883
0.0993267
0.00125805
0.0988734
0.00157303
0.0983292
0.00194584
0.097689
0.00238601
0.0969419
0.00293225
0.0960904
0.00358408
0.0951299
0.00443905
0.0940988
0.00543339
0.0930381
0.00684817
0.0921018
0.00832107
0.0915108
0.0107555
0.0914393
0.0126137
0.0928506
0.0174326
0.0951669
0.0187536
0.0268649
0.100474
0.000127871
0.100398
0.000383011
0.100269
0.000644531
0.100086
0.000921008
0.0998494
0.00121972
0.0995564
0.00155107
0.0992064
0.001923
0.0987993
0.00235301
0.0983377
0.00284754
0.0978281
0.00344188
0.0972843
0.0041279
0.0967343
0.00498904
0.0962174
0.00595032
0.0958282
0.00723735
0.0956265
0.00852278
0.0958985
0.0104836
0.0965313
0.0119809
0.0990765
0.0148875
0.101903
0.0159273
0.0188396
0.10048
0.000147441
0.100421
0.000442026
0.100323
0.000742957
0.100185
0.00105858
0.100009
0.00139571
0.0997967
0.0017638
0.09955
0.00216969
0.0992751
0.00262795
0.0989795
0.00314306
0.0986796
0.00374182
0.0983921
0.00441543
0.0981599
0.00522119
0.0980098
0.00610046
0.0980569
0.00719019
0.0982994
0.00828034
0.0990671
0.00971588
0.100147
0.0109006
0.10245
0.0125852
0.104792
0.013585
0.0148993
0.100486
0.000161193
0.100445
0.00048354
0.100376
0.000811712
0.100281
0.00115324
0.100163
0.00151413
0.100025
0.00190217
0.0998712
0.00232302
0.0997118
0.00278739
0.0995561
0.00329867
0.099424
0.00387399
0.0993321
0.00450727
0.0993239
0.00522948
0.0994194
0.0060049
0.0997116
0.00689801
0.10019
0.0078018
0.101061
0.0088447
0.102178
0.00978438
0.103932
0.0108303
0.105908
0.0116098
0.0122986
0.100492
0.000169668
0.100466
0.000509199
0.100424
0.000853753
0.100367
0.0012097
0.100299
0.00158204
0.100225
0.00197671
0.10015
0.00239813
0.100084
0.00285335
0.100038
0.00334487
0.10003
0.00388188
0.100076
0.00446064
0.100211
0.00509453
0.100451
0.00576526
0.100855
0.00649383
0.101426
0.00723118
0.102262
0.00800817
0.103316
0.00873055
0.104717
0.00942906
0.106351
0.00997616
0.0103594
0.100496
0.000173659
0.100484
0.000521392
0.100464
0.000873237
0.10044
0.00123429
0.100413
0.00160843
0.10039
0.0019999
0.100376
0.00241185
0.100381
0.00284845
0.100415
0.0033112
0.100493
0.00380404
0.100629
0.00432482
0.100846
0.00487719
0.10116
0.00545089
0.101606
0.00604789
0.102194
0.00664386
0.102965
0.00723665
0.103912
0.00778399
0.105066
0.00827511
0.106387
0.00865471
0.00890133
0.1005
0.000174061
0.100498
0.000522814
0.100497
0.000874787
0.100497
0.00123381
0.100503
0.0016027
0.100519
0.00198422
0.10055
0.00238039
0.100605
0.00279329
0.100693
0.00322345
0.100825
0.00367204
0.101013
0.00413697
0.101273
0.00461735
0.101617
0.00510614
0.102066
0.00559883
0.102629
0.00608083
0.103324
0.00654236
0.104148
0.00696006
0.105104
0.00731889
0.106169
0.00758932
0.00775618
0.100502
0.00017177
0.100509
0.000516141
0.100521
0.000862952
0.10054
0.00121487
0.100569
0.00157371
0.100612
0.00194109
0.100674
0.00231803
0.100762
0.00270524
0.100883
0.00310251
0.101046
0.00350929
0.10126
0.00392328
0.101535
0.00434179
0.101882
0.00475916
0.102311
0.00516951
0.10283
0.00556259
0.103443
0.00592866
0.104151
0.00625258
0.104948
0.00652212
0.105818
0.00671891
0.00683232
0.100504
0.000167605
0.100516
0.00050383
0.100538
0.000841866
0.100569
0.00118334
0.100614
0.00152923
0.100674
0.00188025
0.100756
0.00223663
0.100863
0.00259822
0.101001
0.00296411
0.101178
0.00333289
0.101399
0.00370205
0.101672
0.00406841
0.102004
0.00442713
0.102401
0.00477264
0.102867
0.00509714
0.103403
0.00539258
0.104007
0.00564834
0.104674
0.00585532
0.105391
0.0060013
0.00607896
0.100505
0.000162277
0.100521
0.000488004
0.100548
0.000815079
0.100587
0.00114422
0.100641
0.00147572
0.100711
0.00180963
0.100802
0.00214558
0.100918
0.00248279
0.101062
0.0028199
0.10124
0.00315507
0.101456
0.00348574
0.101716
0.00380874
0.102023
0.00411988
0.102381
0.00441435
0.102792
0.00468604
0.103256
0.00492864
0.10377
0.00513442
0.104329
0.00529674
0.104923
0.00540729
0.00546113
0.100506
0.000156377
0.100523
0.000470422
0.100553
0.000785512
0.100596
0.00110158
0.100653
0.00141839
0.100727
0.00173547
0.100821
0.00205202
0.100937
0.00236684
0.101078
0.00267829
0.101249
0.00298435
0.101452
0.00328252
0.101691
0.00356982
0.101968
0.00384266
0.102286
0.00409698
0.102644
0.00432799
0.103042
0.00453077
0.103476
0.00469963
0.103943
0.00482972
0.104435
0.00491531
0.00495303
0.100506
0.000150372
0.100524
0.000452502
0.100554
0.000755491
0.100597
0.00105862
0.100654
0.00136123
0.100727
0.00166249
0.100818
0.00196127
0.100929
0.00225611
0.101062
0.00254521
0.101219
0.00282651
0.101404
0.0030976
0.101618
0.00335577
0.101863
0.00359796
0.102139
0.00382077
0.102447
0.00402042
0.102785
0.00419306
0.10315
0.00433449
0.103538
0.00444112
0.103945
0.00450892
0.00453564
0.100506
0.000144623
0.100523
0.000435355
0.100552
0.000726797
0.100592
0.00101775
0.100646
0.00130725
0.100715
0.00159419
0.100799
0.0018772
0.1009
0.00215468
0.101021
0.00242474
0.101162
0.00268532
0.101325
0.00293415
0.101512
0.00316881
0.101724
0.00338663
0.10196
0.0035848
0.10222
0.0037603
0.102503
0.00391011
0.102806
0.00403108
0.103127
0.00412051
0.10346
0.00417557
0.00419474
0.100505
0.000139405
0.100521
0.000419789
0.100547
0.000700758
0.100584
0.000980786
0.100632
0.00125867
0.100693
0.00153311
0.100768
0.00180259
0.100857
0.00206538
0.100963
0.00231959
0.101085
0.00256318
0.101225
0.00279403
0.101384
0.00300994
0.101562
0.0032086
0.101759
0.00338766
0.101974
0.00354466
0.102207
0.0036772
0.102456
0.00378288
0.102716
0.00385966
0.102986
0.00390557
0.00391957
0.100504
0.000134914
0.100518
0.000406384
0.10054
0.000678339
0.100572
0.000949033
0.100614
0.00121709
0.100666
0.00148107
0.100729
0.00173934
0.100804
0.00199013
0.100892
0.00223153
0.100994
0.00246156
0.10111
0.00267821
0.10124
0.00287947
0.101385
0.00306333
0.101545
0.00322776
0.101719
0.00337074
0.101906
0.00349034
0.102104
0.00358467
0.102312
0.00365215
0.102526
0.00369138
0.00370181
0.100504
0.000131285
0.100514
0.00039555
0.100533
0.000660229
0.100558
0.000923422
0.100592
0.00118363
0.100633
0.00143931
0.100684
0.00168878
0.100744
0.00193021
0.100814
0.0021617
0.100894
0.00238131
0.100985
0.00258714
0.101087
0.00277733
0.1012
0.00295006
0.101325
0.00310357
0.101459
0.00323615
0.101603
0.00334621
0.101756
0.00343225
0.101915
0.00349304
0.102079
0.00352741
0.00353471
0.100503
0.000128612
0.100511
0.00038757
0.100524
0.0006469
0.100543
0.00090459
0.100567
0.00115906
0.100598
0.00140868
0.100635
0.00165174
0.100679
0.00188638
0.10073
0.00211071
0.100788
0.00232282
0.100855
0.00252088
0.100929
0.00270313
0.101011
0.00286791
0.101101
0.00301362
0.101198
0.00313877
0.101303
0.00324196
0.101413
0.003322
0.101528
0.00337797
0.101646
0.00340919
0.00341436
0.100502
0.000126958
0.100507
0.000382616
0.100515
0.000638634
0.100527
0.000892891
0.100542
0.00114375
0.100561
0.00138954
0.100584
0.00162851
0.100612
0.00185879
0.100644
0.00207849
0.100681
0.00228572
0.100723
0.0024787
0.100771
0.00265572
0.100823
0.0028152
0.100881
0.00295567
0.100944
0.00307576
0.101012
0.00317417
0.101084
0.00324981
0.101161
0.00330165
0.10124
0.00332949
0.00333746
0.100501
0.100503
0.100506
0.100511
0.100518
0.100527
0.100538
0.100551
0.100568
0.100587
0.100609
0.100635
0.100664
0.100697
0.100733
0.100773
0.100816
0.100862
0.100911
0.0299888
-6.80266e-05
0.0299558
-0.000205626
0.0298999
-0.000349208
0.0298197
-0.000501216
0.029713
-0.000665297
0.0295768
-0.000844966
0.0294065
-0.00104679
0.0291968
-0.00127792
0.0289388
-0.00154874
0.028623
-0.00187845
0.0282325
-0.00228082
0.0277497
-0.0028179
0.0271409
-0.00349324
0.026371
-0.00452946
0.0253757
-0.00584903
0.0240534
-0.00830341
0.0223129
-0.0114333
0.0193986
-0.0185129
0.014391
-0.0277319
-0.0398412
0.0299886
-5.66249e-05
0.0299548
-0.000171833
0.0298976
-0.000292016
0.0298155
-0.000419116
0.029706
-0.000555817
0.0295661
-0.000704989
0.0293906
-0.000871307
0.0291737
-0.00106102
0.0289059
-0.00128092
0.0285758
-0.00154844
0.0281653
-0.00187032
0.0276507
-0.00230329
0.0269959
-0.00283837
0.026142
-0.00367561
0.0250184
-0.00472537
0.0234304
-0.00671546
0.021235
-0.00923784
0.0175126
-0.0147905
0.0116203
-0.0218397
-0.0282208
0.0299885
-4.50957e-05
0.0299541
-0.00013745
0.0298959
-0.000233814
0.0298123
-0.000335492
0.0297007
-0.000444205
0.0295577
-0.000562013
0.0293782
-0.000691833
0.0291556
-0.000838418
0.0288803
-0.00100559
0.0285388
-0.00120695
0.028113
-0.00144454
0.0275723
-0.0017626
0.0268815
-0.00214759
0.0259582
-0.0027523
0.0247315
-0.00349863
0.0229352
-0.00491919
0.0204122
-0.00671481
0.016186
-0.0105644
0.0097066
-0.0153603
-0.0185142
0.0299884
-3.34665e-05
0.0299536
-0.000102654
0.0298947
-0.000174893
0.0298099
-0.000250778
0.0296968
-0.000331069
0.0295517
-0.000416891
0.0293694
-0.000509512
0.0291427
-0.000611757
0.028862
-0.000724925
0.0285124
-0.000857328
0.0280759
-0.00100797
0.0275168
-0.00120354
0.0268003
-0.00143115
0.0258285
-0.00178045
0.024527
-0.0021971
0.0225915
-0.00298372
0.0198401
-0.00396344
0.0153202
-0.00604438
0.00856468
-0.00860479
-0.00994954
0.0299883
-2.17742e-05
0.0299533
-6.76174e-05
0.0298939
-0.00011555
0.0298086
-0.000165422
0.0296945
-0.000217035
0.0295482
-0.000270509
0.0293642
-0.000325535
0.0291352
-0.000382758
0.0288515
-0.000441244
0.0284973
-0.000503161
0.0280548
-0.000565465
0.0274858
-0.000634512
0.0267555
-0.00070084
0.0257578
-0.000782762
0.0244155
-0.000854767
0.0224068
-0.000975034
0.0195305
-0.00108715
0.0148673
-0.00138118
0.00800861
-0.00174612
-0.00194093
0.0299883
-1.00593e-05
0.0299532
-3.25114e-05
0.0298937
-5.60848e-05
0.0298082
-7.98773e-05
0.0296939
-0.000102738
0.0295471
-0.000123774
0.0293627
-0.000141114
0.0291332
-0.000153193
0.0288488
-0.000156897
0.0284938
-0.000148168
0.0280504
-0.000122056
0.0274802
-6.43342e-05
0.0267487
3.07262e-05
0.0257488
0.000217072
0.0244027
0.000491365
0.0223859
0.0010418
0.0194909
0.00180781
0.0148027
0.00330704
0.00791629
0.00514028
0.00597536
0.0299883
1.63777e-06
0.0299533
2.49116e-06
0.029894
3.20183e-06
0.0298087
5.39926e-06
0.0296948
1.11831e-05
0.0295486
2.24032e-05
0.029365
4.25375e-05
0.0291366
7.51634e-05
0.028854
0.000125756
0.0285019
0.000203933
0.0280626
0.000317191
0.0275002
0.000498143
0.02678
0.000750861
0.0258019
0.00119517
0.0244897
0.00180358
0.02253
0.0030015
0.0197241
0.00461373
0.015125
0.00790611
0.00827184
0.0119935
0.0142472
0.0299884
1.32811e-05
0.0299536
3.72184e-05
0.0298948
6.20101e-05
0.0298103
8.99561e-05
0.0296974
0.000124096
0.0295526
0.000167129
0.0293709
0.000224217
0.0291455
0.00030058
0.0288669
0.000404398
0.0285213
0.000549552
0.0280911
0.000747384
0.0275447
0.00104449
0.0268483
0.00144732
0.0259151
0.00212837
0.0246732
0.00304549
0.0228372
0.00483746
0.0202293
0.00722161
0.0158564
0.0122791
0.00914593
0.0187039
0.0233931
0.0299884
2.48483e-05
0.0299542
7.14899e-05
0.0298961
0.000120043
0.0298127
0.00017335
0.0297014
0.000235381
0.029559
0.000309535
0.0293805
0.000402764
0.0291597
0.000521397
0.0288873
0.000676821
0.0285515
0.000885317
0.0281349
0.00116399
0.0276125
0.00156688
0.0269506
0.00210923
0.0260843
0.00299468
0.0249459
0.00418384
0.0233062
0.00647721
0.0210091
0.0095187
0.0170463
0.0162418
0.0107586
0.0249916
0.0341518
0.0299886
0.0299549
0.029898
0.0298162
0.0297072
0.0295679
0.0293938
0.029179
0.0289152
0.028592
0.028194
0.0277012
0.0270852
0.0263016
0.0253019
0.0239282
0.0221167
0.018816
0.0133379
)
;

boundaryField
{
    inlet
    {
        type            calculated;
        value           nonuniform List<scalar> 
50
(
-0.075
-0.075
-0.075
-0.075
-0.075
-0.075
-0.075
-0.075
-0.075
-0.075
-0.075
-0.075
-0.075
-0.075
-0.075
-0.075
-0.075
-0.075
-0.075
-0.075
-0.03
-0.03
-0.03
-0.03
-0.03
-0.03
-0.03
-0.03
-0.03
-0.03
-0.1005
-0.1005
-0.1005
-0.1005
-0.1005
-0.1005
-0.1005
-0.1005
-0.1005
-0.1005
-0.1005
-0.1005
-0.1005
-0.1005
-0.1005
-0.1005
-0.1005
-0.1005
-0.1005
-0.1005
)
;
    }
    outlet
    {
        type            calculated;
        value           nonuniform List<scalar> 
150
(
0.0769881
0.0771247
0.0772669
0.0773393
0.0772658
0.0769636
0.0763535
0.0753768
0.074016
0.0723093
0.0703534
0.0682885
0.0662694
0.0644351
0.0628868
0.0616811
0.0608383
0.0603544
0.0602034
0.0603518
0.0242487
0.0243358
0.0244401
0.0245602
0.0246952
0.0248441
0.0250061
0.02518
0.0253648
0.0255625
0.0872676
0.0898382
0.0925585
0.0953113
0.0979592
0.10034
0.102291
0.103692
0.104517
0.104839
0.104792
0.104518
0.104133
0.103716
0.103313
0.102955
0.10266
0.102438
0.10229
0.102246
0.000126345
0.000380668
0.000635234
0.000887863
0.0011369
0.00138067
0.0016174
0.00184521
0.00206221
0.00226651
0.00245635
0.00263004
0.00278604
0.00292292
0.00303938
0.00313427
0.00320664
0.00325577
0.00328065
0.00327536
0.0013052
0.00130127
0.0012943
0.00128609
0.00127647
0.00126544
0.00125303
0.00123935
0.00122422
0.00120922
0.0106622
0.00820488
0.00531266
0.00237007
0.00083915
0.000234046
0.00133715
0.00210287
0.000923143
-0.000129664
-0.0027443
-0.00369131
-0.00180545
-0.000385794
0.004117
0.00545807
0.00419932
0.00395219
-0.00155213
-0.00124775
0.000193415
0.000578635
0.000961221
0.00133953
0.00171218
0.00207753
0.00243357
0.00277785
0.0031076
0.00341973
0.00371088
0.00397747
0.00421571
0.00442172
0.00459161
0.00472168
0.00480868
0.00485012
0.00484396
0.00478156
0.00188533
0.00186776
0.00184496
0.00181981
0.00179204
0.00176166
0.00172883
0.0016937
0.0016564
0.00161798
0.0135844
0.0078624
0.00454102
0.00324442
0.000840431
-0.00272023
-0.00954447
-0.0132837
-0.0114793
-0.00717576
0.00188613
0.00471661
0.00196801
-0.0015078
-0.0117566
-0.012458
-0.00823598
-0.00448271
0.0120258
0.011066
)
;
    }
    upAndBottom
    {
        type            empty;
        value           nonuniform 0();
    }
    obstacle
    {
        type            calculated;
        value           uniform 0;
    }
}


// ************************************************************************* //
