/*--------------------------------*- C++ -*----------------------------------*\
| =========                 |                                                 |
| \\      /  F ield         | OpenFOAM: The Open Source CFD Toolbox           |
|  \\    /   O peration     | Version:  v1806                                 |
|   \\  /    A nd           | Web:      www.OpenFOAM.com                      |
|    \\/     M anipulation  |                                                 |
\*---------------------------------------------------------------------------*/
FoamFile
{
    version     2.0;
    format      ascii;
    class       volVectorField;
    location    "13";
    object      U;
}
// * * * * * * * * * * * * * * * * * * * * * * * * * * * * * * * * * * * * * //

dimensions      [0 1 -1 0 0 0 0];


internalField   nonuniform List<vector> 
2400
(
(3.00192 -0.00690175 0)
(2.99762 -0.0317148 0)
(3.00179 -0.0459173 0)
(2.99794 -0.0685878 0)
(3.00134 -0.0825555 0)
(2.99921 -0.102406 0)
(3.00074 -0.115912 0)
(3.00123 -0.133107 0)
(3.00011 -0.144417 0)
(3.00397 -0.159919 0)
(3.00021 -0.168596 0)
(3.00724 -0.183674 0)
(3.00155 -0.186438 0)
(3.01052 -0.200981 0)
(3.00442 -0.196824 0)
(3.01376 -0.210427 0)
(3.00925 -0.198659 0)
(3.01709 -0.210373 0)
(3.01608 -0.191246 0)
(3.01968 -0.199099 0)
(3.00135 -0.0064416 0)
(2.99821 -0.0319203 0)
(3.00108 -0.0459035 0)
(2.99863 -0.0685602 0)
(3.00112 -0.0831009 0)
(3.0004 -0.102273 0)
(3.0016 -0.117127 0)
(3.00291 -0.13317 0)
(3.00267 -0.14604 0)
(3.00686 -0.160601 0)
(3.0054 -0.170676 0)
(3.01231 -0.185323 0)
(3.0104 -0.188563 0)
(3.01884 -0.20387 0)
(3.01751 -0.199113 0)
(3.02684 -0.214745 0)
(3.02726 -0.200707 0)
(3.03602 -0.21564 0)
(3.03792 -0.192919 0)
(3.04568 -0.204843 0)
(3.00055 -0.00596505 0)
(2.99908 -0.0323912 0)
(3.00019 -0.0456965 0)
(2.9995 -0.0691707 0)
(3.00086 -0.0832614 0)
(3.00161 -0.103194 0)
(3.00241 -0.117821 0)
(3.00439 -0.134769 0)
(3.00524 -0.147374 0)
(3.00929 -0.163064 0)
(3.0105 -0.172965 0)
(3.01662 -0.188903 0)
(3.0189 -0.191731 0)
(3.02602 -0.208604 0)
(3.02993 -0.203514 0)
(3.03846 -0.220541 0)
(3.04427 -0.205784 0)
(3.05387 -0.22187 0)
(3.06067 -0.198455 0)
(3.06927 -0.211021 0)
(2.99991 -0.00540896 0)
(2.99978 -0.0328467 0)
(2.9994 -0.0455611 0)
(3.00017 -0.069813 0)
(3.0007 -0.0837142 0)
(3.0025 -0.104236 0)
(3.00315 -0.119042 0)
(3.00549 -0.136768 0)
(3.00765 -0.149548 0)
(3.01121 -0.16623 0)
(3.01519 -0.176507 0)
(3.02057 -0.19373 0)
(3.02674 -0.196389 0)
(3.03288 -0.215331 0)
(3.04166 -0.209738 0)
(3.05021 -0.229008 0)
(3.06065 -0.212815 0)
(3.07123 -0.231252 0)
(3.08092 -0.205805 0)
(3.09394 -0.22022 0)
(2.99934 -0.00472967 0)
(3.0004 -0.0334877 0)
(2.99862 -0.0452225 0)
(3.00063 -0.0708692 0)
(3.0007 -0.0839851 0)
(3.00284 -0.105882 0)
(3.0041 -0.120085 0)
(3.0056 -0.139779 0)
(3.01052 -0.151798 0)
(3.0116 -0.170593 0)
(3.0204 -0.180731 0)
(3.02274 -0.200049 0)
(3.03503 -0.202407 0)
(3.03775 -0.223868 0)
(3.05392 -0.218357 0)
(3.06032 -0.23946 0)
(3.07772 -0.222971 0)
(3.08838 -0.242702 0)
(3.10453 -0.216875 0)
(3.11838 -0.231334 0)
(2.99869 -0.00392263 0)
(3.00104 -0.0342089 0)
(2.99763 -0.0447651 0)
(3.00105 -0.0720956 0)
(3.0005 -0.0842979 0)
(3.00292 -0.107661 0)
(3.00465 -0.121246 0)
(3.00524 -0.143359 0)
(3.01291 -0.154298 0)
(3.01119 -0.175811 0)
(3.02487 -0.185805 0)
(3.02409 -0.207766 0)
(3.04221 -0.209687 0)
(3.04177 -0.234442 0)
(3.06512 -0.229157 0)
(3.06993 -0.252537 0)
(3.09403 -0.23581 0)
(3.10452 -0.257263 0)
(3.12592 -0.231098 0)
(3.14332 -0.245721 0)
(2.99769 -0.00284842 0)
(3.00179 -0.0351615 0)
(2.99629 -0.043977 0)
(3.00136 -0.0737106 0)
(3.00018 -0.0844052 0)
(3.0024 -0.109591 0)
(3.00507 -0.122251 0)
(3.00384 -0.147536 0)
(3.0151 -0.156709 0)
(3.00922 -0.181889 0)
(3.02894 -0.191583 0)
(3.02373 -0.216853 0)
(3.04837 -0.218199 0)
(3.04434 -0.24695 0)
(3.07499 -0.242448 0)
(3.07851 -0.268202 0)
(3.10916 -0.251864 0)
(3.12133 -0.274817 0)
(3.14915 -0.249184 0)
(3.16899 -0.263467 0)
(2.99641 -0.00130949 0)
(3.00227 -0.0365026 0)
(2.99493 -0.0426032 0)
(3.00102 -0.0759631 0)
(3.00019 -0.0839908 0)
(3.00059 -0.111639 0)
(3.00583 -0.122909 0)
(3.00061 -0.152044 0)
(3.01722 -0.158972 0)
(3.00508 -0.188498 0)
(3.03245 -0.19818 0)
(3.02098 -0.226851 0)
(3.05297 -0.228197 0)
(3.04515 -0.26117 0)
(3.08277 -0.258527 0)
(3.08567 -0.286664 0)
(3.12227 -0.271709 0)
(3.13728 -0.295954 0)
(3.16852 -0.271074 0)
(3.1957 -0.284613 0)
(2.99569 0.00127758 0)
(3.0011 -0.0388325 0)
(2.99478 -0.0399343 0)
(2.99839 -0.0797641 0)
(3.00189 -0.0818428 0)
(2.99566 -0.114743 0)
(3.00841 -0.121945 0)
(2.99364 -0.157478 0)
(3.02022 -0.160126 0)
(2.9972 -0.196032 0)
(3.03593 -0.204785 0)
(3.01415 -0.237483 0)
(3.05619 -0.239604 0)
(3.04271 -0.277009 0)
(3.08846 -0.277499 0)
(3.08957 -0.308015 0)
(3.1333 -0.296488 0)
(3.1532 -0.321136 0)
(3.18922 -0.298954 0)
(3.22322 -0.309188 0)
(2.99648 0.00599 0)
(2.99671 -0.0435344 0)
(2.99712 -0.0346891 0)
(2.99197 -0.0866114 0)
(3.00607 -0.075849 0)
(2.98661 -0.120682 0)
(3.01308 -0.116931 0)
(2.98223 -0.165368 0)
(3.02382 -0.158144 0)
(2.98517 -0.205701 0)
(3.0386 -0.209401 0)
(3.0025 -0.248919 0)
(3.05717 -0.25155 0)
(3.03574 -0.294515 0)
(3.09168 -0.298666 0)
(3.08861 -0.332902 0)
(3.14153 -0.325932 0)
(3.16571 -0.35228 0)
(3.20618 -0.333094 0)
(3.25123 -0.346062 0)
(2.99997 0.01411 0)
(2.98772 -0.0526278 0)
(3.00305 -0.0251139 0)
(2.98081 -0.0981617 0)
(3.01273 -0.0635042 0)
(2.97357 -0.13216 0)
(3.01878 -0.104402 0)
(2.96676 -0.179102 0)
(3.0275 -0.149185 0)
(2.9682 -0.220819 0)
(3.04037 -0.207964 0)
(2.9845 -0.263082 0)
(3.05609 -0.261905 0)
(3.0214 -0.31349 0)
(3.09253 -0.322761 0)
(3.08006 -0.358562 0)
(3.147 -0.364215 0)
(3.17139 -0.385863 0)
(3.22101 -0.374929 0)
(3.27674 -0.3799 0)
(3.00704 0.0276381 0)
(2.97454 -0.0689802 0)
(3.01223 -0.00832399 0)
(2.96635 -0.11658 0)
(3.0199 -0.0422095 0)
(2.95908 -0.152736 0)
(3.02309 -0.0803156 0)
(2.94938 -0.203955 0)
(3.03081 -0.126895 0)
(2.94568 -0.248074 0)
(3.04215 -0.192854 0)
(2.95865 -0.287774 0)
(3.05386 -0.262382 0)
(2.99641 -0.341385 0)
(3.09108 -0.342707 0)
(3.06075 -0.388788 0)
(3.14806 -0.408819 0)
(3.16868 -0.425873 0)
(3.23695 -0.425847 0)
(3.29509 -0.423356 0)
(3.01733 0.0458255 0)
(2.96044 -0.0916842 0)
(3.02245 0.0152648 0)
(2.95242 -0.13978 0)
(3.02507 -0.0137324 0)
(2.94593 -0.180754 0)
(3.02495 -0.0453401 0)
(2.93152 -0.239936 0)
(3.03382 -0.0889435 0)
(2.91716 -0.289002 0)
(3.04456 -0.1605 0)
(2.9238 -0.327656 0)
(3.05154 -0.244656 0)
(2.95821 -0.387052 0)
(3.08709 -0.347408 0)
(3.02477 -0.431725 0)
(3.1433 -0.452317 0)
(3.15067 -0.475229 0)
(3.24467 -0.492476 0)
(3.30509 -0.484131 0)
(3.03055 0.0661211 0)
(2.94766 -0.117646 0)
(3.03414 0.0428875 0)
(2.93992 -0.164769 0)
(3.03114 0.019061 0)
(2.93105 -0.21361 0)
(3.02927 -0.00194749 0)
(2.9089 -0.28484 0)
(3.03885 -0.0366391 0)
(2.88094 -0.341063 0)
(3.04762 -0.112116 0)
(2.87723 -0.382157 0)
(3.05072 -0.204644 0)
(2.90075 -0.455025 0)
(3.08057 -0.324723 0)
(2.96094 -0.499589 0)
(3.1376 -0.477826 0)
(3.09546 -0.544442 0)
(3.24922 -0.568941 0)
(3.28519 -0.552852 0)
(3.04871 0.0844195 0)
(2.93276 -0.141616 0)
(3.05339 0.0701111 0)
(2.92205 -0.18752 0)
(3.04753 0.0530379 0)
(2.90394 -0.246219 0)
(3.04537 0.0453729 0)
(2.87223 -0.331355 0)
(3.04926 0.0229111 0)
(2.83427 -0.398244 0)
(3.04902 -0.0522858 0)
(2.81673 -0.44762 0)
(3.04873 -0.146534 0)
(2.82197 -0.540772 0)
(3.06546 -0.275827 0)
(2.86676 -0.597719 0)
(3.12098 -0.472143 0)
(2.99844 -0.642208 0)
(3.23283 -0.647385 0)
(3.25631 -0.628781 0)
(3.08048 0.0968631 0)
(2.90243 -0.157815 0)
(3.09312 0.0939951 0)
(2.88141 -0.203169 0)
(3.08984 0.0859855 0)
(2.8473 -0.269796 0)
(3.08723 0.0911599 0)
(2.80705 -0.364103 0)
(3.07444 0.0804724 0)
(2.76861 -0.443541 0)
(3.05425 0.0140835 0)
(2.73647 -0.516541 0)
(3.04412 -0.0710599 0)
(2.71949 -0.639129 0)
(3.04264 -0.196373 0)
(2.74433 -0.738935 0)
(3.09945 -0.412157 0)
(2.84053 -0.802743 0)
(3.23767 -0.685838 0)
(3.14851 -0.772134 0)
(3.14027 0.0979337 0)
(2.83971 -0.1554 0)
(3.16596 0.103455 0)
(2.80045 -0.199614 0)
(3.17079 0.103402 0)
(2.74853 -0.266493 0)
(3.17053 0.115881 0)
(2.70192 -0.357812 0)
(3.14179 0.114579 0)
(2.66536 -0.447105 0)
(3.09659 0.069949 0)
(2.62278 -0.551407 0)
(3.06221 0.00117087 0)
(2.59211 -0.706578 0)
(3.02626 -0.116297 0)
(2.61484 -0.889131 0)
(3.05618 -0.335705 0)
(2.71336 -1.02735 0)
(3.22683 -0.703958 0)
(3.06695 -1.00641 0)
(3.23483 0.0941742 0)
(2.73573 -0.13976 0)
(3.27662 0.100725 0)
(2.67587 -0.181305 0)
(3.29636 0.104172 0)
(2.60831 -0.239962 0)
(3.30825 0.113666 0)
(2.55214 -0.315818 0)
(3.28612 0.112706 0)
(2.50556 -0.403858 0)
(3.24699 0.0910153 0)
(2.4475 -0.525748 0)
(3.20408 0.0488342 0)
(2.40766 -0.707466 0)
(3.13882 -0.0345173 0)
(2.43915 -0.98422 0)
(3.10427 -0.232503 0)
(2.62514 -1.2951 0)
(3.28058 -0.660247 0)
(3.02712 -1.3581 0)
(3.30688 0.0889098 0)
(2.65484 -0.122736 0)
(3.37041 0.0916468 0)
(2.58148 -0.160259 0)
(3.4167 0.091608 0)
(2.50156 -0.207162 0)
(3.46568 0.0887866 0)
(2.42092 -0.265686 0)
(3.50307 0.0767437 0)
(2.3339 -0.343823 0)
(3.53748 0.0514463 0)
(2.23884 -0.459274 0)
(3.5709 -0.00451133 0)
(2.15673 -0.645268 0)
(3.60805 -0.0997319 0)
(2.15705 -0.971504 0)
(3.63075 -0.286565 0)
(2.44596 -1.54541 0)
(3.64834 -0.673913 0)
(3.10803 -2.11501 0)
(3.22197 0.0950684 0)
(2.76703 -0.126816 0)
(3.27859 0.0986153 0)
(2.72062 -0.164202 0)
(3.3192 0.100859 0)
(2.67012 -0.208284 0)
(3.3704 0.0978826 0)
(2.60817 -0.261441 0)
(3.42927 0.0819897 0)
(2.5271 -0.32787 0)
(3.5006 0.0437991 0)
(2.42127 -0.423658 0)
(3.59543 -0.0297796 0)
(2.26959 -0.595017 0)
(3.73604 -0.164519 0)
(2.06541 -0.908738 0)
(3.93223 -0.408385 0)
(1.87371 -1.58901 0)
(4.27329 -0.753257 0)
(2.8397 -3.24315 0)
(3.01982 -0.180804 0)
(3.0203 -0.183055 0)
(3.02357 -0.1702 0)
(3.02306 -0.173415 0)
(3.02693 -0.158318 0)
(3.02369 -0.162909 0)
(3.02957 -0.145736 0)
(3.02351 -0.151957 0)
(3.03252 -0.13301 0)
(3.0227 -0.140942 0)
(3.05115 -0.183559 0)
(3.05305 -0.187949 0)
(3.05403 -0.172966 0)
(3.0544 -0.178443 0)
(3.05677 -0.16057 0)
(3.05655 -0.167658 0)
(3.06017 -0.147218 0)
(3.05815 -0.15625 0)
(3.0633 -0.133722 0)
(3.05867 -0.144683 0)
(3.07147 -0.188979 0)
(3.07518 -0.1931 0)
(3.07906 -0.177584 0)
(3.0829 -0.182779 0)
(3.08536 -0.164431 0)
(3.08746 -0.171058 0)
(3.0895 -0.150188 0)
(3.09047 -0.158505 0)
(3.0928 -0.13558 0)
(3.09213 -0.145609 0)
(3.10254 -0.196082 0)
(3.10744 -0.200874 0)
(3.1093 -0.183932 0)
(3.11328 -0.18977 0)
(3.11509 -0.169697 0)
(3.11925 -0.176959 0)
(3.12049 -0.154046 0)
(3.12399 -0.162972 0)
(3.12459 -0.137764 0)
(3.12698 -0.14831 0)
(3.12444 -0.206616 0)
(3.13116 -0.210904 0)
(3.13651 -0.19346 0)
(3.14397 -0.198593 0)
(3.14658 -0.177865 0)
(3.1529 -0.184153 0)
(3.15349 -0.160429 0)
(3.15949 -0.168123 0)
(3.15857 -0.141903 0)
(3.16386 -0.151014 0)
(3.15796 -0.219853 0)
(3.16528 -0.223773 0)
(3.17001 -0.20549 0)
(3.17671 -0.209932 0)
(3.1806 -0.188148 0)
(3.18765 -0.193494 0)
(3.18997 -0.168429 0)
(3.19645 -0.174989 0)
(3.19719 -0.147119 0)
(3.20244 -0.154924 0)
(3.18188 -0.237383 0)
(3.19143 -0.240476 0)
(3.20052 -0.221673 0)
(3.21072 -0.22495 0)
(3.21674 -0.20219 0)
(3.22537 -0.206106 0)
(3.22911 -0.179607 0)
(3.23654 -0.184686 0)
(3.23898 -0.154851 0)
(3.24442 -0.16132 0)
(3.21647 -0.257964 0)
(3.22857 -0.260677 0)
(3.23651 -0.241253 0)
(3.24829 -0.243564 0)
(3.25486 -0.219407 0)
(3.26666 -0.222013 0)
(3.27098 -0.193517 0)
(3.28134 -0.197298 0)
(3.28397 -0.164875 0)
(3.29192 -0.170116 0)
(3.23944 -0.284196 0)
(3.25654 -0.2871 0)
(3.26785 -0.267699 0)
(3.28754 -0.268633 0)
(3.29416 -0.243082 0)
(3.31232 -0.244041 0)
(3.3143 -0.213395 0)
(3.33147 -0.215821 0)
(3.3305 -0.180203 0)
(3.34616 -0.184724 0)
(3.26827 -0.318095 0)
(3.29249 -0.316386 0)
(3.30304 -0.295257 0)
(3.33125 -0.293798 0)
(3.33462 -0.267874 0)
(3.36311 -0.2665 0)
(3.35878 -0.234978 0)
(3.38868 -0.234257 0)
(3.37784 -0.197433 0)
(3.40963 -0.198129 0)
(3.30401 -0.357173 0)
(3.3332 -0.35409 0)
(3.34233 -0.335754 0)
(3.37566 -0.330602 0)
(3.37798 -0.305796 0)
(3.41514 -0.299427 0)
(3.40762 -0.267738 0)
(3.44811 -0.261826 0)
(3.43008 -0.222958 0)
(3.47444 -0.219435 0)
(3.32659 -0.407701 0)
(3.35999 -0.402037 0)
(3.37745 -0.386941 0)
(3.41836 -0.375886 0)
(3.42485 -0.353108 0)
(3.46876 -0.338426 0)
(3.46105 -0.309295 0)
(3.51024 -0.292673 0)
(3.48737 -0.25807 0)
(3.54448 -0.240472 0)
(3.35101 -0.474197 0)
(3.38984 -0.458467 0)
(3.41399 -0.446905 0)
(3.46229 -0.425471 0)
(3.47178 -0.406495 0)
(3.52433 -0.380597 0)
(3.51482 -0.354929 0)
(3.57421 -0.327363 0)
(3.54462 -0.295572 0)
(3.61432 -0.267911 0)
(3.38202 -0.553033 0)
(3.40581 -0.531748 0)
(3.46054 -0.524273 0)
(3.48903 -0.490657 0)
(3.53449 -0.472907 0)
(3.55825 -0.429672 0)
(3.58824 -0.407263 0)
(3.61044 -0.35951 0)
(3.62625 -0.33722 0)
(3.65308 -0.286324 0)
(3.37813 -0.66295 0)
(3.40691 -0.630633 0)
(3.48524 -0.633107 0)
(3.52333 -0.577747 0)
(3.58507 -0.567537 0)
(3.61114 -0.497583 0)
(3.64662 -0.482545 0)
(3.66757 -0.400696 0)
(3.68222 -0.38554 0)
(3.71062 -0.293179 0)
(3.37991 -0.80913 0)
(3.39641 -0.757531 0)
(3.55407 -0.74564 0)
(3.55017 -0.674224 0)
(3.69095 -0.667377 0)
(3.65353 -0.594322 0)
(3.78499 -0.595529 0)
(3.72647 -0.508943 0)
(3.85576 -0.514415 0)
(3.78021 -0.408327 0)
(3.45603 -1.04666 0)
(3.53021 -0.927099 0)
(3.69909 -0.883657 0)
(3.68184 -0.731164 0)
(3.79844 -0.714064 0)
(3.75205 -0.562661 0)
(3.87334 -0.570389 0)
(3.82487 -0.404131 0)
(3.94958 -0.430675 0)
(3.89699 -0.244791 0)
(3.74276 -1.38839 0)
(3.91086 -1.27968 0)
(4.10472 -1.24978 0)
(4.04883 -1.14793 0)
(4.1435 -1.14451 0)
(4.04841 -1.01273 0)
(4.16288 -1.01129 0)
(4.0556 -0.838871 0)
(4.1855 -0.856144 0)
(4.05879 -0.650417 0)
(3.87532 -1.31839 0)
(4.00602 -0.866495 0)
(3.97518 -0.69741 0)
(3.87453 -0.538869 0)
(3.83523 -0.512241 0)
(3.80337 -0.352486 0)
(3.76893 -0.360671 0)
(3.75663 -0.198108 0)
(3.67784 -0.246927 0)
(3.69186 -0.0705463 0)
(4.55778 -2.46994 0)
(3.94 -2.05123 0)
(3.04661 -1.77029 0)
(2.4744 -1.5702 0)
(2.17948 -1.38692 0)
(1.87666 -1.17557 0)
(1.59175 -1.0479 0)
(1.34492 -0.842122 0)
(1.07032 -0.786974 0)
(1.06114 -0.51936 0)
(3.09195 -0.0326771 0)
(2.88772 -0.0175028 0)
(2.92722 -0.430726 0)
(3.02368 -0.810695 0)
(2.92538 -0.686631 0)
(2.9482 -0.378948 0)
(3.32094 -0.533319 0)
(3.43723 -0.50817 0)
(3.20746 0.439209 0)
(3.13754 0.880897 0)
(3.38245 -0.147173 0)
(3.15919 -1.29139 0)
(2.68832 -1.23774 0)
(2.60624 -0.293976 0)
(3.11391 0.0165669 0)
(3.30083 -0.385616 0)
(2.75232 -0.856067 0)
(1.97053 -0.944432 0)
(1.45932 -0.9874 0)
(1.01787 -0.703167 0)
(3.09837 -0.0170762 0)
(2.96345 0.0162533 0)
(2.93946 -0.458254 0)
(2.7246 -0.810479 0)
(2.7768 -0.676988 0)
(3.20384 -0.458229 0)
(3.6532 -0.618694 0)
(3.49847 -0.48505 0)
(3.10333 0.483413 0)
(3.15081 0.854604 0)
(3.47681 -0.130264 0)
(3.20458 -1.12467 0)
(2.67089 -1.11936 0)
(2.65706 -0.379037 0)
(3.12886 -0.129572 0)
(3.07674 -0.324793 0)
(2.4735 -0.591322 0)
(1.8503 -0.685115 0)
(1.45713 -0.799614 0)
(1.09755 -0.61618 0)
(3.10708 -0.0153119 0)
(3.01867 0.0262657 0)
(2.95173 -0.391125 0)
(2.54836 -0.77027 0)
(2.63874 -0.788515 0)
(3.35007 -0.581631 0)
(3.82521 -0.596956 0)
(3.48491 -0.38699 0)
(3.05789 0.54857 0)
(3.14639 0.806057 0)
(3.38859 -0.173201 0)
(3.17178 -1.11563 0)
(2.71219 -1.1098 0)
(2.68772 -0.410689 0)
(2.99673 -0.099775 0)
(2.93381 -0.243597 0)
(2.44236 -0.554931 0)
(1.85006 -0.67162 0)
(1.45554 -0.791899 0)
(1.10084 -0.608229 0)
(3.12839 -0.00507684 0)
(3.05699 0.0611592 0)
(2.97978 -0.354046 0)
(2.31541 -0.719941 0)
(2.31993 -0.873574 0)
(3.35703 -0.736032 0)
(4.02919 -0.622951 0)
(3.60802 -0.308145 0)
(3.03248 0.562413 0)
(3.14355 0.751644 0)
(3.43574 -0.139157 0)
(3.20462 -0.965326 0)
(2.7074 -0.994239 0)
(2.66148 -0.43529 0)
(2.91496 -0.165915 0)
(2.72141 -0.186874 0)
(2.19291 -0.364976 0)
(1.72042 -0.483047 0)
(1.42945 -0.651988 0)
(1.14433 -0.543781 0)
(3.15216 -0.000910711 0)
(3.10015 0.0785176 0)
(3.04417 -0.245601 0)
(2.0547 -0.597479 0)
(1.79472 -1.02849 0)
(3.19565 -0.980401 0)
(4.08707 -0.638249 0)
(3.63425 -0.176383 0)
(3.0573 0.641366 0)
(3.17333 0.717642 0)
(3.33538 -0.180372 0)
(3.13311 -0.949882 0)
(2.74284 -0.976747 0)
(2.65397 -0.454021 0)
(2.74287 -0.126851 0)
(2.54476 -0.100009 0)
(2.13323 -0.313658 0)
(1.71261 -0.458151 0)
(1.42768 -0.638638 0)
(1.15094 -0.532714 0)
(3.20105 0.00644908 0)
(3.11335 0.108071 0)
(3.13097 -0.137912 0)
(1.82511 -0.412502 0)
(1.15033 -1.13718 0)
(2.68329 -1.28756 0)
(3.95485 -0.698852 0)
(3.65337 -0.0717852 0)
(3.10205 0.677025 0)
(3.1471 0.675751 0)
(3.30244 -0.148444 0)
(3.13615 -0.84117 0)
(2.74008 -0.880251 0)
(2.60993 -0.438164 0)
(2.64253 -0.129718 0)
(2.35055 -0.0380509 0)
(1.91673 -0.190252 0)
(1.58266 -0.338246 0)
(1.3885 -0.543427 0)
(1.16887 -0.486728 0)
(3.25627 0.0145204 0)
(3.11971 0.120736 0)
(3.25474 0.0179851 0)
(1.55853 -0.120726 0)
(0.79258 -1.22812 0)
(2.0755 -1.66412 0)
(3.66696 -0.831608 0)
(3.58749 0.0138845 0)
(3.09099 0.744129 0)
(3.13652 0.661177 0)
(3.2076 -0.163288 0)
(3.04078 -0.808497 0)
(2.74038 -0.839971 0)
(2.57088 -0.419248 0)
(2.4627 -0.0719864 0)
(2.18068 0.0524807 0)
(1.86513 -0.133008 0)
(1.58818 -0.308037 0)
(1.3914 -0.526891 0)
(1.1775 -0.474706 0)
(3.30622 0.0232967 0)
(3.16149 0.144835 0)
(3.36576 0.177945 0)
(1.36553 0.145561 0)
(1.13507 -1.29769 0)
(1.75732 -1.99937 0)
(3.27192 -1.00388 0)
(3.45512 0.0575889 0)
(3.1093 0.776071 0)
(3.07094 0.639653 0)
(3.12936 -0.145854 0)
(3.02415 -0.750205 0)
(2.71764 -0.772574 0)
(2.4982 -0.374344 0)
(2.32987 -0.0355737 0)
(2.00649 0.100375 0)
(1.68922 -0.0639236 0)
(1.46616 -0.237261 0)
(1.34584 -0.464418 0)
(1.18192 -0.442496 0)
(3.33475 0.0345833 0)
(3.2761 0.129021 0)
(3.42214 0.394588 0)
(1.36028 0.4324 0)
(1.79439 -1.34478 0)
(1.81916 -2.20013 0)
(2.98645 -1.17653 0)
(3.27072 0.0578656 0)
(3.02588 0.81757 0)
(2.99032 0.646404 0)
(3.02969 -0.136449 0)
(2.92491 -0.695856 0)
(2.67121 -0.702669 0)
(2.42024 -0.319654 0)
(2.16476 0.038742 0)
(1.84326 0.184224 0)
(1.62204 -0.0138106 0)
(1.46033 -0.211651 0)
(1.3467 -0.450683 0)
(1.18857 -0.432016 0)
(3.32438 0.0250016 0)
(3.48106 0.190304 0)
(3.44213 0.550508 0)
(1.67857 0.509183 0)
(2.09259 -1.36175 0)
(1.9528 -2.30162 0)
(2.76242 -1.3079 0)
(3.08337 0.0586181 0)
(2.9137 0.833342 0)
(2.86196 0.622462 0)
(2.92908 -0.149924 0)
(2.87194 -0.681099 0)
(2.61227 -0.655197 0)
(2.31203 -0.255424 0)
(2.00578 0.100828 0)
(1.69588 0.229795 0)
(1.5072 0.0219286 0)
(1.3776 -0.173318 0)
(1.31116 -0.411064 0)
(1.18879 -0.409648 0)
(3.33124 0.029689 0)
(3.72021 0.107416 0)
(3.42519 0.774272 0)
(2.28213 0.826991 0)
(2.04906 -1.29774 0)
(1.88899 -2.38433 0)
(2.56966 -1.41563 0)
(2.90161 0.0369911 0)
(2.79268 0.854401 0)
(2.75851 0.632729 0)
(2.83665 -0.124444 0)
(2.78113 -0.608026 0)
(2.52889 -0.562966 0)
(2.19371 -0.172901 0)
(1.84971 0.17525 0)
(1.56251 0.286972 0)
(1.43943 0.052977 0)
(1.35524 -0.157168 0)
(1.30658 -0.401774 0)
(1.1932 -0.401362 0)
(3.3403 -0.0300964 0)
(4.05367 0.27255 0)
(2.88723 0.822163 0)
(2.50886 0.753494 0)
(2.00835 -1.28118 0)
(1.79356 -2.4784 0)
(2.38895 -1.51652 0)
(2.72742 0.01775 0)
(2.65679 0.855077 0)
(2.61354 0.597258 0)
(2.7153 -0.167217 0)
(2.67845 -0.612575 0)
(2.41826 -0.512443 0)
(2.05489 -0.0946547 0)
(1.69702 0.246071 0)
(1.44174 0.324553 0)
(1.36325 0.0682314 0)
(1.30714 -0.138501 0)
(1.28734 -0.378325 0)
(1.1947 -0.386124 0)
(3.34655 -0.0615643 0)
(4.2763 0.205806 0)
(3.3635 1.06289 0)
(2.83266 1.15003 0)
(2.15068 -1.09985 0)
(1.80822 -2.4994 0)
(2.23968 -1.59901 0)
(2.52737 -0.00577975 0)
(2.47527 0.86353 0)
(2.47247 0.600441 0)
(2.62186 -0.136712 0)
(2.59005 -0.534173 0)
(2.31224 -0.414514 0)
(1.91559 -0.00245933 0)
(1.55245 0.314488 0)
(1.3362 0.357563 0)
(1.31327 0.0780271 0)
(1.28712 -0.133564 0)
(1.28356 -0.373271 0)
(1.19886 -0.37947 0)
(3.65709 -0.175304 0)
(4.38375 0.402346 0)
(2.5284 1.11899 0)
(2.40265 0.97155 0)
(2.12849 -1.10943 0)
(1.7443 -2.52435 0)
(2.10754 -1.66885 0)
(2.35173 -0.0187091 0)
(2.29194 0.8591 0)
(2.32395 0.549861 0)
(2.49449 -0.191674 0)
(2.45584 -0.531245 0)
(2.1709 -0.347578 0)
(1.76534 0.0845916 0)
(1.4172 0.376715 0)
(1.24617 0.37774 0)
(1.27073 0.077864 0)
(1.26466 -0.127234 0)
(1.2774 -0.360005 0)
(1.20296 -0.368777 0)
(3.70308 -0.236262 0)
(4.68899 0.478035 0)
(3.19127 1.37996 0)
(2.92938 1.35129 0)
(2.22934 -0.864515 0)
(1.68809 -2.50482 0)
(1.96224 -1.7197 0)
(2.17309 -0.0331078 0)
(2.11229 0.85719 0)
(2.1951 0.533893 0)
(2.39944 -0.171632 0)
(2.35301 -0.458953 0)
(2.04518 -0.252056 0)
(1.62358 0.174684 0)
(1.29545 0.431092 0)
(1.17527 0.388109 0)
(1.246 0.0700088 0)
(1.25384 -0.130022 0)
(1.2756 -0.357374 0)
(1.20745 -0.362973 0)
(4.4382 -0.477053 0)
(4.403 0.655429 0)
(2.76642 1.54325 0)
(2.63392 1.17725 0)
(2.09942 -0.914394 0)
(1.68915 -2.51272 0)
(1.8548 -1.7613 0)
(2.00474 -0.034718 0)
(1.93532 0.84477 0)
(2.06267 0.469708 0)
(2.27223 -0.220817 0)
(2.21206 -0.436537 0)
(1.90183 -0.172737 0)
(1.48454 0.259518 0)
(1.189 0.476295 0)
(1.12599 0.387796 0)
(1.22831 0.0578634 0)
(1.24104 -0.130227 0)
(1.2714 -0.349873 0)
(1.2115 -0.355073 0)
(4.53355 -0.495595 0)
(4.80393 0.89953 0)
(3.20919 1.64356 0)
(3.19188 1.55641 0)
(2.3851 -0.570379 0)
(1.78936 -2.41831 0)
(1.77536 -1.7745 0)
(1.84119 -0.0314804 0)
(1.7694 0.834275 0)
(1.94795 0.435912 0)
(2.16577 -0.210321 0)
(2.09532 -0.371014 0)
(1.77222 -0.0817148 0)
(1.35506 0.341067 0)
(1.10287 0.510297 0)
(1.09737 0.378165 0)
(1.21225 0.0414752 0)
(1.22443 -0.135729 0)
(1.26347 -0.349303 0)
(1.21386 -0.350428 0)
(4.77654 -0.947669 0)
(4.07811 1.0884 0)
(2.95821 1.85609 0)
(2.90172 1.46961 0)
(2.18499 -0.663161 0)
(1.79236 -2.41309 0)
(1.69814 -1.77634 0)
(1.70417 -0.0145882 0)
(1.63037 0.813196 0)
(1.83211 0.365343 0)
(2.03501 -0.247189 0)
(1.96023 -0.333736 0)
(1.64036 0.00111407 0)
(1.23421 0.415215 0)
(1.04372 0.532418 0)
(1.08136 0.362943 0)
(1.18863 0.0268067 0)
(1.20012 -0.139228 0)
(1.25233 -0.347615 0)
(1.21547 -0.345558 0)
(3.07033 -0.588713 0)
(4.14786 1.34095 0)
(3.19745 1.85926 0)
(2.88827 1.70452 0)
(2.38325 -0.34227 0)
(1.9461 -2.28411 0)
(1.65073 -1.74513 0)
(1.59153 0.0061903 0)
(1.52133 0.795411 0)
(1.72433 0.32494 0)
(1.91208 -0.242672 0)
(1.83743 -0.275721 0)
(1.51333 0.0860032 0)
(1.12736 0.480453 0)
(1.01369 0.542075 0)
(1.06394 0.345684 0)
(1.15492 0.0121201 0)
(1.16997 -0.1475 0)
(1.23856 -0.352189 0)
(1.21601 -0.343529 0)
(-1.09683 -1.06656 0)
(3.68201 1.20079 0)
(3.25747 1.95044 0)
(2.77471 1.78035 0)
(2.35455 -0.429569 0)
(2.08256 -2.26145 0)
(1.64081 -1.70379 0)
(1.50157 0.0384295 0)
(1.43411 0.776447 0)
(1.60894 0.264948 0)
(1.76628 -0.265956 0)
(1.69485 -0.230802 0)
(1.38056 0.164816 0)
(1.0497 0.531747 0)
(1.00357 0.543176 0)
(1.03556 0.331904 0)
(1.11785 -9.9322e-05 0)
(1.14103 -0.156571 0)
(1.22665 -0.358295 0)
(1.21735 -0.342283 0)
(-3.88529 -0.896448 0)
(3.19227 0.700042 0)
(2.88544 2.01344 0)
(2.54778 1.88896 0)
(2.5174 -0.262904 0)
(2.26705 -2.13233 0)
(1.68467 -1.63638 0)
(1.45184 0.071446 0)
(1.37901 0.764529 0)
(1.51287 0.238401 0)
(1.63978 -0.263675 0)
(1.57706 -0.188866 0)
(1.28337 0.222556 0)
(1.0138 0.562901 0)
(0.998135 0.54194 0)
(1.00688 0.322608 0)
(1.09242 -0.0122569 0)
(1.12127 -0.167898 0)
(1.21817 -0.367378 0)
(1.2188 -0.342962 0)
(-3.86349 -0.801825 0)
(3.32998 0.103313 0)
(2.65516 2.02648 0)
(2.38373 1.92947 0)
(2.55957 -0.330669 0)
(2.35379 -2.10673 0)
(1.71907 -1.57811 0)
(1.42406 0.10268 0)
(1.34502 0.759128 0)
(1.43163 0.214392 0)
(1.52782 -0.270637 0)
(1.47794 -0.161952 0)
(1.21366 0.261255 0)
(1.00029 0.581825 0)
(0.992123 0.541416 0)
(0.985887 0.316441 0)
(1.0782 -0.0219905 0)
(1.10891 -0.177158 0)
(1.21278 -0.375109 0)
(1.22051 -0.343843 0)
(-2.15562 -0.879837 0)
(2.79508 -0.355363 0)
(2.44151 2.03665 0)
(2.2307 1.92563 0)
(2.68026 -0.283294 0)
(2.50029 -2.00489 0)
(1.7789 -1.50152 0)
(1.41098 0.143841 0)
(1.3209 0.760478 0)
(1.34978 0.202847 0)
(1.41567 -0.270015 0)
(1.38011 -0.136785 0)
(1.15653 0.293842 0)
(0.998751 0.597117 0)
(0.984326 0.542578 0)
(0.971125 0.31066 0)
(1.069 -0.0324977 0)
(1.09844 -0.187362 0)
(1.2077 -0.384245 0)
(1.22241 -0.345478 0)
(-2.64467 -0.953119 0)
(2.54411 -0.594203 0)
(2.23946 2.07829 0)
(2.08163 1.90568 0)
(2.75576 -0.348575 0)
(2.58356 -1.96513 0)
(1.83511 -1.4255 0)
(1.41159 0.183598 0)
(1.30449 0.765254 0)
(1.26771 0.195159 0)
(1.30498 -0.271109 0)
(1.28882 -0.119328 0)
(1.11763 0.316626 0)
(1.00455 0.608616 0)
(0.97777 0.545082 0)
(0.964915 0.304856 0)
(1.06369 -0.0427962 0)
(1.08929 -0.197577 0)
(1.20309 -0.394057 0)
(1.22465 -0.347618 0)
(-2.41554 -0.80969 0)
(2.14238 -1.033 0)
(2.14239 2.08316 0)
(1.92333 1.8519 0)
(2.84951 -0.364143 0)
(2.69844 -1.87091 0)
(1.90312 -1.33284 0)
(1.42634 0.239715 0)
(1.29443 0.780234 0)
(1.19168 0.197559 0)
(1.20625 -0.270969 0)
(1.21208 -0.10332 0)
(1.09823 0.33608 0)
(1.01255 0.619757 0)
(0.976675 0.548735 0)
(0.967004 0.299119 0)
(1.05968 -0.0524936 0)
(1.07996 -0.207944 0)
(1.19827 -0.40489 0)
(1.22707 -0.350411 0)
(-1.15708 -0.897359 0)
(1.44251 -1.36953 0)
(1.97058 2.10355 0)
(1.79671 1.78608 0)
(2.92599 -0.446787 0)
(2.77538 -1.81895 0)
(1.96824 -1.24212 0)
(1.45444 0.280491 0)
(1.28823 0.798163 0)
(1.12464 0.206234 0)
(1.12602 -0.271673 0)
(1.15808 -0.104318 0)
(1.09777 0.342667 0)
(1.02204 0.627403 0)
(0.984971 0.552401 0)
(0.974875 0.294045 0)
(1.05492 -0.0608825 0)
(1.06976 -0.218216 0)
(1.19332 -0.416597 0)
(1.22977 -0.353829 0)
(0.570157 -0.893308 0)
(0.92201 -1.53763 0)
(1.86962 2.06141 0)
(1.72171 1.69555 0)
(3.00345 -0.492784 0)
(2.84922 -1.7374 0)
(2.03414 -1.13692 0)
(1.48816 0.363405 0)
(1.28356 0.8307 0)
(1.07271 0.220406 0)
(1.06814 -0.274414 0)
(1.1287 -0.0951795 0)
(1.11046 0.35624 0)
(1.03235 0.638828 0)
(1.00376 0.556784 0)
(0.985051 0.290577 0)
(1.0481 -0.0677396 0)
(1.05827 -0.228611 0)
(1.18819 -0.429385 0)
(1.23279 -0.357943 0)
(2.3481 -1.04987 0)
(0.591702 -1.54648 0)
(1.5657 2.0185 0)
(1.75318 1.56297 0)
(3.05773 -0.574446 0)
(2.88939 -1.69301 0)
(2.09223 -1.05285 0)
(1.53792 0.384542 0)
(1.28785 0.86088 0)
(1.03729 0.240746 0)
(1.03403 -0.279429 0)
(1.12355 -0.11514 0)
(1.13186 0.349161 0)
(1.05069 0.643009 0)
(1.03282 0.560452 0)
(0.994931 0.289586 0)
(1.03943 -0.0728664 0)
(1.04588 -0.239244 0)
(1.1832 -0.443341 0)
(1.23628 -0.362765 0)
(3.68499 -1.29308 0)
(0.130333 -1.43771 0)
(1.43414 1.92558 0)
(1.89866 1.45074 0)
(3.08333 -0.617941 0)
(2.90097 -1.61631 0)
(2.15635 -0.917026 0)
(1.57423 0.518161 0)
(1.28421 0.912716 0)
(1.01858 0.259627 0)
(1.01295 -0.288777 0)
(1.1303 -0.106203 0)
(1.15354 0.370244 0)
(1.07451 0.657817 0)
(1.06756 0.566506 0)
(1.00349 0.291898 0)
(1.03038 -0.0763799 0)
(1.03342 -0.250356 0)
(1.17874 -0.458693 0)
(1.24039 -0.36839 0)
(3.7447 -1.92412 0)
(-0.509469 -1.30609 0)
(0.851522 1.75908 0)
(2.04982 1.23905 0)
(3.05758 -0.712144 0)
(2.85005 -1.52574 0)
(2.20126 -0.910557 0)
(1.6477 0.480397 0)
(1.31959 0.949295 0)
(1.01807 0.286745 0)
(1.00567 -0.300997 0)
(1.1485 -0.147911 0)
(1.18504 0.343096 0)
(1.11758 0.652974 0)
(1.10914 0.5719 0)
(1.01251 0.29789 0)
(1.02343 -0.0783625 0)
(1.02225 -0.261951 0)
(1.17538 -0.475479 0)
(1.24537 -0.37497 0)
(3.45277 -0.861922 0)
(-0.652085 -0.603588 0)
(0.301097 1.63018 0)
(2.47941 0.964899 0)
(3.02953 -0.732092 0)
(2.7598 -1.47218 0)
(2.24052 -0.482718 0)
(1.64124 0.841583 0)
(1.3006 1.05817 0)
(1.02463 0.323518 0)
(0.994876 -0.291465 0)
(1.15136 -0.108946 0)
(1.20613 0.412571 0)
(1.18774 0.691644 0)
(1.17161 0.591463 0)
(1.02868 0.312968 0)
(1.01968 -0.0793454 0)
(1.00889 -0.281201 0)
(1.17277 -0.50468 0)
(1.25524 -0.387158 0)
(4.42199 -1.55459 0)
(1.7104 -0.596405 0)
(1.32356 0.756868 0)
(3.05206 0.344512 0)
(2.88413 -0.694932 0)
(2.56497 -1.37733 0)
(2.46437 -0.815266 0)
(2.00406 0.603285 0)
(1.5017 1.12629 0)
(1.17835 0.388082 0)
(1.05933 -0.363446 0)
(1.21592 -0.264033 0)
(1.36157 0.279373 0)
(1.38534 0.642844 0)
(1.28783 0.61941 0)
(1.08358 0.351229 0)
(1.04994 -0.0728052 0)
(1.01191 -0.308221 0)
(1.18078 -0.549981 0)
(1.27557 -0.407237 0)
(3.58467 -0.264133 0)
(2.27781 0.237796 0)
(2.63412 0.977477 0)
(3.38963 0.499914 0)
(2.91291 -0.636948 0)
(2.57835 -1.23634 0)
(2.17312 -0.20877 0)
(1.80325 1.17248 0)
(1.567 1.33681 0)
(1.32206 0.490079 0)
(1.1769 -0.281166 0)
(1.29793 -0.210663 0)
(1.49458 0.367259 0)
(1.52243 0.730997 0)
(1.40127 0.695676 0)
(1.20196 0.399676 0)
(1.1488 -0.0571793 0)
(1.06422 -0.32824 0)
(1.21602 -0.596056 0)
(1.30779 -0.429767 0)
(3.62332 -0.737578 0)
(2.69624 -0.278438 0)
(2.97142 0.514415 0)
(4.15082 0.354199 0)
(3.70321 -0.372796 0)
(2.93397 -1.25401 0)
(2.63686 -0.629223 0)
(2.14942 0.852893 0)
(1.85083 1.33695 0)
(1.52691 0.558574 0)
(1.42413 -0.363852 0)
(1.60406 -0.411149 0)
(1.80708 0.184713 0)
(1.76176 0.668063 0)
(1.62802 0.727707 0)
(1.40794 0.452401 0)
(1.30367 -0.0222822 0)
(1.16979 -0.330703 0)
(1.28953 -0.634032 0)
(1.35619 -0.45125 0)
(3.66864 -0.0846359 0)
(2.4137 0.33102 0)
(2.95644 0.393749 0)
(3.91796 0.27218 0)
(3.95712 -0.189588 0)
(3.12458 -0.739571 0)
(2.39808 0.0451718 0)
(2.0497 1.35244 0)
(1.98308 1.51748 0)
(1.72263 0.643837 0)
(1.63154 -0.304458 0)
(1.76757 -0.358938 0)
(1.95887 0.293245 0)
(1.93442 0.796034 0)
(1.86857 0.830871 0)
(1.60144 0.532717 0)
(1.44293 0.0275711 0)
(1.2918 -0.320636 0)
(1.40047 -0.659154 0)
(1.42586 -0.468136 0)
(3.27094 -0.220726 0)
(3.09177 -0.00438434 0)
(3.20105 0.00884137 0)
(3.02211 0.106233 0)
(3.73755 -0.154568 0)
(3.63661 -0.846758 0)
(3.00191 -0.248373 0)
(2.51932 1.07862 0)
(2.28236 1.47845 0)
(2.1041 0.722651 0)
(2.06263 -0.36796 0)
(2.04981 -0.552993 0)
(2.19221 0.132628 0)
(2.23573 0.71824 0)
(2.17235 0.843015 0)
(1.78565 0.612141 0)
(1.56822 0.0845078 0)
(1.39907 -0.312276 0)
(1.52635 -0.676498 0)
(1.51703 -0.477531 0)
(3.40925 0.00152978 0)
(3.1675 0.227958 0)
(3.01904 0.37085 0)
(3.27215 0.096208 0)
(3.45144 -0.364083 0)
(2.61069 -0.426944 0)
(2.38791 0.350378 0)
(2.47802 1.44614 0)
(2.39594 1.64277 0)
(2.48191 0.753882 0)
(2.43437 -0.268464 0)
(2.24776 -0.435307 0)
(2.35411 0.201364 0)
(2.51111 0.796028 0)
(2.41094 0.983877 0)
(1.95979 0.756042 0)
(1.74115 0.159885 0)
(1.51565 -0.311953 0)
(1.64329 -0.703466 0)
(1.61975 -0.485517 0)
(3.36558 -0.0619656 0)
(3.00266 0.145591 0)
(2.96656 0.00976798 0)
(3.36347 0.0295475 0)
(3.43275 0.0045833 0)
(2.63568 -0.489648 0)
(2.13958 -0.0825871 0)
(2.33551 1.17294 0)
(2.43982 1.5142 0)
(2.86906 0.755499 0)
(2.81437 -0.261142 0)
(2.58336 -0.550256 0)
(2.69991 0.0489937 0)
(2.85527 0.716208 0)
(2.66592 1.01882 0)
(2.23242 0.846974 0)
(2.03718 0.2349 0)
(1.73287 -0.27939 0)
(1.7928 -0.719758 0)
(1.73053 -0.492889 0)
(3.32188 0.0604021 0)
(3.15915 0.288005 0)
(2.8863 0.202246 0)
(3.05954 -0.0449471 0)
(3.53882 -0.0873643 0)
(2.99363 -0.0202949 0)
(2.11942 0.374333 0)
(2.07523 1.23747 0)
(2.63352 1.44823 0)
(3.29096 0.670174 0)
(3.02846 -0.176363 0)
(2.71583 -0.445433 0)
(2.93417 0.0688145 0)
(3.09571 0.780872 0)
(2.91988 1.19866 0)
(2.54775 1.02136 0)
(2.33521 0.349961 0)
(1.99947 -0.210149 0)
(2.02492 -0.690736 0)
(1.85998 -0.486998 0)
(3.23868 0.00187309 0)
(3.17625 0.298565 0)
(2.89406 0.0692018 0)
(3.05461 -0.147647 0)
(3.3993 -0.00471101 0)
(2.801 0.00675389 0)
(2.00855 0.346187 0)
(2.07468 1.00193 0)
(3.07015 1.11244 0)
(3.78965 0.657329 0)
(3.40666 -0.0470116 0)
(2.95416 -0.522004 0)
(3.13822 -0.0828921 0)
(3.31114 0.739003 0)
(3.19185 1.21559 0)
(2.8062 1.06044 0)
(2.55405 0.414584 0)
(2.19181 -0.18369 0)
(2.25448 -0.682756 0)
(2.03969 -0.460622 0)
(3.19054 0.0456551 0)
(3.22378 0.35621 0)
(2.92829 0.21221 0)
(2.95943 -0.214163 0)
(3.43372 0.00289944 0)
(2.85212 0.409471 0)
(2.0051 0.582482 0)
(2.30327 0.787159 0)
(3.4796 0.85229 0)
(4.09156 0.617307 0)
(3.54483 0.113516 0)
(3.02031 -0.38373 0)
(3.22479 -0.0840124 0)
(3.44021 0.753706 0)
(3.39366 1.35346 0)
(3.05469 1.26129 0)
(2.86336 0.567243 0)
(2.45694 -0.0909857 0)
(2.45343 -0.642301 0)
(2.20349 -0.448653 0)
(3.13829 0.0188996 0)
(3.20334 0.389187 0)
(2.99789 0.180512 0)
(2.97222 -0.291893 0)
(3.30924 0.0176103 0)
(2.86688 0.54378 0)
(2.19796 0.603009 0)
(2.54358 0.444754 0)
(3.69874 0.49736 0)
(4.17628 0.63536 0)
(3.55142 0.304741 0)
(3.05794 -0.404962 0)
(3.25278 -0.232181 0)
(3.53061 0.671049 0)
(3.59866 1.33875 0)
(3.2849 1.27724 0)
(3.10889 0.633244 0)
(2.71128 -0.0385342 0)
(2.66493 -0.594753 0)
(2.31984 -0.394139 0)
(3.07094 0.0246818 0)
(3.19346 0.379996 0)
(3.09792 0.263483 0)
(2.97812 -0.293779 0)
(3.18241 0.0238188 0)
(2.89633 0.727109 0)
(2.49565 0.689809 0)
(2.79557 0.222965 0)
(3.71555 0.293945 0)
(4.01577 0.694187 0)
(3.487 0.494426 0)
(3.09735 -0.294406 0)
(3.25295 -0.277057 0)
(3.57866 0.635123 0)
(3.72594 1.44201 0)
(3.45086 1.46594 0)
(3.35245 0.759875 0)
(2.88842 0.0663549 0)
(2.88413 -0.512052 0)
(2.5175 -0.359027 0)
(3.03414 0.0262152 0)
(3.13661 0.375662 0)
(3.18354 0.265983 0)
(2.99153 -0.304549 0)
(3.07312 0.0328921 0)
(2.91743 0.823493 0)
(2.77281 0.676954 0)
(2.99183 -0.00481776 0)
(3.6054 0.108179 0)
(3.80243 0.735544 0)
(3.36609 0.601452 0)
(3.07512 -0.313275 0)
(3.2543 -0.405573 0)
(3.62518 0.499012 0)
(3.81499 1.37219 0)
(3.63165 1.41951 0)
(3.5267 0.837474 0)
(3.09936 0.137271 0)
(3.1128 -0.485669 0)
(2.67867 -0.302983 0)
(3.02152 0.0396172 0)
(3.0639 0.324658 0)
(3.24984 0.293252 0)
(3.00924 -0.236884 0)
(2.93875 0.0360553 0)
(2.94806 0.832835 0)
(3.00999 0.662027 0)
(3.12939 -0.0895096 0)
(3.43877 0.0364501 0)
(3.53337 0.79566 0)
(3.29176 0.721991 0)
(3.1205 -0.267147 0)
(3.28078 -0.480699 0)
(3.55348 0.447459 0)
(3.81881 1.42857 0)
(3.65371 1.58964 0)
(3.63053 0.940631 0)
(3.24476 0.21201 0)
(3.25642 -0.357951 0)
(2.79378 -0.228015 0)
(3.02266 0.0579207 0)
(3.00899 0.289943 0)
(3.24537 0.286181 0)
(3.05292 -0.178236 0)
(2.83368 0.0409 0)
(2.9857 0.806564 0)
(3.17647 0.616113 0)
(3.16373 -0.160168 0)
(3.27235 -0.00388336 0)
(3.31782 0.807575 0)
(3.25326 0.730312 0)
(3.12666 -0.294306 0)
(3.22483 -0.564475 0)
(3.53342 0.307201 0)
(3.82224 1.33826 0)
(3.70334 1.50274 0)
(3.76513 0.979987 0)
(3.33136 0.283909 0)
(3.42317 -0.355891 0)
(2.95255 -0.17548 0)
(3.01871 0.0763778 0)
(2.98135 0.245425 0)
(3.20914 0.271009 0)
(3.09537 -0.089798 0)
(2.7632 0.0483804 0)
(2.9821 0.726004 0)
(3.30761 0.592013 0)
(3.15951 -0.136784 0)
(3.09295 -0.00140942 0)
(3.17485 0.827336 0)
(3.28723 0.764145 0)
(3.16995 -0.252221 0)
(3.16822 -0.61766 0)
(3.41911 0.229418 0)
(3.78396 1.33444 0)
(3.73863 1.62045 0)
(3.79093 1.07609 0)
(3.40485 0.343155 0)
(3.54373 -0.216508 0)
(3.04832 -0.0864758 0)
(3.01117 0.0939155 0)
(2.97815 0.218238 0)
(3.15704 0.245104 0)
(3.10122 -0.0161714 0)
(2.78102 0.0741949 0)
(2.95445 0.615485 0)
(3.32847 0.541566 0)
(3.13609 -0.080854 0)
(2.95022 0.00525311 0)
(3.11956 0.743013 0)
(3.33798 0.713101 0)
(3.11425 -0.246698 0)
(3.06316 -0.639856 0)
(3.27479 0.12415 0)
(3.62638 1.24199 0)
(3.57805 1.51147 0)
(3.78047 1.08379 0)
(3.35887 0.375263 0)
(3.58879 -0.256745 0)
(3.15006 -0.0248904 0)
(3.00574 0.106202 0)
(2.97006 0.196099 0)
(3.1221 0.228557 0)
(3.09759 0.0377798 0)
(2.80842 0.0977312 0)
(2.92393 0.540266 0)
(3.3284 0.51887 0)
(3.1278 -0.0189525 0)
(2.78274 0.0114131 0)
(3.05354 0.714196 0)
(3.48526 0.746526 0)
(3.19215 -0.17554 0)
(2.89054 -0.68025 0)
(3.10071 0.0283914 0)
(3.56974 1.20509 0)
(3.61126 1.5683 0)
(3.7967 1.14591 0)
(3.41117 0.427094 0)
(3.7475 -0.135997 0)
(3.25644 0.0424136 0)
(3.00128 0.119454 0)
(2.97499 0.173877 0)
(3.0739 0.200272 0)
(3.0619 0.0961606 0)
(2.87752 0.134218 0)
(2.94845 0.42442 0)
(3.22183 0.467074 0)
(3.07539 0.118461 0)
(2.7786 0.0384439 0)
(2.99697 0.496348 0)
(3.40679 0.658535 0)
(3.19257 -0.0130164 0)
(2.82278 -0.56404 0)
(2.7984 -0.101225 0)
(3.27672 1.04392 0)
(3.38192 1.43373 0)
(3.66593 1.17619 0)
(3.14745 0.411091 0)
(3.64361 -0.20992 0)
(3.31371 0.137933 0)
(4.7106 2.3298 0)
(4.48008 2.05055 0)
(3.94461 1.74496 0)
(3.45829 1.61918 0)
(3.36523 1.37657 0)
(3.14511 1.30025 0)
(3.1684 1.04017 0)
(2.92228 1.00305 0)
(2.98915 0.728259 0)
(2.75827 0.734777 0)
(3.45629 0.812365 0)
(3.57649 0.539437 0)
(3.71654 0.250372 0)
(3.68779 0.196426 0)
(3.79062 0.00932539 0)
(3.75083 0.00760672 0)
(3.86341 -0.185876 0)
(3.81401 -0.163528 0)
(3.92501 -0.368383 0)
(3.85726 -0.320866 0)
(3.64321 0.897674 0)
(3.79084 0.895697 0)
(3.87617 0.825302 0)
(3.9273 0.81193 0)
(3.92638 0.730008 0)
(3.93718 0.715671 0)
(3.9117 0.617586 0)
(3.91895 0.602652 0)
(3.88035 0.485345 0)
(3.88151 0.477 0)
(3.33529 0.501555 0)
(3.37486 0.475163 0)
(3.40938 0.3667 0)
(3.44356 0.330566 0)
(3.46852 0.213027 0)
(3.48768 0.190619 0)
(3.50643 0.0722666 0)
(3.51443 0.0657831 0)
(3.53271 -0.0567937 0)
(3.53078 -0.0470884 0)
(3.395 0.439655 0)
(3.44129 0.447593 0)
(3.48704 0.416547 0)
(3.5241 0.421844 0)
(3.55774 0.381843 0)
(3.57101 0.38722 0)
(3.59254 0.33832 0)
(3.58325 0.346518 0)
(3.59979 0.287306 0)
(3.569 0.301614 0)
(3.30514 0.334932 0)
(3.32945 0.326729 0)
(3.33837 0.291671 0)
(3.36165 0.277386 0)
(3.36124 0.232505 0)
(3.37814 0.216744 0)
(3.36835 0.165493 0)
(3.38231 0.153202 0)
(3.36664 0.0979021 0)
(3.3812 0.0930103 0)
(3.2839 0.288125 0)
(3.30313 0.289638 0)
(3.32282 0.271142 0)
(3.34242 0.273696 0)
(3.35853 0.250443 0)
(3.37218 0.255494 0)
(3.38288 0.227333 0)
(3.39047 0.23656 0)
(3.39661 0.202948 0)
(3.39825 0.217772 0)
(3.24275 0.247572 0)
(3.24932 0.246713 0)
(3.26667 0.231674 0)
(3.2694 0.228845 0)
(3.28375 0.206881 0)
(3.27722 0.204029 0)
(3.28979 0.176083 0)
(3.27555 0.176122 0)
(3.28966 0.14266 0)
(3.26857 0.148249 0)
(3.21518 0.220031 0)
(3.21923 0.217323 0)
(3.23018 0.209112 0)
(3.23098 0.206599 0)
(3.24282 0.195646 0)
(3.24326 0.194924 0)
(3.25625 0.181394 0)
(3.2557 0.184016 0)
(3.26843 0.167281 0)
(3.26618 0.174578 0)
(3.17665 0.198553 0)
(3.17828 0.195582 0)
(3.19095 0.190335 0)
(3.19196 0.188264 0)
(3.20308 0.179395 0)
(3.19967 0.179313 0)
(3.20882 0.165455 0)
(3.20152 0.168807 0)
(3.20942 0.14834 0)
(3.19902 0.15735 0)
(3.15607 0.181363 0)
(3.15687 0.179538 0)
(3.16369 0.175222 0)
(3.16184 0.174695 0)
(3.16854 0.167439 0)
(3.16708 0.169362 0)
(3.17347 0.158399 0)
(3.17283 0.164315 0)
(3.17799 0.148771 0)
(3.17891 0.16055 0)
(3.12302 0.170601 0)
(3.12456 0.167356 0)
(3.13249 0.163931 0)
(3.13511 0.163368 0)
(3.14078 0.157781 0)
(3.14143 0.160694 0)
(3.14442 0.150779 0)
(3.14455 0.158261 0)
(3.14538 0.141799 0)
(3.14584 0.155893 0)
(3.10028 0.159351 0)
(3.104 0.16075 0)
(3.10752 0.158557 0)
(3.1136 0.160736 0)
(3.11404 0.154214 0)
(3.11943 0.159057 0)
(3.11611 0.147863 0)
(3.12264 0.157548 0)
(3.11613 0.140481 0)
(3.12548 0.156991 0)
(3.08882 0.152995 0)
(3.09415 0.153756 0)
(3.09067 0.151164 0)
(3.09573 0.153644 0)
(3.09088 0.147678 0)
(3.09862 0.153152 0)
(3.09185 0.142811 0)
(3.10193 0.15299 0)
(3.0921 0.136907 0)
(3.10468 0.153662 0)
(3.06484 0.147407 0)
(3.07035 0.148942 0)
(3.06861 0.146298 0)
(3.07676 0.14943 0)
(3.07213 0.14382 0)
(3.08056 0.149625 0)
(3.07309 0.140199 0)
(3.08303 0.150054 0)
(3.0733 0.135702 0)
(3.08509 0.15109 0)
(3.05815 0.141794 0)
(3.06253 0.144849 0)
(3.05737 0.143715 0)
(3.06124 0.147165 0)
(3.0557 0.142714 0)
(3.06211 0.147937 0)
(3.0563 0.140168 0)
(3.06427 0.148725 0)
(3.05725 0.136887 0)
(3.0658 0.149978 0)
(3.04507 0.139765 0)
(3.04885 0.14029 0)
(3.04403 0.137999 0)
(3.04694 0.1407 0)
(3.04199 0.137468 0)
(3.0471 0.14237 0)
(3.04234 0.136787 0)
(3.04864 0.144078 0)
(3.04325 0.135202 0)
(3.04964 0.145722 0)
(3.02568 0.136686 0)
(3.0289 0.13836 0)
(3.02797 0.137449 0)
(3.03307 0.140059 0)
(3.03037 0.137861 0)
(3.03484 0.14184 0)
(3.03074 0.137801 0)
(3.03545 0.143557 0)
(3.03089 0.137051 0)
(3.03582 0.145182 0)
(3.02132 0.135691 0)
(3.02395 0.137445 0)
(3.02034 0.137003 0)
(3.02202 0.139273 0)
(3.01866 0.13769 0)
(3.02183 0.140862 0)
(3.01872 0.137859 0)
(3.02237 0.142363 0)
(3.01904 0.137573 0)
(3.02258 0.143849 0)
(3.00362 0.134743 0)
(3.00512 0.13611 0)
(3.00527 0.13602 0)
(3.00816 0.137707 0)
(3.00718 0.136915 0)
(3.00917 0.139171 0)
(3.00738 0.137489 0)
(3.00926 0.140555 0)
(3.00746 0.137744 0)
(3.00925 0.141893 0)
(3.23475 -0.0896756 0)
(2.75948 0.115169 0)
(3.27509 -0.0907498 0)
(2.72027 0.139412 0)
(3.29928 -0.0877667 0)
(2.66798 0.174408 0)
(3.33285 -0.0853389 0)
(2.59913 0.222524 0)
(3.37262 -0.0811636 0)
(2.50777 0.29501 0)
(3.42203 -0.0682796 0)
(2.39212 0.409717 0)
(3.48559 -0.036003 0)
(2.25646 0.599199 0)
(3.57877 0.0400325 0)
(2.11864 0.932366 0)
(3.7508 0.208571 0)
(2.11571 1.56505 0)
(4.25282 0.590436 0)
(3.18591 2.86936 0)
(3.18697 -0.0791408 0)
(2.80064 0.10474 0)
(3.201 -0.0685143 0)
(2.7768 0.125376 0)
(3.19784 -0.0535412 0)
(2.7423 0.158827 0)
(3.18654 -0.0368798 0)
(2.69993 0.205786 0)
(3.17094 -0.0192998 0)
(2.64393 0.278233 0)
(3.15424 0.00497414 0)
(2.57336 0.393255 0)
(3.14185 0.0465848 0)
(2.50106 0.575092 0)
(3.13865 0.129582 0)
(2.47897 0.855372 0)
(3.16681 0.299803 0)
(2.61254 1.24327 0)
(3.26381 0.594984 0)
(2.92276 1.44266 0)
(3.11775 -0.0882256 0)
(2.86753 0.121871 0)
(3.11895 -0.0731895 0)
(2.85527 0.150769 0)
(3.11041 -0.057702 0)
(2.84155 0.191018 0)
(3.08808 -0.0362525 0)
(2.8252 0.242603 0)
(3.0584 -0.0107807 0)
(2.80559 0.312817 0)
(3.02744 0.024274 0)
(2.78192 0.410711 0)
(3.00411 0.0791307 0)
(2.76445 0.54306 0)
(3.00132 0.170653 0)
(2.78787 0.710267 0)
(3.04658 0.324562 0)
(2.92026 0.878819 0)
(3.25459 0.574593 0)
(3.35956 0.939977 0)
(3.05563 -0.0602279 0)
(2.92928 0.0952419 0)
(3.04791 -0.0380186 0)
(2.92248 0.127144 0)
(3.04599 -0.0145064 0)
(2.91294 0.165518 0)
(3.03562 0.017249 0)
(2.89968 0.210985 0)
(3.0225 0.0570332 0)
(2.88869 0.268243 0)
(3.0107 0.108616 0)
(2.88369 0.343389 0)
(3.0061 0.177152 0)
(2.89706 0.440022 0)
(3.02041 0.267426 0)
(2.95103 0.550737 0)
(3.07775 0.386373 0)
(3.08163 0.644316 0)
(3.20957 0.508458 0)
(3.28545 0.621361 0)
(3.02263 -0.0385762 0)
(2.96611 0.0690536 0)
(3.0128 -0.00802643 0)
(2.96298 0.0989536 0)
(3.01523 0.0233628 0)
(2.95967 0.130828 0)
(3.01198 0.0613635 0)
(2.95489 0.168842 0)
(3.00651 0.105626 0)
(2.95714 0.215812 0)
(3.00322 0.157986 0)
(2.97095 0.275525 0)
(3.0081 0.221158 0)
(3.00405 0.347858 0)
(3.03428 0.295288 0)
(3.06625 0.423076 0)
(3.10099 0.378303 0)
(3.17038 0.478087 0)
(3.22506 0.437607 0)
(3.32999 0.478664 0)
(3.01096 -0.0159361 0)
(2.98076 0.0440048 0)
(3.0032 0.0177865 0)
(2.97866 0.0750126 0)
(3.00679 0.0509919 0)
(2.9813 0.106176 0)
(3.0072 0.0880242 0)
(2.98447 0.142719 0)
(3.00602 0.13043 0)
(2.99516 0.185497 0)
(3.0104 0.17873 0)
(3.01643 0.236149 0)
(3.02642 0.233694 0)
(3.0521 0.29304 0)
(3.06374 0.291746 0)
(3.10914 0.347932 0)
(3.13035 0.344323 0)
(3.19311 0.384794 0)
(3.22506 0.366329 0)
(3.29034 0.376985 0)
(3.00567 -0.00314622 0)
(2.9912 0.0303398 0)
(2.99994 0.0302339 0)
(2.99079 0.0617283 0)
(3.00185 0.0638875 0)
(2.99701 0.0921606 0)
(3.00545 0.0990288 0)
(3.00391 0.126012 0)
(3.01001 0.13825 0)
(3.01523 0.164638 0)
(3.02285 0.180747 0)
(3.03512 0.208176 0)
(3.04753 0.225432 0)
(3.06698 0.254132 0)
(3.08758 0.267551 0)
(3.11521 0.294997 0)
(3.14447 0.298619 0)
(3.18029 0.319052 0)
(3.21521 0.304604 0)
(3.25631 0.312769 0)
(3.00386 0.0015954 0)
(2.99607 0.0265039 0)
(3.00096 0.0320733 0)
(2.99739 0.0578205 0)
(3.00201 0.0642119 0)
(3.00482 0.0883167 0)
(3.00712 0.0967393 0)
(3.01472 0.119644 0)
(3.01443 0.131951 0)
(3.02795 0.153753 0)
(3.02921 0.169343 0)
(3.04817 0.189846 0)
(3.05444 0.206674 0)
(3.07698 0.225016 0)
(3.09127 0.239249 0)
(3.1163 0.253979 0)
(3.14012 0.260675 0)
(3.16649 0.269713 0)
(3.19934 0.262757 0)
(3.22067 0.264565 0)
(3.00241 0.00240021 0)
(2.99881 0.0261501 0)
(3.00151 0.0306675 0)
(3.00178 0.0556829 0)
(3.00283 0.0611526 0)
(3.0094 0.084516 0)
(3.00868 0.0922812 0)
(3.02023 0.112523 0)
(3.01823 0.124545 0)
(3.03338 0.141583 0)
(3.03445 0.157783 0)
(3.05134 0.171331 0)
(3.05922 0.189373 0)
(3.07583 0.198966 0)
(3.09228 0.215511 0)
(3.10773 0.221075 0)
(3.13236 0.231863 0)
(3.14623 0.233097 0)
(3.17642 0.233473 0)
(3.19048 0.22952 0)
(3.0009 0.00162695 0)
(3.00048 0.0266348 0)
(3.00117 0.027966 0)
(3.00413 0.0543911 0)
(3.00364 0.0561939 0)
(3.01132 0.0813074 0)
(3.01026 0.0853347 0)
(3.02163 0.10666 0)
(3.0209 0.114832 0)
(3.03427 0.131382 0)
(3.03684 0.144769 0)
(3.0506 0.155729 0)
(3.05914 0.172993 0)
(3.07178 0.177537 0)
(3.08763 0.195841 0)
(3.09819 0.194752 0)
(3.12091 0.209797 0)
(3.12997 0.204311 0)
(3.15684 0.210938 0)
(3.16193 0.2031 0)
(2.99954 0.00135955 0)
(3.00156 0.0255164 0)
(3.0006 0.0263258 0)
(3.00506 0.05127 0)
(3.00426 0.0528019 0)
(3.01148 0.0758343 0)
(3.01146 0.0801802 0)
(3.02058 0.0985166 0)
(3.02244 0.107552 0)
(3.03197 0.11984 0)
(3.03787 0.134604 0)
(3.04618 0.140635 0)
(3.0579 0.15958 0)
(3.06421 0.159458 0)
(3.08201 0.179176 0)
(3.0861 0.174715 0)
(3.10798 0.190887 0)
(3.1102 0.184252 0)
(3.13379 0.191856 0)
(3.13759 0.184933 0)
(2.99888 0.000852255 0)
(3.00176 0.0245527 0)
(3.00053 0.0241916 0)
(3.0047 0.0486604 0)
(3.00502 0.0488133 0)
(3.0102 0.0712445 0)
(3.01249 0.0742035 0)
(3.018 0.0917975 0)
(3.02304 0.099569 0)
(3.02819 0.110634 0)
(3.03702 0.124316 0)
(3.04095 0.128584 0)
(3.05402 0.147255 0)
(3.05661 0.144712 0)
(3.07381 0.165242 0)
(3.07541 0.15806 0)
(3.0949 0.176199 0)
(3.09637 0.167854 0)
(3.11496 0.179206 0)
(3.11513 0.17274 0)
(2.9985 0.00119007 0)
(3.00167 0.0223444 0)
(3.00057 0.023246 0)
(3.00389 0.0447243 0)
(3.00551 0.0463807 0)
(3.00843 0.0655323 0)
(3.01288 0.0699733 0)
(3.01504 0.0843445 0)
(3.02255 0.0935319 0)
(3.02398 0.101517 0)
(3.03475 0.116141 0)
(3.03538 0.117824 0)
(3.0487 0.136974 0)
(3.04925 0.13285 0)
(3.06411 0.153243 0)
(3.06578 0.145578 0)
(3.08011 0.162868 0)
(3.08374 0.154553 0)
(3.09473 0.164031 0)
(3.09888 0.158834 0)
(2.99844 0.00143738 0)
(3.00146 0.0204558 0)
(3.00063 0.022132 0)
(3.00314 0.0414254 0)
(3.00544 0.0437593 0)
(3.00691 0.0608926 0)
(3.01222 0.0655795 0)
(3.01256 0.0784777 0)
(3.02059 0.0873968 0)
(3.02045 0.094551 0)
(3.03068 0.108196 0)
(3.03068 0.109721 0)
(3.04171 0.127488 0)
(3.0429 0.123808 0)
(3.05338 0.142727 0)
(3.05688 0.136037 0)
(3.0646 0.152163 0)
(3.07087 0.145912 0)
(3.07451 0.155592 0)
(3.08625 0.153375 0)
(2.9986 0.0018951 0)
(3.00111 0.018461 0)
(3.00072 0.0214238 0)
(3.00231 0.0381698 0)
(3.00514 0.0417364 0)
(3.00535 0.0565792 0)
(3.01114 0.0619639 0)
(3.01005 0.0733339 0)
(3.0182 0.0821859 0)
(3.01674 0.0887638 0)
(3.02639 0.101315 0)
(3.02554 0.103482 0)
(3.03492 0.119174 0)
(3.03595 0.117326 0)
(3.04362 0.133547 0)
(3.04802 0.129567 0)
(3.05274 0.142929 0)
(3.06122 0.139811 0)
(3.06158 0.147483 0)
(3.07128 0.14819 0)
(2.99895 0.00240811 0)
(3.0007 0.0166306 0)
(3.00085 0.0209256 0)
(3.00155 0.0352919 0)
(3.00461 0.0401252 0)
(3.00396 0.052843 0)
(3.00965 0.0590233 0)
(3.00779 0.0689821 0)
(3.01533 0.0779556 0)
(3.0133 0.0838965 0)
(3.02177 0.0958135 0)
(3.02061 0.0983001 0)
(3.02829 0.112787 0)
(3.02915 0.111962 0)
(3.03469 0.126844 0)
(3.03866 0.124228 0)
(3.04087 0.136428 0)
(3.04825 0.133942 0)
(3.04709 0.140604 0)
(3.05912 0.140657 0)
(2.99935 0.00275219 0)
(3.00032 0.0152685 0)
(3.00093 0.0204009 0)
(3.0009 0.0331426 0)
(3.00391 0.038627 0)
(3.00273 0.0500801 0)
(3.00789 0.0563741 0)
(3.0057 0.0659109 0)
(3.01223 0.074148 0)
(3.01005 0.0805945 0)
(3.01707 0.0908611 0)
(3.01582 0.0950111 0)
(3.02184 0.106979 0)
(3.02259 0.108707 0)
(3.02641 0.120649 0)
(3.02997 0.121186 0)
(3.03074 0.130974 0)
(3.03724 0.132309 0)
(3.0352 0.138313 0)
(3.04579 0.141535 0)
(2.99967 0.00311891 0)
(3.00003 0.0141135 0)
(3.00085 0.020124 0)
(3.0004 0.0313969 0)
(3.00301 0.0376326 0)
(3.00169 0.0478269 0)
(3.00589 0.0545552 0)
(3.00383 0.0634631 0)
(3.00893 0.0714837 0)
(3.00701 0.0779016 0)
(3.01229 0.0874412 0)
(3.01123 0.0923084 0)
(3.01552 0.103022 0)
(3.01623 0.105957 0)
(3.01866 0.116581 0)
(3.02191 0.118391 0)
(3.02228 0.127101 0)
(3.02829 0.128935 0)
(3.02615 0.13408 0)
(3.03182 0.136532 0)
(2.99985 0.0033621 0)
(2.99992 0.0133373 0)
(3.00062 0.0199241 0)
(3.00008 0.0302474 0)
(3.00197 0.0369385 0)
(3.00084 0.0463648 0)
(3.00376 0.0532766 0)
(3.00212 0.0619204 0)
(3.00553 0.0695917 0)
(3.00416 0.0762254 0)
(3.00749 0.0850095 0)
(3.00689 0.0906819 0)
(3.00929 0.100186 0)
(3.01023 0.104302 0)
(3.01104 0.113588 0)
(3.01383 0.116612 0)
(3.01248 0.124123 0)
(3.01677 0.126987 0)
(3.01361 0.131689 0)
(3.02102 0.134971 0)
(2.99996 0.00357212 0)
(2.9999 0.0128353 0)
(3.00033 0.0199153 0)
(2.99985 0.0295924 0)
(3.00088 0.0366264 0)
(3.00005 0.0455569 0)
(3.00159 0.0526304 0)
(3.00046 0.0612141 0)
(3.00221 0.0684913 0)
(3.00124 0.075478 0)
(3.00286 0.0835611 0)
(3.00236 0.0900853 0)
(3.00336 0.0984109 0)
(3.00378 0.103672 0)
(3.00384 0.111693 0)
(3.00547 0.115865 0)
(3.00473 0.122383 0)
(3.0078 0.126126 0)
(3.00617 0.130437 0)
(3.00814 0.133819 0)
(3.06806 0.0701274 0)
(2.95456 -0.0955144 0)
(3.079 0.0660059 0)
(2.94377 -0.123375 0)
(3.06303 0.061549 0)
(2.93192 -0.156701 0)
(3.04167 0.0522098 0)
(2.91514 -0.199339 0)
(3.00217 0.031347 0)
(2.88937 -0.256228 0)
(2.93965 -0.0104407 0)
(2.83919 -0.342199 0)
(2.84927 -0.0858307 0)
(2.73726 -0.48419 0)
(2.7098 -0.242024 0)
(2.52983 -0.721103 0)
(2.51185 -0.579561 0)
(2.00837 -1.17507 0)
(2.16855 -1.39085 0)
(0.657531 -3.14924 0)
(3.04721 0.0540387 0)
(2.9636 -0.076238 0)
(3.06121 0.0483193 0)
(2.93554 -0.0999492 0)
(3.04915 0.0439181 0)
(2.89826 -0.127268 0)
(3.03185 0.033863 0)
(2.8475 -0.15998 0)
(2.99486 0.0133568 0)
(2.77441 -0.202684 0)
(2.93188 -0.0231945 0)
(2.66407 -0.273891 0)
(2.82276 -0.0806247 0)
(2.49889 -0.39892 0)
(2.61161 -0.183626 0)
(2.25332 -0.625431 0)
(2.20463 -0.381228 0)
(1.91052 -1.07562 0)
(1.5125 -0.894901 0)
(1.44147 -1.56977 0)
(3.02118 0.0397225 0)
(2.99383 -0.0557608 0)
(3.02615 0.0333575 0)
(2.97428 -0.0721256 0)
(3.00141 0.0279327 0)
(2.94621 -0.0898896 0)
(2.96941 0.0168896 0)
(2.90442 -0.110544 0)
(2.92089 -0.00293711 0)
(2.83366 -0.136114 0)
(2.8501 -0.0377768 0)
(2.71694 -0.174755 0)
(2.7416 -0.10013 0)
(2.52548 -0.240193 0)
(2.56224 -0.217481 0)
(2.19483 -0.360799 0)
(2.25784 -0.443899 0)
(1.58215 -0.638469 0)
(1.57992 -0.900811 0)
(0.160266 -1.6777 0)
(3.00244 0.0253966 0)
(3.01402 -0.0361334 0)
(3.0022 0.0210104 0)
(2.99793 -0.0478086 0)
(2.97047 0.0180299 0)
(2.97164 -0.0613089 0)
(2.92924 0.0118638 0)
(2.93232 -0.0783002 0)
(2.86602 0.00167567 0)
(2.86855 -0.102146 0)
(2.76883 -0.0136085 0)
(2.76811 -0.137601 0)
(2.61065 -0.0402871 0)
(2.60574 -0.194954 0)
(2.34227 -0.0925322 0)
(2.32207 -0.294638 0)
(1.86959 -0.204686 0)
(1.80549 -0.471554 0)
(1.01199 -0.466778 0)
(0.860692 -0.335309 0)
(3.00793 0.0102137 0)
(3.00327 -0.0149982 0)
(3.01326 0.00672856 0)
(2.98129 -0.0197491 0)
(2.98927 0.00324415 0)
(2.94482 -0.0245217 0)
(2.95878 -0.00296057 0)
(2.89154 -0.0291453 0)
(2.91013 -0.0121867 0)
(2.80885 -0.0337405 0)
(2.83153 -0.0256319 0)
(2.68127 -0.0399 0)
(2.69965 -0.0445066 0)
(2.47704 -0.0501847 0)
(2.46919 -0.0710738 0)
(2.12846 -0.0728318 0)
(2.04685 -0.104248 0)
(1.4925 -0.142135 0)
(1.21047 -0.170431 0)
(0.210481 -0.58028 0)
(3.00686 0.00114838 0)
(3.00559 -0.00275221 0)
(3.01047 0.00303967 0)
(2.98658 -0.00497819 0)
(2.98376 0.00480189 0)
(2.95378 -0.0075506 0)
(2.94935 0.0069914 0)
(2.90612 -0.00945565 0)
(2.89506 0.010324 0)
(2.83076 -0.00995816 0)
(2.80958 0.0163482 0)
(2.71206 -0.00722294 0)
(2.67093 0.0288123 0)
(2.51706 0.00417895 0)
(2.43484 0.0528982 0)
(2.17861 0.0366287 0)
(2.00899 0.0974445 0)
(1.55348 0.124939 0)
(1.16506 0.19596 0)
(0.24615 0.562293 0)
(3.00198 -0.0150662 0)
(3.01259 0.0191777 0)
(3.00374 -0.0114106 0)
(2.99666 0.0230443 0)
(2.97446 -0.00962673 0)
(2.96883 0.0282666 0)
(2.93633 -0.00660232 0)
(2.92854 0.0371228 0)
(2.8761 -0.00150395 0)
(2.86514 0.0517317 0)
(2.78094 0.0098684 0)
(2.76606 0.0786039 0)
(2.62797 0.035396 0)
(2.60312 0.128803 0)
(2.37084 0.0939135 0)
(2.31752 0.226475 0)
(1.91707 0.23248 0)
(1.79631 0.397671 0)
(1.11068 0.550571 0)
(0.881236 0.221327 0)
(3.01824 -0.0249285 0)
(2.99391 0.0323985 0)
(3.02546 -0.0168052 0)
(2.97362 0.0385262 0)
(3.00391 -0.0103986 0)
(2.94103 0.0464051 0)
(2.9768 -0.000558779 0)
(2.89363 0.058556 0)
(2.93225 0.0149629 0)
(2.82007 0.0780777 0)
(2.86199 0.0435186 0)
(2.7061 0.11247 0)
(2.74845 0.0995935 0)
(2.52251 0.176621 0)
(2.55913 0.212634 0)
(2.20974 0.310018 0)
(2.22448 0.446313 0)
(1.62372 0.62645 0)
(1.46229 0.908978 0)
(0.250789 1.81084 0)
(3.03214 -0.0420567 0)
(2.98266 0.055545 0)
(3.03863 -0.0337068 0)
(2.96537 0.068025 0)
(3.01692 -0.0275494 0)
(2.93846 0.0846738 0)
(2.98961 -0.0186049 0)
(2.8987 0.109426 0)
(2.94499 -0.00512242 0)
(2.83689 0.148526 0)
(2.87336 0.0202443 0)
(2.74337 0.214563 0)
(2.75533 0.0713454 0)
(2.59857 0.334041 0)
(2.54997 0.17752 0)
(2.37048 0.562132 0)
(2.17101 0.407988 0)
(2.00967 1.00852 0)
(1.50984 0.974086 0)
(1.31678 1.37417 0)
(3.06037 -0.0536787 0)
(2.96118 0.0689917 0)
(3.06926 -0.0445914 0)
(2.95248 0.0835136 0)
(3.05092 -0.0349704 0)
(2.93889 0.103034 0)
(3.0278 -0.0217173 0)
(2.91735 0.131317 0)
(2.98947 -0.00086464 0)
(2.88151 0.174715 0)
(2.93094 0.0382551 0)
(2.82346 0.246034 0)
(2.84386 0.115878 0)
(2.72229 0.369558 0)
(2.71589 0.280093 0)
(2.52491 0.605288 0)
(2.53142 0.645381 0)
(2.05467 1.13129 0)
(2.15021 1.57526 0)
(0.661603 3.26351 0)
)
;

boundaryField
{
    inlet
    {
        type            fixedValue;
        value           uniform (3 0 0);
    }
    outlet
    {
        type            zeroGradient;
    }
    upAndBottom
    {
        type            empty;
    }
    obstacle
    {
        type            noSlip;
    }
}


// ************************************************************************* //
