/*--------------------------------*- C++ -*----------------------------------*\
| =========                 |                                                 |
| \\      /  F ield         | OpenFOAM: The Open Source CFD Toolbox           |
|  \\    /   O peration     | Version:  v1806                                 |
|   \\  /    A nd           | Web:      www.OpenFOAM.com                      |
|    \\/     M anipulation  |                                                 |
\*---------------------------------------------------------------------------*/
FoamFile
{
    version     2.0;
    format      ascii;
    class       volVectorField;
    location    "30";
    object      U;
}
// * * * * * * * * * * * * * * * * * * * * * * * * * * * * * * * * * * * * * //

dimensions      [0 1 -1 0 0 0 0];


internalField   nonuniform List<vector> 
2400
(
(0.300004 -0.00186751 0)
(0.299945 -0.00556656 0)
(0.299964 -0.008787 0)
(0.299967 -0.0135574 0)
(0.299679 -0.0202572 0)
(0.299234 -0.0257346 0)
(0.299056 -0.0288937 0)
(0.299058 -0.0342252 0)
(0.298453 -0.045924 0)
(0.296749 -0.0611734 0)
(0.29434 -0.0729827 0)
(0.291942 -0.0795967 0)
(0.288969 -0.0876118 0)
(0.283616 -0.105315 0)
(0.273903 -0.13369 0)
(0.259353 -0.166181 0)
(0.240781 -0.193899 0)
(0.219723 -0.211813 0)
(0.19772 -0.219521 0)
(0.17553 -0.219155 0)
(0.300004 -0.00184928 0)
(0.299915 -0.00554245 0)
(0.299879 -0.00879048 0)
(0.299822 -0.0134737 0)
(0.299445 -0.0200015 0)
(0.298842 -0.0254783 0)
(0.298434 -0.0288088 0)
(0.298188 -0.034064 0)
(0.297345 -0.0451746 0)
(0.295346 -0.0596932 0)
(0.292397 -0.0711547 0)
(0.289142 -0.0775953 0)
(0.285141 -0.0846257 0)
(0.279055 -0.0997897 0)
(0.269342 -0.124319 0)
(0.255789 -0.152842 0)
(0.238993 -0.177465 0)
(0.220116 -0.193694 0)
(0.200393 -0.200937 0)
(0.18079 -0.200921 0)
(0.300004 -0.00182352 0)
(0.299885 -0.00549808 0)
(0.299792 -0.00874593 0)
(0.299653 -0.0133173 0)
(0.299157 -0.019682 0)
(0.298385 -0.0251474 0)
(0.297741 -0.0285567 0)
(0.29721 -0.0336562 0)
(0.296078 -0.0442676 0)
(0.293797 -0.0582143 0)
(0.290438 -0.0692674 0)
(0.286587 -0.0753161 0)
(0.28199 -0.0815778 0)
(0.2758 -0.0955874 0)
(0.266618 -0.118916 0)
(0.254045 -0.146637 0)
(0.238284 -0.17078 0)
(0.220344 -0.186825 0)
(0.201567 -0.193972 0)
(0.182497 -0.193846 0)
(0.300004 -0.00179107 0)
(0.29986 -0.00542675 0)
(0.299707 -0.00865723 0)
(0.299477 -0.013115 0)
(0.298871 -0.0193002 0)
(0.29795 -0.0246967 0)
(0.297075 -0.0281396 0)
(0.296257 -0.0331138 0)
(0.29485 -0.0432661 0)
(0.292317 -0.0565765 0)
(0.288618 -0.0671066 0)
(0.284343 -0.0728064 0)
(0.279372 -0.0785442 0)
(0.273155 -0.0914572 0)
(0.264281 -0.112874 0)
(0.252413 -0.138345 0)
(0.237649 -0.16043 0)
(0.220958 -0.175286 0)
(0.203528 -0.182018 0)
(0.186018 -0.182123 0)
(0.300003 -0.00175189 0)
(0.299837 -0.00533188 0)
(0.299623 -0.00852949 0)
(0.299306 -0.0128597 0)
(0.298599 -0.0188436 0)
(0.297537 -0.0241412 0)
(0.296447 -0.0275942 0)
(0.295371 -0.0324306 0)
(0.293708 -0.0421103 0)
(0.290933 -0.0547716 0)
(0.286948 -0.0647794 0)
(0.282391 -0.0701419 0)
(0.277187 -0.0753615 0)
(0.270995 -0.0872827 0)
(0.262383 -0.107247 0)
(0.251151 -0.131423 0)
(0.237193 -0.152491 0)
(0.221422 -0.16692 0)
(0.205059 -0.173467 0)
(0.188427 -0.173507 0)
(0.300003 -0.00170667 0)
(0.299814 -0.00521465 0)
(0.299542 -0.00836114 0)
(0.299143 -0.0125516 0)
(0.29834 -0.0183219 0)
(0.297146 -0.0234944 0)
(0.295862 -0.0269242 0)
(0.294555 -0.0316051 0)
(0.292651 -0.0408167 0)
(0.289654 -0.0528343 0)
(0.285433 -0.0623125 0)
(0.280679 -0.0673467 0)
(0.275304 -0.072141 0)
(0.269172 -0.0832579 0)
(0.260784 -0.101861 0)
(0.250144 -0.124591 0)
(0.236918 -0.144233 0)
(0.22208 -0.157954 0)
(0.206781 -0.164173 0)
(0.19121 -0.164328 0)
(0.300003 -0.00165569 0)
(0.299793 -0.00507544 0)
(0.299466 -0.00815421 0)
(0.298989 -0.0121951 0)
(0.298094 -0.0177392 0)
(0.296777 -0.0227608 0)
(0.295318 -0.0261402 0)
(0.293801 -0.0306539 0)
(0.291675 -0.0393987 0)
(0.288477 -0.0507762 0)
(0.284054 -0.0597376 0)
(0.279153 -0.0644776 0)
(0.273653 -0.068904 0)
(0.267611 -0.0792919 0)
(0.259402 -0.0966496 0)
(0.249301 -0.118202 0)
(0.236668 -0.1367 0)
(0.222648 -0.15004 0)
(0.208347 -0.156006 0)
(0.193665 -0.156179 0)
(0.300002 -0.00159908 0)
(0.299773 -0.00491548 0)
(0.299394 -0.00791132 0)
(0.298843 -0.0117925 0)
(0.297861 -0.0170982 0)
(0.29643 -0.0219479 0)
(0.294811 -0.0252543 0)
(0.293103 -0.0295877 0)
(0.290774 -0.0378665 0)
(0.287395 -0.0486136 0)
(0.282794 -0.0570766 0)
(0.277779 -0.0615452 0)
(0.272172 -0.0656541 0)
(0.266228 -0.0754091 0)
(0.258148 -0.0916338 0)
(0.248575 -0.112112 0)
(0.236438 -0.129409 0)
(0.223233 -0.142441 0)
(0.209895 -0.148077 0)
(0.196068 -0.148367 0)
(0.300002 -0.00153709 0)
(0.299753 -0.00473602 0)
(0.299326 -0.00763449 0)
(0.298706 -0.0113462 0)
(0.297641 -0.016403 0)
(0.296105 -0.0210621 0)
(0.294338 -0.0242751 0)
(0.292455 -0.028416 0)
(0.28994 -0.0362307 0)
(0.286397 -0.046357 0)
(0.281636 -0.0543395 0)
(0.276521 -0.0585596 0)
(0.270812 -0.0623997 0)
(0.264965 -0.0715884 0)
(0.256964 -0.0867674 0)
(0.247898 -0.106314 0)
(0.236115 -0.122478 0)
(0.223724 -0.135456 0)
(0.211301 -0.140707 0)
(0.198257 -0.141192 0)
(0.300002 -0.00146994 0)
(0.299734 -0.00453821 0)
(0.299262 -0.00732581 0)
(0.298577 -0.010859 0)
(0.297435 -0.015657 0)
(0.295799 -0.0201089 0)
(0.293898 -0.0232101 0)
(0.291853 -0.0271477 0)
(0.289167 -0.0345003 0)
(0.285472 -0.0440144 0)
(0.280564 -0.0515335 0)
(0.275352 -0.0555219 0)
(0.269539 -0.059136 0)
(0.26377 -0.0678139 0)
(0.255792 -0.0820403 0)
(0.247217 -0.100766 0)
(0.235639 -0.115808 0)
(0.224128 -0.128978 0)
(0.212527 -0.133691 0)
(0.200216 -0.134593 0)
(0.300001 -0.0013979 0)
(0.299717 -0.00432322 0)
(0.299202 -0.00698735 0)
(0.298457 -0.0103332 0)
(0.297242 -0.0148636 0)
(0.295514 -0.0190931 0)
(0.293487 -0.0220658 0)
(0.291292 -0.0257902 0)
(0.288449 -0.0326824 0)
(0.284611 -0.0415912 0)
(0.279566 -0.0486608 0)
(0.274248 -0.0524284 0)
(0.268325 -0.0558554 0)
(0.262597 -0.0640605 0)
(0.254593 -0.0774253 0)
(0.246471 -0.0954191 0)
(0.23492 -0.109381 0)
(0.2244 -0.123066 0)
(0.213438 -0.127004 0)
(0.201856 -0.128728 0)
(0.300001 -0.00132124 0)
(0.2997 -0.00409221 0)
(0.299147 -0.00662112 0)
(0.298344 -0.00977148 0)
(0.297062 -0.0140258 0)
(0.295248 -0.0180194 0)
(0.293106 -0.0208483 0)
(0.290771 -0.0243502 0)
(0.287784 -0.030783 0)
(0.283807 -0.0390911 0)
(0.278632 -0.0457207 0)
(0.273189 -0.0492717 0)
(0.267155 -0.0525446 0)
(0.261406 -0.0602977 0)
(0.253339 -0.0728983 0)
(0.24559 -0.0902076 0)
(0.233887 -0.103168 0)
(0.224513 -0.117701 0)
(0.213847 -0.120516 0)
(0.203123 -0.123806 0)
(0.3 -0.00124024 0)
(0.299685 -0.00384635 0)
(0.299096 -0.00622912 0)
(0.29824 -0.00917626 0)
(0.296895 -0.013147 0)
(0.295002 -0.0168921 0)
(0.292753 -0.019563 0)
(0.290287 -0.0228337 0)
(0.287168 -0.0288069 0)
(0.283054 -0.0365166 0)
(0.277756 -0.0427101 0)
(0.272164 -0.0460427 0)
(0.266018 -0.0491857 0)
(0.260161 -0.0564904 0)
(0.252019 -0.0684262 0)
(0.244485 -0.0850462 0)
(0.232492 -0.0971623 0)
(0.2244 -0.11284 0)
(0.213467 -0.11411 0)
(0.204033 -0.120231 0)
(0.3 -0.00115521 0)
(0.299671 -0.00358678 0)
(0.299048 -0.00581333 0)
(0.298144 -0.00855011 0)
(0.296741 -0.0122301 0)
(0.294774 -0.0157154 0)
(0.292427 -0.0182149 0)
(0.28984 -0.0212464 0)
(0.2866 -0.026758 0)
(0.28235 -0.0338695 0)
(0.276937 -0.0396242 0)
(0.271164 -0.0427318 0)
(0.264913 -0.0457557 0)
(0.258833 -0.0526006 0)
(0.250638 -0.063963 0)
(0.243047 -0.0798307 0)
(0.23074 -0.0913707 0)
(0.223898 -0.10834 0)
(0.211938 -0.1077 0)
(0.204786 -0.118646 0)
(0.299999 -0.00106647 0)
(0.299658 -0.00331466 0)
(0.299005 -0.00537574 0)
(0.298056 -0.00789559 0)
(0.296601 -0.0112783 0)
(0.294566 -0.0144933 0)
(0.292131 -0.016809 0)
(0.28943 -0.0195937 0)
(0.28608 -0.0246405 0)
(0.281695 -0.0311516 0)
(0.276173 -0.0364582 0)
(0.270191 -0.03933 0)
(0.263843 -0.0422275 0)
(0.257411 -0.0485912 0)
(0.249211 -0.0594406 0)
(0.241158 -0.0744406 0)
(0.228703 -0.0857939 0)
(0.222665 -0.103934 0)
(0.20893 -0.101367 0)
(0.205867 -0.11999 0)
(0.299999 -0.000974379 0)
(0.299646 -0.00303114 0)
(0.298967 -0.00491838 0)
(0.297977 -0.00721535 0)
(0.296474 -0.0102948 0)
(0.294379 -0.01323 0)
(0.291862 -0.0153503 0)
(0.289058 -0.0178812 0)
(0.28561 -0.0224586 0)
(0.281094 -0.0283651 0)
(0.275468 -0.0332078 0)
(0.269255 -0.0358305 0)
(0.262813 -0.0385733 0)
(0.25591 -0.0444288 0)
(0.247752 -0.0547638 0)
(0.238725 -0.06875 0)
(0.226495 -0.0803604 0)
(0.220088 -0.0992128 0)
(0.204408 -0.0955283 0)
(0.207897 -0.12535 0)
(0.299998 -0.000879305 0)
(0.299635 -0.00273737 0)
(0.298932 -0.00444332 0)
(0.297906 -0.00651213 0)
(0.296362 -0.0092829 0)
(0.294212 -0.0119296 0)
(0.291623 -0.0138441 0)
(0.288726 -0.0161148 0)
(0.28519 -0.0202172 0)
(0.280552 -0.0255129 0)
(0.274826 -0.0298717 0)
(0.268378 -0.032229 0)
(0.261832 -0.0347689 0)
(0.25438 -0.0400862 0)
(0.246264 -0.0498152 0)
(0.235755 -0.0626506 0)
(0.224179 -0.0748197 0)
(0.215329 -0.0936319 0)
(0.199011 -0.0911122 0)
(0.210688 -0.135419 0)
(0.299998 -0.000781697 0)
(0.299627 -0.00243444 0)
(0.298902 -0.00395262 0)
(0.297845 -0.0057888 0)
(0.296265 -0.00824593 0)
(0.294066 -0.0105962 0)
(0.291415 -0.0122959 0)
(0.288437 -0.0143008 0)
(0.284823 -0.0179226 0)
(0.280075 -0.0225992 0)
(0.274253 -0.0264525 0)
(0.267585 -0.0285237 0)
(0.260915 -0.0308023 0)
(0.25291 -0.0355409 0)
(0.244739 -0.0444839 0)
(0.232443 -0.0560584 0)
(0.221629 -0.0686865 0)
(0.207669 -0.0865569 0)
(0.194022 -0.0893821 0)
(0.211005 -0.149628 0)
(0.299998 -0.000682271 0)
(0.299619 -0.00212357 0)
(0.298877 -0.0034486 0)
(0.297793 -0.00504851 0)
(0.296183 -0.0071878 0)
(0.293943 -0.00923458 0)
(0.291238 -0.0107118 0)
(0.288192 -0.012446 0)
(0.284513 -0.0155831 0)
(0.279672 -0.0196306 0)
(0.273761 -0.0229603 0)
(0.266904 -0.0247172 0)
(0.260086 -0.0266829 0)
(0.251607 -0.030774 0)
(0.243184 -0.0387209 0)
(0.22919 -0.0488911 0)
(0.218505 -0.0613269 0)
(0.197307 -0.0776481 0)
(0.189529 -0.0901168 0)
(0.200098 -0.164471 0)
(0.299998 -0.000581868 0)
(0.299614 -0.00180624 0)
(0.298856 -0.0029342 0)
(0.29775 -0.00429459 0)
(0.296116 -0.00611262 0)
(0.293843 -0.00785023 0)
(0.291095 -0.0090988 0)
(0.287992 -0.0105577 0)
(0.284262 -0.0132073 0)
(0.279347 -0.0166169 0)
(0.273362 -0.0194107 0)
(0.266358 -0.0208238 0)
(0.259387 -0.0224399 0)
(0.250558 -0.0257901 0)
(0.241685 -0.0325612 0)
(0.226493 -0.0410798 0)
(0.214394 -0.0522825 0)
(0.186457 -0.0668375 0)
(0.18024 -0.0888628 0)
(0.161442 -0.170212 0)
(0.162285 -0.216133 0)
(0.157641 -0.214804 0)
(0.15317 -0.213263 0)
(0.148742 -0.21153 0)
(0.144336 -0.209631 0)
(0.139974 -0.207586 0)
(0.135675 -0.205412 0)
(0.131456 -0.203122 0)
(0.127331 -0.200722 0)
(0.123282 -0.1982 0)
(0.169221 -0.198068 0)
(0.164965 -0.196806 0)
(0.160647 -0.195375 0)
(0.156366 -0.193805 0)
(0.152149 -0.192111 0)
(0.147991 -0.190309 0)
(0.143885 -0.188409 0)
(0.139826 -0.186423 0)
(0.135803 -0.184358 0)
(0.131819 -0.182208 0)
(0.171036 -0.191332 0)
(0.166962 -0.190228 0)
(0.162996 -0.188938 0)
(0.159077 -0.187477 0)
(0.155189 -0.185866 0)
(0.151337 -0.184123 0)
(0.147528 -0.182263 0)
(0.143765 -0.180294 0)
(0.140052 -0.178221 0)
(0.136376 -0.17602 0)
(0.175606 -0.179633 0)
(0.171811 -0.178529 0)
(0.167997 -0.177265 0)
(0.164202 -0.175863 0)
(0.160437 -0.17434 0)
(0.156706 -0.172708 0)
(0.153007 -0.170981 0)
(0.149342 -0.169169 0)
(0.145707 -0.167276 0)
(0.142096 -0.165281 0)
(0.178449 -0.171226 0)
(0.174848 -0.170219 0)
(0.171285 -0.169049 0)
(0.16775 -0.167731 0)
(0.164241 -0.166282 0)
(0.160759 -0.16472 0)
(0.157306 -0.163055 0)
(0.153884 -0.161297 0)
(0.150492 -0.159447 0)
(0.147113 -0.157475 0)
(0.181943 -0.162098 0)
(0.178574 -0.161107 0)
(0.175204 -0.159963 0)
(0.171849 -0.158685 0)
(0.168515 -0.157289 0)
(0.165204 -0.155789 0)
(0.161917 -0.154197 0)
(0.158653 -0.15252 0)
(0.155411 -0.150758 0)
(0.152171 -0.148877 0)
(0.184972 -0.154057 0)
(0.181814 -0.153115 0)
(0.178663 -0.152023 0)
(0.175528 -0.150799 0)
(0.172415 -0.149457 0)
(0.169321 -0.148012 0)
(0.166249 -0.146473 0)
(0.163198 -0.144848 0)
(0.160163 -0.143134 0)
(0.15712 -0.141284 0)
(0.188039 -0.146324 0)
(0.185115 -0.145411 0)
(0.182187 -0.144352 0)
(0.179271 -0.143165 0)
(0.176376 -0.141867 0)
(0.173499 -0.140467 0)
(0.17064 -0.138976 0)
(0.167796 -0.137397 0)
(0.164962 -0.135725 0)
(0.162105 -0.133903 0)
(0.190947 -0.139263 0)
(0.188281 -0.138391 0)
(0.185607 -0.137376 0)
(0.182945 -0.136235 0)
(0.180305 -0.134981 0)
(0.177682 -0.133623 0)
(0.175071 -0.132167 0)
(0.172467 -0.130614 0)
(0.16986 -0.128954 0)
(0.167217 -0.127119 0)
(0.193789 -0.132824 0)
(0.191439 -0.132004 0)
(0.189067 -0.131036 0)
(0.186706 -0.12994 0)
(0.184367 -0.128724 0)
(0.182039 -0.127393 0)
(0.179711 -0.125948 0)
(0.177371 -0.124386 0)
(0.175003 -0.122694 0)
(0.172578 -0.120791 0)
(0.19659 -0.127209 0)
(0.194649 -0.126459 0)
(0.192662 -0.125549 0)
(0.190676 -0.124495 0)
(0.188705 -0.1233 0)
(0.186729 -0.121961 0)
(0.184723 -0.120474 0)
(0.182665 -0.118829 0)
(0.180532 -0.117012 0)
(0.17831 -0.114937 0)
(0.199491 -0.12265 0)
(0.198106 -0.121986 0)
(0.196618 -0.121125 0)
(0.195102 -0.120083 0)
(0.193573 -0.118851 0)
(0.191995 -0.117417 0)
(0.190323 -0.115769 0)
(0.18852 -0.113895 0)
(0.186554 -0.111781 0)
(0.184447 -0.109353 0)
(0.202759 -0.119534 0)
(0.202129 -0.118939 0)
(0.201268 -0.11807 0)
(0.200304 -0.116937 0)
(0.199254 -0.115519 0)
(0.198056 -0.113795 0)
(0.196641 -0.111751 0)
(0.194956 -0.109379 0)
(0.192962 -0.106677 0)
(0.19074 -0.103602 0)
(0.206822 -0.118343 0)
(0.207157 -0.117702 0)
(0.206996 -0.116633 0)
(0.206558 -0.115149 0)
(0.205878 -0.113219 0)
(0.204862 -0.110826 0)
(0.203419 -0.10797 0)
(0.201493 -0.104666 0)
(0.199053 -0.100939 0)
(0.196256 -0.0967967 0)
(0.212117 -0.119488 0)
(0.213488 -0.118443 0)
(0.213859 -0.116709 0)
(0.21362 -0.114325 0)
(0.212854 -0.111278 0)
(0.211454 -0.107583 0)
(0.209328 -0.103286 0)
(0.206453 -0.098456 0)
(0.202845 -0.0931699 0)
(0.198727 -0.087499 0)
(0.218505 -0.122864 0)
(0.220515 -0.120562 0)
(0.220659 -0.117203 0)
(0.219651 -0.112926 0)
(0.217712 -0.1078 0)
(0.214776 -0.101927 0)
(0.210813 -0.0954464 0)
(0.205897 -0.0885048 0)
(0.200152 -0.081243 0)
(0.193815 -0.0738014 0)
(0.223838 -0.127021 0)
(0.225138 -0.121851 0)
(0.223206 -0.115282 0)
(0.219428 -0.107672 0)
(0.214361 -0.0992722 0)
(0.208098 -0.0903519 0)
(0.200771 -0.0811714 0)
(0.192638 -0.071948 0)
(0.183969 -0.0628541 0)
(0.174968 -0.0541123 0)
(0.221141 -0.126969 0)
(0.218761 -0.116407 0)
(0.211491 -0.104804 0)
(0.20204 -0.0926775 0)
(0.191518 -0.0804924 0)
(0.180279 -0.0686776 0)
(0.168702 -0.05753 0)
(0.157242 -0.0472134 0)
(0.146217 -0.0378184 0)
(0.135773 -0.029563 0)
(0.195633 -0.110395 0)
(0.183185 -0.0909592 0)
(0.166101 -0.0731692 0)
(0.149104 -0.0570494 0)
(0.133195 -0.0430001 0)
(0.11863 -0.0313215 0)
(0.105737 -0.0219622 0)
(0.0947092 -0.0146105 0)
(0.0854267 -0.00884731 0)
(0.0777328 -0.00429816 0)
(0.12231 -0.0760973 0)
(0.0890878 -0.0484789 0)
(0.0630518 -0.0287368 0)
(0.0465559 -0.0155402 0)
(0.0354665 -0.00729355 0)
(0.0277594 -0.00243747 0)
(0.0226426 0.000334478 0)
(0.0195052 0.00197316 0)
(0.0177986 0.00315479 0)
(0.0172097 0.00444199 0)
(0.105697 -0.186374 0)
(0.0774789 -0.16294 0)
(0.0547517 -0.138411 0)
(0.0377708 -0.115358 0)
(0.0260162 -0.0950262 0)
(0.018145 -0.0779483 0)
(0.0129353 -0.0639153 0)
(0.00945125 -0.0524715 0)
(0.00707411 -0.0431214 0)
(0.00541129 -0.0354388 0)
(0.00421917 -0.0290832 0)
(0.0033458 -0.0237888 0)
(0.00269503 -0.0193465 0)
(0.00220468 -0.0155893 0)
(0.00183368 -0.0123802 0)
(0.00155428 -0.00960413 0)
(0.00134781 -0.00716261 0)
(0.00120114 -0.00497083 0)
(0.00110832 -0.00298601 0)
(0.0010557 -0.00135577 0)
(0.115145 -0.172127 0)
(0.0875215 -0.151103 0)
(0.0638692 -0.129276 0)
(0.0452555 -0.108862 0)
(0.0318196 -0.0906695 0)
(0.0225082 -0.0751041 0)
(0.0161903 -0.0620632 0)
(0.0118917 -0.0512477 0)
(0.00892595 -0.0422936 0)
(0.00683702 -0.0348639 0)
(0.00533342 -0.0286737 0)
(0.00422947 -0.0234908 0)
(0.00340602 -0.0191261 0)
(0.0027853 -0.0154247 0)
(0.00231561 -0.0122571 0)
(0.00196191 -0.00951289 0)
(0.00170061 -0.00709682 0)
(0.00151498 -0.00492633 0)
(0.00139823 -0.00295988 0)
(0.0013308 -0.00134531 0)
(0.120659 -0.165293 0)
(0.0936127 -0.144259 0)
(0.07019 -0.123143 0)
(0.0512259 -0.103905 0)
(0.0370712 -0.086956 0)
(0.0268975 -0.0724507 0)
(0.0197614 -0.0602051 0)
(0.0147641 -0.0499469 0)
(0.0112325 -0.0413721 0)
(0.00869567 -0.0341998 0)
(0.00684034 -0.0281864 0)
(0.00546055 -0.0231275 0)
(0.00442073 -0.0188521 0)
(0.00363051 -0.0152167 0)
(0.00302876 -0.0120993 0)
(0.00257345 -0.00939468 0)
(0.00223607 -0.00701082 0)
(0.001996 -0.00486778 0)
(0.00184569 -0.0029255 0)
(0.00175786 -0.0013309 0)
(0.127012 -0.155587 0)
(0.100312 -0.135753 0)
(0.0764663 -0.116027 0)
(0.0568045 -0.0983807 0)
(0.0419248 -0.0828825 0)
(0.0310284 -0.069538 0)
(0.0232252 -0.0581449 0)
(0.0176417 -0.0484847 0)
(0.013614 -0.0403214 0)
(0.0106659 -0.0334323 0)
(0.00847384 -0.0276165 0)
(0.00682023 -0.0226981 0)
(0.00555906 -0.0185254 0)
(0.00459113 -0.014967 0)
(0.00384823 -0.0119089 0)
(0.00328273 -0.00925148 0)
(0.00286202 -0.00690642 0)
(0.00256202 -0.0047967 0)
(0.0023746 -0.00288393 0)
(0.00226444 -0.00131299 0)
(0.132987 -0.14753 0)
(0.106501 -0.127805 0)
(0.0822476 -0.108945 0)
(0.0619079 -0.0926963 0)
(0.0463698 -0.0785964 0)
(0.034852 -0.0664146 0)
(0.0264877 -0.0558939 0)
(0.0204057 -0.0468573 0)
(0.0159451 -0.0391312 0)
(0.0126275 -0.0325488 0)
(0.010124 -0.0269509 0)
(0.00821091 -0.0221907 0)
(0.0067355 -0.0181354 0)
(0.00559265 -0.0146664 0)
(0.00470893 -0.0116783 0)
(0.0040324 -0.00907719 0)
(0.00352712 -0.00677902 0)
(0.003166 -0.0047099 0)
(0.00294054 -0.00283324 0)
(0.00280749 -0.00129087 0)
(0.138833 -0.139145 0)
(0.112415 -0.119637 0)
(0.0875954 -0.101616 0)
(0.0665317 -0.0867856 0)
(0.0503941 -0.0741108 0)
(0.0383491 -0.0631148 0)
(0.0295178 -0.0534849 0)
(0.0230145 -0.0450894 0)
(0.0181781 -0.0378181 0)
(0.0145305 -0.0315596 0)
(0.0117423 -0.0261957 0)
(0.00958679 -0.021608 0)
(0.00790801 -0.017683 0)
(0.00659693 -0.014315 0)
(0.00557643 -0.011407 0)
(0.00479121 -0.00887113 0)
(0.0042027 -0.00662793 0)
(0.00378115 -0.00460679 0)
(0.0035178 -0.00277297 0)
(0.00336181 -0.00126437 0)
(0.144692 -0.131243 0)
(0.118055 -0.111435 0)
(0.092494 -0.0940671 0)
(0.0706589 -0.0806638 0)
(0.0539854 -0.0694521 0)
(0.0415085 -0.0596694 0)
(0.0323024 -0.0509459 0)
(0.025451 -0.0432034 0)
(0.0202926 -0.0363986 0)
(0.0163529 -0.0304762 0)
(0.0133057 -0.0253587 0)
(0.0109255 -0.0209557 0)
(0.00905527 -0.0171722 0)
(0.00758405 -0.0139152 0)
(0.00643225 -0.0110966 0)
(0.00554206 -0.00863442 0)
(0.00487276 -0.00645387 0)
(0.00439227 -0.00448779 0)
(0.00409167 -0.00270328 0)
(0.0039129 -0.00123352 0)
(0.150538 -0.12342 0)
(0.123363 -0.103047 0)
(0.0968865 -0.0862439 0)
(0.0742502 -0.0743344 0)
(0.057125 -0.0646472 0)
(0.0443214 -0.0561097 0)
(0.0348351 -0.0483035 0)
(0.027708 -0.0412195 0)
(0.0222796 -0.0348873 0)
(0.018084 -0.0293091 0)
(0.014803 -0.0244472 0)
(0.0122155 -0.0202386 0)
(0.010166 -0.0166063 0)
(0.00854323 -0.0134696 0)
(0.00726624 -0.0107489 0)
(0.00627537 -0.00836831 0)
(0.00552824 -0.00625768 0)
(0.00499067 -0.00435338 0)
(0.00465373 -0.00262437 0)
(0.00445245 -0.00119838 0)
(0.156451 -0.115749 0)
(0.12825 -0.0944136 0)
(0.100676 -0.078116 0)
(0.077245 -0.0678126 0)
(0.0597881 -0.0597299 0)
(0.0467796 -0.05247 0)
(0.0371134 -0.0455853 0)
(0.0297833 -0.0391577 0)
(0.0241355 -0.0332981 0)
(0.019719 -0.0280677 0)
(0.0162284 -0.0234679 0)
(0.0134505 -0.0194614 0)
(0.0112339 -0.0159887 0)
(0.00946828 -0.0129805 0)
(0.00807242 -0.0103656 0)
(0.00698547 -0.00807401 0)
(0.00616374 -0.00604019 0)
(0.00557117 -0.00420405 0)
(0.00519896 -0.00253643 0)
(0.00497556 -0.00115901 0)
(0.16238 -0.108031 0)
(0.132516 -0.0854164 0)
(0.103701 -0.0696558 0)
(0.0795554 -0.0611299 0)
(0.0619441 -0.0547442 0)
(0.0488762 -0.048789 0)
(0.0391378 -0.0428198 0)
(0.0316776 -0.0370377 0)
(0.0258597 -0.0316446 0)
(0.0212557 -0.0267614 0)
(0.0175786 -0.0224272 0)
(0.0146268 -0.0186288 0)
(0.0122549 -0.0153227 0)
(0.0103552 -0.0124505 0)
(0.00884697 -0.00994853 0)
(0.00766868 -0.00775282 0)
(0.00677574 -0.00580227 0)
(0.00613042 -0.00404033 0)
(0.00572415 -0.00243972 0)
(0.00547913 -0.00111549 0)
(0.168179 -0.100069 0)
(0.135827 -0.0759343 0)
(0.105722 -0.060862 0)
(0.0810655 -0.0543453 0)
(0.0635584 -0.0497493 0)
(0.0506072 -0.045111 0)
(0.0409125 -0.0400366 0)
(0.0333948 -0.0348793 0)
(0.0274538 -0.0299398 0)
(0.0226938 -0.025399 0)
(0.0188522 -0.0213313 0)
(0.0157421 -0.0177453 0)
(0.0132264 -0.0146116 0)
(0.0112013 -0.0118819 0)
(0.0095871 -0.00949951 0)
(0.00832232 -0.00740605 0)
(0.0073617 -0.00554486 0)
(0.00666598 -0.00386279 0)
(0.006227 -0.00233451 0)
(0.00596098 -0.00106792 0)
(0.173449 -0.0914981 0)
(0.13765 -0.065837 0)
(0.106414 -0.0517783 0)
(0.081637 -0.047559 0)
(0.0645988 -0.0448244 0)
(0.051974 -0.0414872 0)
(0.042446 -0.0372667 0)
(0.0349417 -0.0327012 0)
(0.0289215 -0.0281958 0)
(0.0240343 -0.0239889 0)
(0.0200483 -0.0201861 0)
(0.0167947 -0.0168151 0)
(0.0141463 -0.0138587 0)
(0.0120041 -0.0112771 0)
(0.0102906 -0.00902035 0)
(0.00894421 -0.00703508 0)
(0.00791953 -0.00526892 0)
(0.00717589 -0.00367206 0)
(0.00670568 -0.00222114 0)
(0.00641937 -0.0010164 0)
(0.177377 -0.0818165 0)
(0.137198 -0.0550284 0)
(0.105374 -0.0425273 0)
(0.0811271 -0.0409272 0)
(0.065045 -0.0400726 0)
(0.0529877 -0.0379753 0)
(0.0437527 -0.034541 0)
(0.0363281 -0.0305215 0)
(0.0302681 -0.0264237 0)
(0.0252793 -0.0225384 0)
(0.021167 -0.018997 0)
(0.0177835 -0.0158422 0)
(0.015013 -0.0130669 0)
(0.012762 -0.0106385 0)
(0.0109554 -0.0085129 0)
(0.00953245 -0.00664128 0)
(0.00844743 -0.00497546 0)
(0.00765843 -0.00346878 0)
(0.00715861 -0.00209997 0)
(0.00685281 -0.000961067 0)
(0.178487 -0.0703916 0)
(0.1334 -0.0435113 0)
(0.102169 -0.0333555 0)
(0.0794263 -0.0346741 0)
(0.0649045 -0.035621 0)
(0.0536738 -0.0346377 0)
(0.0448539 -0.0318898 0)
(0.0375674 -0.028356 0)
(0.0315005 -0.0246332 0)
(0.0264317 -0.021054 0)
(0.0222091 -0.0177686 0)
(0.0187079 -0.0148303 0)
(0.0158251 -0.0122392 0)
(0.0134732 -0.00996852 0)
(0.01158 -0.00797899 0)
(0.0100854 -0.00622607 0)
(0.00894378 -0.00466551 0)
(0.00811207 -0.00325364 0)
(0.00758434 -0.00197142 0)
(0.00725997 -0.000902068 0)
(0.174409 -0.0565844 0)
(0.124985 -0.0315054 0)
(0.096461 -0.0246876 0)
(0.0765219 -0.0290948 0)
(0.0642325 -0.0316145 0)
(0.0540778 -0.031537 0)
(0.0457791 -0.0293396 0)
(0.0386758 -0.0262179 0)
(0.0326272 -0.0228319 0)
(0.0274953 -0.0195414 0)
(0.0231754 -0.0165053 0)
(0.0195675 -0.0137829 0)
(0.0165814 -0.0113784 0)
(0.0141363 -0.00926936 0)
(0.0121627 -0.00742043 0)
(0.0106014 -0.00579085 0)
(0.00940707 -0.00434011 0)
(0.00853538 -0.00302734 0)
(0.00798157 -0.00183593 0)
(0.00763959 -0.000839555 0)
(0.16187 -0.040016 0)
(0.110818 -0.0196247 0)
(0.0882341 -0.0171702 0)
(0.0725787 -0.0245358 0)
(0.0631518 -0.0281983 0)
(0.0542694 -0.0287274 0)
(0.0465659 -0.0269107 0)
(0.0396726 -0.0241166 0)
(0.0336576 -0.0210255 0)
(0.0284741 -0.0180045 0)
(0.0240673 -0.0152106 0)
(0.020362 -0.0127029 0)
(0.0172811 -0.0104872 0)
(0.01475 -0.00854322 0)
(0.0127021 -0.00683903 0)
(0.0110791 -0.00533705 0)
(0.00983595 -0.00400035 0)
(0.00892703 -0.00279062 0)
(0.00834909 -0.00169396 0)
(0.00799054 -0.000773695 0)
(0.137454 -0.0212071 0)
(0.0906941 -0.00909508 0)
(0.0780937 -0.0116573 0)
(0.0680061 -0.0213319 0)
(0.061861 -0.0254868 0)
(0.0543421 -0.0262438 0)
(0.0472592 -0.0246137 0)
(0.0405792 -0.0220562 0)
(0.0346018 -0.0192167 0)
(0.0293723 -0.0164463 0)
(0.0248861 -0.0138873 0)
(0.0210914 -0.0115932 0)
(0.0179233 -0.00956786 0)
(0.0153131 -0.00779223 0)
(0.0131969 -0.00623655 0)
(0.0115171 -0.00486609 0)
(0.0102291 -0.00364732 0)
(0.00928581 -0.00254424 0)
(0.00868578 -0.00154603 0)
(0.00831176 -0.000704668 0)
(0.100234 -0.00276942 0)
(0.0666048 -0.00184971 0)
(0.0674445 -0.00902153 0)
(0.0634454 -0.019696 0)
(0.0606183 -0.0235247 0)
(0.0544064 -0.0240914 0)
(0.0479078 -0.0224456 0)
(0.0414173 -0.020035 0)
(0.0354696 -0.0174057 0)
(0.0301941 -0.0148681 0)
(0.0256332 -0.0125375 0)
(0.0217555 -0.0104559 0)
(0.0185073 -0.00862277 0)
(0.0158246 -0.00701843 0)
(0.013646 -0.00561475 0)
(0.0119143 -0.0043794 0)
(0.0105855 -0.00328213 0)
(0.00961059 -0.00228895 0)
(0.00899062 -0.00139274 0)
(0.00860228 -0.000632564 0)
(0.0570609 0.0108785 0)
(0.0434072 0.000216413 0)
(0.0581818 -0.00969174 0)
(0.0596335 -0.019606 0)
(0.059699 -0.0222567 0)
(0.054576 -0.0222396 0)
(0.0485598 -0.0203887 0)
(0.0422074 -0.0180452 0)
(0.0362701 -0.0155896 0)
(0.0309432 -0.0132702 0)
(0.0263095 -0.0111627 0)
(0.0223542 -0.00929327 0)
(0.0190321 -0.00765407 0)
(0.0162833 -0.00622385 0)
(0.0140482 -0.00497542 0)
(0.0122695 -0.00387844 0)
(0.0109039 -0.00290596 0)
(0.00990032 -0.00202547 0)
(0.00926272 -0.00123488 0)
(0.0088612 -0.000557196 0)
(0.0217903 0.0132426 0)
(0.0263306 -0.00362976 0)
(0.0518683 -0.0133063 0)
(0.0571959 -0.0207489 0)
(0.059345 -0.0215388 0)
(0.0549504 -0.0206131 0)
(0.0492576 -0.0184114 0)
(0.0429669 -0.0160726 0)
(0.0370105 -0.0137636 0)
(0.0316221 -0.0116517 0)
(0.0269158 -0.00976416 0)
(0.022887 -0.00810715 0)
(0.0194972 -0.00666391 0)
(0.0166884 -0.00541055 0)
(0.0144024 -0.00432036 0)
(0.0125817 -0.00336474 0)
(0.0111835 -0.00251999 0)
(0.010154 -0.00175473 0)
(0.00950134 -0.00107279 0)
(0.00908768 -0.000479039 0)
(0.0133587 0.00943749 0)
(0.0207929 -0.00822447 0)
(0.050139 -0.0170654 0)
(0.0567381 -0.021935 0)
(0.0596117 -0.0212954 0)
(0.0554086 -0.0195325 0)
(0.0497983 -0.0170558 0)
(0.0434856 -0.0146876 0)
(0.03749 -0.012474 0)
(0.0320493 -0.0105031 0)
(0.0272912 -0.00876919 0)
(0.0232136 -0.00726172 0)
(0.0197802 -0.00595724 0)
(0.0169337 -0.00482956 0)
(0.0146162 -0.00385202 0)
(0.0127696 -0.00299739 0)
(0.0113515 -0.00224341 0)
(0.0103058 -0.0015616 0)
(0.00964441 -0.000954241 0)
(0.00922297 -0.000426556 0)
(0.0100274 0.00739181 0)
(0.0190539 -0.010887 0)
(0.049784 -0.0193588 0)
(0.0567863 -0.0226292 0)
(0.0598869 -0.0211916 0)
(0.0557208 -0.018912 0)
(0.0501196 -0.016283 0)
(0.04378 -0.0138926 0)
(0.0377554 -0.0117337 0)
(0.0322827 -0.00984298 0)
(0.0274946 -0.00819706 0)
(0.0233896 -0.00677533 0)
(0.0199322 -0.00555053 0)
(0.0170651 -0.00449509 0)
(0.0147304 -0.00358232 0)
(0.0128698 -0.00278587 0)
(0.0114409 -0.00208395 0)
(0.0103867 -0.00145061 0)
(0.00972048 -0.00088508 0)
(0.00929497 -0.000397573 0)
(0.00824904 0.00567484 0)
(0.0186648 -0.0136669 0)
(0.0500633 -0.0217375 0)
(0.0571513 -0.0233401 0)
(0.0602878 -0.0210997 0)
(0.0560854 -0.0182891 0)
(0.0504533 -0.0155078 0)
(0.0440727 -0.0130932 0)
(0.0380122 -0.0109893 0)
(0.0325053 -0.00917883 0)
(0.0276869 -0.0076213 0)
(0.023555 -0.00628571 0)
(0.0200744 -0.00514103 0)
(0.0171877 -0.00415826 0)
(0.0148367 -0.00331067 0)
(0.0129629 -0.00257281 0)
(0.0115239 -0.00192327 0)
(0.0104617 -0.00133886 0)
(0.0097908 -0.00081516 0)
(0.00936162 -0.000368666 0)
(0.00812223 0.00404683 0)
(0.01959 -0.0165584 0)
(0.0509846 -0.0241337 0)
(0.0578373 -0.0240461 0)
(0.0608162 -0.0209984 0)
(0.0565029 -0.0176589 0)
(0.0507998 -0.014726 0)
(0.0443637 -0.0122883 0)
(0.0382603 -0.01024 0)
(0.0327171 -0.00851044 0)
(0.0278679 -0.00704186 0)
(0.0237096 -0.00579291 0)
(0.0202067 -0.00472884 0)
(0.0173013 -0.00381919 0)
(0.0149351 -0.00303719 0)
(0.0130488 -0.00235829 0)
(0.0116003 -0.00176148 0)
(0.0105308 -0.00122631 0)
(0.00985533 -0.000744774 0)
(0.00942288 -0.000339448 0)
(0.00979126 0.00226953 0)
(0.0218246 -0.0194923 0)
(0.0525538 -0.0264819 0)
(0.0588452 -0.0247122 0)
(0.0614719 -0.02087 0)
(0.0569728 -0.0170136 0)
(0.0511587 -0.0139342 0)
(0.0446528 -0.0114763 0)
(0.0384996 -0.00948537 0)
(0.0329179 -0.00783764 0)
(0.0280375 -0.00645874 0)
(0.0238535 -0.00529702 0)
(0.0203291 -0.00431407 0)
(0.017406 -0.00347799 0)
(0.0150253 -0.00276198 0)
(0.0131276 -0.00214241 0)
(0.0116701 -0.00159864 0)
(0.010594 -0.001113 0)
(0.00991406 -0.000673936 0)
(0.00947872 -0.000309971 0)
(0.0134394 0.000144414 0)
(0.0253787 -0.0223877 0)
(0.0547707 -0.0287177 0)
(0.0601717 -0.0253033 0)
(0.0622522 -0.0206978 0)
(0.0574934 -0.0163453 0)
(0.0515294 -0.0131289 0)
(0.0449395 -0.010656 0)
(0.03873 -0.00872472 0)
(0.0331077 -0.00716026 0)
(0.0281958 -0.00587193 0)
(0.0239864 -0.00479812 0)
(0.0204415 -0.00389682 0)
(0.0175017 -0.00313477 0)
(0.0151075 -0.00248515 0)
(0.013199 -0.00192526 0)
(0.0117333 -0.00143485 0)
(0.0106511 -0.000999003 0)
(0.00996695 -0.00060265 0)
(0.00952911 -0.000280307 0)
(0.0192726 -0.00252295 0)
(0.0302658 -0.0251499 0)
(0.0576262 -0.0307762 0)
(0.0618082 -0.0257846 0)
(0.0631515 -0.0204652 0)
(0.0580623 -0.0156467 0)
(0.0519106 -0.0123068 0)
(0.0452233 -0.00982587 0)
(0.038951 -0.00795756 0)
(0.0332863 -0.00647815 0)
(0.0283426 -0.00528148 0)
(0.0241085 -0.00429631 0)
(0.0205439 -0.00347722 0)
(0.0175883 -0.00278966 0)
(0.0151815 -0.00220682 0)
(0.0132632 -0.00170693 0)
(0.0117898 -0.00127017 0)
(0.0107023 -0.000884374 0)
(0.010014 -0.000530937 0)
(0.00957402 -0.000250502 0)
(0.0274864 -0.0060065 0)
(0.0364931 -0.0276587 0)
(0.0610964 -0.0325905 0)
(0.0637401 -0.0261203 0)
(0.064162 -0.0201566 0)
(0.0586757 -0.0149106 0)
(0.0523007 -0.0114651 0)
(0.0455036 -0.00898481 0)
(0.0391625 -0.00718342 0)
(0.0334535 -0.00579122 0)
(0.0284777 -0.00468742 0)
(0.0242196 -0.0037917 0)
(0.0206361 -0.00305541 0)
(0.0176658 -0.00244279 0)
(0.0152473 -0.0019271 0)
(0.01332 -0.00148752 0)
(0.0118395 -0.00110468 0)
(0.0107473 -0.000769182 0)
(0.0100551 -0.00045879 0)
(0.00961344 -0.00022065 0)
(0.0382187 -0.0107867 0)
(0.0440611 -0.0298009 0)
(0.0651382 -0.0340885 0)
(0.0659459 -0.0262785 0)
(0.0652726 -0.0197558 0)
(0.0593291 -0.0141305 0)
(0.0526979 -0.0106006 0)
(0.0457795 -0.00813159 0)
(0.039364 -0.00640179 0)
(0.0336091 -0.00509931 0)
(0.0286011 -0.00408976 0)
(0.0243195 -0.00328438 0)
(0.0207183 -0.0026315 0)
(0.0177341 -0.00209428 0)
(0.0153049 -0.0016461 0)
(0.0133694 -0.00126713 0)
(0.0118826 -0.000938476 0)
(0.0107864 -0.000653478 0)
(0.0100903 -0.000386217 0)
(0.00964735 -0.000190825 0)
(0.0514801 -0.0170049 0)
(0.0529697 -0.0315894 0)
(0.0696883 -0.0351896 0)
(0.0683961 -0.0262522 0)
(0.0664699 -0.0192393 0)
(0.0600168 -0.0133029 0)
(0.0530997 -0.00970879 0)
(0.0460499 -0.00726479 0)
(0.0395551 -0.00561172 0)
(0.0337529 -0.00440202 0)
(0.0287127 -0.0034883 0)
(0.0244083 -0.00277428 0)
(0.0207902 -0.00220549 0)
(0.0177932 -0.00174416 0)
(0.0153542 -0.00136387 0)
(0.0134115 -0.00104578 0)
(0.0119189 -0.000771633 0)
(0.0108193 -0.00053718 0)
(0.0101195 -0.000313611 0)
(0.00967574 -0.000160478 0)
(0.0852168 -0.0278103 0)
(0.0751285 -0.0349057 0)
(0.080531 -0.0365664 0)
(0.0741749 -0.0258229 0)
(0.0692331 -0.0178102 0)
(0.0615714 -0.0114003 0)
(0.0539787 -0.0076988 0)
(0.0466234 -0.00534676 0)
(0.0399469 -0.00387215 0)
(0.0340393 -0.00287239 0)
(0.0289293 -0.00217104 0)
(0.024577 -0.00165835 0)
(0.0209242 -0.00127412 0)
(0.0179018 -0.000979034 0)
(0.0154436 -0.000747362 0)
(0.0134868 -0.000562234 0)
(0.0119831 -0.000407606 0)
(0.0108777 -0.000282471 0)
(0.0101699 -0.000157534 0)
(0.00972546 -9.03157e-05 0)
(0.153615 -0.0149786 0)
(0.116135 -0.0289851 0)
(0.100459 -0.0318925 0)
(0.0845232 -0.0221796 0)
(0.0740449 -0.0139707 0)
(0.0640867 -0.00778715 0)
(0.0553051 -0.00424718 0)
(0.0473915 -0.00222056 0)
(0.0404093 -0.00109397 0)
(0.0343325 -0.000456988 0)
(0.0291207 -0.000103581 0)
(0.0247055 8.62961e-05 0)
(0.0210119 0.000178385 0)
(0.0179627 0.000212212 0)
(0.0154864 0.000211252 0)
(0.0135178 0.000189307 0)
(0.0120054 0.000156987 0)
(0.0108963 0.000114507 0)
(0.0101829 7.92032e-05 0)
(0.00973818 2.74482e-05 0)
(0.185824 0.00333606 0)
(0.142915 -0.0155526 0)
(0.115715 -0.0217163 0)
(0.0933063 -0.0153124 0)
(0.0783726 -0.00857134 0)
(0.0663469 -0.00339065 0)
(0.0564524 -0.000429446 0)
(0.0479845 0.00109904 0)
(0.0407043 0.00178537 0)
(0.0344652 0.00201453 0)
(0.0291632 0.0019958 0)
(0.0246986 0.00184963 0)
(0.0209785 0.00164189 0)
(0.017916 0.00140991 0)
(0.0154337 0.00117363 0)
(0.0134633 0.000942863 0)
(0.0119507 0.000722908 0)
(0.0108436 0.000511495 0)
(0.0101297 0.00031825 0)
(0.00968741 0.000141635 0)
(0.194373 0.0183403 0)
(0.155071 -0.00131211 0)
(0.124486 -0.00954664 0)
(0.0992807 -0.00664689 0)
(0.0816239 -0.00205953 0)
(0.068091 0.00165844 0)
(0.0573026 0.00372478 0)
(0.0483461 0.00460131 0)
(0.0407999 0.00476096 0)
(0.0344209 0.00453683 0)
(0.0290483 0.00412127 0)
(0.0245519 0.00362558 0)
(0.0208215 0.00311057 0)
(0.0177602 0.00260874 0)
(0.0152845 0.00213514 0)
(0.0133229 0.00169462 0)
(0.0118188 0.00128703 0)
(0.0107198 0.000906452 0)
(0.0100104 0.000556852 0)
(0.00957315 0.000254223 0)
(0.191789 0.0308573 0)
(0.158126 0.012312 0)
(0.128123 0.00291169 0)
(0.102559 0.00279762 0)
(0.0836584 0.00508807 0)
(0.0691942 0.00715455 0)
(0.0577644 0.00813699 0)
(0.0484287 0.00824598 0)
(0.0406715 0.00781275 0)
(0.0341861 0.00709791 0)
(0.0287681 0.0062637 0)
(0.0242611 0.00540628 0)
(0.0205387 0.0045775 0)
(0.0174942 0.00380272 0)
(0.0150384 0.00309069 0)
(0.0130967 0.00244046 0)
(0.0116097 0.00184604 0)
(0.0105253 0.00129719 0)
(0.0098253 0.000793105 0)
(0.00939577 0.000364772 0)
(0.185819 0.0412827 0)
(0.156744 0.0246316 0)
(0.128572 0.0148143 0)
(0.103778 0.0123682 0)
(0.0845582 0.0124992 0)
(0.0696289 0.0128969 0)
(0.0577987 0.0127239 0)
(0.0482018 0.0119976 0)
(0.0402992 0.0109214 0)
(0.0337489 0.009684 0)
(0.0283158 0.00841225 0)
(0.0238225 0.00718272 0)
(0.0201281 0.00603501 0)
(0.0171174 0.00498536 0)
(0.0146956 0.00403491 0)
(0.0127849 0.00317605 0)
(0.0113242 0.00239657 0)
(0.0102609 0.00168134 0)
(0.00957503 0.0010253 0)
(0.00915597 0.000472631 0)
(0.179365 0.0507695 0)
(0.153384 0.0359155 0)
(0.127149 0.0259895 0)
(0.103516 0.0217332 0)
(0.0844879 0.0199468 0)
(0.0694203 0.0187604 0)
(0.0573892 0.0174169 0)
(0.0476456 0.015817 0)
(0.0396677 0.0140629 0)
(0.0330994 0.0122786 0)
(0.0276857 0.0105544 0)
(0.023233 0.00894479 0)
(0.0195885 0.0074748 0)
(0.0166295 0.00614979 0)
(0.0142563 0.00496219 0)
(0.0123884 0.00389694 0)
(0.0109631 0.00293519 0)
(0.00992762 0.00205647 0)
(0.00926062 0.00125177 0)
(0.00885481 0.000577195 0)
(0.173319 0.0598682 0)
(0.149224 0.0464333 0)
(0.124636 0.0364694 0)
(0.102191 0.030778 0)
(0.0835997 0.0273116 0)
(0.0686078 0.0246512 0)
(0.0565336 0.0221547 0)
(0.0467486 0.0196651 0)
(0.0387665 0.0172114 0)
(0.0322304 0.0148634 0)
(0.0268737 0.0126763 0)
(0.0224907 0.0106816 0)
(0.0189196 0.008888 0)
(0.0160311 0.00728883 0)
(0.0137217 0.00586674 0)
(0.0119086 0.00459858 0)
(0.010528 0.00345846 0)
(0.00952703 0.00242016 0)
(0.0088835 0.00147089 0)
(0.00849367 0.000677845 0)
(0.16779 0.0688835 0)
(0.144763 0.0564302 0)
(0.121455 0.0463666 0)
(0.100073 0.0394789 0)
(0.0820117 0.0345285 0)
(0.0672314 0.0305021 0)
(0.0552377 0.0268855 0)
(0.045506 0.023505 0)
(0.0375893 0.0203407 0)
(0.0311373 0.017419 0)
(0.0258771 0.0147632 0)
(0.0215949 0.0123813 0)
(0.0181217 0.0102653 0)
(0.0153234 0.00839496 0)
(0.0130933 0.00674261 0)
(0.0113473 0.00527634 0)
(0.0100207 0.00396287 0)
(0.00906106 0.00276997 0)
(0.00844549 0.00168109 0)
(0.00807431 0.000773942 0)
(0.162657 0.077971 0)
(0.140174 0.0660932 0)
(0.117812 0.055805 0)
(0.0973246 0.0478546 0)
(0.0798089 0.0415666 0)
(0.0653265 0.0362662 0)
(0.0535109 0.0315666 0)
(0.0439171 0.0273024 0)
(0.0361334 0.0234247 0)
(0.0298178 0.0199255 0)
(0.0246951 0.0167994 0)
(0.0205459 0.0140318 0)
(0.0171962 0.0115968 0)
(0.0145083 0.00946049 0)
(0.0123735 0.00758373 0)
(0.0107069 0.00592554 0)
(0.00944373 0.00444496 0)
(0.00853203 0.00310348 0)
(0.00794879 0.00188088 0)
(0.00759883 0.000864853 0)
(0.157753 0.0871941 0)
(0.13548 0.0755524 0)
(0.113792 0.0648936 0)
(0.0940353 0.0559403 0)
(0.0770487 0.0484131 0)
(0.0629216 0.04191 0)
(0.0513638 0.0361615 0)
(0.0419844 0.0310257 0)
(0.0343985 0.0264376 0)
(0.028272 0.0223625 0)
(0.0233286 0.018769 0)
(0.0193455 0.0156204 0)
(0.0161455 0.0128728 0)
(0.0135885 0.0104775 0)
(0.0115652 0.00838396 0)
(0.00999046 0.0065415 0)
(0.00879987 0.00490128 0)
(0.00794274 0.00341835 0)
(0.00739601 0.00206883 0)
(0.00706967 0.000949969 0)
(0.152942 0.0966279 0)
(0.130649 0.0849109 0)
(0.109417 0.0737229 0)
(0.0902505 0.0637736 0)
(0.0737673 0.0550639 0)
(0.0600377 0.0474071 0)
(0.048806 0.0406384 0)
(0.0397119 0.0346451 0)
(0.0323867 0.0293542 0)
(0.0265017 0.0247095 0)
(0.0217801 0.0206557 0)
(0.0179968 0.0171342 0)
(0.0149729 0.0140828 0)
(0.0125678 0.0114381 0)
(0.0106721 0.00913714 0)
(0.00920145 0.00711957 0)
(0.0080926 0.00532843 0)
(0.00729641 0.00371229 0)
(0.00679017 0.00224358 0)
(0.00648967 0.00102872 0)
(0.14807 0.106225 0)
(0.125608 0.0942202 0)
(0.104672 0.0823586 0)
(0.0859856 0.0713858 0)
(0.0699845 0.0615164 0)
(0.0566894 0.0527355 0)
(0.0458464 0.0449684 0)
(0.0371047 0.0381321 0)
(0.030102 0.0321498 0)
(0.0245108 0.026946 0)
(0.0200535 0.0224428 0)
(0.016504 0.01856 0)
(0.0136832 0.0152168 0)
(0.0114508 0.0123342 0)
(0.00969864 0.00983717 0)
(0.00834417 0.00765516 0)
(0.00732593 0.00572314 0)
(0.00659681 0.00398311 0)
(0.00613477 0.00240389 0)
(0.00586208 0.00110059 0)
(0.143084 0.116212 0)
(0.12031 0.103584 0)
(0.0995287 0.0908638 0)
(0.0812387 0.078803 0)
(0.0657079 0.067767 0)
(0.0528851 0.057874 0)
(0.0424919 0.0491235 0)
(0.0341688 0.041459 0)
(0.0275498 0.0347996 0)
(0.0223049 0.0290514 0)
(0.0181548 0.0241139 0)
(0.0148734 0.0198848 0)
(0.0122822 0.0162643 0)
(0.010243 0.013158 0)
(0.00865025 0.010478 0)
(0.00742376 0.00814382 0)
(0.00650466 0.00608222 0)
(0.00584841 0.00422875 0)
(0.00543395 0.00254865 0)
(0.00519079 0.00116511 0)
(0.137805 0.126162 0)
(0.114638 0.112927 0)
(0.0939307 0.0992506 0)
(0.0759897 0.0860355 0)
(0.0609347 0.0738073 0)
(0.0486285 0.0628003 0)
(0.0387485 0.053076 0)
(0.030911 0.0445981 0)
(0.0247377 0.0372789 0)
(0.0198919 0.031005 0)
(0.0160922 0.0256521 0)
(0.0131128 0.0210954 0)
(0.0107778 0.0172154 0)
(0.0089522 0.0139018 0)
(0.007534 0.0110539 0)
(0.00644682 0.00858127 0)
(0.00563495 0.00640268 0)
(0.00505697 0.00444731 0)
(0.00469312 0.00267686 0)
(0.00448088 0.00122192 0)
(0.132179 0.137151 0)
(0.108537 0.122576 0)
(0.0878354 0.107615 0)
(0.070216 0.0931041 0)
(0.0556563 0.0796272 0)
(0.0439197 0.0674903 0)
(0.0346211 0.0567969 0)
(0.0273395 0.0475209 0)
(0.0216758 0.0395627 0)
(0.0172833 0.032786 0)
(0.0138776 0.0270409 0)
(0.0112344 0.0221787 0)
(0.00918166 0.0180599 0)
(0.00758928 0.0145578 0)
(0.0063603 0.0115591 0)
(0.00542308 0.00896337 0)
(0.00472596 0.00668166 0)
(0.00423117 0.00463702 0)
(0.00392054 0.00278767 0)
(0.00374029 0.00127069 0)
(0.126372 0.146942 0)
(0.10208 0.131826 0)
(0.0812297 0.11576 0)
(0.0638861 0.0999486 0)
(0.0498548 0.0851931 0)
(0.0387549 0.0719121 0)
(0.0301157 0.060254 0)
(0.0234666 0.050197 0)
(0.0183808 0.0416241 0)
(0.0144986 0.034372 0)
(0.011532 0.0282623 0)
(0.00925951 0.0231209 0)
(0.0075146 0.0187873 0)
(0.0061741 0.0151182 0)
(0.00514775 0.0119878 0)
(0.00436997 0.00928591 0)
(0.00379409 0.00691627 0)
(0.0033866 0.00479609 0)
(0.00313124 0.00288026 0)
(0.00298374 0.00131114 0)
(0.119013 0.160309 0)
(0.0942129 0.142542 0)
(0.0736408 0.124363 0)
(0.0568593 0.106784 0)
(0.0434999 0.0905512 0)
(0.0331333 0.0760522 0)
(0.025245 0.0634141 0)
(0.0193177 0.0525902 0)
(0.014889 0.0434311 0)
(0.011581 0.0357372 0)
(0.00910191 0.0292969 0)
(0.00723466 0.023908 0)
(0.00582141 0.0193878 0)
(0.00474865 0.0155764 0)
(0.00393524 0.0123355 0)
(0.00332345 0.00954605 0)
(0.00287285 0.00710476 0)
(0.00255499 0.00492362 0)
(0.00235584 0.00295435 0)
(0.00224133 0.0013432 0)
(0.113856 0.167854 0)
(0.0882804 0.150113 0)
(0.0668728 0.131234 0)
(0.0498019 0.11263 0)
(0.0367496 0.095273 0)
(0.0270764 0.0797169 0)
(0.0200412 0.0661844 0)
(0.0149667 0.054655 0)
(0.0113068 0.0449624 0)
(0.00865287 0.0368743 0)
(0.00671193 0.0301453 0)
(0.00527887 0.0245447 0)
(0.00421153 0.0198681 0)
(0.00341167 0.0159394 0)
(0.00281123 0.012609 0)
(0.002363 0.00974957 0)
(0.00203453 0.00725175 0)
(0.00180342 0.00502299 0)
(0.00165828 0.00301215 0)
(0.00157552 0.00136773 0)
(0.101268 0.187376 0)
(0.0747178 0.165427 0)
(0.0542303 0.142808 0)
(0.0389386 0.121049 0)
(0.027889 0.101223 0)
(0.0200797 0.0838508 0)
(0.0146123 0.0690405 0)
(0.0107827 0.0566346 0)
(0.00808022 0.0463472 0)
(0.0061511 0.0378554 0)
(0.0047557 0.0308501 0)
(0.00373312 0.0250577 0)
(0.00297528 0.0202455 0)
(0.00240915 0.016219 0)
(0.001985 0.0128163 0)
(0.00166872 0.00990184 0)
(0.00143704 0.00736064 0)
(0.00127398 0.00509611 0)
(0.001171 0.00305462 0)
(0.0011134 0.00138493 0)
(0.167659 0.0790722 0)
(0.148479 0.0627725 0)
(0.128799 0.0487014 0)
(0.113932 0.0366599 0)
(0.102541 0.0264975 0)
(0.093357 0.0181135 0)
(0.086072 0.0112857 0)
(0.0805877 0.00566245 0)
(0.0765563 0.00079417 0)
(0.0738211 -0.0038787 0)
(0.213049 0.0721402 0)
(0.21309 0.0654963 0)
(0.209778 0.0591186 0)
(0.205289 0.0527301 0)
(0.200277 0.0462189 0)
(0.194808 0.0396691 0)
(0.189022 0.0331679 0)
(0.183146 0.026743 0)
(0.177331 0.0203618 0)
(0.171468 0.013989 0)
(0.217458 0.0721659 0)
(0.219937 0.0697436 0)
(0.220176 0.0665299 0)
(0.219389 0.0626993 0)
(0.218064 0.0583462 0)
(0.2162 0.0535823 0)
(0.213758 0.0485184 0)
(0.210781 0.0432406 0)
(0.207341 0.0378086 0)
(0.203462 0.0322706 0)
(0.21237 0.0661275 0)
(0.213817 0.0648304 0)
(0.214349 0.0630397 0)
(0.214417 0.0608682 0)
(0.214183 0.0583306 0)
(0.213592 0.0554451 0)
(0.212578 0.0522512 0)
(0.211121 0.048796 0)
(0.209232 0.0451258 0)
(0.206979 0.0412944 0)
(0.208716 0.0646459 0)
(0.208887 0.0639202 0)
(0.208673 0.0628712 0)
(0.208239 0.0615454 0)
(0.207651 0.0599478 0)
(0.206879 0.0580862 0)
(0.205877 0.0559803 0)
(0.204617 0.053656 0)
(0.203087 0.0511408 0)
(0.201313 0.0484555 0)
(0.206139 0.0668429 0)
(0.205293 0.0662463 0)
(0.204274 0.0654164 0)
(0.203156 0.0643838 0)
(0.201973 0.0631593 0)
(0.200706 0.0617519 0)
(0.199329 0.0601747 0)
(0.19782 0.0584432 0)
(0.196166 0.0565725 0)
(0.194359 0.0545575 0)
(0.203835 0.0713982 0)
(0.202317 0.0708259 0)
(0.200718 0.0700815 0)
(0.199075 0.0691845 0)
(0.197403 0.0681448 0)
(0.19569 0.0669706 0)
(0.193921 0.0656719 0)
(0.192083 0.0642589 0)
(0.190167 0.0627411 0)
(0.18815 0.0611028 0)
(0.201502 0.0775447 0)
(0.199545 0.0769814 0)
(0.197543 0.0762792 0)
(0.195519 0.0754515 0)
(0.19348 0.074507 0)
(0.191421 0.073454 0)
(0.189331 0.0723013 0)
(0.187205 0.0710577 0)
(0.185035 0.0697301 0)
(0.182799 0.0683025 0)
(0.19905 0.0848107 0)
(0.196783 0.0842502 0)
(0.194487 0.0835681 0)
(0.19218 0.0827753 0)
(0.189867 0.0818805 0)
(0.187544 0.080892 0)
(0.185205 0.079818 0)
(0.182847 0.0786666 0)
(0.180466 0.0774438 0)
(0.178042 0.0761362 0)
(0.196461 0.0929353 0)
(0.193956 0.0923726 0)
(0.191432 0.0916966 0)
(0.188905 0.0909177 0)
(0.186377 0.0900447 0)
(0.183846 0.0890861 0)
(0.181309 0.08805 0)
(0.178764 0.0869441 0)
(0.176209 0.0857739 0)
(0.173628 0.0845294 0)
(0.193763 0.101724 0)
(0.191059 0.101153 0)
(0.188343 0.100473 0)
(0.185628 0.0996919 0)
(0.182918 0.0988208 0)
(0.180211 0.0978679 0)
(0.177505 0.0968416 0)
(0.174799 0.0957496 0)
(0.172092 0.0945972 0)
(0.169374 0.0933775 0)
(0.190886 0.111188 0)
(0.188007 0.110602 0)
(0.185125 0.109904 0)
(0.18225 0.109106 0)
(0.179383 0.108217 0)
(0.176523 0.107247 0)
(0.173671 0.106205 0)
(0.170826 0.105098 0)
(0.167987 0.103932 0)
(0.165148 0.102702 0)
(0.188005 0.121036 0)
(0.184956 0.120426 0)
(0.181902 0.119702 0)
(0.178858 0.118876 0)
(0.175826 0.117958 0)
(0.172807 0.11696 0)
(0.169801 0.115888 0)
(0.166809 0.114753 0)
(0.16383 0.113558 0)
(0.16086 0.112302 0)
(0.184671 0.131851 0)
(0.181455 0.131208 0)
(0.178258 0.130442 0)
(0.175078 0.129567 0)
(0.171915 0.128594 0)
(0.168769 0.127534 0)
(0.165642 0.126398 0)
(0.162534 0.125194 0)
(0.159446 0.123928 0)
(0.156375 0.122597 0)
(0.181868 0.142343 0)
(0.178475 0.141649 0)
(0.17507 0.140831 0)
(0.171676 0.139905 0)
(0.168305 0.138883 0)
(0.164956 0.137774 0)
(0.161631 0.136589 0)
(0.158331 0.135337 0)
(0.155055 0.134023 0)
(0.151805 0.132647 0)
(0.17745 0.155304 0)
(0.173848 0.154558 0)
(0.170318 0.153669 0)
(0.166824 0.152651 0)
(0.163356 0.151518 0)
(0.159919 0.150286 0)
(0.156515 0.148965 0)
(0.153146 0.147564 0)
(0.149814 0.146091 0)
(0.146516 0.14454 0)
(0.175432 0.165368 0)
(0.171653 0.164535 0)
(0.16782 0.163564 0)
(0.163998 0.162474 0)
(0.160211 0.161279 0)
(0.15646 0.159991 0)
(0.152741 0.158621 0)
(0.149057 0.15718 0)
(0.145408 0.155677 0)
(0.141798 0.154116 0)
(0.168727 0.182704 0)
(0.164625 0.181776 0)
(0.160685 0.18068 0)
(0.156812 0.179431 0)
(0.152977 0.178044 0)
(0.149189 0.176537 0)
(0.145454 0.174919 0)
(0.141779 0.1732 0)
(0.138166 0.171386 0)
(0.134608 0.169468 0)
(0.16837 0.189838 0)
(0.1641 0.188783 0)
(0.159728 0.187565 0)
(0.155384 0.18621 0)
(0.15111 0.18474 0)
(0.146901 0.183172 0)
(0.14275 0.181521 0)
(0.138652 0.179799 0)
(0.134601 0.178018 0)
(0.130608 0.176184 0)
(0.158515 0.215923 0)
(0.153716 0.214668 0)
(0.149135 0.213203 0)
(0.144622 0.211548 0)
(0.140145 0.209724 0)
(0.135727 0.20775 0)
(0.131388 0.205644 0)
(0.127145 0.20342 0)
(0.123013 0.201089 0)
(0.118972 0.198652 0)
(0.299997 -3.14814e-05 0)
(0.299602 -0.000113633 0)
(0.298821 -0.000186593 0)
(0.297682 -0.000274778 0)
(0.296008 -0.000403172 0)
(0.293692 -0.000511539 0)
(0.290891 -0.00053634 0)
(0.28773 -0.000554882 0)
(0.283933 -0.000642611 0)
(0.279023 -0.000771974 0)
(0.272999 -0.000637601 0)
(0.266116 -0.00031386 0)
(0.259037 0.000457769 0)
(0.250606 0.0010873 0)
(0.241423 0.00256346 0)
(0.227466 0.00466019 0)
(0.214614 0.00928812 0)
(0.191733 0.021821 0)
(0.18409 0.0339673 0)
(0.181517 0.127017 0)
(0.299998 0.000107201 0)
(0.299604 0.000325818 0)
(0.298831 0.00052996 0)
(0.297705 0.000768577 0)
(0.296044 0.00107249 0)
(0.29375 0.00138536 0)
(0.29098 0.00167473 0)
(0.287862 0.00202349 0)
(0.284106 0.00256494 0)
(0.279298 0.00326925 0)
(0.273359 0.00407807 0)
(0.266738 0.00486748 0)
(0.259788 0.00600346 0)
(0.252131 0.00766961 0)
(0.243128 0.0103614 0)
(0.23191 0.0148542 0)
(0.218697 0.0198734 0)
(0.206082 0.0337268 0)
(0.189929 0.0362427 0)
(0.199644 0.088686 0)
(0.299998 0.000245824 0)
(0.299609 0.000759585 0)
(0.298848 0.00123756 0)
(0.297742 0.00179952 0)
(0.296104 0.00253134 0)
(0.293844 0.00325911 0)
(0.291119 0.00385416 0)
(0.288062 0.00455992 0)
(0.284372 0.0057173 0)
(0.279686 0.00722854 0)
(0.273865 0.00867794 0)
(0.26752 0.00986369 0)
(0.260765 0.0112767 0)
(0.253836 0.0137663 0)
(0.245169 0.0174159 0)
(0.235956 0.0236315 0)
(0.223194 0.028637 0)
(0.214737 0.0423937 0)
(0.200495 0.0422812 0)
(0.20408 0.0753233 0)
(0.299998 0.000382481 0)
(0.299617 0.00118547 0)
(0.298872 0.00193167 0)
(0.297792 0.00281228 0)
(0.296187 0.00396577 0)
(0.293969 0.00510043 0)
(0.291302 0.00599158 0)
(0.288321 0.00704262 0)
(0.284718 0.00879913 0)
(0.280161 0.0110924 0)
(0.274483 0.0131465 0)
(0.268391 0.0146666 0)
(0.26189 0.0162728 0)
(0.255509 0.0194009 0)
(0.247354 0.0238704 0)
(0.239201 0.0312588 0)
(0.227596 0.0366287 0)
(0.219741 0.0488095 0)
(0.208912 0.0494405 0)
(0.206013 0.0674933 0)
(0.299999 0.000516055 0)
(0.299627 0.0016012 0)
(0.298902 0.00260834 0)
(0.297854 0.00380123 0)
(0.296289 0.00536915 0)
(0.294121 0.00690148 0)
(0.291523 0.00807749 0)
(0.288629 0.00945985 0)
(0.285128 0.0117999 0)
(0.280699 0.0148518 0)
(0.27518 0.0174821 0)
(0.269301 0.0192758 0)
(0.263076 0.0210204 0)
(0.257061 0.0246257 0)
(0.24945 0.0298922 0)
(0.241734 0.0380758 0)
(0.231243 0.0442064 0)
(0.222856 0.0544589 0)
(0.213664 0.0563814 0)
(0.207526 0.0654131 0)
(0.299999 0.000645782 0)
(0.299639 0.00200477 0)
(0.298937 0.00326387 0)
(0.297927 0.00476151 0)
(0.296409 0.00673627 0)
(0.294298 0.0086558 0)
(0.291778 0.0101038 0)
(0.288979 0.0118034 0)
(0.28559 0.0147147 0)
(0.281284 0.0185059 0)
(0.275923 0.021691 0)
(0.270219 0.0237086 0)
(0.264253 0.0255605 0)
(0.258465 0.0295375 0)
(0.251304 0.0356146 0)
(0.243697 0.0444466 0)
(0.233922 0.0515222 0)
(0.224885 0.0603044 0)
(0.215942 0.0631488 0)
(0.208203 0.067692 0)
(0.3 0.000771034 0)
(0.299652 0.00239424 0)
(0.298978 0.00389491 0)
(0.29801 0.00568898 0)
(0.296544 0.00806261 0)
(0.294496 0.0103577 0)
(0.292062 0.0120639 0)
(0.289365 0.0140681 0)
(0.286092 0.0175417 0)
(0.281904 0.0220585 0)
(0.276691 0.0257845 0)
(0.27113 0.0279932 0)
(0.26538 0.029938 0)
(0.259722 0.0342415 0)
(0.252859 0.0411514 0)
(0.245195 0.0506547 0)
(0.235726 0.0587338 0)
(0.22613 0.066701 0)
(0.216742 0.0700607 0)
(0.207883 0.0724205 0)
(0.3 0.000891266 0)
(0.299666 0.00276778 0)
(0.299023 0.00449837 0)
(0.298102 0.00657995 0)
(0.296693 0.00934409 0)
(0.294714 0.012002 0)
(0.292371 0.0139523 0)
(0.289783 0.0162505 0)
(0.286629 0.0202816 0)
(0.282552 0.0255166 0)
(0.277472 0.029776 0)
(0.272025 0.0321602 0)
(0.266441 0.0341984 0)
(0.26084 0.0388319 0)
(0.254123 0.0466047 0)
(0.246307 0.056893 0)
(0.236834 0.0659931 0)
(0.22673 0.0737028 0)
(0.216641 0.0773498 0)
(0.206804 0.0786662 0)
(0.300001 0.001006 0)
(0.299682 0.00312368 0)
(0.299073 0.00507135 0)
(0.298202 0.00743089 0)
(0.296854 0.010577 0)
(0.294949 0.0135845 0)
(0.292706 0.0157638 0)
(0.290233 0.0183468 0)
(0.287198 0.0229356 0)
(0.283227 0.0288892 0)
(0.278265 0.0336803 0)
(0.27291 0.0362375 0)
(0.267439 0.0383829 0)
(0.261839 0.0433883 0)
(0.255141 0.0520711 0)
(0.247104 0.0632836 0)
(0.23742 0.0734211 0)
(0.226805 0.0812708 0)
(0.215963 0.0851394 0)
(0.205225 0.0859823 0)
(0.300001 0.00111482 0)
(0.299699 0.00346021 0)
(0.299127 0.00561101 0)
(0.298311 0.00823847 0)
(0.297028 0.0117576 0)
(0.295203 0.0151007 0)
(0.293066 0.0174936 0)
(0.290715 0.0203539 0)
(0.287804 0.025503 0)
(0.283935 0.0321823 0)
(0.279076 0.0375122 0)
(0.273795 0.0402536 0)
(0.268397 0.04253 0)
(0.262756 0.0479667 0)
(0.255971 0.0576233 0)
(0.247647 0.0699096 0)
(0.237613 0.0811353 0)
(0.22646 0.0893984 0)
(0.214883 0.0935041 0)
(0.203306 0.0941388 0)
(0.300002 0.00121733 0)
(0.299716 0.0037757 0)
(0.299186 0.00611436 0)
(0.298429 0.00899942 0)
(0.297216 0.0128822 0)
(0.295477 0.0165451 0)
(0.293453 0.0191351 0)
(0.291233 0.0222675 0)
(0.288452 0.0279846 0)
(0.284688 0.0354002 0)
(0.279923 0.0412786 0)
(0.274702 0.0442257 0)
(0.269339 0.0466766 0)
(0.263621 0.052627 0)
(0.256681 0.0633302 0)
(0.248033 0.0768036 0)
(0.237575 0.0891508 0)
(0.225853 0.0979908 0)
(0.213548 0.10238 0)
(0.201168 0.102953 0)
(0.300003 0.00131313 0)
(0.299735 0.00406839 0)
(0.299249 0.00657833 0)
(0.298557 0.00970997 0)
(0.297418 0.0139465 0)
(0.295772 0.0179125 0)
(0.293873 0.0206809 0)
(0.291797 0.0240792 0)
(0.289153 0.0303753 0)
(0.285499 0.0385464 0)
(0.280827 0.0449912 0)
(0.275663 0.0481695 0)
(0.270317 0.0508377 0)
(0.264499 0.0573848 0)
(0.257331 0.0692339 0)
(0.248272 0.0840541 0)
(0.237285 0.0976436 0)
(0.22494 0.107213 0)
(0.211929 0.111923 0)
(0.198791 0.11246 0)
(0.300003 0.00140185 0)
(0.299755 0.00433639 0)
(0.299318 0.00699966 0)
(0.298694 0.0103663 0)
(0.297636 0.0149454 0)
(0.296091 0.0191954 0)
(0.294329 0.0221221 0)
(0.292412 0.0257798 0)
(0.289923 0.0326659 0)
(0.286393 0.0416149 0)
(0.28182 0.04865 0)
(0.276712 0.0520925 0)
(0.271361 0.0550382 0)
(0.265417 0.062294 0)
(0.258002 0.0753925 0)
(0.248544 0.0916148 0)
(0.237035 0.106403 0)
(0.224055 0.116699 0)
(0.210297 0.121753 0)
(0.196378 0.122355 0)
(0.300003 0.00148307 0)
(0.299776 0.00457762 0)
(0.299392 0.00737468 0)
(0.298843 0.010964 0)
(0.297872 0.0158736 0)
(0.296439 0.0203855 0)
(0.294827 0.0234463 0)
(0.293091 0.0273561 0)
(0.29078 0.0348439 0)
(0.287394 0.044592 0)
(0.282931 0.0522505 0)
(0.277894 0.0560095 0)
(0.272557 0.0592864 0)
(0.266496 0.0673114 0)
(0.258785 0.081779 0)
(0.24881 0.0996701 0)
(0.236616 0.115986 0)
(0.22285 0.127262 0)
(0.208301 0.13272 0)
(0.193558 0.133255 0)
(0.300004 0.00155648 0)
(0.299798 0.00478982 0)
(0.299473 0.00769935 0)
(0.299006 0.0114979 0)
(0.298127 0.0167241 0)
(0.296818 0.0214733 0)
(0.295378 0.0246387 0)
(0.293845 0.0287876 0)
(0.291738 0.0368938 0)
(0.288532 0.0474702 0)
(0.284216 0.0557676 0)
(0.279273 0.0598726 0)
(0.273939 0.0635906 0)
(0.267737 0.0725793 0)
(0.259729 0.0885192 0)
(0.249302 0.107919 0)
(0.236515 0.125387 0)
(0.222056 0.137356 0)
(0.206683 0.143151 0)
(0.191166 0.143845 0)
(0.300004 0.00162169 0)
(0.299822 0.00497063 0)
(0.299559 0.00796923 0)
(0.299182 0.0119635 0)
(0.298404 0.0174883 0)
(0.29723 0.0224432 0)
(0.295987 0.0256837 0)
(0.294692 0.0300552 0)
(0.292824 0.0387785 0)
(0.289829 0.0502116 0)
(0.285692 0.0592097 0)
(0.280904 0.063719 0)
(0.275664 0.0678793 0)
(0.269372 0.077843 0)
(0.260994 0.0955373 0)
(0.249904 0.1172 0)
(0.236227 0.136796 0)
(0.220697 0.150149 0)
(0.20428 0.156467 0)
(0.18753 0.156942 0)
(0.300004 0.00167823 0)
(0.299848 0.00511797 0)
(0.299653 0.00817835 0)
(0.29937 0.0123545 0)
(0.298703 0.0181633 0)
(0.297683 0.0232809 0)
(0.296666 0.0265469 0)
(0.295642 0.0311295 0)
(0.29405 0.04049 0)
(0.291328 0.0527844 0)
(0.287448 0.0624637 0)
(0.282862 0.0674302 0)
(0.277737 0.0722867 0)
(0.271404 0.0835365 0)
(0.262715 0.102811 0)
(0.251019 0.125757 0)
(0.236551 0.146121 0)
(0.220232 0.159893 0)
(0.20292 0.166463 0)
(0.185679 0.167182 0)
(0.300004 0.00172512 0)
(0.299875 0.00523046 0)
(0.299754 0.00832573 0)
(0.299574 0.0126603 0)
(0.299024 0.0187314 0)
(0.298166 0.0239783 0)
(0.297416 0.0272221 0)
(0.296731 0.031971 0)
(0.295442 0.041952 0)
(0.292995 0.0551527 0)
(0.289477 0.0655885 0)
(0.285315 0.0709735 0)
(0.280483 0.076336 0)
(0.274155 0.0890107 0)
(0.265155 0.111108 0)
(0.252749 0.137723 0)
(0.237081 0.161392 0)
(0.219095 0.177207 0)
(0.200043 0.184452 0)
(0.180455 0.184767 0)
(0.300004 0.00176208 0)
(0.299907 0.00530086 0)
(0.299854 0.00840879 0)
(0.299779 0.0128946 0)
(0.299375 0.0191884 0)
(0.298707 0.0244785 0)
(0.29822 0.0276519 0)
(0.297902 0.0326206 0)
(0.297006 0.0432398 0)
(0.294895 0.0571855 0)
(0.291786 0.0682417 0)
(0.288243 0.0742978 0)
(0.28399 0.0806658 0)
(0.277682 0.0945419 0)
(0.267966 0.117561 0)
(0.254469 0.144583 0)
(0.23778 0.168338 0)
(0.219029 0.1842 0)
(0.1993 0.191581 0)
(0.179835 0.192155 0)
(0.300002 0.0017892 0)
(0.299947 0.00533545 0)
(0.299962 0.00840844 0)
(0.299953 0.0130224 0)
(0.299671 0.0195634 0)
(0.299238 0.0248544 0)
(0.299063 0.0277685 0)
(0.29906 0.032831 0)
(0.298477 0.0443009 0)
(0.29679 0.0593044 0)
(0.29442 0.0708323 0)
(0.292042 0.0770544 0)
(0.289193 0.08471 0)
(0.284002 0.102182 0)
(0.274433 0.130778 0)
(0.259717 0.163736 0)
(0.240618 0.192129 0)
(0.218759 0.210593 0)
(0.195733 0.218717 0)
(0.172369 0.218731 0)
(0.299998 -0.000509434 0)
(0.299613 -0.00158059 0)
(0.298845 -0.00256874 0)
(0.297727 -0.0037589 0)
(0.29608 -0.00534957 0)
(0.29379 -0.00686845 0)
(0.291019 -0.00795398 0)
(0.287886 -0.00921877 0)
(0.284128 -0.0115215 0)
(0.279177 -0.0144847 0)
(0.273157 -0.0168865 0)
(0.266079 -0.0180651 0)
(0.259027 -0.0193804 0)
(0.25003 -0.0222087 0)
(0.240823 -0.0279507 0)
(0.2252 -0.0352066 0)
(0.211074 -0.0446225 0)
(0.181251 -0.0572373 0)
(0.161094 -0.0788908 0)
(0.086425 -0.128519 0)
(0.299998 -0.000467001 0)
(0.299612 -0.00145107 0)
(0.298839 -0.00235859 0)
(0.297716 -0.00345089 0)
(0.296062 -0.00491124 0)
(0.293763 -0.00630482 0)
(0.290981 -0.00729656 0)
(0.287833 -0.00845042 0)
(0.284062 -0.0105531 0)
(0.279093 -0.0132619 0)
(0.273057 -0.0154341 0)
(0.265946 -0.0164824 0)
(0.258854 -0.0176072 0)
(0.249782 -0.0201412 0)
(0.240406 -0.0252318 0)
(0.22459 -0.0317244 0)
(0.209425 -0.0398819 0)
(0.178979 -0.0507398 0)
(0.151354 -0.0683593 0)
(0.0744274 -0.103912 0)
(0.299998 -0.00042434 0)
(0.299611 -0.00132112 0)
(0.298834 -0.00214746 0)
(0.297706 -0.00314159 0)
(0.296046 -0.00447133 0)
(0.29374 -0.00573921 0)
(0.290948 -0.00663659 0)
(0.287788 -0.00767932 0)
(0.284006 -0.00958141 0)
(0.279023 -0.0120356 0)
(0.272974 -0.0139764 0)
(0.265839 -0.014893 0)
(0.258715 -0.015821 0)
(0.24959 -0.018051 0)
(0.240079 -0.0224698 0)
(0.224119 -0.0281235 0)
(0.208132 -0.0349359 0)
(0.177291 -0.0434624 0)
(0.144071 -0.0566582 0)
(0.0682208 -0.0794405 0)
(0.299998 -0.000381677 0)
(0.29961 -0.00119068 0)
(0.29883 -0.00193548 0)
(0.297697 -0.00283123 0)
(0.296033 -0.00403016 0)
(0.29372 -0.00517195 0)
(0.290921 -0.00597451 0)
(0.287751 -0.00690589 0)
(0.283959 -0.00860747 0)
(0.278968 -0.0108069 0)
(0.272909 -0.0125157 0)
(0.26576 -0.0132982 0)
(0.258612 -0.0140282 0)
(0.249456 -0.0159426 0)
(0.239853 -0.0196858 0)
(0.223794 -0.0244327 0)
(0.207265 -0.0298727 0)
(0.176129 -0.0356856 0)
(0.139347 -0.0445379 0)
(0.0646854 -0.0563126 0)
(0.299998 -0.000338946 0)
(0.299609 -0.00105979 0)
(0.298827 -0.00172276 0)
(0.29769 -0.00251995 0)
(0.296022 -0.00358789 0)
(0.293705 -0.00460331 0)
(0.290899 -0.00531073 0)
(0.287722 -0.00613056 0)
(0.283923 -0.00763187 0)
(0.278926 -0.00957642 0)
(0.272861 -0.0110533 0)
(0.265709 -0.0117003 0)
(0.258546 -0.0122317 0)
(0.249381 -0.0138242 0)
(0.239734 -0.0168883 0)
(0.223624 -0.0206915 0)
(0.20686 -0.0247361 0)
(0.175508 -0.0276308 0)
(0.137057 -0.0321451 0)
(0.0631604 -0.0340303 0)
(0.299998 -0.000296118 0)
(0.299608 -0.000928542 0)
(0.298824 -0.00150945 0)
(0.297685 -0.0022079 0)
(0.296013 -0.00314476 0)
(0.293692 -0.00403365 0)
(0.290882 -0.00464571 0)
(0.287701 -0.00535387 0)
(0.283896 -0.00665525 0)
(0.278899 -0.00834518 0)
(0.272831 -0.00959061 0)
(0.265686 -0.0101015 0)
(0.258518 -0.0104344 0)
(0.249368 -0.011704 0)
(0.239722 -0.0140863 0)
(0.223619 -0.0169401 0)
(0.206923 -0.0195717 0)
(0.175463 -0.0194875 0)
(0.137108 -0.0196689 0)
(0.0635018 -0.0120112 0)
(0.299998 -0.00025319 0)
(0.299607 -0.000797054 0)
(0.298822 -0.00129571 0)
(0.297681 -0.00189529 0)
(0.296007 -0.00270101 0)
(0.293684 -0.0034633 0)
(0.290871 -0.0039799 0)
(0.287688 -0.00457631 0)
(0.283879 -0.00567829 0)
(0.278886 -0.00711406 0)
(0.272818 -0.00812898 0)
(0.265691 -0.00850429 0)
(0.258526 -0.00863981 0)
(0.249417 -0.00958986 0)
(0.239812 -0.0112903 0)
(0.223788 -0.0132177 0)
(0.207439 -0.0144296 0)
(0.176031 -0.0114371 0)
(0.139479 -0.00732064 0)
(0.0658067 0.0102638 0)
(0.299998 -0.000210123 0)
(0.299606 -0.00066543 0)
(0.29882 -0.0010817 0)
(0.297678 -0.00158228 0)
(0.296003 -0.00225686 0)
(0.293679 -0.0028926 0)
(0.290866 -0.00331376 0)
(0.287682 -0.00379839 0)
(0.283872 -0.00470164 0)
(0.278887 -0.00588394 0)
(0.272823 -0.00666973 0)
(0.265724 -0.00691072 0)
(0.258569 -0.00685108 0)
(0.249531 -0.00748946 0)
(0.239996 -0.00851092 0)
(0.224141 -0.0095621 0)
(0.208365 -0.00935733 0)
(0.177261 -0.00366174 0)
(0.144205 0.00474719 0)
(0.0704799 0.0334219 0)
(0.299998 -0.000166829 0)
(0.299606 -0.000533676 0)
(0.29882 -0.000867532 0)
(0.297677 -0.00126901 0)
(0.296001 -0.00181247 0)
(0.293678 -0.00232183 0)
(0.290865 -0.00264767 0)
(0.287684 -0.00302052 0)
(0.283875 -0.00372588 0)
(0.278903 -0.00465555 0)
(0.272845 -0.00521419 0)
(0.265784 -0.00532271 0)
(0.258644 -0.00507182 0)
(0.249709 -0.00540912 0)
(0.240261 -0.00576018 0)
(0.224686 -0.00600649 0)
(0.209629 -0.00440775 0)
(0.17926 0.00362765 0)
(0.15132 0.0165628 0)
(0.0786749 0.0585112 0)
(0.299998 -0.000123557 0)
(0.299605 -0.000401619 0)
(0.29882 -0.000653206 0)
(0.297678 -0.000955634 0)
(0.296002 -0.00136811 0)
(0.29368 -0.00175122 0)
(0.29087 -0.00198202 0)
(0.287694 -0.00224312 0)
(0.283886 -0.00275211 0)
(0.278931 -0.00342973 0)
(0.272883 -0.00376519 0)
(0.265871 -0.00374091 0)
(0.258749 -0.00331004 0)
(0.249951 -0.00335025 0)
(0.240592 -0.00306678 0)
(0.225431 -0.00256666 0)
(0.211128 0.000285215 0)
(0.18229 0.0101396 0)
(0.160714 0.0272251 0)
(0.0942265 0.0854437 0)
)
;

boundaryField
{
    inlet
    {
        type            fixedValue;
        value           uniform (0.3 0 0);
    }
    outlet
    {
        type            zeroGradient;
    }
    upAndBottom
    {
        type            empty;
    }
    obstacle
    {
        type            noSlip;
    }
}


// ************************************************************************* //
