/*--------------------------------*- C++ -*----------------------------------*\
| =========                 |                                                 |
| \\      /  F ield         | OpenFOAM: The Open Source CFD Toolbox           |
|  \\    /   O peration     | Version:  v1806                                 |
|   \\  /    A nd           | Web:      www.OpenFOAM.com                      |
|    \\/     M anipulation  |                                                 |
\*---------------------------------------------------------------------------*/
FoamFile
{
    version     2.0;
    format      ascii;
    class       volScalarField;
    location    "240";
    object      p;
}
// * * * * * * * * * * * * * * * * * * * * * * * * * * * * * * * * * * * * * //

dimensions      [0 2 -2 0 0 0 0];


internalField   nonuniform List<scalar> 
4400
(
0.00753843
0.0094822
0.00897191
0.00747605
0.00602239
0.00475616
0.00374479
0.00299684
0.00246062
0.00206735
0.00176399
0.00151497
0.00129777
0.00109951
0.00091352
0.000736197
0.000565261
0.000398951
0.000235784
7.58478e-05
0.0252067
0.0175635
0.0125548
0.00951637
0.00750586
0.00609659
0.00505926
0.00427131
0.00365157
0.0031418
0.00270467
0.00231879
0.0019717
0.00165517
0.00136298
0.00109009
0.000832197
0.00058544
0.000346477
0.000113375
0.0195323
0.0164044
0.0137763
0.0115801
0.00983767
0.00836873
0.00708964
0.00598718
0.00505396
0.00427137
0.0036134
0.00305365
0.00256896
0.00214055
0.00175398
0.00139843
0.0010657
0.000749341
0.000444219
0.000146489
0.0191178
0.0166181
0.0141404
0.0119597
0.0101451
0.00866949
0.0074437
0.00640782
0.00552357
0.00476136
0.00409594
0.00350673
0.00297783
0.00249705
0.0020547
0.00164276
0.00125436
0.000883474
0.000524873
0.000173919
0.0152835
0.0139982
0.0126669
0.0113458
0.0100769
0.00891054
0.00785072
0.00688586
0.00601024
0.0052203
0.00451021
0.00387129
0.00329333
0.00276595
0.00227947
0.00182527
0.00139581
0.000984571
0.000585964
0.00019477
0.0138974
0.0129472
0.0118614
0.0107276
0.00962657
0.00859457
0.00764723
0.0067827
0.00599357
0.00527181
0.00460965
0.00399938
0.00343357
0.00290537
0.00240855
0.00193744
0.00148672
0.00105147
0.000627125
0.000208944
0.0116923
0.0111142
0.0104456
0.00971094
0.00894149
0.00816343
0.00739985
0.00666349
0.00595999
0.00529241
0.00466201
0.00406821
0.00350879
0.00298027
0.00247851
0.00199906
0.00153744
0.00108932
0.000650697
0.000217117
0.0105665
0.0101151
0.00956644
0.00894918
0.00829645
0.00763215
0.00697283
0.00632989
0.0057091
0.00511273
0.0045412
0.00399374
0.00346882
0.00296437
0.00247795
0.00200694
0.00154854
0.00109988
0.000658174
0.000219896
0.00919257
0.00888368
0.00850514
0.00806687
0.0075834
0.00706941
0.00653726
0.00599786
0.00545918
0.00492676
0.00440439
0.00389439
0.00339781
0.00291466
0.0024441
0.0019847
0.0015346
0.00109176
0.000654091
0.000218688
0.00835253
0.00809652
0.00777615
0.00740166
0.00698708
0.00654419
0.00608307
0.0056119
0.00513699
0.00466274
0.00419207
0.0037268
0.00326795
0.00281587
0.00237043
0.00193109
0.00149698
0.00106704
0.000640111
0.000214158
0.0074419
0.0072501
0.0070079
0.00672006
0.00639313
0.00603463
0.00565146
0.00524999
0.00483587
0.00441379
0.00398749
0.0035598
0.00313275
0.00270766
0.00228521
0.00186561
0.00144866
0.00103391
0.000620742
0.000207718
0.00682556
0.00665918
0.00644774
0.00619533
0.00590852
0.00559318
0.00525491
0.00489874
0.00452903
0.00414942
0.00376282
0.0033715
0.00297721
0.00258123
0.00218445
0.00178744
0.0013905
0.000993744
0.000597122
0.000199852
0.00620624
0.00607209
0.00590007
0.00569284
0.00545358
0.00518627
0.0048948
0.00458297
0.00425437
0.0039123
0.00355966
0.00319892
0.00283213
0.00246094
0.00208658
0.00171001
0.00133189
0.000952694
0.000572731
0.000191654
0.00576606
0.00564549
0.00549089
0.00530411
0.00508858
0.00484748
0.00458398
0.0043012
0.004002
0.00368902
0.00336458
0.00303071
0.00268918
0.00234148
0.00198887
0.00163241
0.00127299
0.00091135
0.000548119
0.000183388
0.00535151
0.00524816
0.00511458
0.00495242
0.00476344
0.00454993
0.00431426
0.00405883
0.00378602
0.00349815
0.00319738
0.0028857
0.00256492
0.00223663
0.00190222
0.00156291
0.00121976
0.000873722
0.000525595
0.00017578
0.00505702
0.00496121
0.00483753
0.00468703
0.00451177
0.0043137
0.00409482
0.00385719
0.00360279
0.00333356
0.00305133
0.0027578
0.00245455
0.00214306
0.00182465
0.00150058
0.00117197
0.000839902
0.000505329
0.00016894
0.00480041
0.00471348
0.00460082
0.00446353
0.00430281
0.00412015
0.00391717
0.00369553
0.00345693
0.00320309
0.00293571
0.00265642
0.0023668
0.00206832
0.00176237
0.00145026
0.0011332
0.000812348
0.000488756
0.000163316
0.00463172
0.00454804
0.00444037
0.00430926
0.00415596
0.00398174
0.00378798
0.00357616
0.00334778
0.00310438
0.00284748
0.00257857
0.00229912
0.00201052
0.00171414
0.00141126
0.00110314
0.000790964
0.000475879
0.000158945
0.00450881
0.00442904
0.00432656
0.00420179
0.00405539
0.00388841
0.00370209
0.00349774
0.00327675
0.00304058
0.00279069
0.00252856
0.00225563
0.00197332
0.001683
0.001386
0.0010836
0.00077702
0.000467449
0.000156061
0.00446441
0.00438652
0.00428479
0.00416049
0.00401483
0.00384895
0.00366413
0.00346169
0.003243
0.00300944
0.00276241
0.00250329
0.00223345
0.00195426
0.00166703
0.00137305
0.0010736
0.000769891
0.000463147
0.000154592
0.0260124
0.030387
0.0338244
0.0366674
0.0390019
0.0408675
0.0423047
0.0433479
0.0440226
0.044345
0.0443235
0.0439591
0.0432448
0.0421658
0.0406984
0.0388091
0.0364594
0.0336075
0.0301413
0.025687
0.0334465
0.0345861
0.0355183
0.0362872
0.0369187
0.0374246
0.037812
0.0380866
0.038252
0.0383107
0.0382637
0.0381112
0.037852
0.0374837
0.0370019
0.0364
0.0356748
0.0348347
0.0338438
0.0324056
0.0219813
0.0225557
0.023091
0.0235761
0.024003
0.0243657
0.0246593
0.02488
0.0250252
0.0250929
0.0250822
0.0249927
0.0248251
0.0245808
0.0242618
0.0238714
0.0234139
0.022894
0.0223187
0.0217019
0.0213788
0.0216506
0.0218933
0.0221049
0.0222839
0.0224288
0.0225386
0.0226122
0.0226489
0.0226483
0.0226099
0.0225338
0.0224199
0.0222687
0.0220807
0.0218565
0.021598
0.0213083
0.0209844
0.0206003
0.0157812
0.015924
0.0160541
0.0161702
0.0162713
0.0163563
0.0164246
0.0164754
0.0165083
0.0165228
0.0165189
0.0164965
0.0164557
0.016397
0.0163208
0.016228
0.0161188
0.0159933
0.0158548
0.0157192
0.0148331
0.0149213
0.0149986
0.0150647
0.0151191
0.0151615
0.0151918
0.0152098
0.0152151
0.0152079
0.015188
0.0151555
0.0151104
0.0150529
0.0149831
0.0149014
0.0148083
0.0147052
0.0145906
0.0144517
0.0118816
0.0119337
0.0119803
0.0120212
0.0120561
0.012085
0.0121077
0.0121241
0.0121341
0.0121376
0.0121347
0.0121253
0.0121094
0.0120871
0.0120585
0.0120238
0.0119827
0.0119349
0.0118817
0.0118326
0.0110307
0.0110681
0.0111005
0.0111276
0.0111496
0.0111662
0.0111774
0.0111832
0.0111836
0.0111785
0.0111679
0.0111519
0.0111305
0.0111037
0.0110716
0.0110342
0.0109918
0.010945
0.0108931
0.010829
0.0093168
0.00934159
0.00936345
0.00938233
0.00939818
0.00941097
0.00942066
0.00942723
0.00943065
0.00943091
0.009428
0.00942192
0.00941268
0.00940028
0.00938476
0.00936616
0.00934436
0.00931902
0.00929085
0.00926501
0.00861457
0.00863402
0.0086507
0.00866457
0.0086756
0.00868379
0.00868911
0.00869154
0.0086911
0.00868776
0.00868154
0.00867245
0.00866049
0.00864568
0.00862803
0.00860756
0.0085844
0.00855887
0.00853056
0.0084957
0.00754192
0.0075561
0.00756844
0.00757895
0.00758759
0.00759436
0.00759925
0.00760224
0.00760334
0.00760253
0.00759981
0.00759519
0.00758866
0.00758023
0.00756991
0.00755772
0.00754359
0.00752733
0.0075093
0.00749224
0.00699132
0.00700311
0.00701316
0.00702146
0.00702801
0.00703279
0.00703579
0.00703703
0.00703648
0.00703416
0.00703007
0.0070242
0.00701657
0.00700718
0.00699603
0.00698313
0.00696854
0.00695244
0.00693461
0.00691303
0.00629179
0.00630109
0.0063091
0.00631582
0.00632125
0.00632537
0.00632818
0.00632969
0.00632988
0.00632875
0.00632631
0.00632255
0.00631748
0.00631109
0.0063034
0.00629441
0.00628409
0.00627233
0.00625932
0.00624651
0.0058827
0.00589078
0.00589765
0.00590329
0.0059077
0.00591088
0.00591282
0.00591353
0.005913
0.00591123
0.00590823
0.00590399
0.00589853
0.00589183
0.00588391
0.00587476
0.00586442
0.00585298
0.00584032
0.00582537
0.00542705
0.00543387
0.0054397
0.00544453
0.00544837
0.0054512
0.00545303
0.00545386
0.00545368
0.00545249
0.0054503
0.00544711
0.0054429
0.0054377
0.00543149
0.00542429
0.00541607
0.00540678
0.00539653
0.00538608
0.00514743
0.00515361
0.00515883
0.00516311
0.00516643
0.00516879
0.0051702
0.00517065
0.00517015
0.00516869
0.00516627
0.0051629
0.00515857
0.00515329
0.00514707
0.00513989
0.00513178
0.00512279
0.00511286
0.0051014
0.00486997
0.0048755
0.00488019
0.00488404
0.00488705
0.00488923
0.00489057
0.00489106
0.00489072
0.00488953
0.00488751
0.00488464
0.00488093
0.00487638
0.004871
0.00486478
0.00485772
0.00484979
0.00484105
0.00483191
0.00471045
0.00471565
0.00472004
0.00472361
0.00472637
0.0047283
0.00472942
0.00472972
0.00472919
0.00472785
0.00472569
0.0047227
0.0047189
0.00471428
0.00470884
0.00470258
0.00469551
0.00468766
0.004679
0.00466917
0.0045778
0.00458271
0.00458686
0.00459025
0.00459286
0.00459471
0.00459578
0.00459608
0.00459561
0.00459437
0.00459235
0.00458956
0.004586
0.00458166
0.00457655
0.00457066
0.004564
0.00455655
0.00454833
0.00453958
0.00453406
0.00453893
0.00454303
0.00454639
0.00454898
0.00455081
0.00455188
0.00455219
0.00455175
0.00455054
0.00454857
0.00454585
0.00454237
0.00453813
0.00453315
0.00452741
0.00452092
0.0045137
0.00450575
0.00449695
0.00916893
0.00943001
0.00963818
0.00981022
0.00994923
0.0100563
0.0101362
0.0101981
0.0102558
0.0103284
0.0104406
0.0106227
0.0109101
0.0113459
0.0119842
0.0128821
0.0140606
0.0154825
0.0172824
0.0203793
0.0110452
0.0115623
0.0121564
0.0128033
0.0135074
0.0142773
0.0151191
0.0160369
0.0170335
0.0181102
0.019266
0.0204982
0.0218016
0.0231692
0.0245917
0.0260572
0.0275518
0.0290647
0.0305886
0.0320892
0.0125079
0.0128182
0.0131438
0.013487
0.0138479
0.0142263
0.0146224
0.0150362
0.0154676
0.0159164
0.0163828
0.0168671
0.0173699
0.0178917
0.018433
0.0189934
0.0195721
0.0201668
0.0207732
0.0213825
0.0133188
0.0137251
0.0141317
0.0145458
0.0149677
0.0153958
0.0158286
0.0162646
0.0167024
0.0171401
0.0175762
0.0180086
0.0184354
0.0188546
0.0192639
0.0196612
0.0200439
0.0204097
0.0207559
0.0210797
0.011883
0.0120719
0.0122716
0.0124739
0.0126773
0.012882
0.013088
0.0132949
0.0135022
0.0137094
0.0139161
0.0141218
0.0143256
0.0145269
0.0147248
0.0149184
0.0151065
0.0152881
0.0154619
0.0156267
0.0115206
0.0117307
0.0119316
0.0121309
0.0123289
0.0125248
0.0127178
0.0129075
0.0130934
0.013275
0.0134516
0.0136229
0.0137883
0.0139471
0.014099
0.0142433
0.0143795
0.014507
0.0146255
0.0147343
0.0100592
0.0101658
0.010277
0.0103874
0.010496
0.010603
0.0107083
0.0108118
0.0109132
0.0110124
0.011109
0.011203
0.0112939
0.0113815
0.0114657
0.011546
0.0116223
0.0116943
0.0117616
0.0118242
0.00942495
0.00953757
0.00964354
0.00974727
0.00984919
0.00994876
0.0100457
0.0101398
0.010231
0.010319
0.0104037
0.0104848
0.0105623
0.010636
0.0107056
0.0107711
0.0108322
0.0108889
0.0109409
0.0109882
0.00831786
0.00838271
0.00844942
0.00851477
0.00857827
0.00864008
0.0087002
0.00875854
0.00881502
0.00886954
0.00892203
0.00897239
0.00902056
0.00906643
0.00910994
0.00915099
0.00918951
0.00922542
0.00925865
0.00928913
0.00771447
0.00778091
0.00784314
0.00790362
0.00796261
0.00801984
0.00807517
0.00812854
0.00817987
0.00822911
0.00827619
0.00832104
0.0083636
0.00840379
0.00844158
0.00847689
0.00850967
0.00853988
0.00856746
0.00859237
0.00691556
0.00695887
0.00700275
0.00704544
0.00708666
0.0071265
0.00716499
0.00720209
0.00723774
0.00727193
0.00730462
0.00733576
0.00736534
0.00739332
0.00741966
0.00744435
0.00746735
0.00748863
0.00750816
0.00752594
0.0064198
0.00646314
0.0065038
0.00654315
0.00658133
0.00661821
0.00665372
0.00668782
0.00672049
0.00675171
0.00678143
0.00680965
0.00683631
0.00686142
0.00688492
0.00690682
0.00692707
0.00694567
0.00696259
0.00697781
0.00585395
0.00588549
0.00591701
0.00594754
0.00597692
0.00600523
0.00603246
0.00605859
0.00608362
0.00610751
0.00613026
0.00615185
0.00617226
0.00619149
0.00620952
0.00622633
0.00624192
0.00625627
0.00626937
0.00628121
0.00547824
0.00550933
0.00553865
0.00556695
0.00559431
0.00562066
0.00564596
0.00567019
0.00569335
0.00571542
0.00573638
0.00575623
0.00577495
0.00579252
0.00580894
0.0058242
0.00583828
0.00585118
0.00586289
0.0058734
0.0050914
0.00511625
0.0051408
0.00516452
0.00518732
0.00520923
0.00523025
0.00525039
0.00526961
0.00528793
0.00530532
0.00532179
0.00533732
0.0053519
0.00536554
0.00537822
0.00538993
0.00540068
0.00541045
0.00541924
0.00483193
0.00485634
0.00487948
0.00490179
0.00492331
0.00494399
0.00496381
0.00498277
0.00500085
0.00501806
0.00503438
0.00504981
0.00506434
0.00507796
0.00509067
0.00510246
0.00511332
0.00512325
0.00513225
0.00514031
0.00458988
0.004611
0.00463167
0.00465162
0.00467077
0.00468916
0.00470679
0.00472363
0.0047397
0.00475499
0.00476948
0.00478318
0.00479608
0.00480818
0.00481946
0.00482993
0.00483959
0.00484842
0.00485644
0.00486362
0.00444008
0.00446108
0.00448108
0.00450034
0.00451888
0.00453668
0.00455372
0.00457
0.00458551
0.00460026
0.00461423
0.00462742
0.00463983
0.00465145
0.00466228
0.00467231
0.00468155
0.00468998
0.00469761
0.00470443
0.0043226
0.00434211
0.00436107
0.00437934
0.00439688
0.00441371
0.00442981
0.0044452
0.00445985
0.00447378
0.00448697
0.00449942
0.00451113
0.0045221
0.00453232
0.00454179
0.00455051
0.00455847
0.00456567
0.00457212
0.0042818
0.00430124
0.00431991
0.0043379
0.00435521
0.00437182
0.00438772
0.00440292
0.0044174
0.00443117
0.00444421
0.00445652
0.00446811
0.00447895
0.00448906
0.00449843
0.00450706
0.00451493
0.00452206
0.00452844
0.00470199
0.00507167
0.00522927
0.00534087
0.00542661
0.00548273
0.00551338
0.00552506
0.00552289
0.00551066
0.00549138
0.00546747
0.00544092
0.00541328
0.00538579
0.00535946
0.0053351
0.00531324
0.00529359
0.00527609
0.00463881
0.00474247
0.00479971
0.00483555
0.00485807
0.0048695
0.00487197
0.00486766
0.00485833
0.00484536
0.00482985
0.00481266
0.00479448
0.00477583
0.00475711
0.00473866
0.00472078
0.00470348
0.00468578
0.00466704
0.00410586
0.00414024
0.00416895
0.0041914
0.00420807
0.00421957
0.00422645
0.00422926
0.00422854
0.00422483
0.00421861
0.00421032
0.00420035
0.00418903
0.00417665
0.00416348
0.00414978
0.00413558
0.00411989
0.00410208
0.00378576
0.00379862
0.00380723
0.00381268
0.00381533
0.00381541
0.00381319
0.00380898
0.00380309
0.0037958
0.0037874
0.00377813
0.00376824
0.00375792
0.00374735
0.0037367
0.00372614
0.00371569
0.00370481
0.00369334
0.00319687
0.00319799
0.00319901
0.0031985
0.00319638
0.00319291
0.00318829
0.00318264
0.00317611
0.00316883
0.00316094
0.00315256
0.00314381
0.00313479
0.00312558
0.00311629
0.00310703
0.00309779
0.00308794
0.00307705
0.00272751
0.00272681
0.00272475
0.00272144
0.00271702
0.00271161
0.00270533
0.0026983
0.00269065
0.00268248
0.00267391
0.00266503
0.00265594
0.00264673
0.00263745
0.0026282
0.00261906
0.00261001
0.00260051
0.00259038
0.00213972
0.00213492
0.00213021
0.00212463
0.00211815
0.00211096
0.0021032
0.00209494
0.0020863
0.00207735
0.00206817
0.00205886
0.00204947
0.00204007
0.00203072
0.00202148
0.00201243
0.00200355
0.00199426
0.00198421
0.00158503
0.00157867
0.00157206
0.00156474
0.00155674
0.00154819
0.0015392
0.00152984
0.0015202
0.00151036
0.00150038
0.00149033
0.00148028
0.00147029
0.00146039
0.00145065
0.00144115
0.00143185
0.00142219
0.00141189
0.00097281
0.000964082
0.000955688
0.00094672
0.000937164
0.000927182
0.000916873
0.000906307
0.000895553
0.000884683
0.000873761
0.00086285
0.000852008
0.000841283
0.000830722
0.000820381
0.000810342
0.000800556
0.000790438
0.000779664
0.000338396
0.000325717
0.000313927
0.000301845
0.000289413
0.000276795
0.000264079
0.000251318
0.000238564
0.000225873
0.000213298
0.000200891
0.000188697
0.000176758
0.000165111
0.000153808
0.00014293
0.000132423
0.000121662
0.000110269
-0.000319693
-0.000334179
-0.000347704
-0.000361473
-0.000375512
-0.000389664
-0.000403859
-0.00041806
-0.000432227
-0.000446311
-0.000460268
-0.000474049
-0.000487612
-0.000500916
-0.000513925
-0.000526581
-0.000538802
-0.000550653
-0.000562804
-0.000575558
-0.0010639
-0.00108884
-0.00111057
-0.00113183
-0.00115285
-0.0011734
-0.0011934
-0.00121285
-0.00123175
-0.00125008
-0.00126783
-0.00128497
-0.00130148
-0.00131735
-0.00133256
-0.00134706
-0.00136077
-0.00137376
-0.00138682
-0.00140051
-0.00176326
-0.00178765
-0.00180994
-0.00183197
-0.00185377
-0.00187517
-0.00189616
-0.00191678
-0.00193705
-0.00195695
-0.00197649
-0.00199565
-0.0020144
-0.00203272
-0.00205057
-0.0020679
-0.00208461
-0.0021008
-0.00211729
-0.00213429
-0.00270443
-0.00275943
-0.0028056
-0.0028495
-0.00289178
-0.00293196
-0.00296994
-0.00300583
-0.00303973
-0.00307169
-0.00310179
-0.00313008
-0.0031566
-0.0031814
-0.00320451
-0.00322591
-0.00324551
-0.0032634
-0.00328069
-0.00329855
-0.00334784
-0.00339038
-0.00342973
-0.00346816
-0.00350547
-0.00354148
-0.00357631
-0.00361011
-0.003643
-0.00367508
-0.00370642
-0.00373707
-0.00376706
-0.0037964
-0.00382507
-0.003853
-0.00388006
-0.00390642
-0.00393314
-0.00395995
-0.00471853
-0.00485867
-0.00497951
-0.00509427
-0.00520397
-0.00530731
-0.0054038
-0.00549345
-0.00557633
-0.00565256
-0.00572233
-0.00578585
-0.00584338
-0.00589518
-0.00594147
-0.00598238
-0.00601786
-0.00604805
-0.00607485
-0.00610111
-0.00478151
-0.00486028
-0.00494399
-0.00502751
-0.00510886
-0.00518787
-0.00526452
-0.0053387
-0.00541042
-0.0054798
-0.00554706
-0.00561246
-0.00567631
-0.00573891
-0.00580051
-0.00586119
-0.00592089
-0.00598003
-0.00604047
-0.00610059
-0.00702068
-0.0074317
-0.00781953
-0.00819999
-0.00857295
-0.00893416
-0.00928018
-0.00960829
-0.00991611
-0.0102017
-0.0104635
-0.0107007
-0.0109131
-0.0111012
-0.011266
-0.0114084
-0.011529
-0.0116282
-0.0117099
-0.0117804
-0.00348401
-0.00364237
-0.00384995
-0.00407237
-0.00430468
-0.00454734
-0.00479896
-0.00505725
-0.00531992
-0.00558476
-0.00584978
-0.00611332
-0.00637431
-0.00663247
-0.00688852
-0.00714371
-0.00740025
-0.00766859
-0.00798161
-0.0083551
-0.00720476
-0.00811423
-0.00907194
-0.0100934
-0.0111859
-0.0123508
-0.0135885
-0.0148981
-0.0162768
-0.0177199
-0.0192203
-0.0207685
-0.0223527
-0.0239588
-0.0255696
-0.0271617
-0.0287076
-0.0302016
-0.0316963
-0.0331351
0.000105926
0.000321952
0.000539958
0.000759687
0.000981803
0.00120715
0.00143672
0.00167183
0.00191442
0.00216753
0.00243632
0.00272979
0.00306261
0.00345624
0.00393928
0.00454912
0.00532478
0.00626804
0.00727748
0.00827739
0.000129987
0.000392924
0.000658936
0.000928979
0.00120469
0.001488
0.00178105
0.00208615
0.00240577
0.00274258
0.00309952
0.00348007
0.00388921
0.00433552
0.00483493
0.00541417
0.00611083
0.00697959
0.00813854
0.00977982
0.000151173
0.000455322
0.000763098
0.00107647
0.00139782
0.0017301
0.00207683
0.00244236
0.00283222
0.00325362
0.0037158
0.00423027
0.00481057
0.0054714
0.00622691
0.00708787
0.00805765
0.00913006
0.0102991
0.0115981
0.000168482
0.000506161
0.000847519
0.00119508
0.0015514
0.00191941
0.00230233
0.00270373
0.00312757
0.00357847
0.00406193
0.00458485
0.00515615
0.00578768
0.00649473
0.00729623
0.0082155
0.00928447
0.0105514
0.0121003
0.00018129
0.000543647
0.000909443
0.00128156
0.00166273
0.00205612
0.00246534
0.00289448
0.00334823
0.00383184
0.00435109
0.00491197
0.00552021
0.00618064
0.00689632
0.00766814
0.00849646
0.00938611
0.0103469
0.011353
0.00018953
0.000567536
0.000948314
0.00133462
0.00172875
0.00213321
0.00255067
0.00298393
0.00343599
0.00391008
0.00440979
0.00493919
0.00550283
0.00610577
0.00675347
0.00745209
0.00820894
0.00903001
0.00991297
0.0108567
0.000193603
0.000579166
0.000966879
0.00135939
0.00175876
0.00216723
0.00258721
0.0030212
0.00347169
0.00394115
0.00443178
0.00494534
0.00548287
0.00604443
0.00662896
0.00723434
0.00785737
0.00849284
0.00913207
0.00975814
0.000193928
0.000579658
0.000966689
0.00135723
0.00175273
0.0021547
0.00256469
0.00298419
0.00341464
0.00385742
0.00431381
0.00478499
0.00527196
0.00577542
0.00629565
0.00683234
0.00738396
0.00794595
0.00850796
0.00906317
0.000191442
0.00057199
0.000953222
0.00133703
0.00172453
0.00211682
0.00251505
0.00292022
0.00333315
0.0037544
0.00418417
0.00462214
0.00506739
0.00551831
0.00597244
0.00642644
0.00687564
0.00731397
0.00773603
0.00813198
0.000186634
0.000557431
0.000928236
0.00130046
0.0016747
0.00205154
0.00243151
0.00281504
0.0032024
0.0035937
0.00398886
0.00438752
0.00478903
0.00519236
0.00559597
0.0059976
0.00639413
0.00678097
0.00715085
0.00749997
0.000180508
0.000539141
0.000897356
0.00125623
0.00161606
0.00197711
0.00233956
0.00270349
0.00306873
0.0034349
0.00380131
0.00416692
0.00453026
0.00488943
0.00524204
0.00558515
0.00591523
0.00622852
0.00652177
0.00678924
0.000173425
0.000518003
0.00086176
0.00120536
0.00154879
0.00189195
0.00223471
0.00257682
0.00291792
0.00325746
0.00359476
0.00392889
0.00425873
0.00458285
0.0048995
0.00520659
0.00550158
0.00578132
0.00604149
0.00628019
0.000166197
0.000496576
0.000825918
0.0011546
0.00148241
0.00180905
0.00213416
0.00245728
0.00277781
0.00309498
0.00340781
0.00371513
0.00401553
0.00430735
0.0045887
0.00485747
0.00511134
0.00534799
0.00556545
0.00576034
0.000159025
0.000475296
0.000790353
0.00110427
0.00141665
0.00172701
0.00203482
0.0023395
0.00264037
0.00293663
0.0032274
0.00351165
0.00378823
0.00405582
0.00431297
0.00455803
0.00478924
0.00500453
0.00520135
0.00537866
0.000152466
0.000455928
0.000758111
0.00105887
0.0013577
0.001654
0.00194712
0.00223638
0.00252097
0.00280002
0.00307253
0.00333739
0.00359338
0.00383918
0.00407334
0.00429437
0.00450071
0.00469083
0.00486346
0.00501654
0.000146603
0.000438598
0.000729281
0.00101829
0.00130502
0.00158879
0.00186888
0.00214455
0.00241499
0.00267936
0.00293673
0.00318612
0.00342648
0.0036567
0.00387559
0.0040819
0.00427435
0.0044515
0.00461174
0.00475435
0.000141786
0.00042443
0.000705782
0.000985326
0.00126239
0.00153623
0.00180608
0.00207116
0.0023306
0.00258351
0.00282895
0.00306591
0.00329335
0.00351017
0.00371527
0.00390751
0.00408573
0.00424884
0.00439588
0.00452549
0.000138047
0.000413433
0.000687563
0.000959777
0.00122935
0.0014955
0.00175745
0.00201438
0.00226544
0.00250975
0.00274643
0.00297453
0.00319309
0.00340116
0.00359772
0.00378181
0.00395242
0.00410855
0.00424913
0.00437365
0.000135582
0.000406238
0.000675689
0.000943176
0.00120794
0.00146919
0.00172611
0.00197786
0.00222357
0.00246236
0.00269328
0.00291541
0.00312778
0.00332941
0.00351934
0.00369663
0.00386036
0.00400971
0.00414406
0.00426267
0.000134337
0.000402597
0.000669672
0.00093476
0.00119707
0.00145582
0.00171019
0.00195935
0.00220245
0.00243864
0.00266702
0.00288671
0.0030968
0.00329637
0.0034845
0.00366026
0.00382274
0.00397103
0.00410411
0.004221
5.73881e-06
2.16099e-05
3.94107e-05
5.82513e-05
7.85401e-05
0.000101054
0.00012679
0.000157191
0.000194507
0.000242326
0.000306283
0.000394808
0.000519342
0.000692864
0.000925842
0.00122165
0.00157451
0.00196165
0.00229877
0.00250691
2.1242e-05
6.86784e-05
0.000118721
0.000172117
0.000230322
0.000295003
0.000368153
0.000452182
0.000550088
0.000665723
0.000804117
0.000971769
0.00117665
0.00142777
0.00173433
0.00210407
0.00253988
0.00303649
0.00358081
0.00417384
3.35132e-05
0.000105292
0.000180409
0.000260214
0.000346936
0.000443052
0.000551459
0.000675618
0.000819628
0.000988167
0.00118619
0.00141817
0.00168671
0.00199101
0.00232552
0.00268006
0.00304146
0.00339378
0.00371754
0.00399115
4.13209e-05
0.000128122
0.000218283
0.000313246
0.000415109
0.000526098
0.000648676
0.000785649
0.000940239
0.00111611
0.00131721
0.00154723
0.0018085
0.00210035
0.00241715
0.00274619
0.00306667
0.00335205
0.00357807
0.00373368
4.46696e-05
0.000137782
0.000234079
0.000335049
0.00044271
0.000559118
0.000686436
0.000826937
0.000982925
0.00115657
0.00134959
0.00156271
0.00179494
0.0020426
0.00229815
0.00254945
0.0027801
0.00297256
0.00311366
0.00319502
4.34035e-05
0.000133694
0.000226574
0.000323149
0.000424982
0.0005336
0.000650593
0.000777642
0.000916497
0.0010689
0.00123634
0.00141963
0.00161806
0.0018283
0.00204301
0.00225022
0.00243433
0.0025797
0.00267675
0.00272535
3.89863e-05
0.000120444
0.000203976
0.00029039
0.000380924
0.000476676
0.000578692
0.000687963
0.000805371
0.000931611
0.00106706
0.00121155
0.00136398
0.00152169
0.00167972
0.00183017
0.00196238
0.00206511
0.00213083
0.00215587
3.14813e-05
9.80579e-05
0.000166094
0.000235902
0.000308314
0.000384023
0.000463701
0.000548025
0.000637649
0.000733145
0.000834896
0.00094287
0.00105625
0.00117292
0.00128887
0.00139772
0.00149095
0.00155965
0.001598
0.00160424
2.27009e-05
7.20566e-05
0.000122297
0.000173329
0.000225649
0.000279547
0.000335247
0.00039294
0.00045277
0.000514814
0.000579057
0.000645335
0.000713195
0.000781638
0.00084868
0.000910778
0.00096254
0.000997773
0.00101203
0.00100193
1.2698e-05
4.24786e-05
7.26079e-05
0.000102495
0.000132298
0.000161986
0.000191501
0.000220803
0.000249862
0.000278636
0.000307044
0.000334913
0.000361881
0.000387251
0.000409737
0.000427106
0.000436027
0.000432952
0.000415805
0.00038153
3.17824e-06
1.44488e-05
2.54604e-05
3.51495e-05
4.33313e-05
4.9588e-05
5.3457e-05
5.44992e-05
5.23043e-05
4.6504e-05
3.67904e-05
2.29292e-05
4.76148e-06
-1.78342e-05
-4.5089e-05
-7.7625e-05
-0.000116513
-0.000162241
-0.000213233
-0.000269803
-5.64892e-06
-1.14775e-05
-1.81009e-05
-2.71186e-05
-3.9077e-05
-5.47576e-05
-7.49787e-05
-0.000100519
-0.000132113
-0.000170443
-0.00021612
-0.000269664
-0.000331467
-0.00040176
-0.000480642
-0.000568175
-0.000664128
-0.00076643
-0.000869633
-0.000973814
-1.22091e-05
-3.06206e-05
-5.04815e-05
-7.39448e-05
-0.000101972
-0.000135796
-0.000176715
-0.000225993
-0.000284854
-0.00035446
-0.00043588
-0.000530039
-0.000637647
-0.000759113
-0.000894508
-0.00104348
-0.00120449
-0.00137213
-0.00153334
-0.0016761
-1.59447e-05
-4.13605e-05
-6.87835e-05
-0.00010097
-0.000139346
-0.000185636
-0.000241663
-0.000309252
-0.000390222
-0.000486376
-0.000599468
-0.000731164
-0.000882977
-0.00105624
-0.00125217
-0.00147174
-0.00171456
-0.00197521
-0.0022391
-0.00249985
-1.53246e-05
-3.91694e-05
-6.55829e-05
-9.79133e-05
-0.000138093
-0.000188415
-0.000251365
-0.000329521
-0.000425556
-0.000542214
-0.000682253
-0.000848361
-0.00104306
-0.00126876
-0.00152779
-0.0018222
-0.00215184
-0.00250941
-0.00287128
-0.00319385
-9.5027e-06
-2.15536e-05
-3.64499e-05
-5.80456e-05
-8.87236e-05
-0.000131283
-0.000188839
-0.000264782
-0.000362827
-0.000487061
-0.000641938
-0.00083221
-0.00106287
-0.00133922
-0.0016669
-0.00205161
-0.00249768
-0.00300588
-0.00357459
-0.00421716
2.90201e-06
1.55181e-05
2.52585e-05
2.79776e-05
2.09945e-05
1.19272e-06
-3.49614e-05
-9.14146e-05
-0.000172639
-0.000283772
-0.000430772
-0.000620621
-0.00086166
-0.00116388
-0.00153826
-0.00199401
-0.00253481
-0.00315771
-0.00384907
-0.00454065
2.23907e-05
7.35241e-05
0.0001223
0.000164704
0.000198062
0.000219245
0.000224588
0.000209877
0.000170248
0.000100075
-7.19731e-06
-0.000159468
-0.000366958
-0.000643887
-0.00101048
-0.00149556
-0.00213857
-0.00299378
-0.00414372
-0.0057182
4.83436e-05
0.000150676
0.000251849
0.000348708
0.000439227
0.000520951
0.000590797
0.000644924
0.000678542
0.000685711
0.000659137
0.000589973
0.000467809
0.000281926
2.40876e-05
-0.000313324
-0.000745849
-0.00132255
-0.00214163
-0.0031996
7.80485e-05
0.000239192
0.000400866
0.000561418
0.000720226
0.000876528
0.00102926
0.0011769
0.00131716
0.0014462
0.00155737
0.00163917
0.00167267
0.0016277
0.00145618
0.0010894
0.000436615
-0.000615359
-0.00221629
-0.00467722
-4.331e-05
-0.000116776
-0.000195788
-0.000277848
-0.000364632
-0.000457289
-0.0005568
-0.000663878
-0.000778776
-0.000901095
-0.00102959
-0.00116208
-0.00129545
-0.00142596
-0.00155005
-0.00166592
-0.00177681
-0.00189135
-0.00201219
-0.00222727
-4.44081e-05
-0.000119958
-0.000201167
-0.00028578
-0.000375638
-0.000472062
-0.000576248
-0.000689147
-0.000811259
-0.000942408
-0.00108151
-0.00122642
-0.00137388
-0.00151975
-0.00165971
-0.00179081
-0.00191485
-0.00203682
-0.00214729
-0.00230409
-4.53379e-05
-0.000122335
-0.000205255
-0.000291899
-0.000384289
-0.000483936
-0.000592254
-0.00071045
-0.000839296
-0.000978874
-0.0011283
-0.00128547
-0.00144699
-0.00160825
-0.00176396
-0.00190954
-0.00204444
-0.00217078
-0.00227667
-0.00240753
-4.60044e-05
-0.000123874
-0.000207933
-0.00029603
-0.000390346
-0.00049259
-0.000604399
-0.000727251
-0.000862214
-0.00100966
-0.00116895
-0.00133809
-0.00151354
-0.00169021
-0.00186176
-0.0020217
-0.0021669
-0.0022976
-0.00240282
-0.00253135
-4.63599e-05
-0.000124518
-0.000209091
-0.000298005
-0.000393574
-0.000497705
-0.000612265
-0.000739009
-0.000879328
-0.00103393
-0.00120247
-0.00138312
-0.00157227
-0.0017644
-0.00195213
-0.00212703
-0.0022834
-0.00242014
-0.00252743
-0.00266265
-4.63813e-05
-0.000124205
-0.000208629
-0.000297667
-0.000393751
-0.000498978
-0.000615443
-0.000745188
-0.000889949
-0.00105082
-0.00122781
-0.00141934
-0.00162186
-0.00182951
-0.002034
-0.00222507
-0.0023945
-0.00253989
-0.00265193
-0.0027984
-4.60495e-05
-0.000122881
-0.000206453
-0.000294873
-0.000390671
-0.000496123
-0.000613544
-0.000745267
-0.000893394
-0.00105944
-0.00124386
-0.00144545
-0.00166084
-0.00188403
-0.00210604
-0.00231493
-0.00250005
-0.00265728
-0.00277675
-0.00293821
-4.53498e-05
-0.000120502
-0.000202485
-0.000289502
-0.000384154
-0.000488882
-0.000606207
-0.000738752
-0.000888995
-0.00105892
-0.00124951
-0.00146006
-0.00168759
-0.0019262
-0.0021665
-0.00239518
-0.00259919
-0.00277198
-0.00290156
-0.00308202
-4.42709e-05
-0.000117035
-0.000196665
-0.000281455
-0.000374051
-0.000477036
-0.000593115
-0.000725188
-0.000876119
-0.0010484
-0.00124361
-0.00146172
-0.00170031
-0.00195394
-0.00221315
-0.00246368
-0.00269022
-0.00288294
-0.00302554
-0.00323
-4.28065e-05
-0.000112459
-0.000188951
-0.000270666
-0.000360254
-0.000460412
-0.000574002
-0.000704178
-0.000854183
-0.00102704
-0.00122501
-0.00144887
-0.00169705
-0.00196485
-0.00224324
-0.00251749
-0.0027705
-0.0029883
-0.00314724
-0.00338237
-4.09553e-05
-0.000106768
-0.00017933
-0.000257104
-0.0003427
-0.000438893
-0.000548667
-0.000675389
-0.000822662
-0.000994046
-0.00119256
-0.00141991
-0.00167565
-0.0019562
-0.00225345
-0.0025529
-0.00283637
-0.00308515
-0.00326439
-0.00353921
-3.87209e-05
-9.9971e-05
-0.000167807
-0.000240767
-0.000321368
-0.00041242
-0.000516974
-0.000638562
-0.000781099
-0.000948663
-0.00114506
-0.00137309
-0.00163365
-0.00192474
-0.00223972
-0.00256516
-0.00288291
-0.00316928
-0.00337353
-0.00369985
-3.61097e-05
-9.20858e-05
-0.000154412
-0.000221693
-0.000296289
-0.000380997
-0.000478875
-0.000593542
-0.000729148
-0.000890231
-0.00108136
-0.0013065
-0.00156817
-0.00186639
-0.00219669
-0.00254781
-0.00290316
-0.00323423
-0.00346958
-0.00386208
-3.3135e-05
-8.31528e-05
-0.000139211
-0.000199974
-0.000267571
-0.000344736
-0.000434461
-0.000540362
-0.000666719
-0.000818406
-0.00100065
-0.00121857
-0.0014764
-0.00177656
-0.00211754
-0.00249178
-0.00288648
-0.00326922
-0.00354425
-0.00402049
-2.98355e-05
-7.32633e-05
-0.000122341
-0.000175805
-0.000235472
-0.000303946
-0.000384084
-0.000479398
-0.000594175
-0.000733482
-0.000903053
-0.00110895
-0.00135707
-0.00165221
-0.0019963
-0.00238705
-0.00281843
-0.00325672
-0.00358299
-0.00416305
-2.63053e-05
-6.25848e-05
-0.000104028
-0.000149513
-0.000200429
-0.000259172
-0.000328392
-0.000411391
-0.000512336
-0.000636362
-0.000789578
-0.000978885
-0.00121157
-0.00149444
-0.00183253
-0.00222941
-0.002688
-0.00317707
-0.0035643
-0.00426533
-2.26621e-05
-5.12932e-05
-8.44895e-05
-0.000121416
-0.000162878
-0.000210958
-0.00026801
-0.000337001
-0.00042182
-0.00052752
-0.000660517
-0.000828612
-0.00104061
-0.00130524
-0.00163018
-0.00202419
-0.00249838
-0.00302486
-0.00347235
-0.00429096
-1.87955e-05
-3.9363e-05
-6.37176e-05
-9.14725e-05
-0.000122762
-0.000159215
-0.000202768
-0.000255859
-0.000321811
-0.000405234
-0.000512507
-0.00065218
-0.000834887
-0.00107232
-0.00137636
-0.00176203
-0.00224676
-0.00280235
-0.00330695
-0.00421727
-1.39416e-05
-2.64686e-05
-4.13876e-05
-5.90917e-05
-7.92719e-05
-0.000102942
-0.00013144
-0.000166419
-0.000210177
-0.000266102
-0.000339339
-0.000437625
-0.000572023
-0.000757172
-0.00101199
-0.00136273
-0.00183664
-0.00241048
-0.0029895
-0.00402217
-7.35995e-06
-1.24959e-05
-1.74644e-05
-2.41692e-05
-3.22987e-05
-4.21484e-05
-5.43172e-05
-6.94955e-05
-8.85678e-05
-0.000112845
-0.000144484
-0.000187236
-0.00024769
-0.000337428
-0.000477006
-0.000700275
-0.00104262
-0.0015002
-0.00206525
-0.00328244
-1.59234e-06
-5.74676e-06
-1.06564e-05
-1.63125e-05
-2.32338e-05
-3.14932e-05
-4.12255e-05
-5.23675e-05
-6.46875e-05
-7.77495e-05
-9.08494e-05
-0.000102857
-0.000112035
-0.000116162
-0.000113355
-0.000103448
-8.875e-05
-7.31072e-05
-5.98388e-05
-5.12314e-05
-3.51244e-06
-1.13468e-05
-1.9881e-05
-2.85007e-05
-3.79083e-05
-4.8007e-05
-5.88966e-05
-7.05361e-05
-8.2808e-05
-9.54863e-05
-0.000108184
-0.000120241
-0.00013059
-0.000137805
-0.000140592
-0.000138645
-0.000133235
-0.000126732
-0.000121207
-0.000118228
-6.09198e-06
-1.83771e-05
-3.18166e-05
-4.52953e-05
-5.96637e-05
-7.47507e-05
-9.05465e-05
-0.000106823
-0.000123186
-0.000139038
-0.000153557
-0.000165676
-0.000174201
-0.000178223
-0.000177872
-0.000174842
-0.000171911
-0.000171441
-0.000173912
-0.000179078
-8.52859e-06
-2.47334e-05
-4.23925e-05
-5.992e-05
-7.82176e-05
-9.70734e-05
-0.000116436
-0.000136042
-0.000155456
-0.000174036
-0.000190907
-0.00020497
-0.000215067
-0.000220477
-0.00022172
-0.000221045
-0.000221728
-0.000226189
-0.000234276
-0.00024517
-1.10662e-05
-3.12916e-05
-5.33161e-05
-7.51627e-05
-9.77678e-05
-0.00012088
-0.000144385
-0.000167931
-0.000190968
-0.000212729
-0.000232236
-0.000248365
-0.000260099
-0.000267074
-0.000270324
-0.000272575
-0.000277294
-0.000286617
-0.000299632
-0.000315064
-1.35549e-05
-3.77079e-05
-6.39717e-05
-9.00262e-05
-0.000116843
-0.000144148
-0.000171795
-0.000199386
-0.000226309
-0.000251719
-0.000274562
-0.000293671
-0.000308067
-0.00031754
-0.00032341
-0.000328754
-0.000337295
-0.000351053
-0.000368451
-0.000387802
-1.60325e-05
-4.41009e-05
-7.4593e-05
-0.000104885
-0.00013599
-0.000167623
-0.000199609
-0.000231508
-0.000262649
-0.000292114
-0.000318781
-0.00034145
-0.000359156
-0.000371769
-0.000380741
-0.000389342
-0.000401506
-0.000419272
-0.000440523
-0.000463313
-1.84714e-05
-5.04073e-05
-8.50768e-05
-0.000119581
-0.000154986
-0.000191009
-0.000227465
-0.000263892
-0.000299575
-0.00033354
-0.000364597
-0.000391486
-0.0004132
-0.000429583
-0.000442093
-0.000454076
-0.000469665
-0.000491045
-0.000515681
-0.000541549
-2.08739e-05
-5.66324e-05
-9.54381e-05
-0.000134141
-0.000173872
-0.000214363
-0.000255432
-0.00029661
-0.000337151
-0.000376032
-0.000411999
-0.000443714
-0.000470081
-0.000490829
-0.000507293
-0.000522773
-0.000541575
-0.00056617
-0.000593748
-0.000622449
-2.32311e-05
-6.27523e-05
-0.000105639
-0.000148512
-0.000192576
-0.000237594
-0.000283401
-0.000329537
-0.000375242
-0.000419451
-0.000460846
-0.000497992
-0.000529652
-0.000555363
-0.000576217
-0.000595343
-0.000617173
-0.000644586
-0.000674667
-0.000706081
-2.55381e-05
-6.87512e-05
-0.000115653
-0.000162658
-0.000211052
-0.000260643
-0.000311301
-0.000362587
-0.000413742
-0.000463672
-0.000510994
-0.000554161
-0.000591757
-0.00062305
-0.000648786
-0.000671796
-0.000696546
-0.000726412
-0.000758577
-0.000792725
-2.77878e-05
-7.46068e-05
-0.000125444
-0.000176527
-0.000229228
-0.000283421
-0.000339021
-0.000395629
-0.0004525
-0.000508526
-0.000562259
-0.000612031
-0.000656217
-0.000693757
-0.000724961
-0.00075223
-0.000779939
-0.000811988
-0.000845874
-0.000882974
-2.99725e-05
-8.02955e-05
-0.00013497
-0.00019006
-0.000247029
-0.000305831
-0.00036644
-0.000428515
-0.000491343
-0.000553814
-0.000614424
-0.000671379
-0.000722827
-0.00076734
-0.000804718
-0.000836816
-0.000867764
-0.000901918
-0.000937299
-0.000977866
-3.20833e-05
-8.57904e-05
-0.000144186
-0.000203193
-0.000264366
-0.000327758
-0.000393418
-0.000461076
-0.000530072
-0.000599306
-0.000667234
-0.000731941
-0.000791341
-0.000843619
-0.000888023
-0.000925771
-0.000960576
-0.000997094
-0.00103405
-0.00107906
-3.41106e-05
-9.10624e-05
-0.00015304
-0.000215851
-0.000281141
-0.000349078
-0.000419797
-0.00049312
-0.000568456
-0.000644738
-0.000720394
-0.000793404
-0.000861457
-0.000922358
-0.000974791
-0.00101929
-0.00105902
-0.00109868
-0.00113785
-0.00118907
-3.60487e-05
-9.60798e-05
-0.000161476
-0.000227955
-0.000297245
-0.000369648
-0.000445401
-0.000524432
-0.000606239
-0.000689807
-0.000773563
-0.000855396
-0.000932798
-0.00100322
-0.00106483
-0.00111749
-0.00116373
-0.00120802
-0.00125099
-0.00131145
-3.78993e-05
-0.000100809
-0.000169433
-0.000239418
-0.000312563
-0.000389319
-0.00047004
-0.000554776
-0.000643134
-0.000734177
-0.000826349
-0.00091748
-0.0010049
-0.00108575
-0.00115777
-0.00122027
-0.00127521
-0.00132672
-0.00137672
-0.00145048
-3.9655e-05
-0.000105215
-0.000176847
-0.000250151
-0.000326975
-0.000407935
-0.000493516
-0.000583907
-0.000678845
-0.000777491
-0.000878332
-0.000979164
-0.00107719
-0.00116932
-0.00125295
-0.00132708
-0.00139348
-0.00145659
-0.00152041
-0.00161155
-4.12255e-05
-0.000109289
-0.00018366
-0.000260067
-0.000340363
-0.000425343
-0.000515635
-0.000611584
-0.000713075
-0.000819388
-0.000929078
-0.00103993
-0.00114904
-0.00125315
-0.00134939
-0.00143662
-0.00151712
-0.00159764
-0.0016871
-0.00180681
-4.23875e-05
-0.000113064
-0.000189812
-0.00026907
-0.000352602
-0.000441379
-0.00053619
-0.00063755
-0.000745508
-0.000859487
-0.000978129
-0.00109923
-0.00121978
-0.00133633
-0.00144575
-0.00154674
-0.00164241
-0.00174256
-0.00186254
-0.00204728
-4.88568e-05
-4.72275e-05
-4.54467e-05
-4.33797e-05
-4.16988e-05
-4.04683e-05
-3.94955e-05
-3.86899e-05
-3.80022e-05
-3.73923e-05
-3.68292e-05
-3.62966e-05
-3.57887e-05
-3.52924e-05
-3.47779e-05
-3.44182e-05
-3.43944e-05
-3.44564e-05
-3.47027e-05
-3.5493e-05
-0.000114549
-0.000113714
-0.00011335
-0.000113184
-0.00011311
-0.000113091
-0.000113138
-0.000113267
-0.000113487
-0.000113797
-0.000114184
-0.000114625
-0.000115093
-0.000115551
-0.000115959
-0.00011626
-0.000116399
-0.000116379
-0.000116127
-0.000115851
-0.000179107
-0.000180473
-0.000182012
-0.000183314
-0.00018446
-0.000185527
-0.000186578
-0.000187673
-0.000188856
-0.000190149
-0.000191543
-0.000193002
-0.00019446
-0.00019583
-0.000197015
-0.000197906
-0.000198409
-0.000198435
-0.000197871
-0.000196982
-0.000248012
-0.000250749
-0.000253368
-0.000255506
-0.000257338
-0.000259014
-0.000260645
-0.000262331
-0.000264151
-0.000266143
-0.000268304
-0.000270578
-0.000272871
-0.00027505
-0.000276965
-0.000278462
-0.0002794
-0.00027963
-0.000279004
-0.000277859
-0.000319347
-0.000322887
-0.000326171
-0.000328805
-0.000331015
-0.000333009
-0.000334955
-0.000337003
-0.000339271
-0.000341821
-0.00034465
-0.000347689
-0.00035081
-0.000353835
-0.000356555
-0.000358757
-0.000360246
-0.000360816
-0.000360274
-0.000359017
-0.000392813
-0.000396824
-0.00040044
-0.000403217
-0.000405455
-0.000407437
-0.000409399
-0.000411553
-0.000414062
-0.000417016
-0.000420418
-0.000424182
-0.000428141
-0.000432063
-0.000435674
-0.000438695
-0.000440865
-0.000441916
-0.000441601
-0.000440388
-0.00046844
-0.000472592
-0.000476179
-0.000478712
-0.000480585
-0.000482178
-0.000483811
-0.000485772
-0.000488282
-0.000491468
-0.000495338
-0.000499788
-0.000504608
-0.000509501
-0.000514117
-0.000518094
-0.000521097
-0.000522782
-0.00052284
-0.000521826
-0.000546098
-0.000550042
-0.000553227
-0.000555104
-0.000556187
-0.000556976
-0.000557899
-0.000559339
-0.000561593
-0.00056483
-0.000569073
-0.000574194
-0.000579931
-0.000585912
-0.00059169
-0.000596806
-0.000600827
-0.000603322
-0.000603902
-0.000603231
-0.000625644
-0.000629014
-0.000631396
-0.000632161
-0.000631974
-0.000631488
-0.000631271
-0.000631827
-0.000633544
-0.000636651
-0.000641184
-0.000646993
-0.000653754
-0.000660998
-0.000668164
-0.000674665
-0.000679951
-0.000683474
-0.000684745
-0.000684564
-0.000707018
-0.00070941
-0.00071053
-0.000709644
-0.000707616
-0.0007053
-0.000703439
-0.00070269
-0.000703561
-0.000706348
-0.00071111
-0.000717669
-0.000725624
-0.000734393
-0.00074327
-0.000751507
-0.000758397
-0.000763239
-0.000765412
-0.000765873
-0.000790324
-0.00079126
-0.000790556
-0.000787344
-0.00078276
-0.000777924
-0.000773806
-0.000771256
-0.000770925
-0.000773193
-0.000778145
-0.00078557
-0.000794979
-0.000805654
-0.000816706
-0.000827183
-0.000836166
-0.000842744
-0.000846102
-0.000847362
-0.000875933
-0.000874826
-0.000871558
-0.000865118
-0.000857037
-0.000848793
-0.000841651
-0.000836695
-0.000834745
-0.000836279
-0.000841409
-0.000849887
-0.000861123
-0.000874244
-0.000888138
-0.000901588
-0.000913387
-0.000922324
-0.000927281
-0.000929501
-0.00096467
-0.000960767
-0.000953884
-0.000942948
-0.000930077
-0.000917247
-0.000906094
-0.000897983
-0.000893921
-0.000894484
-0.000899811
-0.000909609
-0.000923187
-0.000939524
-0.000957196
-0.000974684
-0.000990397
-0.00100268
-0.00100989
-0.00101321
-0.00105813
-0.00105039
-0.0010383
-0.00102098
-0.00100149
-0.000982481
-0.000966043
-0.000953853
-0.000947093
-0.000946427
-0.000952004
-0.000963499
-0.000980128
-0.00100065
-0.00102344
-0.00104656
-0.00106785
-0.00108504
-0.00109565
-0.00110021
-0.00115931
-0.00114612
-0.00112614
-0.00109955
-0.0010708
-0.00104343
-0.00102008
-0.00100269
-0.000992563
-0.000990395
-0.000996319
-0.00100999
-0.00103053
-0.00105659
-0.00108632
-0.00111734
-0.00114683
-0.00117155
-0.00118773
-0.00119378
-0.00127429
-0.00125264
-0.00121973
-0.00117906
-0.00113713
-0.00109847
-0.00106615
-0.00104226
-0.00102806
-0.00102414
-0.00103058
-0.00104697
-0.00107249
-0.00110578
-0.00114489
-0.00118714
-0.00122897
-0.00126597
-0.0012922
-0.00130068
-0.0014141
-0.0013784
-0.00132286
-0.00125992
-0.00119894
-0.00114505
-0.00110135
-0.0010696
-0.00105066
-0.00104483
-0.00105199
-0.00107175
-0.00110342
-0.00114591
-0.00119754
-0.00125574
-0.00131657
-0.00137417
-0.00141909
-0.00143512
-0.00159454
-0.00153027
-0.00143711
-0.00134055
-0.00125309
-0.00117972
-0.00112246
-0.00108189
-0.00105792
-0.0010502
-0.00105834
-0.00108196
-0.0011207
-0.00117411
-0.00124141
-0.00132109
-0.00140952
-0.00149874
-0.00157674
-0.00162004
-0.00187842
-0.00170955
-0.00154952
-0.00140921
-0.0012882
-0.0011923
-0.00112092
-0.00107194
-0.00104357
-0.00103451
-0.00104396
-0.0010716
-0.00111761
-0.00118257
-0.00126757
-0.00137373
-0.00149891
-0.00163382
-0.00177843
-0.00194542
-0.00272533
-0.00208932
-0.00170269
-0.00145009
-0.00127196
-0.00114611
-0.00105982
-0.00100408
-0.000973406
-0.000964739
-0.000976649
-0.00100897
-0.00106282
-0.00114098
-0.00124871
-0.00139509
-0.00159443
-0.00186168
-0.00222314
-0.00286693
-3.82819e-05
-4.16806e-05
-4.78499e-05
-5.48873e-05
-6.0696e-05
-6.38142e-05
-6.3877e-05
-6.12141e-05
-5.63524e-05
-4.99551e-05
-4.27674e-05
-3.55022e-05
-2.87071e-05
-2.26955e-05
-1.7559e-05
-1.32285e-05
-9.54708e-06
-6.39192e-06
-3.51792e-06
-1.14047e-06
-0.000116888
-0.000115713
-0.000116027
-0.000115922
-0.00011415
-0.000109994
-0.000103594
-9.5687e-05
-8.69353e-05
-7.784e-05
-6.8741e-05
-5.98746e-05
-5.13938e-05
-4.33737e-05
-3.58232e-05
-2.86966e-05
-2.19155e-05
-1.54583e-05
-9.03448e-06
-3.12675e-06
-0.000196425
-0.000189297
-0.00018301
-0.000177044
-0.000170903
-0.000163602
-0.000154545
-0.000143965
-0.000132249
-0.000119811
-0.00010702
-9.42038e-05
-8.16228e-05
-6.94476e-05
-5.77529e-05
-4.65281e-05
-3.57112e-05
-2.52799e-05
-1.48869e-05
-5.17944e-06
-0.000276656
-0.000265147
-0.000253796
-0.000242692
-0.000231574
-0.00021943
-0.000205574
-0.000190362
-0.000174301
-0.000157862
-0.000141365
-0.000125027
-0.000108989
-9.33377e-05
-7.81066e-05
-6.32791e-05
-4.88104e-05
-3.4688e-05
-2.05548e-05
-7.18097e-06
-0.000357602
-0.000342594
-0.000326905
-0.000311017
-0.000294921
-0.000277847
-0.000259185
-0.00023939
-0.000218976
-0.000198374
-0.000177851
-0.000157568
-0.000137631
-0.000118107
-9.90239e-05
-8.03635e-05
-6.20867e-05
-4.41718e-05
-2.6249e-05
-9.18538e-06
-0.000439163
-0.000421178
-0.000401668
-0.000381433
-0.000360527
-0.000338431
-0.00031465
-0.000289826
-0.000264576
-0.000239383
-0.000214508
-0.000190071
-0.000166125
-0.000142686
-0.000119751
-9.728e-05
-7.52286e-05
-5.35585e-05
-3.18892e-05
-1.11717e-05
-0.000521216
-0.000500686
-0.000477809
-0.000453637
-0.000428063
-0.000400883
-0.000371794
-0.000341703
-0.00031137
-0.00028134
-0.000251876
-0.00022307
-0.00019493
-0.000167435
-0.000140547
-0.000114205
-8.8347e-05
-6.29107e-05
-3.75034e-05
-1.31486e-05
-0.00060368
-0.000580981
-0.000555102
-0.000527362
-0.000497228
-0.000464899
-0.000430316
-0.000394712
-0.000359028
-0.000323902
-0.000289625
-0.00025627
-0.000223809
-0.000192175
-0.000161288
-0.000131053
-0.000101389
-7.21981e-05
-4.30771e-05
-1.51122e-05
-0.000686542
-0.000662008
-0.000633391
-0.000602401
-0.000567755
-0.000530195
-0.000489944
-0.00044862
-0.000407375
-0.000366956
-0.000327693
-0.00028965
-0.000252759
-0.00021691
-0.000181978
-0.00014783
-0.000114357
-8.14222e-05
-4.86111e-05
-1.70633e-05
-0.000769886
-0.000743832
-0.000712605
-0.000678611
-0.000639413
-0.000596492
-0.000550396
-0.000503164
-0.000456178
-0.000410305
-0.000365921
-0.000323081
-0.000281685
-0.000241572
-0.00020257
-0.000164504
-0.000127232
-9.057e-05
-5.40996e-05
-1.90008e-05
-0.000853918
-0.000826675
-0.000792763
-0.000755901
-0.000711986
-0.000663516
-0.000611387
-0.000558081
-0.000505214
-0.00045377
-0.000404171
-0.000356465
-0.000310515
-0.000266111
-0.000223031
-0.000181053
-0.000139999
-9.96322e-05
-5.95386e-05
-2.09245e-05
-0.000939
-0.000910962
-0.000873979
-0.000834224
-0.000785267
-0.00073098
-0.000672615
-0.000613091
-0.000554242
-0.000497155
-0.00044229
-0.000389686
-0.000339166
-0.000290469
-0.000243319
-0.000197448
-0.000152638
-0.000108596
-6.49226e-05
-2.28335e-05
-0.00102567
-0.000997379
-0.000956453
-0.000913539
-0.000859011
-0.000798557
-0.000733747
-0.000667892
-0.000603007
-0.000540257
-0.000480124
-0.000422629
-0.000367554
-0.000314586
-0.000263393
-0.000213662
-0.000165132
-0.00011745
-7.02456e-05
-2.4726e-05
-0.00111467
-0.00108687
-0.0010404
-0.000993729
-0.000932886
-0.000865846
-0.000794402
-0.000722154
-0.000651243
-0.000582868
-0.000517514
-0.000455177
-0.000395594
-0.0003384
-0.00028321
-0.000229665
-0.000177459
-0.000126179
-7.55018e-05
-2.66007e-05
-0.00120699
-0.00118053
-0.00112588
-0.00107451
-0.00100644
-0.000932383
-0.000854176
-0.000775551
-0.000698694
-0.000624794
-0.000554315
-0.000487223
-0.00042321
-0.000361858
-0.000302732
-0.000245431
-0.000189603
-0.000134771
-8.06902e-05
-2.84659e-05
-0.00130372
-0.00127967
-0.00121284
-0.00115556
-0.00107924
-0.000997749
-0.00091273
-0.000827819
-0.000745158
-0.000665879
-0.00059041
-0.000518681
-0.000450339
-0.000384916
-0.000321931
-0.000260943
-0.000201544
-0.000143207
-8.58199e-05
-3.03507e-05
-0.00140445
-0.00138755
-0.00130178
-0.00123673
-0.00115101
-0.00106163
-0.000969788
-0.000878737
-0.000790459
-0.000705986
-0.000625696
-0.000549476
-0.000476928
-0.000407537
-0.000340781
-0.000276181
-0.000213264
-0.000151473
-9.09045e-05
-3.22834e-05
-0.00150554
-0.00151007
-0.00139361
-0.0013173
-0.00122092
-0.00112325
-0.00102473
-0.000927831
-0.000834241
-0.000744857
-0.000659985
-0.000579473
-0.000502881
-0.000429654
-0.000359237
-0.000291111
-0.000224738
-0.000159576
-9.59412e-05
-3.41737e-05
-0.00160178
-0.00164304
-0.0014837
-0.00139195
-0.00128532
-0.0011801
-0.0010758
-0.000973889
-0.000875679
-0.000781929
-0.000692894
-0.000608403
-0.000528003
-0.000451124
-0.00037719
-0.000305648
-0.000235926
-0.000167555
-0.000100897
-3.56664e-05
-0.0016871
-0.00173561
-0.00155153
-0.0014483
-0.00133723
-0.00122814
-0.00112057
-0.0010154
-0.000913816
-0.000816583
-0.000724006
-0.000635972
-0.00055208
-0.000471787
-0.000394519
-0.000319707
-0.000246789
-0.000175409
-0.000105694
-3.65322e-05
-0.00182967
-0.00175097
-0.00166566
-0.00157207
-0.00146974
-0.00136189
-0.00125131
-0.0011403
-0.00103082
-0.000924329
-0.000821644
-0.000723076
-0.000628527
-0.00053763
-0.000449882
-0.00036475
-0.000281743
-0.000200466
-0.00012044
-4.04795e-05
-0.0017347
-0.00172617
-0.00168971
-0.0016342
-0.00156222
-0.00147644
-0.00137996
-0.00127599
-0.00116758
-0.00105736
-0.000947384
-0.000838986
-0.000732882
-0.0006293
-0.000528154
-0.000429188
-0.000332072
-0.000236466
-0.000142094
-4.8039e-05
-0.00175648
-0.00174416
-0.00171977
-0.00168091
-0.0016267
-0.00155708
-0.00147321
-0.00137741
-0.00127267
-0.0011621
-0.00104846
-0.000933838
-0.000819587
-0.000706441
-0.000594703
-0.000484405
-0.000375432
-0.000267669
-0.000161074
-5.46143e-05
-0.00182723
-0.00181091
-0.00178838
-0.00175359
-0.00170493
-0.00164133
-0.00156271
-0.00147036
-0.00136674
-0.0012549
-0.00113781
-0.00101784
-0.000896665
-0.000775324
-0.000654384
-0.000534114
-0.00041461
-0.000295946
-0.000178234
-6.04857e-05
-0.0019349
-0.0019153
-0.00189149
-0.00185645
-0.00180842
-0.00174565
-0.00166732
-0.00157401
-0.00146789
-0.00135199
-0.00122939
-0.00110267
-0.000973688
-0.000843634
-0.000713246
-0.000582947
-0.000452982
-0.000323569
-0.000194963
-6.62061e-05
-0.00208482
-0.00206213
-0.00203618
-0.00199872
-0.00194779
-0.0018813
-0.0017981
-0.00169872
-0.00158546
-0.0014616
-0.00133042
-0.00119459
-0.00105598
-0.000915854
-0.000774977
-0.000633847
-0.000492792
-0.000352125
-0.000212208
-7.20981e-05
-0.00227634
-0.00225015
-0.00222106
-0.00217952
-0.00212332
-0.00205
-0.00195829
-0.00184893
-0.00172474
-0.00158945
-0.0014466
-0.00129896
-0.00114841
-0.000996193
-0.000843089
-0.000689628
-0.00053618
-0.000383114
-0.000230866
-7.84681e-05
-0.00251477
-0.00248455
-0.00245157
-0.00240449
-0.00234062
-0.00225711
-0.00215277
-0.00202899
-0.0018895
-0.00173878
-0.00158072
-0.00141816
-0.00125297
-0.00108632
-0.000918952
-0.000751383
-0.000583982
-0.000417125
-0.000251288
-8.54399e-05
-0.00280411
-0.00276895
-0.00273084
-0.00267619
-0.00260169
-0.00250413
-0.00238268
-0.0022399
-0.00208083
-0.0019108
-0.00173407
-0.0015535
-0.00137089
-0.00118733
-0.0010035
-0.000819867
-0.000636769
-0.00045456
-0.000273715
-9.30979e-05
-0.00315213
-0.00311081
-0.00306602
-0.00300117
-0.00291215
-0.00279551
-0.00265128
-0.00248388
-0.0023001
-0.00210623
-0.00190682
-0.00170474
-0.00150164
-0.0012985
-0.00109592
-0.000894271
-0.000693829
-0.000494863
-0.000297795
-0.000101328
-0.00356796
-0.00351868
-0.00346483
-0.00338579
-0.00327659
-0.00313395
-0.00295958
-0.00276069
-0.00254619
-0.0023233
-0.00209677
-0.00186935
-0.00164254
-0.00141715
-0.00119367
-0.000972355
-0.000753313
-0.000536662
-0.000322687
-0.000109848
-0.00406528
-0.00400545
-0.0039388
-0.00383952
-0.00370174
-0.00352303
-0.00330821
-0.00306852
-0.00281534
-0.00255681
-0.00229774
-0.00204068
-0.00178689
-0.00153695
-0.00129107
-0.00104926
-0.000811347
-0.000577147
-0.000346689
-0.000118089
-0.00466287
-0.00458817
-0.0045025
-0.00437294
-0.00419275
-0.00396171
-0.00369093
-0.00339748
-0.00309554
-0.00279382
-0.00249681
-0.00220648
-0.00192352
-0.00164802
-0.00137969
-0.00111808
-0.000862555
-0.000612486
-0.000367513
-0.000125285
-0.00538995
-0.00529412
-0.00517854
-0.00499966
-0.00475142
-0.00444124
-0.00409262
-0.00372976
-0.00336846
-0.00301662
-0.0026773
-0.00235126
-0.00203823
-0.00173753
-0.00144822
-0.00116921
-0.000899242
-0.000637066
-0.000381745
-0.000130278
-0.00630049
-0.00617129
-0.00599756
-0.00573006
-0.00537027
-0.00494567
-0.00449501
-0.00404654
-0.00361461
-0.00320453
-0.00281736
-0.00245249
-0.0021087
-0.00178439
-0.00147769
-0.0011865
-0.000908547
-0.000641594
-0.000383785
-0.00013117
-0.00748811
-0.00725393
-0.00697256
-0.00656483
-0.006045
-0.0054657
-0.00487888
-0.00431592
-0.00379048
-0.00330638
-0.00286295
-0.00245762
-0.00208692
-0.00174694
-0.00143354
-0.00114252
-0.000869857
-0.000611812
-0.000365286
-0.000125164
-0.00883847
-0.00851463
-0.0081735
-0.00753981
-0.00674702
-0.00590784
-0.0051025
-0.00437305
-0.00373134
-0.00317359
-0.00268906
-0.00226595
-0.00189386
-0.00156403
-0.00126892
-0.00100197
-0.000757383
-0.000530118
-0.000315965
-0.000108781
-0.0124204
-0.0112373
-0.0100321
-0.00840819
-0.006917
-0.00566273
-0.00464297
-0.0038238
-0.00316134
-0.00261712
-0.00216394
-0.00178212
-0.00145737
-0.0011791
-0.000938869
-0.000729403
-0.0005442
-0.000377515
-0.000224405
-7.80855e-05
-0.0108532
-0.00951245
-0.00835387
-0.00665515
-0.00524077
-0.0041501
-0.00329336
-0.00260469
-0.00204739
-0.00159647
-0.0012343
-0.00094763
-0.000722481
-0.000546192
-0.000408187
-0.000299729
-0.00021353
-0.00014356
-8.48736e-05
-3.12162e-05
-0.0322426
-0.0185096
-0.0135222
-0.00876439
-0.00534858
-0.00316182
-0.00174404
-0.000833483
-0.00027434
4.95277e-05
0.000224813
0.000309386
0.000337518
0.000330585
0.000301792
0.000259113
0.00020745
0.000149919
8.85957e-05
2.66268e-05
)
;

boundaryField
{
    inlet
    {
        type            zeroGradient;
    }
    outlet
    {
        type            fixedValue;
        value           uniform 0;
    }
    upAndBottom
    {
        type            empty;
    }
    obstacle
    {
        type            zeroGradient;
    }
}


// ************************************************************************* //
