/*--------------------------------*- C++ -*----------------------------------*\
| =========                 |                                                 |
| \\      /  F ield         | OpenFOAM: The Open Source CFD Toolbox           |
|  \\    /   O peration     | Version:  v1806                                 |
|   \\  /    A nd           | Web:      www.OpenFOAM.com                      |
|    \\/     M anipulation  |                                                 |
\*---------------------------------------------------------------------------*/
FoamFile
{
    version     2.0;
    format      ascii;
    class       surfaceScalarField;
    location    "270";
    object      phi;
}
// * * * * * * * * * * * * * * * * * * * * * * * * * * * * * * * * * * * * * //

dimensions      [0 3 -1 0 0 0 0];
oriented        oriented;


internalField   nonuniform List<scalar> 
4680
(
0.0749993
-5.15433e-05
0.0749987
-0.000597208
0.0749945
-0.000643123
0.0749916
-0.001322
0.074982
-0.00133534
0.074976
-0.00222612
0.074958
-0.00223811
0.0749479
-0.00342992
0.074917
-0.00349262
0.074902
-0.00508064
0.0748529
-0.00528364
0.0748327
-0.00734996
0.0747613
-0.00782844
0.074739
-0.0103673
0.0746516
-0.0112714
0.0746394
-0.0140403
0.0745735
-0.0153639
0.0746019
-0.017647
0.0746339
-0.0187987
-0.0194241
0.0747511
0.0749986
-5.01257e-05
0.074997
-0.000595635
0.0749898
-0.000635896
0.074985
-0.00131724
0.0749699
-0.00132021
0.0749617
-0.00221789
0.0749343
-0.00221072
0.0749223
-0.00341794
0.0748762
-0.00344648
0.0748611
-0.00506555
0.0747879
-0.00521046
0.074773
-0.00733508
0.0746667
-0.0077221
0.0746626
-0.0103632
0.0745345
-0.0111433
0.0745667
-0.0140724
0.0744801
-0.0152773
0.0745895
-0.0177563
0.0746763
-0.0188855
-0.0196369
0.0748891
0.0749978
-4.79718e-05
0.0749951
-0.000592872
0.0749839
-0.000624739
0.0749766
-0.00130988
0.0749539
-0.00129752
0.0749422
-0.00220623
0.0749019
-0.00217042
0.0748865
-0.00340251
0.0748193
-0.00337931
0.0748025
-0.00504871
0.0746965
-0.00510455
0.0746856
-0.00732412
0.0745325
-0.00756899
0.074547
-0.0103778
0.0743641
-0.0109605
0.0744465
-0.0141547
0.0743273
-0.0151581
0.0745365
-0.0179656
0.0746775
-0.0190264
-0.0199767
0.0750172
0.0749973
-4.52715e-05
0.074993
-0.000588584
0.0749782
-0.000609886
0.0749674
-0.00129912
0.0749373
-0.0012674
0.0749207
-0.00218962
0.0748675
-0.00211725
0.0748461
-0.00338108
0.0747579
-0.00329116
0.0747354
-0.00502615
0.0745968
-0.00496601
0.0745841
-0.00731138
0.0743839
-0.00736884
0.0744101
-0.010404
0.0741698
-0.0107202
0.0742977
-0.0142827
0.0741375
-0.0149979
0.0744532
-0.0182813
0.0746391
-0.0192123
-0.0204667
0.0751291
0.074997
-4.22531e-05
0.0749908
-0.000582438
0.0749727
-0.000591795
0.074958
-0.00128438
0.0749211
-0.00123048
0.0748984
-0.00216696
0.0748333
-0.00205213
0.074804
-0.00335174
0.0746961
-0.00318334
0.0746648
-0.0049948
0.0744952
-0.00479643
0.0744761
-0.00729228
0.0742299
-0.00712266
0.074262
-0.010436
0.0739617
-0.0104199
0.0741317
-0.0144527
0.0739185
-0.0147846
0.0743492
-0.018712
0.0745637
-0.0194269
-0.0211295
0.0752265
0.0749969
-3.91946e-05
0.0749885
-0.000574036
0.0749678
-0.000571073
0.0749485
-0.00126501
0.0749057
-0.00118774
0.0748759
-0.00213715
0.0748003
-0.00197653
0.0747612
-0.00331265
0.0746358
-0.00305793
0.0745927
-0.00495169
0.0743947
-0.00459843
0.0743647
-0.00726233
0.0740745
-0.00683246
0.0741066
-0.010468
0.073744
-0.0100573
0.0739519
-0.0146605
0.0736722
-0.014505
0.0742275
-0.0192673
0.074449
-0.0196484
-0.0219947
0.0753142
0.0749972
-3.64285e-05
0.0749861
-0.000562899
0.0749635
-0.000548456
0.0749388
-0.00124029
0.0748914
-0.00114038
0.0748532
-0.00209895
0.074769
-0.00189234
0.0747182
-0.00326179
0.0745779
-0.00291766
0.0745198
-0.00489364
0.0742968
-0.0043754
0.0742511
-0.00721663
0.0739198
-0.00650115
0.0739449
-0.0104931
0.0735186
-0.00963108
0.0737579
-0.0148998
0.073398
-0.0141451
0.0740867
-0.019956
0.0742894
-0.019851
-0.0231022
0.0753968
0.0749979
-3.43345e-05
0.0749835
-0.000548477
0.0749598
-0.000524798
0.0749289
-0.00120934
0.0748783
-0.00108983
0.0748303
-0.00205094
0.0747398
-0.00180181
0.0746749
-0.00319687
0.074523
-0.00276584
0.0744464
-0.004817
0.0742026
-0.00413158
0.0741355
-0.0071496
0.073767
-0.00613264
0.0737768
-0.0105029
0.0732866
-0.00914086
0.0735479
-0.0151611
0.0730943
-0.0136915
0.0739229
-0.0207846
0.0740768
-0.020005
-0.0245048
0.0754794
0.074999
-3.33183e-05
0.0749807
-0.000530173
0.0749569
-0.000501045
0.0749188
-0.00117119
0.0748667
-0.00103771
0.0748072
-0.00199146
0.074713
-0.00170761
0.0746312
-0.00311512
0.0744719
-0.00260649
0.0743723
-0.00471741
0.074113
-0.00387231
0.0740179
-0.00705447
0.0736176
-0.00573229
0.0736019
-0.0104872
0.0730489
-0.00858783
0.0733193
-0.0154316
0.0727592
-0.0131314
0.07373
-0.0217554
0.0738011
-0.0200761
-0.026272
0.0755683
0.0750005
-3.37712e-05
0.0749777
-0.000507398
0.0749548
-0.000478178
0.0749084
-0.00112481
0.0748566
-0.000985834
0.0747837
-0.00191863
0.0746889
-0.00161284
0.0745871
-0.00301328
0.0744252
-0.00244457
0.0742971
-0.00458936
0.0740294
-0.00360459
0.0738975
-0.00692255
0.0734731
-0.00530792
0.0734191
-0.0104332
0.0728068
-0.00797552
0.0730697
-0.0156944
0.0723907
-0.0124524
0.0735014
-0.0228661
0.0734501
-0.0200248
-0.0284941
0.0756722
0.0750022
-3.6002e-05
0.0749745
-0.000479662
0.0749534
-0.00045709
0.0748978
-0.00106925
0.074848
-0.000935979
0.0747599
-0.0018305
0.0746679
-0.00152093
0.0745422
-0.00288752
0.0743836
-0.00228604
0.0742202
-0.00442587
0.0739534
-0.00333782
0.0737729
-0.00674207
0.0733365
-0.00487148
0.0732263
-0.0103231
0.0725631
-0.00731231
0.0727964
-0.0159277
0.0719866
-0.0116426
0.0732311
-0.0241106
0.0730088
-0.0198025
-0.0312872
0.0758019
0.0750041
-4.01426e-05
0.0749712
-0.000446715
0.0749525
-0.000438431
0.0748871
-0.00100386
0.0748408
-0.000889637
0.0747357
-0.00172544
0.0746499
-0.00143511
0.0744963
-0.00273393
0.074348
-0.00213769
0.0741406
-0.00421847
0.073887
-0.00308421
0.0736418
-0.00649684
0.0732117
-0.00444144
0.073019
-0.0101303
0.0723233
-0.00661667
0.0724941
-0.0160984
0.071546
-0.0106945
0.0729165
-0.0254812
0.0724539
-0.0193399
-0.0348045
0.0759712
0.0750059
-4.60428e-05
0.0749679
-0.000408701
0.0749519
-0.000422396
0.0748766
-0.00092861
0.0748346
-0.000847634
0.0747119
-0.00160271
0.0746345
-0.00135771
0.0744503
-0.00254975
0.0743179
-0.00200536
0.0740582
-0.00395876
0.0738322
-0.00285814
0.0735013
-0.00616597
0.0731044
-0.00404455
0.0727886
-0.0098145
0.0720972
-0.00592528
0.0721488
-0.01615
0.0710739
-0.00961959
0.0725554
-0.0269628
0.0717451
-0.0185295
-0.0392707
0.0762113
0.0750071
-5.31852e-05
0.0749648
-0.000366315
0.0749509
-0.000408522
0.0748666
-0.000844359
0.0748287
-0.000809693
0.074689
-0.00146306
0.0746206
-0.00128925
0.0744054
-0.00233456
0.0742921
-0.00189211
0.0739754
-0.00364202
0.0737875
-0.00267027
0.0733509
-0.00572938
0.0730206
-0.00371424
0.0725237
-0.00931761
0.071899
-0.00530053
0.0717299
-0.0159809
0.0705905
-0.00848021
0.0721251
-0.0284973
0.0708211
-0.0172255
-0.0450735
0.0766238
0.0750075
-6.06604e-05
0.074962
-0.00032086
0.0749491
-0.000395594
0.0748578
-0.000753077
0.0748222
-0.00077413
0.0746685
-0.00130928
0.0746069
-0.0012277
0.074364
-0.00209169
0.0742683
-0.00179637
0.0738964
-0.00327012
0.0737491
-0.00252295
0.0731992
-0.00517951
0.0729565
-0.00347152
0.0722206
-0.00858172
0.0717459
-0.00482578
0.0711859
-0.0154209
0.0701354
-0.00742976
0.0715287
-0.0298907
0.0696326
-0.0153293
-0.0529235
0.0774826
0.0750066
-6.72445e-05
0.0749599
-0.000274154
0.074946
-0.000381729
0.0748507
-0.000657736
0.0748144
-0.000737899
0.0746514
-0.00114622
0.0745919
-0.00116819
0.074329
-0.00182878
0.0742434
-0.00171076
0.0738273
-0.00285406
0.0737109
-0.0024066
0.0730587
-0.00452726
0.072898
-0.00331084
0.0719116
-0.00759534
0.0716436
-0.00455775
0.0704576
-0.0142349
0.0697527
-0.00672481
0.0705328
-0.0306708
0.0682457
-0.0130423
-0.0639163
0.0792386
0.0750043
-7.15804e-05
0.0749585
-0.000228276
0.0749414
-0.0003647
0.0748456
-0.000561901
0.0748048
-0.00069709
0.0746387
-0.000980173
0.0745743
-0.00110376
0.0743025
-0.00155699
0.0742145
-0.00162275
0.0737741
-0.00241371
0.0736664
-0.00229887
0.0729458
-0.00380666
0.0728302
-0.00319517
0.0716367
-0.00640188
0.07153
-0.00445101
0.0696697
-0.0123746
0.0694661
-0.00652124
0.0687895
-0.0299942
0.0669581
-0.0112108
-0.0789669
0.0820087
0.0750008
-7.24055e-05
0.0749578
-0.000185247
0.0749354
-0.000342331
0.0748427
-0.000469127
0.0747933
-0.000647719
0.0746308
-0.000817714
0.0745539
-0.00102686
0.0742856
-0.00128868
0.0741805
-0.00151766
0.0737402
-0.00197334
0.0736113
-0.00217003
0.0728726
-0.00306793
0.0727388
-0.00306135
0.0714435
-0.00510666
0.0713634
-0.00437088
0.0689923
-0.0100035
0.0691859
-0.0067149
0.0659902
-0.0267985
0.0662033
-0.011424
-0.0968792
0.0841156
0.0749964
-6.87561e-05
0.0749579
-0.00014675
0.0749285
-0.000312941
0.0748416
-0.000382271
0.0747806
-0.000586679
0.0746271
-0.000664241
0.0745317
-0.000931418
0.0742773
-0.00103428
0.0741428
-0.00138319
0.0737236
-0.00155419
0.0735473
-0.00199364
0.072838
-0.0023587
0.0726227
-0.00284604
0.0713498
-0.00383373
0.0711171
-0.00413824
0.0685844
-0.00747072
0.0685389
-0.0066694
0.0632449
-0.0215045
0.0658578
-0.0140369
-0.111312
0.0802908
0.0749903
-5.90775e-05
0.0749607
-0.00011715
0.074919
-0.000271194
0.0748446
-0.00030792
0.0747641
-0.000506178
0.0746306
-0.000530715
0.0745037
-0.000804523
0.0742814
-0.000812027
0.074096
-0.00119774
0.0737289
-0.00118711
0.0734684
-0.00173317
0.0728426
-0.00173283
0.0724819
-0.00248534
0.0713375
-0.00268933
0.0708129
-0.00361362
0.0684418
-0.00509968
0.0675299
-0.00575743
0.0614183
-0.0153929
0.0631764
-0.015795
0.0583706
-0.106506
0.0747791
-0.00254875
0.0747978
-0.00253107
0.0748179
-0.00251441
0.0748387
-0.00249468
0.07486
-0.00247213
0.0748817
-0.00244688
0.0749038
-0.00241896
0.0749259
-0.00238846
0.074948
-0.00235538
-0.00231972
0.0749689
0.0749174
-0.00257702
0.0749498
-0.00256348
0.0749824
-0.002547
0.0750152
-0.00252751
0.0750482
-0.00250507
0.075081
-0.00247972
0.0751136
-0.00245156
0.0751458
-0.00242068
0.0751776
-0.00238716
-0.00235139
0.0752093
0.0750665
-0.00262626
0.0751166
-0.00261359
0.0751667
-0.00259715
0.0752166
-0.00257742
0.0752661
-0.00255448
0.0753148
-0.00252842
0.0753625
-0.00249932
0.0754091
-0.00246729
0.0754544
-0.00243242
-0.00239502
0.075498
0.0751997
-0.00269682
0.0752701
-0.00268394
0.0753402
-0.00266726
0.0754096
-0.00264686
0.0754781
-0.00262292
0.0755452
-0.00259553
0.0756106
-0.00256477
0.0756741
-0.0025308
0.0757354
-0.00249372
-0.00245394
0.0757944
0.0753204
-0.00279063
0.0754139
-0.00277752
0.0755068
-0.00276014
0.0755984
-0.00273851
0.0756884
-0.0027129
0.0757763
-0.0026834
0.0758616
-0.00265012
0.0759441
-0.00261325
0.0760233
-0.00257292
-0.00252965
0.076099
0.0754353
-0.00291173
0.0755556
-0.0028979
0.0756746
-0.00287913
0.0757916
-0.00285548
0.075906
-0.00282728
0.0760172
-0.00279465
0.0761248
-0.00275772
0.0762283
-0.00271674
0.0763273
-0.00267187
-0.00262378
0.0764214
0.0755502
-0.00306503
0.0757019
-0.00304961
0.0758512
-0.00302846
0.0759974
-0.00300164
0.0761397
-0.00296963
0.0762776
-0.00293252
0.0764103
-0.00289046
0.0765374
-0.0028438
0.0766582
-0.00279276
-0.00273818
0.0767727
0.0756711
-0.00325672
0.0758599
-0.00323835
0.0760448
-0.00321339
0.076225
-0.00318183
0.0763997
-0.00314431
0.0765681
-0.0031009
0.0767294
-0.00305178
0.076883
-0.0029974
0.0770283
-0.00293807
-0.00287489
0.077165
0.0758061
-0.00349453
0.076039
-0.00347119
0.076266
-0.00344039
0.076486
-0.00340191
0.0766983
-0.00335658
0.0769018
-0.00330442
0.0770957
-0.00324566
0.0772792
-0.00318089
0.0774517
-0.00311053
-0.00303606
0.0776129
0.0759655
-0.00378788
0.0762511
-0.00375678
0.076528
-0.00371727
0.076795
-0.0036689
0.0770511
-0.00361267
0.0772952
-0.0035485
0.0775262
-0.0034767
0.0777434
-0.00339809
0.0779461
-0.0033132
-0.00322403
0.078134
0.0761623
-0.00414836
0.0765113
-0.00410568
0.0768477
-0.00405367
0.0771703
-0.00399151
0.0774779
-0.00392031
0.0777693
-0.0038399
0.0780433
-0.00375071
0.0782991
-0.00365386
0.0785359
-0.00355001
-0.00344193
0.0787538
0.0764146
-0.00459172
0.0768412
-0.00453227
0.0772505
-0.00446303
0.0776412
-0.00438215
0.0780117
-0.00429082
0.0783605
-0.00418877
0.0786865
-0.00407662
0.0789885
-0.00395591
0.0792659
-0.00382743
-0.00369511
0.0795191
0.0767629
-0.00514333
0.0772909
-0.00506024
0.0777956
-0.00496774
0.0782751
-0.00486162
0.0787274
-0.00474314
0.0791507
-0.00461203
0.0795432
-0.00446915
0.0799039
-0.00431666
0.0802319
-0.00415542
-0.00399133
0.0805281
0.0773284
-0.0058479
0.0779985
-0.00573041
0.0786356
-0.00560485
0.0792364
-0.00546242
0.0797981
-0.00530478
0.0803178
-0.00513178
0.0807934
-0.00494472
0.0812235
-0.00474677
0.0816069
-0.00453883
-0.00433023
0.0819458
0.0784007
-0.00676594
0.0792639
-0.00659362
0.0800729
-0.00641383
0.0808219
-0.00621146
0.0815065
-0.00598938
0.0821228
-0.00574811
0.0826682
-0.00549009
0.0831416
-0.00522023
0.0835429
-0.00494003
-0.00466326
0.0838759
0.0803912
-0.00791859
0.0814456
-0.00764799
0.0823951
-0.00736335
0.0832347
-0.00705103
0.0839596
-0.00671426
0.0845661
-0.00635469
0.0850539
-0.0059778
0.0854252
-0.00559156
0.0856849
-0.00519979
-0.00481829
0.08584
0.0832594
-0.00916921
0.0842856
-0.00867423
0.0851028
-0.00818054
0.0857228
-0.00767102
0.086149
-0.00714046
0.0863867
-0.00659244
0.086447
-0.00603807
0.0863436
-0.00548817
0.0860931
-0.0049493
-0.00443593
0.0857108
0.0849086
-0.00996217
0.0852125
-0.00897816
0.0851731
-0.00814115
0.0848325
-0.00733038
0.0842232
-0.00653119
0.0833872
-0.00575646
0.082368
-0.00501881
0.0812025
-0.00432271
0.079921
-0.00366776
-0.00304652
0.0785316
0.0786652
-0.0083366
0.0767353
-0.00704819
0.0744772
-0.00588305
0.0719884
-0.00484166
0.0693668
-0.00390959
0.0667089
-0.00309848
0.0640912
-0.00240115
0.0615666
-0.00179817
0.0591662
-0.00126733
-0.000798699
0.0569184
0.050034
0.0429858
0.0371027
0.0322611
0.0283515
0.025253
0.0228519
0.0210537
0.0197864
0.0189877
0.0750787
-0.010504
0.0751798
-0.00944092
0.0752685
-0.00824472
0.0753419
-0.00699233
0.075399
-0.00574705
0.0754406
-0.00455845
0.0754682
-0.00345395
0.0754843
-0.00245804
0.0754906
-0.00157306
0.0754898
-0.00081211
0.0754831
-0.000159982
0.0754729
0.000373947
0.0754602
0.000816682
0.0754466
0.00115898
0.0754327
0.00143264
0.0754193
0.00163038
0.0754068
0.00177983
0.0753946
0.0018782
0.0753826
0.00194103
0.00196565
0.0753448
-0.0106395
0.0754539
-0.00955
0.0755326
-0.00832338
0.0755831
-0.00704284
0.0756097
-0.00577363
0.0756172
-0.00456599
0.0756103
-0.00344703
0.0755933
-0.00244109
0.0755697
-0.0015494
0.0755425
-0.000784914
0.0755137
-0.000131244
0.0754853
0.00040241
0.0754583
0.000843656
0.0754337
0.00118356
0.0754122
0.00145416
0.0753933
0.00164929
0.0753775
0.00179562
0.0753628
0.00189291
0.0753499
0.00195392
0.00197976
0.075682
-0.0108235
0.0758154
-0.00968337
0.075897
-0.00840501
0.0759327
-0.00707857
0.0759317
-0.00577262
0.0759034
-0.00453769
0.0758563
-0.00339987
0.0757978
-0.00238259
0.0757336
-0.00148521
0.0756685
-0.000719849
0.0756057
-6.84259e-05
0.0755473
0.000460752
0.0754953
0.00089573
0.07545
0.00122883
0.0754124
0.00149173
0.0753809
0.0016808
0.0753562
0.00182034
0.0753342
0.00191488
0.0753162
0.00197194
0.00200011
0.0760366
-0.0110658
0.0762032
-0.00984993
0.0762947
-0.00849648
0.0763215
-0.00710542
0.0762978
-0.00574894
0.0762374
-0.00447732
0.0761526
-0.00331501
0.0760537
-0.00228374
0.0759489
-0.00138035
0.0758445
-0.000615471
0.075745
3.10802e-05
0.0756534
0.000552351
0.0755722
0.000976925
0.075502
0.00129901
0.0754441
0.00154966
0.075396
0.00172893
0.0753586
0.00185774
0.075326
0.00194745
0.0752996
0.00199832
0.00202881
0.0764051
-0.0113719
0.0766071
-0.010052
0.0767091
-0.00859846
0.0767273
-0.00712359
0.0766813
-0.00570299
0.0765897
-0.0043857
0.0764684
-0.00319368
0.0763307
-0.0021461
0.0761868
-0.00123644
0.0760447
-0.0004733
0.0759093
0.000166468
0.0757851
0.000676516
0.0756749
0.00108716
0.0755795
0.00139435
0.0755007
0.00162849
0.0754352
0.00179442
0.0753843
0.00190865
0.0753402
0.00199158
0.0753045
0.002034
0.00206698
0.0767955
-0.011746
0.0770326
-0.0102891
0.0771423
-0.00870815
0.0771483
-0.0071296
0.0770768
-0.00563152
0.0769515
-0.00426035
0.0767922
-0.00303441
0.0766153
-0.00196914
0.0764325
-0.00105371
0.0762533
-0.000294061
0.0760833
0.000336513
0.0759277
0.000832098
0.0757896
0.00122524
0.0756703
0.0015137
0.0755716
0.00172714
0.0754897
0.00187629
0.0754263
0.00197207
0.0753713
0.00204659
0.075327
0.00207826
0.00211462
0.0772186
-0.0121919
0.0774885
-0.0105591
0.0776009
-0.00882049
0.0775889
-0.00711764
0.0774864
-0.00552904
0.0773228
-0.00409672
0.0771223
-0.0028339
0.076904
-0.00175082
0.0766813
-0.000831012
0.0764646
-7.73952e-05
0.07626
0.000541127
0.0760735
0.00101862
0.0759082
0.00139051
0.0757658
0.00165614
0.0756484
0.00184455
0.0755512
0.00197343
0.0754766
0.0020467
0.0754117
0.00211153
0.07536
0.00212994
0.00217151
0.0776858
-0.0127128
0.0779846
-0.0108578
0.0780926
-0.00892848
0.0780552
-0.00708024
0.0779148
-0.00538867
0.0777073
-0.0038892
0.0774613
-0.00258791
0.0771987
-0.00148822
0.076934
-0.000566344
0.0766783
0.000178289
0.0764381
0.000781329
0.0762199
0.00123683
0.0760268
0.00158364
0.0758609
0.00182201
0.0757245
0.00198099
0.0756121
0.00208586
0.0755264
0.00213233
0.0754515
0.00218641
0.0753926
0.00218887
0.00223835
0.0782105
-0.0133104
0.0785317
-0.011179
0.0786268
-0.00902354
0.0785553
-0.00700873
0.0783692
-0.0052026
0.0781114
-0.00363138
0.077815
-0.00229151
0.0775041
-0.00117739
0.0771942
-0.000256399
0.0768964
0.000476042
0.0766176
0.00106014
0.0763648
0.00148967
0.0761406
0.00180782
0.0759485
0.00201414
0.0757901
0.00213942
0.0756599
0.00221603
0.0755607
0.00223147
0.0754735
0.00227364
0.075405
0.00225736
0.0023181
0.078809
-0.0139853
0.0791452
-0.0115152
0.0792179
-0.00909625
0.0791025
-0.00689337
0.0788615
-0.00496153
0.0785451
-0.003315
0.078191
-0.00193743
0.0778251
-0.00081144
0.077463
0.000105702
0.0771164
0.000822589
0.0767917
0.00138486
0.0764969
0.00178447
0.0762339
0.00207078
0.0760083
0.00223979
0.0758202
0.0023275
0.0756656
0.0023706
0.075546
0.00235108
0.0754404
0.0023793
0.075356
0.00234168
0.00241685
0.0795076
-0.0147391
0.0798514
-0.011859
0.0798911
-0.00913599
0.0797185
-0.00672076
0.0794076
-0.00465062
0.0790176
-0.00292504
0.0785909
-0.00151066
0.078155
-0.000375548
0.0777251
0.000535581
0.0773148
0.00123291
0.0769288
0.00177086
0.0765769
0.00213636
0.07626
0.00238771
0.0759866
0.00251314
0.0757545
0.00255959
0.0755631
0.00256201
0.0754102
0.002504
0.0752755
0.00251396
0.0751645
0.00245273
0.00254359
0.0803564
-0.0155765
0.0806978
-0.0122004
0.080684
-0.00912219
0.080425
-0.00646172
0.080011
-0.00423661
0.0795135
-0.00242754
0.0789804
-0.000977626
0.0784418
0.000163023
0.077914
0.00106341
0.0774107
0.00173623
0.0769362
0.00224537
0.0765016
0.0025709
0.0761066
0.00278274
0.0757636
0.00285614
0.0754664
0.00285686
0.0752202
0.00280817
0.0750161
0.00270806
0.0748389
0.00269116
0.0746874
0.00260421
0.00270758
0.0814432
-0.0164916
0.0817442
-0.0125014
0.0816147
-0.00899275
0.081194
-0.00604102
0.0806006
-0.00364314
0.0799232
-0.00175013
0.0792188
-0.000273304
0.0785186
0.000863232
0.077843
0.00173898
0.077203
0.00237632
0.0766023
0.00284599
0.0760523
0.00312096
0.0755505
0.0032845
0.0751129
0.00329377
0.0747279
0.00324179
0.074409
0.00312713
0.0741369
0.00298017
0.0739064
0.00292161
0.0737044
0.00280624
0.00291189
0.0828488
-0.0173945
0.0829684
-0.0126209
0.0825542
-0.0085786
0.0818058
-0.0052926
0.0808862
-0.00272356
0.0799069
-0.000770826
0.0789301
0.000703548
0.0779931
0.00180026
0.077111
0.00262109
0.0762906
0.00319669
0.0755323
0.0036043
0.0748432
0.00381008
0.0742179
0.00390971
0.0736731
0.00383866
0.0731917
0.00372317
0.0727951
0.00352369
0.0724525
0.00332281
0.0721728
0.00320127
0.0719259
0.00305319
0.00314309
0.0844089
-0.0179275
0.0839799
-0.0121919
0.0829356
-0.00753433
0.0815821
-0.0039391
0.0801307
-0.00127213
0.0787045
0.000655391
0.0773649
0.00204311
0.0761399
0.0030253
0.07503
0.00373093
0.074029
0.00419769
0.0731269
0.00450646
0.07232
0.00461695
0.0715978
0.00463185
0.0709728
0.00446368
0.0704241
0.00427188
0.0699791
0.00396873
0.0695969
0.00370496
0.0693024
0.00349583
0.0690468
0.00330872
0.00336048
0.0851365
-0.0172241
0.0835003
-0.0105557
0.081336
-0.00537003
0.0790879
-0.00169097
0.0769582
0.000857612
0.0750419
0.00257165
0.0733725
0.00371254
0.0719329
0.0044649
0.0706954
0.00496843
0.0696257
0.00526734
0.0686945
0.00543768
0.0678806
0.00543086
0.0671667
0.00534578
0.066557
0.00507333
0.0660311
0.00479783
0.0656193
0.00438055
0.0652774
0.00404682
0.0650437
0.00372952
0.0648556
0.0034968
0.00349199
0.08241
-0.0139233
0.0788506
-0.00699628
0.0752747
-0.0017942
0.072161
0.00142281
0.0695492
0.00346936
0.0674387
0.00468213
0.0657532
0.00539802
0.0644158
0.0058023
0.0633497
0.00603458
0.0624844
0.0061326
0.0617689
0.00615326
0.0611644
0.00603526
0.0606501
0.00586012
0.0602233
0.00550011
0.059871
0.00515011
0.0596253
0.00462628
0.0594479
0.00422422
0.0593859
0.00379157
0.0593715
0.00351113
0.00344479
0.0716849
-0.00707668
0.0664002
-0.00171158
0.062065
0.00254103
0.0589997
0.0044881
0.0567723
0.00569672
0.0552255
0.00622893
0.0541716
0.00645193
0.0534754
0.00649846
0.0530262
0.00648378
0.0527355
0.00642331
0.0525453
0.0063435
0.0524123
0.00616829
0.0523218
0.00595058
0.052272
0.00554989
0.052265
0.0051571
0.0523347
0.00455659
0.052457
0.00410199
0.0526813
0.00356726
0.0529453
0.00324713
0.00313335
0.0488961
0.000945638
0.0447167
0.00246777
0.0419784
0.0052794
0.040686
0.00578044
0.040019
0.00636374
0.0398892
0.00635871
0.0400755
0.0062657
0.0404717
0.00610219
0.0409832
0.00597231
0.0415381
0.00586837
0.0420943
0.00578732
0.0426196
0.005643
0.0431151
0.00545506
0.0435856
0.0050794
0.0440514
0.00469134
0.0445456
0.00406241
0.0450628
0.00358479
0.0456467
0.00298329
0.0462486
0.00264524
0.0025125
0.0193903
0.000543019
0.0201383
0.00171972
0.0209116
0.00450614
0.0220595
0.00463253
0.0232988
0.00512443
0.02476
0.00489748
0.026279
0.00474675
0.0278245
0.00455661
0.0293327
0.00446419
0.0307619
0.00443911
0.0320913
0.00445798
0.0333049
0.00442939
0.0344188
0.00434117
0.0354432
0.00405502
0.0364134
0.00372106
0.0373524
0.0031234
0.0382816
0.00265559
0.0392174
0.00204754
0.0401476
0.00171499
0.00160338
0.00273243
-0.00218941
0.00328436
0.00116779
0.00406136
0.00372914
0.00485135
0.00384255
0.0057297
0.00424608
0.0066176
0.00400958
0.0075051
0.00385925
0.00836523
0.00369649
0.00918294
0.00364648
0.00994644
0.00367561
0.0106504
0.00375407
0.0112934
0.00378631
0.0118824
0.00375216
0.0124214
0.00351602
0.0129309
0.00321163
0.0134023
0.002652
0.0138787
0.00217914
0.0143075
0.00161873
0.0147759
0.00124662
0.00121652
0.00070586
-0.00289527
0.00113145
0.000742193
0.00205619
0.00280441
0.00299062
0.00290812
0.00403452
0.00320218
0.00506319
0.0029809
0.0060794
0.00284304
0.00705139
0.0027245
0.00796882
0.00272906
0.00882188
0.00282255
0.00960771
0.00296823
0.0103262
0.00306779
0.0109855
0.00309291
0.0115882
0.00291332
0.0121564
0.00264337
0.0126771
0.00213134
0.0131992
0.00165701
0.01366
0.00115791
0.0141629
0.000743741
0.000810932
-0.000714944
-0.00218033
-0.000436288
0.000463537
0.000553239
0.00181489
0.00158428
0.00187708
0.00274507
0.00204139
0.00387802
0.00184795
0.00498854
0.00173251
0.00604312
0.00166993
0.00703433
0.00173785
0.00795436
0.00190251
0.00880263
0.00211996
0.00957972
0.0022907
0.0102946
0.00237805
0.0109483
0.0022596
0.0115634
0.0020283
0.0121236
0.00157113
0.0126795
0.00110107
0.0131657
0.000671774
0.013689
0.000220414
0.000388973
-0.0016035
-0.000576823
-0.00142137
0.000281408
-0.000427262
0.000820773
0.000663729
0.000786084
0.00189866
0.000806461
0.00309658
0.00065003
0.00426576
0.000563338
0.00537129
0.000564394
0.00640819
0.000700943
0.00737048
0.000940218
0.00825948
0.00123097
0.00907617
0.00147402
0.00982991
0.00162431
0.0105199
0.00156959
0.0111683
0.00137989
0.0117561
0.00098336
0.0123341
0.000523086
0.0128354
0.000170485
0.0133685
-0.000312725
-4.06913e-05
-0.00199831
0.00142149
-0.00186362
0.000146719
-0.000869332
-0.00017352
0.000250443
-0.00033369
0.00151796
-0.000461053
0.0027416
-0.000573613
0.00393284
-0.000627898
0.00505656
-0.000559329
0.00610975
-0.000352252
0.00708821
-3.82345e-05
0.00799477
0.000324412
0.00883061
0.000638166
0.00960502
0.000849896
0.0103152
0.000859431
0.0109821
0.000712935
0.0115844
0.000381093
0.0121718
-6.42777e-05
0.0126775
-0.000335288
0.0132094
-0.000844582
-0.000469273
-0.00193556
0.00335705
-0.00175912
-2.97188e-05
-0.000754355
-0.00117829
0.000357464
-0.00144551
0.00161226
-0.00171585
0.0028228
-0.00178416
0.00399946
-0.00180455
0.00510837
-0.00166824
0.00614807
-0.00139196
0.00711609
-0.00100626
0.00801642
-0.00057591
0.00885024
-0.000195653
0.00962626
7.38743e-05
0.0103396
0.000146075
0.0110096
4.29679e-05
0.0116127
-0.000222071
0.0121965
-0.000648026
0.0126959
-0.000834712
0.0132155
-0.00136418
-0.00088795
-0.00140063
0.00475768
-0.00110658
-0.00032377
-7.86294e-05
-0.00220623
0.000978548
-0.00250269
0.00217764
-0.00291494
0.00333686
-0.00294338
0.00446293
-0.00293062
0.00552464
-0.00272995
0.00652163
-0.00238894
0.00745299
-0.00193762
0.0083235
-0.00144642
0.00913412
-0.00100628
0.0098926
-0.000684598
0.0105921
-0.000553383
0.0112494
-0.000614334
0.0118398
-0.000812513
0.0124071
-0.0012153
0.0128896
-0.00131725
0.0133864
-0.00186099
-0.00128822
-0.000319629
0.00507731
8.65969e-05
-0.000729996
0.00110325
-0.00322288
0.0020939
-0.00349334
0.00319705
-0.0040181
0.00426744
-0.00401376
0.00530828
-0.00397146
0.00629185
-0.00371352
0.00721833
-0.00331542
0.00808811
-0.0028074
0.00890628
-0.00226459
0.00967338
-0.00177338
0.0103958
-0.00140698
0.0110647
-0.00122234
0.0116941
-0.00124376
0.0122587
-0.0013771
0.0127972
-0.00175381
0.0132531
-0.00177307
0.0137174
-0.00232528
-0.00166221
0.00131981
0.0037575
0.00190835
-0.00131853
0.00280883
-0.00412337
0.00367436
-0.00435886
0.00464014
-0.00498388
0.0055854
-0.00495902
0.00650852
-0.00489458
0.00738534
-0.00459035
0.00821589
-0.00414597
0.00900136
-0.00359287
0.00974661
-0.00300985
0.0104515
-0.00247824
0.0111206
-0.00207609
0.0117436
-0.00184532
0.0123309
-0.00183113
0.0128575
-0.00190366
0.013356
-0.00225234
0.0137762
-0.00219328
0.0141996
-0.0027486
-0.00200268
0.00369615
6.13505e-05
0.00431615
-0.00193854
0.0049853
-0.00479252
0.00567999
-0.00505356
0.00646172
-0.00576561
0.0072504
-0.00574769
0.00802546
-0.00566964
0.00877049
-0.00533538
0.00948289
-0.00485837
0.0101644
-0.00427435
0.0108189
-0.00366434
0.0114452
-0.00310453
0.0120458
-0.00267671
0.0126091
-0.00240866
0.0131415
-0.00236355
0.0136197
-0.00238184
0.0140672
-0.00269985
0.0144468
-0.00257288
0.0148168
-0.00311859
-0.0023119
0.0373154
0.00332168
-0.0405757
0.0358826
-0.000505719
0.0355689
-0.00447883
0.0363137
-0.00579835
0.0372963
-0.00674823
0.0385729
-0.00702429
0.0399082
-0.00700489
0.0412881
-0.00671533
0.0426828
-0.00625303
0.0440927
-0.0056843
0.0455183
-0.00508994
0.0469464
-0.00453257
0.0483645
-0.0040948
0.0497328
-0.00377702
0.0510332
-0.00366388
0.0522183
-0.00356698
0.0532744
-0.0037559
0.0542308
-0.00352937
0.0549938
-0.00388158
-0.00316445
0.0870956
0.0128609
-0.0966348
0.0804746
0.00611522
0.0749926
0.00100318
0.0713142
-0.00211989
0.0686816
-0.00411571
0.0669053
-0.00524792
0.0656929
-0.00579249
0.0648994
-0.00592186
0.0644246
-0.0057782
0.0642043
-0.00546403
0.0641932
-0.00507884
0.0643499
-0.00468932
0.0646306
-0.00437549
0.0649867
-0.0041331
0.0653681
-0.00404526
0.065734
-0.00393293
0.06603
-0.00405182
0.0663087
-0.00380809
0.0664408
-0.0040137
-0.00343011
0.108026
0.0165737
-0.111738
0.103933
0.0102075
0.0996394
0.00529714
0.0957779
0.00174161
0.0924333
-0.000771094
0.0896278
-0.00244243
0.0872866
-0.00345129
0.085358
-0.00399332
0.0837883
-0.00420852
0.082532
-0.0042077
0.0815447
-0.00409158
0.0807875
-0.00393206
0.0802093
-0.00379728
0.0797679
-0.00369172
0.0794058
-0.00368312
0.0790959
-0.00362306
0.0787718
-0.00372777
0.0784939
-0.0035302
0.0781329
-0.00365266
-0.00321119
0.112341
0.0167193
-0.112486
0.110932
0.0116164
0.108798
0.00743096
0.106405
0.00413444
0.103996
0.00163797
0.101694
-0.000140543
0.0996013
-0.00135854
0.0977386
-0.00213063
0.0961072
-0.00257719
0.0947021
-0.00280257
0.0934997
-0.00288914
0.0924797
-0.00291206
0.0916023
-0.0029199
0.0908413
-0.00293075
0.0901501
-0.00299187
0.0895199
-0.00299294
0.0888931
-0.00310092
0.0883312
-0.00296834
0.0877287
-0.00305018
-0.00273189
0.111064
0.0156248
-0.10997
0.111016
0.0116643
0.110246
0.00820143
0.109039
0.00534133
0.107598
0.00307843
0.106095
0.00136249
0.104616
0.000120651
0.103236
-0.000750683
0.101975
-0.0013162
0.100847
-0.0016746
0.0998448
-0.00188661
0.0989588
-0.00202612
0.0981621
-0.00212318
0.097438
-0.00220663
0.0967533
-0.00230719
0.0961088
-0.00234844
0.0954626
-0.0024547
0.0948679
-0.00237362
0.094252
-0.00243428
-0.00220359
0.109051
0.0143319
-0.107758
0.109479
0.0112364
0.109305
0.00837551
0.108721
0.00592539
0.107888
0.00391116
0.106933
0.0023173
0.105948
0.00110568
0.104983
0.000214657
0.104078
-0.000411289
0.103253
-0.000849214
0.102506
-0.00114016
0.101833
-0.00135344
0.101218
-0.00150736
0.100645
-0.00163386
0.100093
-0.00175542
0.0995629
-0.00181825
0.0990273
-0.00191907
0.0985237
-0.00187002
0.0980087
-0.00191932
-0.00174242
0.107434
0.0131335
-0.106236
0.107977
0.0106943
0.10803
0.00832172
0.107741
0.00621432
0.107227
0.00442564
0.106585
0.00295955
0.105887
0.00180302
0.105187
0.000914615
0.104518
0.000258243
0.103898
-0.000229595
0.103335
-0.000576819
0.102823
-0.000841492
0.102353
-0.00103766
0.101913
-0.00119384
0.101489
-0.00133102
0.101078
-0.00140743
0.100664
-0.00150517
0.10027
-0.00147578
0.0998708
-0.00152019
-0.00137593
0.106217
0.0120771
-0.10516
0.10677
0.0101408
0.106922
0.00817008
0.106782
0.00635392
0.106442
0.00476546
0.105978
0.00342364
0.105452
0.00232933
0.104909
0.0014572
0.104383
0.000784994
0.103888
0.000265126
0.103434
-0.000122607
0.103019
-0.00042678
0.102639
-0.000657978
0.102284
-0.000838617
0.101944
-0.000991426
0.101617
-0.00108027
0.101291
-0.00117931
0.100981
-0.00116494
0.100669
-0.00120877
-0.00108717
0.105266
0.0111602
-0.10435
0.105798
0.0096089
0.106
0.00796845
0.105951
0.00640299
0.105723
0.00499321
0.105378
0.00376925
0.104966
0.00274051
0.104529
0.00189439
0.104095
0.00121914
0.10368
0.000679984
0.103295
0.000262042
0.102939
-7.05743e-05
0.102613
-0.000331598
0.102308
-0.00053384
0.102019
-0.00070242
0.101743
-0.00080446
0.101472
-0.000908213
0.101215
-0.00090788
0.10096
-0.00095355
-0.000850482
0.104498
0.0103744
-0.103712
0.104991
0.00911602
0.105216
0.00774333
0.105227
0.00639189
0.10508
0.00514045
0.104823
0.00402595
0.1045
0.00306396
0.104143
0.00225082
0.10378
0.00158223
0.103426
0.00103443
0.103092
0.000596196
0.102779
0.000241764
0.102489
-4.13883e-05
0.102218
-0.000262936
0.101962
-0.00044622
0.101719
-0.0005617
0.101483
-0.0006718
0.10126
-0.000685157
0.10104
-0.000733693
-0.000646967
0.103862
0.00970873
-0.103196
0.104306
0.00867216
0.104536
0.00751352
0.104586
0.00634187
0.104498
0.00522864
0.10431
0.00421371
0.104057
0.0033167
0.103767
0.00254043
0.103464
0.00188537
0.103162
0.00133692
0.102871
0.000886764
0.102596
0.00051737
0.102338
0.000216527
0.102094
-1.95717e-05
0.101864
-0.0002161
0.101647
-0.00034429
0.101436
-0.000461003
0.101238
-0.00048721
0.101043
-0.000538852
-0.000466524
0.103325
0.00915033
-0.102767
0.103716
0.00828146
0.103937
0.00729211
0.10401
0.00626908
0.103964
0.0052745
0.10383
0.00434824
0.103634
0.00351206
0.103401
0.00277364
0.10315
0.00213634
0.102894
0.00159278
0.102644
0.00113712
0.102403
0.00075818
0.102175
0.000444876
0.101959
0.000196176
0.101753
-9.93459e-06
0.101558
-0.000149869
0.10137
-0.000272723
0.101193
-0.00031039
0.101019
-0.000365023
-0.000305017
0.102862
0.00868633
-0.102398
0.1032
0.00794406
0.103404
0.00708746
0.103488
0.00618553
0.103471
0.0052911
0.103378
0.00444214
0.103228
0.00366116
0.103043
0.00295925
0.102837
0.00234176
0.102624
0.00180652
0.102411
0.00134992
0.102203
0.000965582
0.102005
0.000643775
0.101815
0.000385768
0.101634
0.000171143
0.101462
2.21785e-05
0.101295
-0.000106267
0.101139
-0.000153761
0.100985
-0.000211129
-0.000161346
0.102456
0.0083049
-0.102074
0.102742
0.00765792
0.102925
0.00690449
0.10301
0.00609982
0.103013
0.0052884
0.10295
0.00450541
0.102838
0.00377309
0.102692
0.00310484
0.102527
0.00250738
0.102351
0.00198228
0.102173
0.00152772
0.101998
0.00114098
0.101828
0.000813739
0.101665
0.000548841
0.101508
0.000327879
0.101359
0.000171138
0.101215
3.82127e-05
0.101078
-1.73693e-05
0.100944
-7.72081e-05
-3.56985e-05
0.10209
0.00799581
-0.101781
0.102328
0.00742005
0.102487
0.00674583
0.102569
0.00601795
0.102583
0.0052739
0.102543
0.00454584
0.102461
0.00385518
0.102349
0.00321672
0.102218
0.00263816
0.102077
0.00212371
0.101932
0.0016729
0.101787
0.00128579
0.101645
0.000955321
0.101508
0.000685576
0.101376
0.000459846
0.101251
0.000297012
0.101128
0.000160347
0.101013
9.80637e-05
0.1009
3.63106e-05
7.12059e-05
0.101755
0.0077507
-0.10151
0.101948
0.00722731
0.102081
0.00661266
0.102155
0.00594393
0.102176
0.00525304
0.102152
0.00456931
0.102095
0.00391306
0.102011
0.00329989
0.101912
0.00273807
0.101801
0.00223374
0.101687
0.00178737
0.101572
0.00140111
0.101458
0.0010689
0.101348
0.000795885
0.101241
0.000566633
0.101139
0.000399158
0.10104
0.000259437
0.100946
0.000191997
0.100854
0.000128555
0.000158371
0.101439
0.00756293
-0.101252
0.10159
0.00707665
0.101697
0.00650515
0.101761
0.00588017
0.101785
0.0052294
0.101774
0.0045798
0.101737
0.00395054
0.101679
0.00335764
0.101608
0.00280966
0.101527
0.00231408
0.101443
0.00187202
0.101357
0.00148717
0.101271
0.00115415
0.101188
0.00087908
0.101107
0.000647329
0.10103
0.000476567
0.100955
0.000334499
0.100883
0.000263388
0.100813
0.000198594
0.000224862
0.101133
0.00742666
-0.100997
0.101245
0.00696478
0.101328
0.00642195
0.101382
0.00582684
0.101407
0.00520398
0.101408
0.00457853
0.10139
0.00396873
0.101357
0.00339072
0.101314
0.00285317
0.101263
0.00236449
0.101209
0.00192615
0.101153
0.00154295
0.101098
0.00120988
0.101043
0.000933909
0.100989
0.000700803
0.100938
0.000528254
0.100887
0.000384831
0.100839
0.000311686
0.100791
0.000246134
0.000270757
0.100834
0.00733444
-0.100742
0.100914
0.00688443
0.100978
0.00635779
0.101026
0.00577974
0.101056
0.00517323
0.101072
0.00456242
0.101076
0.00396491
0.10107
0.00339674
0.101057
0.00286659
0.101038
0.0023833
0.101016
0.00194853
0.100991
0.00156768
0.100965
0.00123596
0.100938
0.000960744
0.100911
0.000728103
0.100883
0.000555664
0.100856
0.000412531
0.100828
0.000339122
0.1008
0.00027387
0.000298367
0.100583
-0.100518
0.100645
0.100703
0.100755
0.100799
0.100835
0.100863
0.100884
0.100899
0.100907
0.100911
0.100911
0.100907
0.1009
0.100891
0.100879
0.100865
0.10085
0.100834
0.08383
0.00852818
-0.0923582
0.0761912
0.00763876
0.0693937
0.00679755
0.0633537
0.00603994
0.0580278
0.00532598
0.0533711
0.00465666
0.0493355
0.00403561
0.0458764
0.00345907
0.0429606
0.0029158
0.00238487
0.107997
0.00857288
-0.108042
0.107687
0.00794932
0.107015
0.00746924
0.106047
0.00700793
0.104827
0.00654579
0.103408
0.00607639
0.10184
0.00560269
0.100171
0.00512834
0.0984357
0.00465137
0.0041857
0.109474
0.00706444
-0.107966
0.1105
0.00692312
0.111291
0.00667895
0.111873
0.00642557
0.112263
0.00615623
0.112472
0.0058669
0.112515
0.00555972
0.112403
0.0052405
0.112145
0.00490974
0.00459196
0.105667
0.00590132
-0.104503
0.106835
0.00575507
0.107898
0.005616
0.108863
0.0054598
0.10973
0.00528918
0.110494
0.00510362
0.11115
0.00490378
0.111698
0.00469249
0.112138
0.00446962
0.00424354
0.10357
0.00489932
-0.102568
0.10452
0.0048055
0.105418
0.00471822
0.106259
0.00461814
0.107042
0.00450698
0.107761
0.00438402
0.108415
0.00424946
0.109003
0.00410506
0.109521
0.00395126
0.0037951
0.102635
0.00414432
-0.10188
0.103348
0.00409266
0.104029
0.00403744
0.104676
0.0039712
0.105287
0.00389541
0.105861
0.00380967
0.106397
0.0037142
0.106892
0.00361021
0.107345
0.0034983
0.00338149
0.102167
0.00357819
-0.101601
0.102712
0.0035474
0.103238
0.00351161
0.103743
0.00346647
0.104225
0.00341335
0.104682
0.00335213
0.105113
0.003283
0.105517
0.00320678
0.105891
0.00312401
0.00303663
0.101895
0.00314028
-0.101457
0.102321
0.0031213
0.102735
0.00309792
0.103135
0.00306682
0.103519
0.00302912
0.103886
0.00298485
0.104235
0.00293415
0.104564
0.00287757
0.104873
0.00281548
0.00274918
0.101722
0.00279901
-0.10138
0.102056
0.00278717
0.102382
0.00277144
0.1027
0.00274944
0.103007
0.00272195
0.103303
0.00268912
0.103586
0.00265107
0.103855
0.00260817
0.10411
0.00256069
0.00250949
0.101598
0.00253273
-0.101332
0.10186
0.002525
0.102118
0.0025136
0.10237
0.00249718
0.102616
0.00247627
0.102854
0.00245102
0.103084
0.00242157
0.103304
0.00238815
0.103513
0.00235095
0.00231058
0.101496
0.00232456
-0.101288
0.101702
0.0023187
0.101906
0.00230955
0.102107
0.00229645
0.102304
0.00227971
0.102495
0.00225946
0.102681
0.00223582
0.10286
0.00220895
0.103032
0.00217898
0.00214632
0.101399
0.002161
-0.101236
0.101562
0.00215577
0.101724
0.00214768
0.101884
0.00213649
0.102041
0.00212237
0.102196
0.00210541
0.102346
0.00208571
0.102491
0.00206338
0.102632
0.0020385
0.00201137
0.1013
0.00203184
-0.101171
0.101429
0.00202666
0.101558
0.00201901
0.101685
0.00200891
0.101811
0.00199645
0.101935
0.00198168
0.102056
0.00196468
0.102174
0.00194552
0.102288
0.00192424
0.00190107
0.101194
0.00192962
-0.101092
0.101297
0.00192423
0.101399
0.00191675
0.101501
0.0019073
0.101601
0.00189592
0.1017
0.00188264
0.101797
0.00186752
0.101892
0.00185059
0.101985
0.0018319
0.00181159
0.101082
0.001849
-0.101002
0.101163
0.00184335
0.101244
0.00183594
0.101325
0.00182691
0.101404
0.00181627
0.101483
0.00180403
0.10156
0.00179023
0.101636
0.0017749
0.10171
0.00175807
0.00173984
0.100964
0.00178631
-0.100902
0.101027
0.00178045
0.10109
0.0017731
0.101153
0.00176435
0.101215
0.00175422
0.101276
0.00174272
0.101336
0.00172986
0.101396
0.00171566
0.101454
0.00170016
0.00168344
0.100839
0.00173884
-0.100792
0.100887
0.00173308
0.100934
0.00172579
0.100981
0.00171725
0.101028
0.00170747
0.101074
0.00169647
0.10112
0.00168424
0.101165
0.00167082
0.101209
0.00165623
0.00164051
0.100703
0.0017052
-0.10067
0.100737
0.00169944
0.100771
0.00169217
0.100804
0.00168376
0.100837
0.00167421
0.10087
0.00166352
0.100903
0.0016517
0.100935
0.00163879
0.100966
0.00162479
0.00160984
0.100552
0.00168791
-0.100535
0.100573
0.00167841
0.100594
0.00167111
0.100615
0.00166259
0.100636
0.00165297
0.100658
0.00164229
0.100679
0.00163053
0.1007
0.00161772
0.100721
0.00160385
0.00158885
0.100408
-0.100389
0.100419
0.100431
0.100443
0.100456
0.100468
0.100481
0.100493
0.100506
0.100493
3.16658e-05
-2.4228e-05
0.10044
-3.56401e-05
8.81439e-05
0.100395
6.56627e-05
-2.03567e-05
0.100277
-2.63688e-05
0.000144135
0.100183
0.000102232
-8.45046e-06
0.099977
-8.55566e-06
0.000214804
0.0998288
0.000164737
-1.66175e-05
0.0994918
5.40729e-05
0.000282927
0.0992785
0.000274211
-6.08972e-05
0.0987335
0.000221291
0.000323698
0.0984381
0.000472921
-0.000177464
0.097533
0.000655255
0.000249832
0.0971258
0.000850867
-0.000443656
0.095527
0.00182439
-0.000225655
0.0949244
0.00163831
-0.00103563
0.0917491
0.00542144
-0.00224616
0.0907118
0.00367104
-0.00263373
0.0835057
0.0197908
-0.0125848
0.0874312
0.00910538
-0.0130309
0.0972688
-0.102196
0.100504
2.78619e-05
0.100433
3.50356e-05
0.10041
8.87554e-05
0.100267
0.000116786
0.100208
0.000161536
0.0999613
0.000237681
0.0998673
0.000258815
0.099471
0.000450307
0.0993419
0.000403377
0.0987092
0.000853917
0.0985487
0.0006335
0.0975177
0.00168616
0.0973375
0.00103111
0.0955739
0.00358799
0.095408
0.00180417
0.0921863
0.00864318
0.0922408
0.00361656
0.0872531
0.0247785
0.0876048
0.0087537
0.0768315
0.100509
1.92443e-05
0.100435
0.000108535
0.100416
0.000108089
0.10027
0.000262587
0.100217
0.000214366
0.0999691
0.00048572
0.0998844
0.000343567
0.099489
0.000845716
0.0993732
0.000519114
0.098751
0.00147613
0.0986083
0.000776216
0.0976209
0.00267357
0.0974584
0.0011936
0.0958697
0.00517672
0.0956783
0.00199557
0.0932471
0.0110743
0.0928335
0.0040302
0.0915758
0.0260362
0.0893158
0.0110137
0.0581815
0.10051
9.0973e-06
0.100439
0.000180074
0.100418
0.000128434
0.100278
0.000403195
0.100223
0.000269261
0.0999871
0.000721412
0.0998956
0.000435061
0.0995276
0.00121373
0.0993939
0.000652734
0.098834
0.00203609
0.0986457
0.00096449
0.0978089
0.00351037
0.0975295
0.00147307
0.096337
0.00636921
0.0958338
0.00249876
0.0945425
0.0123656
0.0933702
0.00520249
0.0944063
0.0250001
0.0918291
0.0135909
0.0455071
0.100508
7.00618e-07
0.100443
0.000244984
0.100417
0.000154431
0.10029
0.000531137
0.100225
0.00033415
0.100014
0.000932118
0.0999023
0.000546666
0.099583
0.00153306
0.0994088
0.000826949
0.0989464
0.00249848
0.0986758
0.00123513
0.0980418
0.00414438
0.0975947
0.0019201
0.0968446
0.00711933
0.0960207
0.00332268
0.09564
0.0127463
0.0941642
0.00667822
0.0959263
0.023238
0.0940968
0.0154204
0.0370356
0.100504
-3.6044e-06
0.100449
0.000300081
0.100415
0.000188913
0.100304
0.000641725
0.100225
0.000413179
0.100046
0.00111104
0.0999091
0.000683719
0.0996471
0.00179507
0.0994269
0.00104714
0.0990695
0.00285594
0.0987165
0.00158814
0.098278
0.00458284
0.0976971
0.00250099
0.0972912
0.00752522
0.0963481
0.00426586
0.0963979
0.0126965
0.0950238
0.0080523
0.0968742
0.0213876
0.0958577
0.016437
0.0310133
0.100499
-2.87989e-06
0.100455
0.000344274
0.100412
0.00023228
0.10032
0.000733771
0.100227
0.000506004
0.10008
0.00125784
0.0999204
0.000843413
0.0997125
0.00200296
0.0994557
0.00130388
0.0991883
0.00312335
0.0987839
0.00199257
0.0984872
0.00487952
0.0978607
0.00312745
0.0976539
0.00773202
0.0967322
0.00518755
0.0969913
0.0124374
0.0958539
0.0091897
0.0975889
0.0196526
0.0971745
0.0168513
0.0265871
0.100494
2.75507e-06
0.100461
0.000378057
0.10041
0.000283038
0.100335
0.000808708
0.100232
0.000609128
0.100113
0.0013766
0.0999388
0.00101758
0.0997745
0.00216732
0.0994998
0.00157859
0.0992974
0.00332573
0.0988784
0.00241156
0.0986739
0.00508402
0.0980583
0.00374303
0.0979683
0.00782197
0.0971348
0.0060211
0.0974882
0.0120841
0.0966079
0.01007
0.0981612
0.0180993
0.0981519
0.0168607
0.0232817
0.10049
1.24635e-05
0.100465
0.000402964
0.10041
0.000338559
0.100349
0.000869367
0.100241
0.000717481
0.100144
0.00147312
0.0999652
0.00119676
0.0998333
0.00229915
0.0995568
0.00185516
0.0993998
0.00348264
0.098991
0.0028204
0.0988463
0.00522869
0.0982735
0.00431589
0.098251
0.00784443
0.0975329
0.00673921
0.0979147
0.0117023
0.0972742
0.0107105
0.0986156
0.0167578
0.098877
0.0165993
0.0207782
0.100487
2.50697e-05
0.100469
0.000420889
0.100412
0.000396013
0.100363
0.000918663
0.100254
0.000826279
0.100175
0.0015525
0.0999981
0.00137318
0.0998902
0.00240702
0.0996235
0.00212188
0.0994983
0.00360786
0.0991154
0.00320333
0.0990091
0.00533494
0.0984961
0.00482896
0.0985091
0.00783142
0.0979143
0.00733401
0.0982823
0.0113342
0.0978529
0.0111399
0.0989746
0.0156362
0.0994126
0.0161614
0.0188589
0.100486
3.93991e-05
0.100473
0.000433571
0.100416
0.00045291
0.100376
0.000959076
0.10027
0.00093158
0.100204
0.00161875
0.100036
0.00154098
0.0999462
0.00249715
0.0996974
0.00237065
0.0995943
0.003711
0.099247
0.00355065
0.0991645
0.00541743
0.0987194
0.00527398
0.098746
0.00780488
0.0982723
0.00780773
0.0985999
0.0110065
0.0983482
0.0113917
0.0992607
0.0147236
0.099801
0.0156211
0.0173721
0.100485
5.44032e-05
0.100476
0.000442459
0.100422
0.000507221
0.100388
0.000992553
0.10029
0.00103032
0.100234
0.00167481
0.100079
0.00169589
0.100002
0.00257395
0.0997764
0.00259609
0.0996887
0.00379871
0.0993825
0.00385684
0.0993137
0.00548624
0.0989391
0.00564857
0.0989646
0.00777934
0.0986031
0.00816931
0.0988765
0.0107331
0.0987659
0.0115023
0.0994925
0.013997
0.100073
0.0150404
0.0162095
0.100485
6.92041e-05
0.100479
0.000448693
0.100429
0.000557374
0.100401
0.00102053
0.100311
0.00112022
0.100263
0.00172273
0.100124
0.00183495
0.100058
0.00264037
0.0998587
0.00279489
0.0997821
0.00387534
0.0995194
0.00411953
0.0994579
0.00554773
0.0991518
0.0059547
0.0991682
0.00776291
0.0989047
0.00843285
0.0991208
0.010517
0.0991133
0.0115098
0.0996835
0.0134268
0.100253
0.0144707
0.0152919
0.100486
8.30983e-05
0.100482
0.000453118
0.100437
0.000602209
0.100413
0.001044
0.100334
0.00119968
0.100293
0.00176384
0.100171
0.00195629
0.100114
0.0026982
0.0999431
0.00296543
0.0998751
0.00394333
0.0996558
0.00433883
0.0995984
0.00560515
0.0993553
0.00619772
0.0993598
0.00775847
0.0991768
0.00861585
0.0993403
0.0103535
0.0993985
0.0114515
0.0998429
0.0129824
0.100363
0.0139511
0.0145623
0.100488
9.55452e-05
0.100484
0.000456328
0.100446
0.000640918
0.100426
0.00106359
0.100358
0.00126767
0.100323
0.00179886
0.10022
0.00205893
0.10017
0.00274826
0.100028
0.00310743
0.0999681
0.00400362
0.0997902
0.00451673
0.0997361
0.0056592
0.0995486
0.00638524
0.099542
0.00776505
0.0994208
0.00873704
0.0995401
0.0102341
0.0996313
0.0113604
0.0999759
0.0126377
0.100421
0.0135062
0.0139813
0.100489
0.000106148
0.100487
0.0004587
0.100455
0.000672986
0.100439
0.00107962
0.100383
0.0013236
0.100354
0.00182803
0.10027
0.00214255
0.100228
0.00279067
0.100114
0.00322155
0.100061
0.00405598
0.0999216
0.00465647
0.0998718
0.00570896
0.0997311
0.00652592
0.0997166
0.00777955
0.0996393
0.00881434
0.0997235
0.01015
0.0998214
0.0112625
0.100086
0.0123735
0.100447
0.0131452
0.0135261
0.100492
0.000114635
0.10049
0.000460448
0.100465
0.000698122
0.100452
0.00109222
0.100408
0.00136724
0.100385
0.00185132
0.10032
0.00220734
0.100286
0.00282513
0.100198
0.00330913
0.100155
0.00409964
0.100049
0.00476188
0.100005
0.00575276
0.0999029
0.0066284
0.099884
0.00779848
0.0998351
0.00886319
0.099891
0.0100941
0.0999773
0.0111762
0.100173
0.0121777
0.100449
0.0128693
0.0131832
0.100494
0.000120829
0.100493
0.000461666
0.100474
0.00071621
0.100465
0.00110141
0.100434
0.00139863
0.100417
0.00186865
0.10037
0.00225393
0.100344
0.00285137
0.100281
0.00337201
0.100247
0.00413398
0.100171
0.00483714
0.100135
0.00578931
0.100062
0.00670063
0.100042
0.00781941
0.100009
0.00889603
0.10004
0.0100624
0.100103
0.0111137
0.100237
0.012044
0.10043
0.0126756
0.0129438
0.100496
0.000124616
0.100495
0.000462472
0.100484
0.000727294
0.100478
0.00110747
0.100459
0.00141822
0.100447
0.00188055
0.100417
0.00228357
0.100398
0.00287015
0.100358
0.00341275
0.100332
0.00415979
0.100282
0.00488686
0.100252
0.00581912
0.100203
0.00675003
0.10018
0.00784216
0.100154
0.00892252
0.100162
0.0100536
0.100194
0.0110819
0.100268
0.0119698
0.100385
0.0125593
0.0127939
0.100498
0.100498
0.100493
0.100489
0.100479
0.100471
0.100454
0.10044
0.100415
0.100395
0.100363
0.100337
0.100301
0.100275
0.100247
0.100235
0.100237
0.100261
0.100304
0.0299926
-5.17015e-05
0.0299884
-0.000112955
0.0299614
-0.000244185
0.0299433
-0.00028978
0.0298954
-0.000458291
0.0298608
-0.000496095
0.0297845
-0.000728278
0.0297263
-0.00075376
0.0296102
-0.00108164
0.0295141
-0.0010911
0.0293397
-0.00155867
0.0291744
-0.00156754
0.0289101
-0.00222107
0.0285926
-0.00237183
0.0281751
-0.00319609
0.027433
-0.00435759
0.0266671
-0.00499156
0.0242788
-0.0130046
0.0221147
-0.0136309
-0.0843917
0.0299919
-4.35829e-05
0.0299888
-0.000109894
0.0299602
-0.000215595
0.0299438
-0.000273342
0.0298933
-0.000407792
0.0298615
-0.000464284
0.0297809
-0.000647685
0.0297274
-0.000700246
0.0296039
-0.000958164
0.0295161
-0.0010033
0.0293288
-0.00137136
0.0291777
-0.00141641
0.0288904
-0.00193385
0.0285959
-0.00207735
0.0281364
-0.00273653
0.0274166
-0.00363778
0.026561
-0.00413598
0.0239835
-0.0104272
0.0212402
-0.0108875
-0.0631515
0.0299915
-3.50655e-05
0.0299889
-0.000107278
0.0299596
-0.00018631
0.0299438
-0.000257566
0.0298921
-0.000356072
0.0298614
-0.000433578
0.0297788
-0.000565056
0.0297271
-0.000648643
0.0296003
-0.000831272
0.0295157
-0.000918765
0.0293227
-0.0011783
0.0291768
-0.0012705
0.0288802
-0.00163728
0.0285913
-0.00178847
0.0281191
-0.00226432
0.0273837
-0.00290239
0.0265191
-0.00327135
0.0236788
-0.00758692
0.0206537
-0.00786239
-0.0424978
0.0299912
-2.62762e-05
0.0299889
-0.000104967
0.0299591
-0.000156522
0.0299438
-0.000242223
0.0298912
-0.000303476
0.0298612
-0.000403607
0.0297771
-0.000480974
0.0297268
-0.000598329
0.0295975
-0.000701965
0.0295152
-0.000836483
0.0293182
-0.000981234
0.0291758
-0.00112818
0.0288729
-0.00133436
0.0285876
-0.00150316
0.0281081
-0.00178483
0.0273582
-0.00215249
0.0264988
-0.00241191
0.0234554
-0.00454357
0.0202498
-0.00465677
-0.022248
0.0299911
-1.73517e-05
0.0299889
-0.000102804
0.0299588
-0.000126438
0.0299437
-0.000227058
0.0298906
-0.000250375
0.0298609
-0.000373963
0.029776
-0.000396071
0.0297263
-0.000548626
0.0295957
-0.000571321
0.0295145
-0.000755341
0.0293153
-0.000781984
0.0291749
-0.000987798
0.0288685
-0.001028
0.0285853
-0.00121995
0.0281022
-0.00130167
0.0273447
-0.00139502
0.0264913
-0.00155854
0.0233382
-0.0013904
0.0200405
-0.00135908
-0.00220754
0.0299911
-8.4306e-06
0.0299889
-0.000100634
0.0299587
-9.6265e-05
0.0299435
-0.000211823
0.0298903
-0.00019714
0.0298605
-0.000344238
0.0297754
-0.000310978
0.0297257
-0.000498858
0.0295948
-0.00044041
0.0295137
-0.00067425
0.029314
-0.000582341
0.029174
-0.000847793
0.028867
-0.000720936
0.0285849
-0.000937901
0.0281004
-0.000817168
0.0273458
-0.000640419
0.0264926
-0.000705336
0.0233369
0.00176535
0.0200385
0.00193931
0.0178309
0.0299912
3.49288e-07
0.0299889
-9.83053e-05
0.0299588
-6.62063e-05
0.0299433
-0.000196267
0.0298903
-0.000144139
0.0298601
-0.000314031
0.0297754
-0.000226319
0.0297249
-0.000448357
0.0295948
-0.000310296
0.0295127
-0.000592131
0.0293144
-0.000384078
0.0291732
-0.000706612
0.0288682
-0.000415869
0.0285863
-0.000656059
0.0281028
-0.000333657
0.0273616
0.000100782
0.0265023
0.00015398
0.023453
0.00481465
0.0202464
0.00514588
0.0380773
0.0299915
8.85317e-06
0.0299889
-9.56654e-05
0.0299591
-3.64654e-05
0.029943
-0.000180141
0.0298906
-9.1738e-05
0.0298595
-0.000282941
0.0297759
-0.000142719
0.029724
-0.000396452
0.0295957
-0.00018204
0.0295115
-0.000507904
0.0293164
-0.000188977
0.0291724
-0.000562636
0.0288722
-0.000115683
0.0285892
-0.000372984
0.0281103
0.000145223
0.0273896
0.000821493
0.0265239
0.00101961
0.0236801
0.00765847
0.0206574
0.00816864
0.0587347
0.0299919
1.69566e-05
0.0299888
-9.25763e-05
0.0299596
-7.23186e-06
0.0299426
-0.000163209
0.0298912
-4.02846e-05
0.0298588
-0.000250592
0.0297769
-6.07642e-05
0.029723
-0.000342521
0.0295976
-5.66383e-05
0.0295102
-0.000420558
0.02932
1.24269e-06
0.0291716
-0.000414237
0.0288793
0.000176587
0.0285929
-8.65688e-05
0.0281242
0.000613939
0.0274252
0.00152049
0.0265663
0.0018785
0.0239998
0.010225
0.0212678
0.0109007
0.0800025
0.0299927
0.0299883
0.0299607
0.0299416
0.0298929
0.0298571
0.0297797
0.0297201
0.0296026
0.0295057
0.0293295
0.0291651
0.028898
0.0285858
0.0281641
0.0274385
0.0266832
0.0243234
0.0221932
)
;

boundaryField
{
    inlet
    {
        type            calculated;
        value           nonuniform List<scalar> 
50
(
-0.075
-0.075
-0.075
-0.075
-0.075
-0.075
-0.075
-0.075
-0.075
-0.075
-0.075
-0.075
-0.075
-0.075
-0.075
-0.075
-0.075
-0.075
-0.075
-0.075
-0.03
-0.03
-0.03
-0.03
-0.03
-0.03
-0.03
-0.03
-0.03
-0.03
-0.1005
-0.1005
-0.1005
-0.1005
-0.1005
-0.1005
-0.1005
-0.1005
-0.1005
-0.1005
-0.1005
-0.1005
-0.1005
-0.1005
-0.1005
-0.1005
-0.1005
-0.1005
-0.1005
-0.1005
)
;
    }
    outlet
    {
        type            calculated;
        value           nonuniform List<scalar> 
150
(
0.0753721
0.0753358
0.0752959
0.0752709
0.0752663
0.0752794
0.0753031
0.0753258
0.0753253
0.0752573
0.0750378
0.0745234
0.0735001
0.0716947
0.0688294
0.0647241
0.0594187
0.0532567
0.0468695
0.0410567
0.0151628
0.0145685
0.014111
0.0137982
0.013638
0.0136342
0.0137867
0.0140913
0.01454
0.015126
0.0558464
0.0667065
0.077914
0.0872494
0.0937237
0.0975475
0.0995043
0.10038
0.100723
0.100837
0.100863
0.100858
0.100841
0.100819
0.100793
0.100766
0.100747
0.100746
0.100773
0.100819
0.000126155
0.000462788
0.000732828
0.00111093
0.00142881
0.00188823
0.00230077
0.0028835
0.00343776
0.00417971
0.00491934
0.00584484
0.00678593
0.00786819
0.00895034
0.0100657
0.0110805
0.0119459
0.0125159
0.0127091
0.00166906
0.00166715
0.00165917
0.00165035
0.00164055
0.00162971
0.00161787
0.00160504
0.00159129
0.00157683
0.00726985
0.0068222
0.00630002
0.00572789
0.00512895
0.00452619
0.00393657
0.00337572
0.00285217
0.0023746
0.00194477
0.00156802
0.00123985
0.000967587
0.000737665
0.000567265
0.00042619
0.000354143
0.000290198
0.000312949
5.21985e-05
0.000597856
0.000647311
0.00132488
0.00134493
0.00223214
0.00225616
0.00343999
0.00352349
0.00509565
0.00533275
0.00737012
0.00789991
0.0103895
0.0113588
0.0140525
0.0154298
0.0176186
0.0187666
0.0193069
0.00252076
0.00251243
0.00249431
0.00247386
0.00245082
0.00242515
0.00239693
0.00236629
0.00233335
0.00229876
0.0103942
0.00933983
0.00815605
0.00691885
0.00568998
0.00451688
0.00342632
0.00244199
0.00156669
0.000812978
0.000166609
-0.000363758
-0.000803964
-0.00114532
-0.0014188
-0.00161698
-0.00176734
-0.00186596
-0.001929
-0.00195516
)
;
    }
    upAndBottom
    {
        type            empty;
        value           nonuniform 0();
    }
    obstacle
    {
        type            calculated;
        value           uniform 0;
    }
}


// ************************************************************************* //
