/*--------------------------------*- C++ -*----------------------------------*\
| =========                 |                                                 |
| \\      /  F ield         | OpenFOAM: The Open Source CFD Toolbox           |
|  \\    /   O peration     | Version:  v1806                                 |
|   \\  /    A nd           | Web:      www.OpenFOAM.com                      |
|    \\/     M anipulation  |                                                 |
\*---------------------------------------------------------------------------*/
FoamFile
{
    version     2.0;
    format      ascii;
    class       volScalarField;
    location    "400";
    object      p;
}
// * * * * * * * * * * * * * * * * * * * * * * * * * * * * * * * * * * * * * //

dimensions      [0 2 -2 0 0 0 0];


internalField   nonuniform List<scalar> 
5220
(
-0.00930308
-0.00930294
-0.00930294
-0.00930308
-0.00971322
-0.00971335
-0.00971335
-0.00971322
-0.0101555
-0.0101545
-0.0101545
-0.0101555
-0.0102258
-0.0102226
-0.0102226
-0.0102258
-0.0100822
-0.0100788
-0.0100788
-0.0100822
-0.0101282
-0.0101245
-0.0101245
-0.0101282
-0.0103109
-0.010308
-0.010308
-0.0103109
-0.0104742
-0.0104728
-0.0104728
-0.0104742
-0.0106692
-0.0106671
-0.0106671
-0.0106692
-0.0102105
-0.0102066
-0.0102066
-0.0102105
-0.010448
-0.0104454
-0.0104454
-0.010448
-0.0108069
-0.0108053
-0.0108053
-0.0108069
0.0409674
0.0409601
0.0409601
0.0409674
0.0446931
0.0446802
0.0446802
0.0446931
-0.008553
-0.00855372
-0.00855372
-0.008553
-0.00273409
-0.00272752
-0.00272752
-0.00273409
-0.00892948
-0.00892739
-0.00892739
-0.00892948
-0.00954373
-0.00954387
-0.00954387
-0.00954373
-0.00861331
-0.00860724
-0.00860724
-0.00861331
0.049372
0.0493695
0.0493695
0.049372
0.0479801
0.047976
0.047976
0.0479801
0.0527986
0.0528017
0.0528017
0.0527986
-0.0073843
-0.00738237
-0.00738237
-0.0073843
-0.0073417
-0.00734019
-0.00734019
-0.0073417
-0.00716355
-0.00715499
-0.00715499
-0.00716355
-0.0103364
-0.0103338
-0.0103338
-0.0103364
-0.0123887
-0.012388
-0.012388
-0.0123887
-0.0122162
-0.0122156
-0.0122156
-0.0122162
-0.0104959
-0.0104923
-0.0104923
-0.0104959
-0.0121799
-0.0121792
-0.0121792
-0.0121799
-0.0125782
-0.0125778
-0.0125778
-0.0125782
-0.0115136
-0.0115126
-0.0115126
-0.0115136
-0.0119001
-0.0118993
-0.0118993
-0.0119001
-0.00978245
-0.0097797
-0.0097797
-0.00978245
-0.00968548
-0.00968142
-0.00968142
-0.00968548
-0.0101524
-0.0101492
-0.0101492
-0.0101524
-0.00988885
-0.00988475
-0.00988475
-0.00988885
-0.00986387
-0.00986159
-0.00986159
-0.00986387
-0.0117172
-0.0117166
-0.0117166
-0.0117172
-0.0112882
-0.0112869
-0.0112869
-0.0112882
-0.0109616
-0.0109598
-0.0109598
-0.0109616
-0.0122154
-0.012215
-0.012215
-0.0122154
-0.0128878
-0.0128877
-0.0128877
-0.0128878
-0.0124254
-0.0124254
-0.0124254
-0.0124254
-0.013121
-0.0131214
-0.0131214
-0.013121
-0.00941832
-0.00941416
-0.00941416
-0.00941832
-0.00914826
-0.00914472
-0.00914472
-0.00914826
-0.0107319
-0.0107299
-0.0107299
-0.0107319
-0.011152
-0.01115
-0.01115
-0.011152
-0.0114396
-0.0114381
-0.0114381
-0.0114396
-0.0116293
-0.0116289
-0.0116289
-0.0116293
-0.0116902
-0.0116905
-0.0116905
-0.0116902
-0.0125324
-0.0125332
-0.0125332
-0.0125324
-0.0132612
-0.0132625
-0.0132625
-0.0132612
-0.0131049
-0.0131047
-0.0131047
-0.0131049
-0.0127524
-0.0127521
-0.0127521
-0.0127524
-0.00996377
-0.0099614
-0.0099614
-0.00996377
-0.00957873
-0.00957393
-0.00957393
-0.00957873
-0.00917622
-0.00917296
-0.00917296
-0.00917622
-0.00947906
-0.00947622
-0.00947622
-0.00947906
-0.00972643
-0.00972159
-0.00972159
-0.00972643
-0.00972508
-0.00972222
-0.00972222
-0.00972508
-0.00988273
-0.009878
-0.009878
-0.00988273
-0.00990841
-0.0099048
-0.0099048
-0.00990841
-0.00998746
-0.00998343
-0.00998343
-0.00998746
-0.00995847
-0.0099542
-0.0099542
-0.00995847
-0.0100103
-0.0100044
-0.0100044
-0.0100103
-0.0100379
-0.010033
-0.010033
-0.0100379
-0.0100623
-0.0100564
-0.0100564
-0.0100623
-0.0106906
-0.010689
-0.010689
-0.0106906
-0.0110357
-0.0110346
-0.0110346
-0.0110357
-0.011411
-0.0114093
-0.0114093
-0.011411
-0.0123179
-0.0123172
-0.0123172
-0.0123179
-0.0118634
-0.0118624
-0.0118624
-0.0118634
-0.00878784
-0.00878589
-0.00878589
-0.00878784
-0.0134435
-0.0134438
-0.0134438
-0.0134435
-0.0136899
-0.0136904
-0.0136904
-0.0136899
-0.0138625
-0.0138639
-0.0138639
-0.0138625
-0.00878207
-0.00877979
-0.00877979
-0.00878207
-0.00995645
-0.0099529
-0.0099529
-0.00995645
-0.0103369
-0.0103351
-0.0103351
-0.0103369
-0.0106143
-0.0106126
-0.0106126
-0.0106143
-0.0107876
-0.0107869
-0.0107869
-0.0107876
-0.0108124
-0.0108125
-0.0108125
-0.0108124
-0.0106743
-0.0106745
-0.0106745
-0.0106743
-0.0116067
-0.0116079
-0.0116079
-0.0116067
-0.012504
-0.0125054
-0.0125054
-0.012504
-0.0132897
-0.0132907
-0.0132907
-0.0132897
-0.0139269
-0.013928
-0.013928
-0.0139269
-0.0131458
-0.0131457
-0.0131457
-0.0131458
-0.0134915
-0.0134916
-0.0134916
-0.0134915
-0.00998299
-0.00997927
-0.00997927
-0.00998299
-0.0099707
-0.00996754
-0.00996754
-0.0099707
-0.010023
-0.0100198
-0.0100198
-0.010023
-0.0102025
-0.010201
-0.010201
-0.0102025
-0.0103006
-0.0102985
-0.0102985
-0.0103006
-0.010243
-0.01024
-0.01024
-0.010243
-0.0100062
-0.010002
-0.010002
-0.0100062
0.0529362
0.0529348
0.0529348
0.0529362
0.0487399
0.0487295
0.0487295
0.0487399
0.0450278
0.045008
0.045008
0.0450278
-0.0105097
-0.0105067
-0.0105067
-0.0105097
-0.0116829
-0.0116815
-0.0116815
-0.0116829
-0.0108335
-0.0108308
-0.0108308
-0.0108335
-0.0112391
-0.0112372
-0.0112372
-0.0112391
-0.0138503
-0.0138509
-0.0138509
-0.0138503
-0.0141123
-0.0141127
-0.0141127
-0.0141123
-0.0143091
-0.0143101
-0.0143101
-0.0143091
-0.0144027
-0.0144037
-0.0144037
-0.0144027
-0.0126956
-0.0126952
-0.0126952
-0.0126956
-0.0133609
-0.013361
-0.013361
-0.0133609
-0.0137584
-0.0137586
-0.0137586
-0.0137584
-0.0103418
-0.0103423
-0.0103423
-0.0103418
-0.0113514
-0.0113525
-0.0113525
-0.0113514
-0.0123295
-0.0123305
-0.0123305
-0.0123295
-0.0131748
-0.0131756
-0.0131756
-0.0131748
-0.013874
-0.0138754
-0.0138754
-0.013874
-0.0143757
-0.0143752
-0.0143752
-0.0143757
-0.0092001
-0.00919757
-0.00919757
-0.0092001
-0.0095608
-0.00955921
-0.00955921
-0.0095608
-0.0098278
-0.00982654
-0.00982654
-0.0098278
-0.00997749
-0.00997697
-0.00997697
-0.00997748
-0.00998407
-0.00998416
-0.00998416
-0.00998407
-0.00980195
-0.00980198
-0.00980198
-0.00980195
-0.00942146
-0.00942127
-0.00942127
-0.00942146
-0.00831024
-0.00830964
-0.00830964
-0.00831024
-0.0083023
-0.00830086
-0.00830086
-0.0083023
-0.0099097
-0.00990471
-0.00990471
-0.0099097
-0.00990653
-0.00990072
-0.00990072
-0.00990653
-0.00994412
-0.0099361
-0.0099361
-0.00994412
-0.0101208
-0.0101131
-0.0101131
-0.0101208
-0.010118
-0.0101077
-0.0101077
-0.010118
-0.0118582
-0.0118573
-0.0118573
-0.0118582
-0.0129061
-0.0129059
-0.0129059
-0.0129061
-0.0141167
-0.0141174
-0.0141174
-0.0141167
-0.0143923
-0.0143928
-0.0143928
-0.0143923
-0.0146187
-0.0146196
-0.0146196
-0.0146187
-0.0147223
-0.0147239
-0.0147239
-0.0147223
-0.0147478
-0.0147512
-0.0147512
-0.0147478
-0.0113415
-0.0113393
-0.0113393
-0.0113415
-0.010884
-0.0108813
-0.0108813
-0.010884
-0.0104864
-0.0104831
-0.0104831
-0.0104864
-0.0101866
-0.0101831
-0.0101831
-0.0101866
-0.00994258
-0.00993862
-0.00993862
-0.00994258
-0.00983303
-0.00982925
-0.00982925
-0.00983303
-0.00989593
-0.00989332
-0.00989332
-0.00989593
-0.0100983
-0.010096
-0.010096
-0.0100983
-0.0106448
-0.0106467
-0.0106467
-0.0106448
-0.0109981
-0.0109978
-0.0109978
-0.0109981
-0.00778054
-0.00777981
-0.00777982
-0.00778054
-0.00761294
-0.00760651
-0.00760651
-0.00761294
0.0509615
0.0509473
0.0509473
0.0509615
0.0478883
0.0478777
0.0478777
0.0478883
0.0441169
0.0441083
0.0441083
0.0441169
0.0402584
0.0402498
0.0402498
0.0402584
0.0366776
0.0366793
0.0366793
0.0366776
0.0369257
0.0369208
0.0369208
0.0369257
-0.0080858
-0.00808396
-0.00808396
-0.0080858
-0.00847146
-0.00846836
-0.00846836
-0.00847146
-0.00887726
-0.00887546
-0.00887546
-0.00887726
-0.00915868
-0.00915706
-0.00915706
-0.00915868
-0.00931923
-0.00931812
-0.00931812
-0.00931923
-0.00932681
-0.00932665
-0.00932665
-0.00932681
-0.00911954
-0.00911928
-0.00911928
-0.00911954
-0.00870546
-0.00870557
-0.00870557
-0.00870546
-0.00805971
-0.00805957
-0.00805957
-0.00805971
-0.00881015
-0.00881002
-0.00881002
-0.00881015
-0.0097886
-0.00978922
-0.00978922
-0.0097886
-0.0109009
-0.0109019
-0.0109019
-0.0109009
-0.011994
-0.0119948
-0.0119948
-0.011994
-0.012949
-0.0129498
-0.0129498
-0.012949
-0.0137342
-0.013736
-0.013736
-0.0137342
-0.0143072
-0.014307
-0.014307
-0.0143072
0.0565468
0.0565485
0.0565485
0.0565468
0.0539596
0.0539487
0.0539487
0.0539596
-0.0147067
-0.0147095
-0.0147095
-0.0147067
0.0592856
0.0592805
0.0592805
0.0592856
0.0475588
0.047553
0.047553
0.0475588
0.05331
0.0532952
0.0532952
0.05331
0.0356418
0.0356302
0.0356302
0.0356418
0.0394837
0.0394835
0.0394835
0.0394837
0.0425313
0.0425187
0.0425187
0.0425313
0.0435134
0.0435088
0.0435088
0.0435134
0.0435959
0.0436009
0.0436009
0.0435959
0.0474898
0.0474891
0.0474891
0.0474898
0.0330923
0.0330917
0.0330917
0.0330923
0.0332767
0.0332742
0.0332742
0.0332767
0.0324124
0.0324064
0.0324064
0.0324124
0.0479482
0.0479403
0.0479403
0.0479482
0.0456513
0.045642
0.045642
0.0456513
0.0424633
0.0424523
0.0424523
0.0424633
0.0389795
0.0389782
0.0389782
0.0389795
0.0354705
0.0354713
0.0354713
0.0354705
0.0321705
0.0321735
0.0321735
0.0321705
0.0502451
0.0502524
0.0502524
0.0502451
0.0551784
0.0551631
0.0551631
0.0551784
0.052351
0.0523557
0.0523557
0.052351
0.0400776
0.0400518
0.0400518
0.0400776
0.0394196
0.0393936
0.0393936
0.0394196
0.0398294
0.0398145
0.0398145
0.0398294
0.0394476
0.0394324
0.0394324
0.0394476
0.0382672
0.0382573
0.0382573
0.0382672
0.0359126
0.035905
0.035905
0.0359126
0.0332593
0.0332501
0.0332501
0.0332593
0.0306186
0.030612
0.030612
0.0306186
0.02911
0.0291125
0.0291125
0.02911
0.0298826
0.0298846
0.0298846
0.0298826
0.0299855
0.0299844
0.0299844
0.0299855
0.029327
0.0293207
0.0293207
0.029327
0.0279605
0.0279549
0.0279549
0.0279605
0.0430044
0.0429873
0.0429873
0.0430044
0.0418158
0.0418048
0.0418048
0.0418158
0.0392675
0.0392548
0.0392548
0.0392675
0.0364656
0.0364607
0.0364607
0.0364656
0.0334377
0.0334382
0.0334382
0.0334377
0.03052
0.0305249
0.0305249
0.03052
0.0277586
0.0277633
0.0277633
0.0277586
0.0437545
0.0437477
0.0437477
0.0437545
0.0491765
0.0491678
0.0491678
0.0491765
-0.00733911
-0.00733692
-0.00733692
-0.00733911
-0.0146299
-0.0146274
-0.0146274
-0.0146299
-0.014863
-0.0148651
-0.0148651
-0.014863
-0.0147839
-0.0147849
-0.0147849
-0.0147839
-0.0145337
-0.014534
-0.014534
-0.0145337
-0.0142398
-0.0142407
-0.0142407
-0.0142398
-0.0138685
-0.0138688
-0.0138688
-0.0138685
-0.0134582
-0.0134586
-0.0134586
-0.0134582
-0.0129987
-0.0129988
-0.0129988
-0.0129987
-0.0124814
-0.0124812
-0.0124812
-0.0124814
-0.0119488
-0.0119483
-0.0119483
-0.0119488
-0.011415
-0.0114138
-0.0114138
-0.011415
-0.0109047
-0.0109023
-0.0109023
-0.0109047
-0.0104699
-0.0104662
-0.0104662
-0.0104699
-0.0101249
-0.0101212
-0.0101212
-0.0101249
-0.00986388
-0.00985933
-0.00985933
-0.00986388
-0.00971052
-0.00970535
-0.00970535
-0.00971052
-0.00973315
-0.00972702
-0.00972702
-0.00973315
-0.00975798
-0.00974846
-0.00974846
-0.00975798
-0.0099676
-0.00995919
-0.00995919
-0.0099676
-0.0095349
-0.00951907
-0.00951907
-0.0095349
-0.00759232
-0.00758926
-0.00758926
-0.00759232
-0.00807342
-0.00807082
-0.00807082
-0.00807342
-0.00845789
-0.00845632
-0.00845632
-0.00845789
-0.00870985
-0.00870836
-0.00870836
-0.00870985
-0.00884932
-0.00884798
-0.00884798
-0.00884932
-0.00885871
-0.00885838
-0.00885838
-0.00885871
-0.00865273
-0.00865221
-0.00865221
-0.00865273
-0.00824824
-0.00824865
-0.00824865
-0.00824824
-0.00761292
-0.00761303
-0.00761303
-0.00761292
-0.00678008
-0.00678141
-0.00678141
-0.00678008
-0.0071912
-0.00719171
-0.00719171
-0.0071912
-0.00794843
-0.00794886
-0.00794886
-0.00794843
-0.00903167
-0.00903263
-0.00903263
-0.00903167
-0.0102483
-0.0102491
-0.0102491
-0.0102483
-0.0114769
-0.0114779
-0.0114779
-0.0114769
-0.0125686
-0.0125694
-0.0125694
-0.0125686
-0.0134767
-0.0134788
-0.0134788
-0.0134767
-0.0141452
-0.0141456
-0.0141456
-0.0141452
-0.0146331
-0.0146363
-0.0146363
-0.0146331
0.0260766
0.0260712
0.0260712
0.0260766
0.0282797
0.0282743
0.0282743
0.0282797
0.0304505
0.0304434
0.0304434
0.0304505
0.0325024
0.032495
0.032495
0.0325024
0.0342197
0.0342074
0.0342074
0.0342197
0.0348541
0.0348385
0.0348385
0.0348541
0.0352028
0.0351872
0.0351872
0.0352028
0.0347571
0.0347412
0.0347412
0.0347571
0.0352289
0.0352198
0.0352198
0.0352289
0.0398541
0.0398542
0.0398542
0.0398541
0.0420618
0.0420355
0.0420355
0.0420618
0.0252879
0.0252922
0.0252922
0.0252879
0.0263987
0.0264013
0.0264013
0.0263987
0.0270125
0.0270135
0.0270135
0.0270125
0.027088
0.0270885
0.0270885
0.027088
0.0266207
0.0266185
0.0266185
0.0266207
0.0255195
0.0255163
0.0255163
0.0255195
0.0239825
0.0239795
0.0239795
0.0239825
0.040897
0.040866
0.040866
0.040897
0.0350876
0.0350766
0.0350766
0.0350876
0.0323828
0.0323611
0.0323611
0.0323828
0.0373806
0.0373703
0.0373703
0.0373806
0.0375236
0.0375144
0.0375144
0.0375236
0.0371942
0.0371855
0.0371855
0.0371942
0.0355352
0.0355255
0.0355255
0.0355352
0.0333859
0.0333805
0.0333805
0.0333859
0.0309042
0.0309034
0.0309034
0.0309042
0.0283867
0.028393
0.028393
0.0283867
0.0259632
0.0259688
0.0259688
0.0259632
0.0237611
0.0237658
0.0237658
0.0237611
0.0209747
0.0209485
0.0209485
0.0209747
0.0268813
0.0268529
0.0268529
0.0268813
0.0303506
0.0303307
0.0303307
0.0303506
0.0318614
0.0318468
0.0318468
0.0318614
0.0321328
0.0321244
0.0321244
0.0321328
0.0312515
0.0312432
0.0312432
0.0312515
0.0297998
0.0297953
0.0297953
0.0297998
0.0278933
0.0278922
0.0278922
0.0278933
0.0258987
0.0259025
0.0259025
0.0258987
0.0238609
0.0238651
0.0238651
0.0238609
0.021944
0.0219483
0.0219483
0.021944
0.0201883
0.0201914
0.0201914
0.0201883
0.0217887
0.0217912
0.0217912
0.0217887
0.0230789
0.0230813
0.0230813
0.0230789
0.0240172
0.0240187
0.0240187
0.0240172
0.0245182
0.0245195
0.0245195
0.0245182
0.024567
0.0245686
0.0245686
0.024567
0.024174
0.0241736
0.0241736
0.024174
0.0232761
0.0232758
0.0232758
0.0232761
0.0220044
0.0220042
0.0220042
0.0220044
0.0203745
0.0203749
0.0203749
0.0203745
0.0220954
0.0220925
0.0220925
0.0220954
0.0238559
0.0238504
0.0238504
0.0238559
0.0256715
0.0256659
0.0256659
0.0256715
0.0274129
0.0274059
0.0274059
0.0274129
0.02882
0.0288133
0.0288133
0.02882
0.0301268
0.0301167
0.0301167
0.0301268
0.0305931
0.0305816
0.0305816
0.0305931
0.0304551
0.030443
0.030443
0.0304551
0.0298815
0.0298694
0.0298694
0.0298815
0.0294631
0.0294373
0.0294373
0.0294631
0.0303424
0.0303078
0.0303078
0.0303424
0.0304429
0.030422
0.030422
0.0304429
0.0184816
0.0184827
0.0184827
0.0184816
0.0199591
0.0199572
0.0199572
0.0199591
0.0214392
0.0214342
0.0214342
0.0214392
0.0229036
0.0228982
0.0228982
0.0229036
0.0242559
0.0242503
0.0242503
0.0242559
0.0254121
0.0254062
0.0254062
0.0254121
0.0261683
0.0261595
0.0261595
0.0261683
0.0262788
0.0262676
0.0262676
0.0262788
0.0256803
0.0256648
0.0256648
0.0256803
0.0245049
0.0244853
0.0244853
0.0245049
0.0225628
0.0225369
0.0225369
0.0225628
0.0205282
0.0205155
0.0205155
0.0205282
0.0178303
0.0178016
0.0178016
0.0178303
0.0186243
0.0186271
0.0186271
0.0186243
0.0200368
0.0200391
0.0200391
0.0200368
0.0211697
0.0211712
0.0211712
0.0211697
0.0219593
0.0219602
0.0219602
0.0219593
0.0223785
0.0223794
0.0223794
0.0223785
0.0224054
0.0224081
0.0224081
0.0224054
0.0220627
0.0220659
0.0220659
0.0220627
0.0212889
0.0212926
0.0212926
0.0212889
0.020184
0.020187
0.020187
0.020184
0.0187768
0.0187799
0.0187799
0.0187768
0.0170961
0.0170988
0.0170988
0.0170961
0.0123877
0.0123806
0.0123806
0.0123877
0.0188946
0.0188635
0.0188635
0.0188946
0.0234778
0.023456
0.023456
0.0234778
0.0260112
0.0259907
0.0259907
0.0260112
0.0270556
0.0270426
0.0270426
0.0270556
0.0268398
0.0268312
0.0268312
0.0268398
0.0259622
0.0259583
0.0259583
0.0259622
0.0246363
0.0246348
0.0246348
0.0246363
0.0230905
0.0230926
0.0230926
0.0230905
0.0214589
0.0214616
0.0214616
0.0214589
0.0198533
0.0198571
0.0198571
0.0198533
0.018333
0.018336
0.018336
0.018333
0.0169638
0.0169665
0.0169665
0.0169638
-0.014685
-0.0146887
-0.0146887
-0.014685
-0.0149108
-0.0149146
-0.0149146
-0.0149108
-0.0148272
-0.0148263
-0.0148263
-0.0148272
-0.0147724
-0.0147738
-0.0147738
-0.0147724
-0.0145418
-0.014542
-0.014542
-0.0145418
-0.0142444
-0.0142452
-0.0142452
-0.0142444
-0.0138791
-0.0138796
-0.0138796
-0.0138791
-0.0134683
-0.0134692
-0.0134692
-0.0134683
-0.0130036
-0.0130038
-0.0130038
-0.0130036
-0.0125102
-0.0125103
-0.0125103
-0.0125102
-0.0119881
-0.011988
-0.011988
-0.0119881
-0.0114427
-0.0114419
-0.0114419
-0.0114427
-0.0109209
-0.0109193
-0.0109193
-0.0109209
-0.0104547
-0.0104517
-0.0104517
-0.0104547
-0.0101075
-0.0101049
-0.0101049
-0.0101075
-0.00979197
-0.00978734
-0.00978734
-0.00979197
-0.00960941
-0.00960483
-0.00960483
-0.00960941
-0.0096477
-0.00964263
-0.00964263
-0.0096477
-0.00995643
-0.00995425
-0.00995425
-0.00995643
-0.0112724
-0.0112733
-0.0112733
-0.0112724
-0.0125154
-0.0125152
-0.0125152
-0.0125154
-0.00572969
-0.00572965
-0.00572965
-0.00572969
-0.00612117
-0.00612101
-0.00612101
-0.00612117
-0.00690332
-0.00690339
-0.00690339
-0.00690332
-0.0080403
-0.00804142
-0.00804142
-0.0080403
-0.00937778
-0.00937819
-0.00937819
-0.00937778
-0.0107248
-0.0107255
-0.0107255
-0.0107248
-0.0119387
-0.0119392
-0.0119392
-0.0119387
-0.0129559
-0.0129574
-0.0129574
-0.0129559
-0.0136737
-0.0136755
-0.0136755
-0.0136737
-0.0140262
-0.0140278
-0.0140278
-0.0140262
-0.0140102
-0.0140124
-0.0140124
-0.0140102
-0.00723822
-0.0072383
-0.00723829
-0.00723821
-0.00726557
-0.00726299
-0.00726299
-0.00726557
-0.00759948
-0.00759874
-0.00759875
-0.00759949
-0.00788439
-0.00788189
-0.00788189
-0.00788439
-0.00819403
-0.00819286
-0.00819286
-0.00819403
-0.00842304
-0.00842194
-0.00842194
-0.00842304
-0.00854731
-0.00854637
-0.00854637
-0.00854731
-0.00854446
-0.00854516
-0.00854516
-0.00854446
-0.00832585
-0.00832471
-0.00832471
-0.00832585
-0.00797214
-0.00797317
-0.00797317
-0.00797214
-0.0073619
-0.00736164
-0.00736164
-0.0073619
-0.00657428
-0.00657431
-0.00657431
-0.00657428
-0.005608
-0.00560751
-0.00560751
-0.005608
-0.0068198
-0.0068179
-0.0068179
-0.00681979
-0.00702909
-0.00702716
-0.00702716
-0.00702909
-0.00724076
-0.00723946
-0.00723946
-0.00724077
-0.00748853
-0.0074871
-0.0074871
-0.00748854
-0.00773961
-0.00773846
-0.00773846
-0.00773961
-0.00797868
-0.00797733
-0.00797733
-0.00797868
-0.00818353
-0.00818273
-0.00818273
-0.00818353
-0.0082831
-0.00828232
-0.00828232
-0.0082831
-0.00826757
-0.00826811
-0.00826811
-0.00826757
-0.00804636
-0.00804564
-0.00804564
-0.00804636
-0.00772679
-0.00772743
-0.00772743
-0.00772679
-0.00715647
-0.00715635
-0.00715635
-0.00715647
-0.00641433
-0.00641431
-0.00641431
-0.00641433
-0.00551287
-0.00551256
-0.00551256
-0.00551287
-0.00448172
-0.00448021
-0.00448021
-0.00448172
-0.00448024
-0.00447821
-0.00447821
-0.00448024
-0.00455515
-0.00455358
-0.00455358
-0.00455515
-0.00489876
-0.00489836
-0.00489836
-0.00489876
-0.00567645
-0.00567645
-0.00567644
-0.00567645
-0.00687975
-0.00688016
-0.00688016
-0.00687975
-0.00822899
-0.00822865
-0.00822865
-0.00822899
-0.00963172
-0.00963139
-0.00963139
-0.00963172
-0.0109012
-0.0109007
-0.0109007
-0.0109012
-0.0119283
-0.0119291
-0.0119291
-0.0119283
-0.0126401
-0.0126409
-0.0126409
-0.0126401
-0.0129927
-0.0129939
-0.0129939
-0.0129927
-0.0129549
-0.0129578
-0.0129578
-0.0129549
-0.0124921
-0.0124963
-0.0124963
-0.0124921
-0.0135953
-0.0135986
-0.0135986
-0.0135953
-0.0142919
-0.0142951
-0.0142951
-0.0142919
-0.0146136
-0.0146141
-0.0146141
-0.0146136
-0.0146854
-0.0146851
-0.0146851
-0.0146854
-0.014622
-0.0146226
-0.0146226
-0.014622
-0.0144351
-0.0144359
-0.0144359
-0.0144351
-0.0141537
-0.0141544
-0.0141544
-0.0141537
-0.0138042
-0.0138047
-0.0138047
-0.0138042
-0.0134182
-0.0134192
-0.0134192
-0.0134182
-0.0129639
-0.0129644
-0.0129644
-0.0129639
-0.0124825
-0.0124828
-0.0124828
-0.0124825
-0.0119777
-0.0119778
-0.0119778
-0.0119777
-0.0114494
-0.0114491
-0.0114491
-0.0114494
-0.0109358
-0.0109348
-0.0109348
-0.0109358
-0.0104584
-0.0104556
-0.0104556
-0.0104584
-0.0101181
-0.0101164
-0.0101164
-0.0101181
-0.00973372
-0.00972862
-0.00972862
-0.00973372
-0.00952279
-0.00951765
-0.00951765
-0.00952279
-0.00952555
-0.00951869
-0.00951869
-0.00952555
-0.00950233
-0.00949362
-0.00949362
-0.00950233
-0.0090621
-0.00905825
-0.00905825
-0.0090621
-0.0081235
-0.00810474
-0.00810474
-0.0081235
-0.0100842
-0.0100621
-0.0100621
-0.0100842
-0.00611647
-0.00612064
-0.00612064
-0.00611647
0.00598009
0.0059993
0.0059993
0.00598009
0.0126211
0.0125996
0.0125996
0.0126211
0.0177518
0.0177341
0.0177341
0.0177518
0.0206967
0.0206762
0.0206762
0.0206967
0.0222061
0.0221922
0.0221922
0.0222061
0.0225216
0.0225127
0.0225127
0.0225216
0.0221143
0.0221108
0.0221108
0.0221143
0.0212295
0.0212271
0.0212271
0.0212295
0.0201161
0.0201158
0.0201158
0.0201161
0.0188518
0.0188518
0.0188518
0.0188518
0.017556
0.0175581
0.0175581
0.017556
0.0162803
0.0162826
0.0162826
0.0162803
0.0151002
0.0151029
0.0151029
0.0151002
0.0140472
0.0140491
0.0140491
0.0140472
0.0157453
0.0157474
0.0157474
0.0157453
0.0172458
0.0172479
0.0172479
0.0172458
0.0185152
0.0185167
0.0185167
0.0185152
0.0195238
0.0195246
0.0195246
0.0195238
0.0202196
0.0202205
0.0202205
0.0202196
0.0205793
0.0205811
0.0205811
0.0205793
0.0205902
0.0205934
0.0205934
0.0205902
0.0202578
0.0202616
0.0202616
0.0202578
0.0195844
0.019589
0.019589
0.0195844
0.0186018
0.0186065
0.0186065
0.0186018
0.0173546
0.0173589
0.0173589
0.0173546
0.0158698
0.0158732
0.0158732
0.0158698
0.0141643
0.0141671
0.0141671
0.0141643
0.0152076
0.0152098
0.0152098
0.0152076
0.0163737
0.0163757
0.0163757
0.0163737
0.017639
0.0176385
0.0176385
0.017639
0.0188783
0.0188748
0.0188748
0.0188783
0.0200661
0.0200624
0.0200624
0.0200661
0.0211448
0.0211413
0.0211413
0.0211448
0.0219716
0.0219664
0.0219664
0.0219716
0.0223378
0.0223288
0.0223288
0.0223378
0.0220407
0.0220275
0.0220275
0.0220407
0.0209096
0.0208924
0.0208924
0.0209096
0.0189691
0.0189513
0.0189513
0.0189691
0.016268
0.0162529
0.0162529
0.016268
0.0124686
0.012468
0.012468
0.0124686
0.00768179
0.00767321
0.00767321
0.00768179
-0.00014961
-0.000151773
-0.000151773
-0.00014961
0.00638432
0.00639002
0.00639002
0.00638432
0.010773
0.010758
0.010758
0.010773
0.0141749
0.0141611
0.0141611
0.0141749
0.0164841
0.0164678
0.0164678
0.0164841
0.0179661
0.0179518
0.0179518
0.0179661
0.0186001
0.0185905
0.0185905
0.0186001
0.0185098
0.0185051
0.0185051
0.0185098
0.0179579
0.0179554
0.0179554
0.0179579
0.0171479
0.0171453
0.0171453
0.0171479
0.0162184
0.0162166
0.0162166
0.0162184
0.0151945
0.0151955
0.0151955
0.0151945
0.0141391
0.0141412
0.0141412
0.0141391
0.0131656
0.0131672
0.0131672
0.0131656
0.0122838
0.0122864
0.0122864
0.0122838
-0.00705334
-0.0070509
-0.0070509
-0.00705335
-0.00688379
-0.00687863
-0.00687863
-0.00688379
-0.00694033
-0.00693758
-0.00693758
-0.00694033
-0.00708574
-0.00708378
-0.00708378
-0.00708574
-0.00730047
-0.00729921
-0.0072992
-0.00730047
-0.00751659
-0.00751611
-0.00751611
-0.00751659
-0.00772479
-0.00772478
-0.00772478
-0.00772479
-0.00790997
-0.00791035
-0.00791035
-0.00790997
-0.00798132
-0.00798152
-0.00798152
-0.00798132
-0.00795263
-0.00795309
-0.00795309
-0.00795263
-0.00776287
-0.00776303
-0.00776303
-0.00776287
-0.00741946
-0.00742011
-0.00742011
-0.00741946
-0.00689705
-0.00689736
-0.00689736
-0.00689705
-0.00621297
-0.00621294
-0.00621294
-0.00621297
-0.00539153
-0.00539122
-0.00539122
-0.00539153
-0.00445763
-0.00445598
-0.00445598
-0.00445763
-0.00350215
-0.00350174
-0.00350174
-0.00350215
-0.0034054
-0.00340522
-0.00340522
-0.0034054
-0.00329398
-0.00329412
-0.00329412
-0.00329398
-0.00326241
-0.00326354
-0.00326354
-0.00326241
-0.00351231
-0.00351402
-0.00351402
-0.00351231
-0.00427344
-0.0042745
-0.0042745
-0.00427344
-0.00544592
-0.00544689
-0.00544689
-0.00544592
-0.00682143
-0.00682136
-0.00682136
-0.00682143
-0.00821803
-0.00821781
-0.00821781
-0.00821803
-0.00945984
-0.00945981
-0.00945981
-0.00945984
-0.0104877
-0.0104879
-0.0104879
-0.0104877
-0.0111801
-0.0111801
-0.0111801
-0.0111801
-0.0115039
-0.0115037
-0.0115037
-0.0115039
-0.0114252
-0.0114247
-0.0114247
-0.0114252
-0.0109384
-0.0109378
-0.0109378
-0.0109384
-0.0100157
-0.0100157
-0.0100157
-0.0100157
-0.0115592
-0.0115637
-0.0115637
-0.0115592
-0.0127442
-0.0127481
-0.0127481
-0.0127442
-0.0135677
-0.0135708
-0.0135708
-0.0135677
-0.014073
-0.0140748
-0.0140748
-0.014073
-0.014284
-0.0142844
-0.0142844
-0.014284
-0.0143049
-0.014305
-0.014305
-0.0143049
-0.0141876
-0.0141883
-0.0141883
-0.0141876
-0.0139564
-0.0139571
-0.0139571
-0.0139564
-0.0136592
-0.0136601
-0.0136601
-0.0136592
-0.0132941
-0.0132952
-0.0132952
-0.0132941
-0.0128724
-0.0128733
-0.0128733
-0.0128724
-0.0124079
-0.0124085
-0.0124085
-0.0124079
-0.0119279
-0.0119282
-0.0119282
-0.0119279
-0.0114351
-0.0114355
-0.0114355
-0.0114351
-0.0109259
-0.0109251
-0.0109251
-0.0109259
-0.010453
-0.0104498
-0.0104498
-0.010453
-0.0101602
-0.0101598
-0.0101598
-0.0101602
-0.00973259
-0.00972741
-0.00972741
-0.00973259
-0.00949334
-0.00949223
-0.00949223
-0.00949334
-0.00917364
-0.00916559
-0.00916559
-0.00917364
-0.00911892
-0.00911403
-0.00911403
-0.00911892
-0.00915685
-0.00915703
-0.00915703
-0.00915685
-0.0084482
-0.00845546
-0.00845546
-0.0084482
-0.00637216
-0.00640081
-0.00640081
-0.00637216
-0.00129773
-0.00129635
-0.00129635
-0.00129773
0.00431981
0.00433886
0.00433886
0.00431981
0.00905349
0.00904348
0.00904348
0.00905349
0.0135303
0.0135176
0.0135176
0.0135303
0.0162271
0.0162086
0.0162086
0.0162271
0.0178385
0.0178279
0.0178279
0.0178385
0.0183943
0.0183867
0.0183867
0.0183943
0.0183354
0.0183311
0.0183311
0.0183354
0.0178232
0.0178186
0.0178186
0.0178232
0.0170456
0.0170426
0.0170426
0.0170456
0.0161024
0.0161002
0.0161002
0.0161024
0.0150895
0.0150896
0.0150896
0.0150895
0.0140578
0.0140591
0.0140591
0.0140578
0.0130747
0.0130768
0.0130768
0.0130747
0.0121813
0.0121828
0.0121828
0.0121813
0.0114126
0.0114138
0.0114138
0.0114126
0.013137
0.0131385
0.0131385
0.013137
0.0146967
0.0146985
0.0146985
0.0146967
0.0160736
0.0160754
0.0160754
0.0160736
0.017233
0.0172339
0.0172339
0.017233
0.0181381
0.0181388
0.0181388
0.0181381
0.0187598
0.0187611
0.0187611
0.0187598
0.0190789
0.0190811
0.0190811
0.0190789
0.0190854
0.0190892
0.0190892
0.0190854
0.0187797
0.0187846
0.0187846
0.0187797
0.0181747
0.0181802
0.0181802
0.0181747
0.0172876
0.0172936
0.0172936
0.0172876
0.0161512
0.016157
0.016157
0.0161512
0.0147962
0.0148014
0.0148014
0.0147962
0.0132367
0.0132415
0.0132415
0.0132367
0.0114913
0.0114951
0.0114951
0.0114913
0.00961665
0.00961892
0.00961892
0.00961665
0.0102726
0.0102748
0.0102748
0.0102726
0.0110027
0.0110037
0.0110037
0.0110027
0.011789
0.0117898
0.0117898
0.011789
0.0126291
0.0126303
0.0126303
0.0126291
0.0134369
0.0134357
0.0134357
0.0134369
0.0141379
0.0141351
0.0141351
0.0141379
0.014662
0.0146583
0.0146583
0.014662
0.0149979
0.0149926
0.0149926
0.0149979
0.0149062
0.0148956
0.0148956
0.0149062
0.0142238
0.0142121
0.0142121
0.0142238
0.0126889
0.0126758
0.0126758
0.0126889
0.0104343
0.0104239
0.0104239
0.0104343
0.00700771
0.0069969
0.0069969
0.00700771
0.00296546
0.00297955
0.00297955
0.00296546
-0.0125512
-0.012542
-0.012542
-0.0125512
-0.0143595
-0.0143499
-0.0143499
-0.0143595
-0.0137781
-0.0137668
-0.0137668
-0.0137781
-0.0114745
-0.0114561
-0.0114561
-0.0114745
-0.00990438
-0.00989672
-0.00989672
-0.00990438
-0.00892529
-0.00892132
-0.00892132
-0.00892529
-0.00793749
-0.00793388
-0.00793388
-0.00793749
-0.00759454
-0.00759558
-0.00759558
-0.00759454
-0.00691469
-0.00691276
-0.00691276
-0.00691469
-0.00679834
-0.0067966
-0.0067966
-0.00679834
-0.00686469
-0.00686244
-0.00686244
-0.00686469
-0.00702414
-0.0070222
-0.00702219
-0.00702414
-0.00720906
-0.00720734
-0.00720734
-0.00720906
-0.00738897
-0.00738743
-0.00738743
-0.00738897
-0.0075221
-0.00752076
-0.00752076
-0.0075221
-0.00757344
-0.00757253
-0.00757253
-0.00757344
-0.00752814
-0.0075279
-0.0075279
-0.00752814
-0.00734612
-0.00734604
-0.00734604
-0.00734612
-0.00701934
-0.00701989
-0.00701989
-0.00701934
-0.00653694
-0.00653751
-0.00653751
-0.00653694
-0.00590786
-0.0059079
-0.0059079
-0.00590786
-0.00516218
-0.00516205
-0.00516205
-0.00516218
-0.00432242
-0.00432093
-0.00432093
-0.00432242
-0.00346602
-0.00346507
-0.00346507
-0.00346602
-0.00260277
-0.00259874
-0.00259874
-0.00260277
-0.00250669
-0.00250161
-0.00250161
-0.00250669
-0.00226757
-0.0022618
-0.0022618
-0.00226757
-0.00195154
-0.00194495
-0.00194495
-0.00195154
-0.00174232
-0.00173537
-0.00173537
-0.00174232
-0.00187994
-0.00187195
-0.00187195
-0.00187994
-0.00255194
-0.00254366
-0.00254366
-0.00255193
-0.00370845
-0.00370135
-0.00370135
-0.00370845
-0.0050706
-0.00506469
-0.00506469
-0.0050706
-0.00643572
-0.00643083
-0.00643083
-0.00643572
-0.00770739
-0.00770405
-0.00770405
-0.00770739
-0.00870986
-0.0087087
-0.0087087
-0.00870986
-0.00937057
-0.00937005
-0.00937005
-0.00937057
-0.00965598
-0.00965543
-0.00965543
-0.00965598
-0.00956408
-0.00956289
-0.00956289
-0.00956408
-0.00909225
-0.00909073
-0.00909073
-0.00909225
-0.00824408
-0.00824239
-0.00824239
-0.00824408
-0.00706019
-0.00706113
-0.00706113
-0.00706019
-0.00867819
-0.00868126
-0.00868126
-0.00867819
-0.010165
-0.0101714
-0.0101714
-0.010165
-0.0114062
-0.0114117
-0.0114117
-0.0114062
-0.0124029
-0.0124062
-0.0124062
-0.0124029
-0.0131042
-0.0131063
-0.0131063
-0.0131042
-0.0135273
-0.0135292
-0.0135292
-0.0135273
-0.0136837
-0.0136836
-0.0136836
-0.0136837
-0.0136874
-0.0136884
-0.0136884
-0.0136874
-0.0135399
-0.0135406
-0.0135406
-0.0135399
-0.0133053
-0.0133062
-0.0133062
-0.0133053
-0.0129939
-0.0129948
-0.0129948
-0.0129939
-0.0126406
-0.0126416
-0.0126416
-0.0126406
-0.0122409
-0.0122413
-0.0122413
-0.0122409
-0.011821
-0.0118214
-0.0118214
-0.011821
-0.0113924
-0.0113937
-0.0113937
-0.0113924
-0.0109256
-0.0109252
-0.0109252
-0.0109256
-0.0104827
-0.0104808
-0.0104808
-0.0104827
-0.0100832
-0.0100846
-0.0100846
-0.0100832
-0.00946817
-0.00946176
-0.00946176
-0.00946818
-0.00910404
-0.00910451
-0.00910451
-0.00910404
-0.00849162
-0.00848583
-0.00848583
-0.00849162
-0.00796464
-0.00795517
-0.00795517
-0.00796464
-0.00722549
-0.00720618
-0.00720618
-0.00722549
-0.0062518
-0.00623821
-0.00623821
-0.0062518
-0.00381856
-0.00384367
-0.00384367
-0.00381856
0.000245617
0.000242877
0.000242877
0.000245617
0.00372725
0.00373343
0.00373343
0.00372725
0.0070727
0.00706898
0.00706898
0.0070727
0.0103036
0.010302
0.010302
0.0103036
0.0124704
0.0124573
0.0124573
0.0124704
0.013941
0.0139364
0.0139364
0.013941
0.0145726
0.0145667
0.0145667
0.0145726
0.0147132
0.0147101
0.0147101
0.0147132
0.0144501
0.0144451
0.0144451
0.0144501
0.0139405
0.0139364
0.0139364
0.0139405
0.0132612
0.0132575
0.0132575
0.0132612
0.0124973
0.0124957
0.0124957
0.0124973
0.0116954
0.0116953
0.0116953
0.0116954
0.0109114
0.0109126
0.0109126
0.0109114
0.0101818
0.010183
0.010183
0.0101818
0.00954163
0.00954287
0.00954287
0.00954163
0.0090052
0.00900598
0.00900598
0.0090052
0.0107567
0.0107577
0.0107577
0.0107567
0.012371
0.0123722
0.0123722
0.012371
0.0138288
0.0138297
0.0138297
0.0138288
0.0151069
0.0151075
0.0151075
0.0151069
0.0161752
0.0161755
0.0161755
0.0161752
0.017001
0.0170018
0.0170018
0.017001
0.0175661
0.0175677
0.0175677
0.0175661
0.0178553
0.0178579
0.0178579
0.0178553
0.0178589
0.0178625
0.0178625
0.0178589
0.0175791
0.0175836
0.0175836
0.0175791
0.0170252
0.0170304
0.0170304
0.0170252
0.0162095
0.0162152
0.0162152
0.0162095
0.0151564
0.0151624
0.0151624
0.0151564
0.0138903
0.0138965
0.0138965
0.0138903
0.0124393
0.0124447
0.0124447
0.0124393
0.0108306
0.0108341
0.0108341
0.0108306
0.00907179
0.00907374
0.00907374
0.00907179
0.00719038
0.00719078
0.00719078
0.00719038
0.00762008
0.00762055
0.00762055
0.00762008
0.00812739
0.00812855
0.00812855
0.00812739
0.00870554
0.0087067
0.0087067
0.00870554
0.00931295
0.00931286
0.00931286
0.00931295
0.00994161
0.00994233
0.00994233
0.00994161
0.0105458
0.0105448
0.0105448
0.0105458
0.0110417
0.0110391
0.0110391
0.0110417
0.0114008
0.0113964
0.0113964
0.0114008
0.0115643
0.0115594
0.0115594
0.0115643
0.0113616
0.0113523
0.0113523
0.0113616
0.0106798
0.010672
0.010672
0.0106798
0.00935064
0.00934292
0.00934292
0.00935064
0.00740168
0.00739974
0.00739974
0.00740168
0.00476514
0.00477434
0.00477434
0.00476514
0.00176631
0.00178149
0.00178149
0.00176631
-0.00112201
-0.00109115
-0.00109115
-0.00112201
-0.00479614
-0.00479794
-0.00479794
-0.00479614
-0.00808544
-0.00808301
-0.00808301
-0.00808544
-0.00985019
-0.00983135
-0.00983135
-0.00985018
-0.0101905
-0.010176
-0.010176
-0.0101905
-0.00974835
-0.00974139
-0.00974139
-0.00974835
-0.00916335
-0.00917263
-0.00917263
-0.00916335
-0.00780469
-0.00779648
-0.00779648
-0.00780469
-0.00668593
-0.0066704
-0.0066704
-0.00668593
-0.00660835
-0.00660584
-0.00660584
-0.00660835
-0.00656591
-0.00656378
-0.00656378
-0.00656591
-0.00654301
-0.00654098
-0.00654098
-0.00654301
-0.00663545
-0.00663525
-0.00663525
-0.00663545
-0.00676683
-0.00676726
-0.00676726
-0.00676683
-0.00691269
-0.00691353
-0.00691353
-0.00691269
-0.00705953
-0.00706113
-0.00706113
-0.00705953
-0.00715687
-0.00715897
-0.00715897
-0.00715687
-0.00715548
-0.00715703
-0.00715703
-0.00715548
-0.00704212
-0.00704303
-0.00704303
-0.00704212
-0.00681682
-0.00681765
-0.00681764
-0.00681682
-0.00646942
-0.00647042
-0.00647042
-0.00646942
-0.00599788
-0.00599886
-0.00599886
-0.00599788
-0.00540822
-0.00540863
-0.00540863
-0.00540822
-0.0047282
-0.00472845
-0.00472845
-0.0047282
-0.00398145
-0.0039806
-0.0039806
-0.00398145
-0.00322032
-0.00321946
-0.00321946
-0.00322032
-0.00247285
-0.00247028
-0.00247028
-0.00247285
-0.00181152
-0.00181155
-0.00181155
-0.00181152
-0.00188108
-0.00188332
-0.00188332
-0.00188108
-0.00176468
-0.00176874
-0.00176874
-0.00176468
-0.00150536
-0.00151026
-0.00151026
-0.00150536
-0.00117398
-0.00117864
-0.00117864
-0.00117398
-0.000926952
-0.000931835
-0.000931836
-0.000926952
-0.000882905
-0.00088846
-0.00088846
-0.000882905
-0.00139615
-0.00140122
-0.00140122
-0.00139615
-0.00239148
-0.00239661
-0.00239661
-0.00239148
-0.00361382
-0.00361852
-0.00361852
-0.00361382
-0.00481505
-0.00481953
-0.00481953
-0.00481505
-0.00586515
-0.00586852
-0.00586852
-0.00586515
-0.00670471
-0.00670585
-0.00670585
-0.00670471
-0.00726603
-0.00726562
-0.00726562
-0.00726603
-0.00750751
-0.00750568
-0.00750568
-0.00750751
-0.007418
-0.00741492
-0.00741492
-0.007418
-0.00701195
-0.0070078
-0.0070078
-0.00701195
-0.00631625
-0.00631089
-0.00631089
-0.00631625
-0.00538302
-0.00537899
-0.00537899
-0.00538302
-0.00424139
-0.00424528
-0.00424528
-0.00424139
-0.00560721
-0.00561504
-0.00561504
-0.00560721
-0.0069642
-0.0069726
-0.0069726
-0.0069642
-0.00829512
-0.00830443
-0.00830443
-0.00829512
-0.00953996
-0.00954703
-0.00954703
-0.00953996
-0.0106406
-0.0106466
-0.0106466
-0.0106406
-0.0115099
-0.0115149
-0.0115149
-0.0115099
-0.0121399
-0.0121444
-0.0121444
-0.0121399
-0.0125267
-0.0125289
-0.0125289
-0.0125267
-0.0127252
-0.0127277
-0.0127277
-0.0127252
-0.0127586
-0.0127603
-0.0127603
-0.0127586
-0.0126769
-0.0126785
-0.0126785
-0.0126769
-0.0125008
-0.012503
-0.012503
-0.0125008
-0.0122314
-0.0122334
-0.0122334
-0.0122314
-0.011895
-0.0118962
-0.0118962
-0.011895
-0.0115049
-0.0115062
-0.0115062
-0.0115049
-0.0110444
-0.0110469
-0.0110469
-0.0110444
-0.0104951
-0.010495
-0.010495
-0.0104951
-0.00995592
-0.00995361
-0.00995361
-0.00995592
-0.0094626
-0.00946383
-0.00946383
-0.0094626
-0.00883039
-0.00882877
-0.00882877
-0.00883039
-0.0081461
-0.00814883
-0.00814883
-0.0081461
-0.00733117
-0.00733291
-0.00733291
-0.00733117
-0.00645293
-0.00644879
-0.00644879
-0.00645293
-0.0054775
-0.00546838
-0.00546838
-0.0054775
-0.0042626
-0.00426292
-0.00426292
-0.0042626
-0.002192
-0.00221154
-0.00221154
-0.002192
0.000545626
0.00054347
0.00054347
0.000545626
0.00297178
0.00297034
0.00297034
0.00297178
0.00539395
0.0053905
0.0053905
0.00539395
0.00765888
0.00766214
0.00766214
0.00765888
0.00927111
0.00926558
0.00926558
0.00927111
0.0104635
0.0104649
0.0104649
0.0104635
0.0110367
0.0110339
0.0110339
0.0110367
0.0112664
0.0112666
0.0112666
0.0112664
0.011149
0.0111456
0.0111456
0.011149
0.0108359
0.010833
0.010833
0.0108359
0.0103651
0.0103611
0.0103611
0.0103651
0.00981722
0.0098148
0.0098148
0.00981722
0.00922449
0.0092232
0.0092232
0.00922449
0.00863419
0.00863458
0.00863458
0.00863419
0.00807052
0.0080715
0.0080715
0.00807052
0.00756435
0.00756549
0.00756549
0.00756435
0.00713475
0.00713537
0.00713537
0.00713475
0.00679525
0.00679561
0.00679561
0.00679525
0.00856892
0.00856952
0.00856952
0.00856892
0.0102299
0.0102307
0.0102307
0.0102299
0.0117637
0.0117643
0.0117643
0.0117637
0.0131451
0.0131452
0.0131452
0.0131451
0.0143454
0.0143454
0.0143454
0.0143454
0.0153398
0.0153401
0.0153401
0.0153398
0.0161064
0.0161074
0.0161074
0.0161064
0.0166292
0.016631
0.016631
0.0166292
0.0168959
0.0168986
0.0168986
0.0168959
0.0169
0.0169036
0.0169036
0.0169
0.0166409
0.0166452
0.0166452
0.0166409
0.0161252
0.0161301
0.0161301
0.0161252
0.015365
0.0153704
0.0153704
0.015365
0.014377
0.0143827
0.0143827
0.014377
0.0131828
0.0131888
0.0131888
0.0131828
0.0118104
0.0118159
0.0118159
0.0118104
0.0102869
0.0102911
0.0102911
0.0102869
0.00862694
0.00862961
0.00862961
0.00862694
0.00684434
0.00684569
0.00684569
0.00684434
0.004954
0.00495487
0.00495487
0.004954
0.00520824
0.00520772
0.00520772
0.00520824
0.00550918
0.0055083
0.0055083
0.00550918
0.00585979
0.00585954
0.00585954
0.00585979
0.00626492
0.00626612
0.00626612
0.00626492
0.00669198
0.00669242
0.00669242
0.00669198
0.00712776
0.00712843
0.00712843
0.00712776
0.00754182
0.00754084
0.00754084
0.00754182
0.00788836
0.00788593
0.00788593
0.00788836
0.00810218
0.00809877
0.00809877
0.00810218
0.00815158
0.0081491
0.0081491
0.00815158
0.00791769
0.00791609
0.00791609
0.00791769
0.00735231
0.00735301
0.00735301
0.00735231
0.0063858
0.00638947
0.00638947
0.0063858
0.00499168
0.00499522
0.00499522
0.00499168
0.00331231
0.00332577
0.00332577
0.00331231
0.00133276
0.00134073
0.00134073
0.00133276
-0.000442488
-0.000429303
-0.000429303
-0.000442488
-0.00267501
-0.00268713
-0.00268713
-0.00267501
-0.00491018
-0.00492663
-0.00492663
-0.00491018
-0.00641185
-0.00640444
-0.00640444
-0.00641185
-0.0069864
-0.00697367
-0.00697367
-0.0069864
-0.00694145
-0.00692838
-0.00692838
-0.00694145
-0.00663919
-0.00663967
-0.00663967
-0.00663919
-0.0062333
-0.00623552
-0.00623552
-0.0062333
-0.00609979
-0.00610321
-0.00610321
-0.00609979
-0.00613137
-0.00613611
-0.00613611
-0.00613137
-0.00605002
-0.006048
-0.006048
-0.00605002
-0.00597001
-0.00596541
-0.00596541
-0.00597001
-0.00602303
-0.00602157
-0.00602157
-0.00602303
-0.00613677
-0.00613571
-0.00613571
-0.00613677
-0.00624061
-0.00623887
-0.00623887
-0.00624061
-0.00628715
-0.00628441
-0.00628441
-0.00628715
-0.00628759
-0.00628422
-0.00628422
-0.00628759
-0.00624604
-0.00624496
-0.00624496
-0.00624604
-0.00611302
-0.00611319
-0.00611319
-0.00611302
-0.00587504
-0.00587527
-0.00587527
-0.00587504
-0.00553099
-0.00553125
-0.00553125
-0.00553099
-0.00508582
-0.0050862
-0.0050862
-0.00508582
-0.00455012
-0.00455034
-0.00455034
-0.00455012
-0.0039513
-0.00395169
-0.00395169
-0.0039513
-0.00331562
-0.00331559
-0.00331559
-0.00331562
-0.00268103
-0.00268052
-0.00268052
-0.00268103
-0.00207119
-0.00206904
-0.00206904
-0.00207119
-0.0015207
-0.00151906
-0.00151906
-0.0015207
-0.00102445
-0.00102167
-0.00102167
-0.00102445
-0.00119505
-0.00119159
-0.0011916
-0.00119505
-0.00115264
-0.00114639
-0.00114639
-0.00115264
-0.000847512
-0.000837973
-0.000837974
-0.000847512
-0.000299864
-0.000288005
-0.000288006
-0.000299864
0.000413671
0.000426277
0.000426277
0.000413671
0.00114307
0.00115514
0.00115514
0.00114307
0.00154288
0.00155582
0.00155582
0.00154288
0.00120384
0.00121653
0.00121653
0.00120384
0.000169171
0.000180703
0.000180704
0.000169171
-0.00117216
-0.00116201
-0.00116201
-0.00117216
-0.00248418
-0.00247487
-0.00247487
-0.00248418
-0.0036487
-0.00364105
-0.00364105
-0.0036487
-0.00452597
-0.00452025
-0.00452025
-0.00452597
-0.00506637
-0.00506191
-0.00506191
-0.00506637
-0.00527897
-0.00527564
-0.00527564
-0.00527897
-0.00520398
-0.00520115
-0.00520115
-0.00520398
-0.00489204
-0.00488855
-0.00488855
-0.00489204
-0.0043855
-0.00438064
-0.00438064
-0.0043855
-0.00373203
-0.00372748
-0.00372748
-0.00373203
-0.00295256
-0.00295452
-0.00295452
-0.00295256
-0.00201846
-0.00203009
-0.00203009
-0.00201846
-0.00294275
-0.00295558
-0.00295558
-0.00294275
-0.00392751
-0.00394177
-0.00394177
-0.00392751
-0.0049621
-0.00497381
-0.00497381
-0.0049621
-0.00604827
-0.00605777
-0.00605777
-0.00604827
-0.00711876
-0.00712556
-0.00712556
-0.00711876
-0.00814058
-0.00814564
-0.00814564
-0.00814058
-0.00903891
-0.00904292
-0.00904292
-0.00903891
-0.00978424
-0.00978881
-0.00978881
-0.00978424
-0.0103616
-0.0103655
-0.0103655
-0.0103616
-0.0107667
-0.0107698
-0.0107698
-0.0107667
-0.0110019
-0.0110043
-0.0110043
-0.0110019
-0.0110871
-0.0110891
-0.0110891
-0.0110871
-0.0110447
-0.0110459
-0.0110459
-0.0110447
-0.0108958
-0.0108958
-0.0108958
-0.0108958
-0.0106596
-0.0106593
-0.0106593
-0.0106596
-0.0103221
-0.0103218
-0.0103218
-0.0103221
-0.00987242
-0.00987388
-0.00987388
-0.00987242
-0.0092914
-0.00929406
-0.00929406
-0.0092914
-0.00862318
-0.0086256
-0.0086256
-0.00862318
-0.00791666
-0.00791962
-0.00791962
-0.00791666
-0.00717257
-0.00717336
-0.00717336
-0.00717257
-0.00639565
-0.0063969
-0.0063969
-0.00639565
-0.00556864
-0.00556736
-0.00556736
-0.00556864
-0.00473089
-0.0047271
-0.0047271
-0.00473089
-0.0038491
-0.00384588
-0.00384588
-0.0038491
-0.00274679
-0.00275587
-0.00275587
-0.00274679
-0.00124458
-0.00125842
-0.00125842
-0.00124458
0.000520698
0.000518898
0.000518898
0.000520698
0.00214189
0.00213654
0.00213654
0.00214189
0.00383475
0.00383197
0.00383197
0.00383475
0.00531642
0.00531788
0.00531788
0.00531642
0.00644954
0.00644811
0.00644811
0.00644954
0.00730183
0.00730582
0.00730582
0.00730183
0.00775173
0.0077517
0.0077517
0.00775173
0.00797474
0.00797759
0.00797759
0.00797474
0.00793101
0.0079301
0.0079301
0.00793101
0.00775186
0.00775139
0.00775139
0.00775186
0.00744157
0.00743885
0.00743885
0.00744157
0.00707556
0.00707362
0.00707362
0.00707556
0.00666658
0.0066649
0.0066649
0.00666658
0.00625698
0.00625684
0.00625684
0.00625698
0.00585755
0.00585811
0.00585811
0.00585755
0.00549422
0.00549515
0.00549515
0.00549422
0.0051795
0.0051798
0.0051798
0.0051795
0.00492791
0.00492805
0.00492805
0.00492791
0.00473956
0.00473995
0.00473995
0.00473956
0.00653513
0.00653556
0.00653556
0.00653513
0.008241
0.00824157
0.00824157
0.008241
0.00984274
0.00984301
0.00984301
0.00984274
0.011316
0.0113158
0.0113158
0.011316
0.0126363
0.0126359
0.0126359
0.0126363
0.0137774
0.0137772
0.0137772
0.0137774
0.0147195
0.0147199
0.0147199
0.0147195
0.0154448
0.0154459
0.0154459
0.0154448
0.0159383
0.0159402
0.0159402
0.0159383
0.0161894
0.0161921
0.0161921
0.0161894
0.0161922
0.0161955
0.0161955
0.0161922
0.015947
0.0159508
0.0159508
0.015947
0.0154591
0.0154634
0.0154634
0.0154591
0.0147385
0.0147431
0.0147431
0.0147385
0.0137998
0.0138047
0.0138047
0.0137998
0.0126615
0.0126667
0.0126667
0.0126615
0.0113467
0.0113518
0.0113518
0.0113467
0.00987892
0.00988353
0.00988353
0.00987892
0.00828009
0.00828401
0.00828401
0.00828009
0.00657064
0.00657366
0.00657366
0.00657064
0.00476468
0.00476684
0.00476684
0.00476468
0.00287626
0.00287833
0.00287833
0.00287626
0.00300802
0.00300863
0.00300863
0.00300802
0.00314896
0.00314783
0.00314783
0.00314896
0.00332171
0.00331991
0.00331991
0.00332171
0.00351523
0.00351439
0.00351439
0.00351523
0.00375012
0.00375123
0.00375123
0.00375012
0.00400668
0.00400782
0.00400782
0.00400668
0.00426935
0.00427015
0.00427015
0.00426935
0.00451132
0.00451098
0.00451098
0.00451132
0.00470414
0.00470324
0.00470324
0.00470414
0.00480501
0.00480419
0.00480419
0.00480501
0.00479158
0.00479251
0.00479251
0.00479158
0.00464125
0.00464488
0.00464488
0.00464125
0.00428259
0.00428574
0.00428574
0.00428259
0.00372237
0.00372777
0.00372777
0.00372237
0.00288837
0.00289025
0.00289025
0.00288837
0.00196444
0.00197203
0.00197203
0.00196444
0.000846686
0.000847025
0.000847025
0.000846686
-0.000233209
-0.000234151
-0.000234151
-0.000233209
-0.00141549
-0.00142463
-0.00142463
-0.00141549
-0.00267605
-0.00268783
-0.00268783
-0.00267605
-0.00359038
-0.00358527
-0.00358527
-0.00359038
-0.00400969
-0.00399307
-0.00399307
-0.00400969
-0.00402527
-0.00400949
-0.00400949
-0.00402527
-0.00395624
-0.00395374
-0.00395374
-0.00395624
-0.00395632
-0.00396149
-0.00396149
-0.00395632
-0.0040493
-0.00405214
-0.00405214
-0.0040493
-0.00420535
-0.00420621
-0.00420621
-0.00420535
-0.00436816
-0.00436794
-0.00436794
-0.00436816
-0.00456067
-0.00456202
-0.00456202
-0.00456067
-0.0048064
-0.00481056
-0.00481056
-0.0048064
-0.00504953
-0.00505394
-0.00505394
-0.00504953
-0.00522994
-0.00523373
-0.00523373
-0.00522994
-0.00530753
-0.00531199
-0.00531199
-0.00530753
-0.00523328
-0.00523846
-0.00523846
-0.00523328
-0.00501443
-0.00501658
-0.00501658
-0.00501443
-0.00473388
-0.00473693
-0.00473693
-0.00473388
-0.00441142
-0.00441596
-0.00441596
-0.00441142
-0.0040409
-0.00404539
-0.00404539
-0.0040409
-0.00362702
-0.00363087
-0.00363087
-0.00362702
-0.00318108
-0.003184
-0.003184
-0.00318108
-0.00272066
-0.0027227
-0.0027227
-0.00272066
-0.00226032
-0.00226119
-0.00226119
-0.00226032
-0.00181726
-0.00181737
-0.00181737
-0.00181726
-0.00140405
-0.00140338
-0.00140338
-0.00140405
-0.00103492
-0.00103427
-0.00103427
-0.00103492
-0.000707519
-0.000706653
-0.000706653
-0.000707519
-0.000417064
-0.000416924
-0.000416924
-0.000417064
-0.000592326
-0.000592059
-0.000592059
-0.000592326
-0.000709356
-0.000712267
-0.000712267
-0.000709355
-0.000741166
-0.000746999
-0.000746999
-0.000741166
-0.000706837
-0.000715628
-0.000715628
-0.000706837
-0.000623965
-0.000635599
-0.0006356
-0.000623965
-0.000454438
-0.000466908
-0.000466908
-0.000454438
-0.000160473
-0.000171025
-0.000171025
-0.000160473
0.000173206
0.00016192
0.000161919
0.000173207
4.01562e-05
3.18208e-05
3.18204e-05
4.01565e-05
-0.000691615
-0.000700987
-0.000700987
-0.000691615
-0.00148912
-0.00149949
-0.00149949
-0.00148912
-0.00211418
-0.00212488
-0.00212488
-0.00211418
-0.00256659
-0.0025761
-0.0025761
-0.00256659
-0.00287344
-0.00288133
-0.00288133
-0.00287344
-0.00305309
-0.00305855
-0.00305855
-0.00305309
-0.00310732
-0.00310991
-0.00310991
-0.00310732
-0.00302841
-0.00302802
-0.00302802
-0.00302841
-0.00282236
-0.0028194
-0.0028194
-0.00282236
-0.00251562
-0.00250951
-0.00250951
-0.00251562
-0.00214075
-0.00213289
-0.00213289
-0.00214075
-0.00170682
-0.00170299
-0.00170299
-0.00170682
-0.00116521
-0.00117063
-0.00117063
-0.00116521
-0.000500387
-0.0005071
-0.0005071
-0.000500387
-0.000981776
-0.000992376
-0.000992376
-0.000981776
-0.00152318
-0.00153296
-0.00153296
-0.00152318
-0.00215542
-0.002165
-0.002165
-0.00215542
-0.00282859
-0.00283545
-0.00283545
-0.00282859
-0.00354509
-0.00355038
-0.00355038
-0.00354509
-0.00427975
-0.004283
-0.004283
-0.00427975
-0.0050272
-0.00502896
-0.00502896
-0.0050272
-0.00574781
-0.00574892
-0.00574892
-0.00574781
-0.0064132
-0.00641526
-0.00641526
-0.0064132
-0.00698794
-0.00699157
-0.00699157
-0.00698794
-0.00745688
-0.00746246
-0.00746246
-0.00745688
-0.00781239
-0.00781858
-0.00781858
-0.00781239
-0.00806205
-0.00806704
-0.00806704
-0.00806205
-0.00821675
-0.0082203
-0.0082203
-0.00821675
-0.00823834
-0.00824285
-0.00824285
-0.00823834
-0.00802048
-0.00802457
-0.00802457
-0.00802048
-0.00761572
-0.00761993
-0.00761993
-0.00761572
-0.00708403
-0.00708786
-0.00708786
-0.00708403
-0.00648303
-0.00648531
-0.00648531
-0.00648303
-0.00583564
-0.00583693
-0.00583693
-0.00583564
-0.00516973
-0.0051703
-0.0051703
-0.00516973
-0.00451884
-0.00451768
-0.00451768
-0.00451884
-0.00391511
-0.00391214
-0.00391214
-0.00391511
-0.00335446
-0.00334678
-0.00334678
-0.00335446
-0.00283018
-0.00282011
-0.00282011
-0.00283018
-0.00226655
-0.00226139
-0.00226139
-0.00226655
-0.00155333
-0.00155919
-0.00155919
-0.00155333
-0.000648938
-0.000657024
-0.000657024
-0.000648938
0.000326155
0.000322406
0.000322406
0.000326155
0.0012877
0.00128064
0.00128064
0.0012877
0.00228922
0.00228515
0.00228515
0.00228922
0.00313373
0.00313177
0.00313177
0.00313373
0.00382128
0.00382038
0.00382038
0.00382128
0.00433198
0.00433496
0.00433496
0.00433198
0.00462354
0.00462433
0.00462433
0.00462354
0.00478062
0.00478386
0.00478386
0.00478062
0.00476825
0.00476879
0.00476879
0.00476825
0.00467796
0.00467929
0.00467929
0.00467796
0.00449683
0.00449592
0.00449592
0.00449683
0.00428619
0.00428558
0.00428558
0.00428619
0.00404278
0.00404157
0.00404157
0.00404278
0.0038015
0.00380127
0.00380127
0.0038015
0.00356157
0.00356172
0.00356172
0.00356157
0.00334359
0.00334414
0.00334414
0.00334359
0.00315146
0.00315142
0.00315142
0.00315146
0.0029966
0.00299634
0.00299634
0.0029966
0.00287624
0.00287653
0.00287653
0.00287624
0.00279198
0.00279331
0.00279331
0.00279198
0.00460831
0.00460946
0.00460946
0.00460831
0.00635985
0.00636083
0.00636083
0.00635985
0.00802883
0.00802932
0.00802932
0.00802883
0.00959128
0.00959126
0.00959126
0.00959128
0.0110233
0.0110231
0.0110231
0.0110233
0.0123014
0.0123014
0.0123014
0.0123014
0.0134044
0.0134049
0.0134049
0.0134044
0.0143135
0.0143146
0.0143146
0.0143135
0.0150122
0.015014
0.015014
0.0150122
0.0154868
0.0154892
0.0154892
0.0154868
0.015728
0.0157311
0.0157311
0.015728
0.015731
0.0157346
0.0157346
0.015731
0.0154951
0.0154991
0.0154991
0.0154951
0.0150249
0.0150292
0.0150292
0.0150249
0.01433
0.0143345
0.0143345
0.01433
0.0134231
0.0134276
0.0134276
0.0134231
0.0123211
0.0123257
0.0123257
0.0123211
0.0110439
0.0110485
0.0110485
0.0110439
0.00961265
0.00961729
0.00961729
0.00961265
0.00804949
0.00805415
0.00805415
0.00804949
0.00637848
0.00638291
0.00638291
0.00637848
0.00462389
0.00462743
0.00462743
0.00462389
0.00280344
0.00280567
0.00280567
0.00280344
-0.00646497
-0.00645962
-0.00645963
-0.00646498
-0.00738394
-0.00738346
-0.00738346
-0.00738394
-0.00795752
-0.00795376
-0.00795376
-0.00795752
-0.00855677
-0.00855478
-0.00855478
-0.00855677
-0.00903872
-0.00903536
-0.00903536
-0.00903872
-0.00942591
-0.00942242
-0.00942242
-0.00942591
-0.00973892
-0.00973553
-0.00973553
-0.00973892
-0.00995684
-0.00995289
-0.00995289
-0.00995684
-0.01012
-0.0101146
-0.0101146
-0.01012
-0.0103638
-0.0103614
-0.0103614
-0.0103638
-0.0103206
-0.0103116
-0.0103116
-0.0103206
-0.0115272
-0.011528
-0.011528
-0.0115272
-0.0107054
-0.0106911
-0.0106911
-0.0107054
-0.0169646
-0.0169688
-0.0169688
-0.0169646
-0.000449997
-0.000495012
-0.000495012
-0.000449997
0.0167507
0.0167286
0.0167286
0.0167507
0.0333264
0.033313
0.033313
0.0333264
0.0478875
0.0478759
0.0478759
0.0478875
0.0566845
0.0566748
0.0566748
0.0566845
0.0601352
0.0601279
0.0601279
0.0601352
0.0581747
0.0581781
0.0581781
0.0581747
0.0486907
0.0486837
0.0486837
0.0486907
0.033979
0.0339619
0.0339619
0.033979
0.0173391
0.0173156
0.0173156
0.0173391
0.00150942
0.00148351
0.00148351
0.00150942
-0.00643658
-0.0064372
-0.0064372
-0.00643658
-0.0120256
-0.0120177
-0.0120177
-0.0120256
-0.0157845
-0.0157795
-0.0157795
-0.0157845
-0.0174156
-0.0174082
-0.0174082
-0.0174156
-0.0169815
-0.0169731
-0.0169731
-0.0169815
-0.0145309
-0.0145193
-0.0145193
-0.0145309
-0.0117102
-0.011709
-0.011709
-0.0117102
-0.00920241
-0.00919662
-0.00919662
-0.00920241
-0.00814223
-0.00813833
-0.00813833
-0.00814223
-0.0075776
-0.00757621
-0.00757621
-0.0075776
-0.00684607
-0.00684213
-0.00684213
-0.00684608
-0.000135446
-0.000134374
-0.000134374
-0.000135446
-0.000177033
-0.000175164
-0.000175164
-0.000177033
-0.000197278
-0.00019441
-0.00019441
-0.000197278
-0.000152675
-0.00014608
-0.00014608
-0.000152675
4.6472e-05
5.85124e-05
5.85123e-05
4.64721e-05
0.000552134
0.000567951
0.000567951
0.000552134
0.00143443
0.0014527
0.0014527
0.00143443
0.0025541
0.00257202
0.00257202
0.0025541
0.00353074
0.00354638
0.00354638
0.00353074
0.00369073
0.00370677
0.00370677
0.00369073
0.00305852
0.00307357
0.00307357
0.00305852
0.00200347
0.00201782
0.00201782
0.00200347
0.000979063
0.00099257
0.00099257
0.000979063
0.000142732
0.000154935
0.000154935
0.000142732
-0.000436105
-0.000425481
-0.000425481
-0.000436105
-0.000760044
-0.000751019
-0.000751019
-0.000760044
-0.000896958
-0.000890051
-0.000890051
-0.000896958
-0.000921237
-0.000916444
-0.000916444
-0.000921237
-0.000880617
-0.000877626
-0.000877626
-0.000880617
-0.000799252
-0.000796905
-0.000796905
-0.000799252
-0.00069459
-0.000692053
-0.000692053
-0.00069459
-0.000568967
-0.000568052
-0.000568052
-0.000568967
-0.000394276
-0.000397969
-0.000397969
-0.000394276
-0.000142614
-0.000147135
-0.000147135
-0.000142614
4.20427e-05
4.63423e-05
4.63423e-05
4.20427e-05
-1.50985e-05
-7.62268e-06
-7.62267e-06
-1.50985e-05
-0.000161674
-0.000156028
-0.000156028
-0.000161674
-0.000366636
-0.000360359
-0.000360359
-0.000366636
-0.000602429
-0.000596914
-0.000596914
-0.000602429
-0.000846438
-0.000840971
-0.000840971
-0.000846438
-0.00110814
-0.00110269
-0.00110269
-0.00110814
-0.00137834
-0.00137255
-0.00137255
-0.00137834
-0.00165897
-0.00165351
-0.00165351
-0.00165897
-0.00192627
-0.00192301
-0.00192301
-0.00192627
-0.00217019
-0.00216982
-0.00216982
-0.00217019
-0.00239459
-0.00239535
-0.00239535
-0.00239459
-0.00258679
-0.00258797
-0.00258797
-0.00258679
-0.00272275
-0.00272445
-0.00272445
-0.00272275
-0.00278194
-0.00278419
-0.00278419
-0.00278194
-0.0027577
-0.00275889
-0.00275889
-0.0027577
-0.00269433
-0.00269256
-0.00269256
-0.00269433
-0.00263674
-0.00263465
-0.00263465
-0.00263674
-0.00253218
-0.00253086
-0.00253086
-0.00253218
-0.00236605
-0.00236544
-0.00236544
-0.00236605
-0.00216474
-0.00216374
-0.00216374
-0.00216474
-0.00195211
-0.00195091
-0.00195091
-0.00195211
-0.00173718
-0.00173623
-0.00173623
-0.00173718
-0.00152561
-0.00152489
-0.00152489
-0.00152561
-0.00132545
-0.00132491
-0.00132491
-0.00132545
-0.00114006
-0.00113854
-0.00113854
-0.00114006
-0.000971049
-0.000968828
-0.000968828
-0.000971049
-0.000784303
-0.000784102
-0.000784102
-0.000784303
-0.000539104
-0.000542988
-0.000542988
-0.000539104
-0.000226408
-0.000230736
-0.000230736
-0.000226408
9.92533e-05
9.64696e-05
9.64696e-05
9.92533e-05
0.000428803
0.000425399
0.000425399
0.000428803
0.000772057
0.000770917
0.000770917
0.000772057
0.00105572
0.00105582
0.00105582
0.00105572
0.00129548
0.00129684
0.00129684
0.00129548
0.001468
0.00147105
0.00147105
0.001468
0.00156901
0.00157168
0.00157168
0.00156901
0.00162344
0.00162698
0.00162698
0.00162344
0.00161721
0.00161967
0.00161967
0.00161721
0.00158714
0.00158981
0.00158981
0.00158714
0.0015222
0.00152366
0.00152366
0.0015222
0.00145109
0.00145237
0.00145237
0.00145109
0.00136646
0.00136692
0.00136692
0.00136646
0.00128566
0.00128619
0.00128619
0.00128566
0.00120351
0.00120385
0.00120385
0.00120351
0.00113037
0.00113079
0.00113079
0.00113037
0.00106479
0.00106478
0.00106478
0.00106479
0.0010127
0.00101254
0.00101254
0.0010127
0.000969115
0.000969329
0.000969329
0.000969115
0.000934044
0.000935285
0.000935285
0.000934044
0.000915118
0.000916258
0.000916258
0.000915118
0.00274561
0.00274721
0.00274721
0.00274561
0.00454023
0.00454173
0.00454173
0.00454023
0.006275
0.00627613
0.00627613
0.006275
0.00792639
0.00792691
0.00792691
0.00792639
0.00946911
0.00946925
0.00946925
0.00946911
0.0108796
0.0108798
0.0108798
0.0108796
0.0121373
0.0121378
0.0121378
0.0121373
0.0132224
0.0132234
0.0132234
0.0132224
0.0141162
0.0141179
0.0141179
0.0141162
0.0148028
0.0148052
0.0148052
0.0148028
0.0152691
0.0152721
0.0152721
0.0152691
0.015506
0.0155095
0.0155095
0.015506
0.0155081
0.0155121
0.0155121
0.0155081
0.0152761
0.0152805
0.0152805
0.0152761
0.0148145
0.014819
0.014819
0.0148145
0.0141318
0.0141363
0.0141363
0.0141318
0.0132406
0.0132452
0.0132452
0.0132406
0.0121569
0.0121614
0.0121614
0.0121569
0.0108987
0.0109032
0.0109032
0.0108987
0.00948598
0.00949058
0.00949058
0.00948598
0.00794067
0.00794542
0.00794542
0.00794067
0.00628687
0.00629153
0.00629153
0.00628687
0.00455108
0.00455491
0.00455491
0.00455108
0.00275765
0.00275983
0.00275983
0.00275765
0.000924526
0.000925172
0.000925172
0.000924526
0.000936213
0.00093719
0.00093719
0.000936213
0.000969874
0.000970571
0.000970571
0.000969874
0.0010046
0.00100505
0.00100505
0.0010046
0.00105942
0.00105876
0.00105876
0.00105942
0.0011119
0.00111086
0.00111086
0.0011119
0.00117363
0.0011736
0.0011736
0.00117363
0.00125347
0.00125458
0.00125458
0.00125347
0.00134219
0.00134361
0.00134361
0.00134219
0.0014327
0.00143414
0.00143414
0.0014327
0.00151427
0.0015157
0.0015157
0.00151427
0.00157848
0.00158016
0.00158016
0.00157848
0.00161224
0.00161452
0.00161452
0.00161224
0.00160195
0.00160505
0.00160505
0.00160195
0.0015534
0.00155758
0.00155758
0.0015534
0.00142685
0.00143025
0.00143025
0.00142685
0.00124544
0.00124919
0.00124919
0.00124544
0.000959722
0.000961267
0.000961267
0.000959722
0.000657831
0.000660062
0.000660062
0.000657831
0.000284673
0.00028267
0.00028267
0.000284673
-9.38695e-05
-9.75217e-05
-9.75217e-05
-9.38695e-05
-0.00048405
-0.000489801
-0.000489801
-0.00048405
-0.00090378
-0.000910282
-0.000910282
-0.00090378
-0.00121076
-0.00121104
-0.00121104
-0.00121076
-0.00133213
-0.00132727
-0.00132727
-0.00133213
-0.0013307
-0.00132662
-0.00132662
-0.0013307
-0.0013122
-0.00131219
-0.00131219
-0.0013122
-0.00132213
-0.00132342
-0.00132342
-0.00132213
-0.00133951
-0.00133752
-0.00133752
-0.00133951
-0.00137744
-0.0013729
-0.0013729
-0.00137744
-0.00142116
-0.00141581
-0.00141581
-0.00142116
-0.00146521
-0.00145983
-0.00145983
-0.00146521
-0.00150022
-0.00149545
-0.00149545
-0.00150022
-0.00151062
-0.00150646
-0.00150646
-0.00151062
-0.00149645
-0.00149233
-0.00149233
-0.00149645
-0.00148127
-0.0014763
-0.0014763
-0.00148127
-0.0015085
-0.00150393
-0.00150393
-0.0015085
-0.00158421
-0.0015845
-0.0015845
-0.00158421
-0.00158634
-0.00158707
-0.00158707
-0.00158634
-0.0015243
-0.00152416
-0.00152416
-0.0015243
-0.0014232
-0.00142291
-0.00142291
-0.0014232
-0.00129528
-0.00129514
-0.00129514
-0.00129528
-0.00114671
-0.0011466
-0.0011466
-0.00114671
-0.000986903
-0.000986985
-0.000986985
-0.000986903
-0.00082406
-0.000824303
-0.000824303
-0.00082406
-0.000667685
-0.000668319
-0.000668319
-0.000667685
-0.000521627
-0.000522634
-0.000522634
-0.000521627
-0.000391912
-0.000393787
-0.000393787
-0.000391912
-0.000275799
-0.000278641
-0.000278641
-0.000275799
-0.000173305
-0.000177071
-0.000177071
-0.000173305
-6.79367e-05
-6.98165e-05
-6.98165e-05
-6.79367e-05
0.0477725
0.0477595
0.0477595
0.0477725
-0.00697741
-0.00697357
-0.00697356
-0.00697738
)
;

boundaryField
{
    inlet
    {
        type            zeroGradient;
    }
    outlet
    {
        type            fixedValue;
        value           uniform 0;
    }
    obstacle
    {
        type            zeroGradient;
    }
    topbottomsurface
    {
        type            empty;
    }
}


// ************************************************************************* //
