/*--------------------------------*- C++ -*----------------------------------*\
| =========                 |                                                 |
| \\      /  F ield         | OpenFOAM: The Open Source CFD Toolbox           |
|  \\    /   O peration     | Version:  v1806                                 |
|   \\  /    A nd           | Web:      www.OpenFOAM.com                      |
|    \\/     M anipulation  |                                                 |
\*---------------------------------------------------------------------------*/
FoamFile
{
    version     2.0;
    format      ascii;
    class       surfaceScalarField;
    location    "220";
    object      phi;
}
// * * * * * * * * * * * * * * * * * * * * * * * * * * * * * * * * * * * * * //

dimensions      [0 3 -1 0 0 0 0];
oriented        oriented;


internalField   nonuniform List<scalar> 
4680
(
0.104999
-0.00013036
0.104998
-0.000451226
0.104993
-0.000730498
0.104989
-0.00109104
0.104978
-0.00141851
0.10497
-0.00185407
0.104953
-0.00227542
0.104939
-0.00283048
0.104915
-0.00338468
0.104894
-0.00408768
0.104864
-0.00481974
0.104837
-0.00570217
0.104804
-0.00661324
0.104777
-0.00763923
0.104753
-0.00868377
0.10474
-0.00975505
0.104741
-0.0107349
0.104763
-0.0115865
0.1048
-0.0121825
-0.0124747
0.104875
0.104996
-0.000126766
0.104995
-0.000449619
0.104984
-0.000719733
0.104977
-0.00108359
0.104957
-0.00139939
0.104943
-0.00184002
0.104915
-0.00224686
0.104893
-0.00280877
0.104855
-0.00334604
0.104825
-0.00405865
0.10478
-0.0047739
0.104747
-0.00566907
0.104703
-0.00656937
0.104678
-0.00761457
0.104657
-0.00866297
0.104664
-0.00976196
0.104696
-0.0107673
0.104766
-0.0116559
0.104873
-0.0122894
-0.0126113
0.10501
0.104994
-0.000120827
0.104992
-0.000447153
0.104974
-0.000702043
0.104962
-0.00107213
0.104932
-0.00136858
0.104911
-0.00181913
0.104866
-0.00220175
0.104834
-0.00277761
0.104775
-0.00328626
0.104735
-0.00401863
0.104665
-0.0047046
0.104623
-0.00562637
0.104559
-0.00650607
0.104534
-0.00758893
0.104511
-0.00863979
0.104538
-0.00978905
0.104602
-0.0108319
0.104728
-0.0117813
0.104908
-0.0124694
-0.0128321
0.105129
0.104992
-0.000112581
0.104988
-0.000443852
0.104964
-0.000677244
0.104948
-0.00105659
0.104905
-0.00132544
0.104877
-0.00179115
0.104814
-0.00213854
0.104773
-0.00273655
0.104689
-0.00320245
0.104637
-0.00396702
0.10454
-0.00460697
0.104487
-0.0055735
0.104397
-0.00641615
0.10437
-0.00756175
0.104336
-0.00860576
0.104383
-0.00983613
0.104475
-0.0109238
0.104657
-0.011964
0.104916
-0.0127276
-0.0131499
0.105233
0.10499
-0.000102107
0.104985
-0.000439783
0.104953
-0.000645273
0.104934
-0.00103715
0.104878
-0.00126966
0.104844
-0.00175644
0.104761
-0.00205625
0.104711
-0.0026862
0.104601
-0.00309229
0.104539
-0.00390479
0.104408
-0.00447636
0.104346
-0.00551185
0.104222
-0.00629158
0.104195
-0.00753487
0.104139
-0.00854966
0.104208
-0.00990558
0.104318
-0.0110337
0.104562
-0.0122081
0.104903
-0.0130685
-0.0135728
0.105326
0.104987
-8.95722e-05
0.104983
-0.000434912
0.104944
-0.00060621
0.10492
-0.00101393
0.104852
-0.00120115
0.104811
-0.00171543
0.104709
-0.0019542
0.10465
-0.00262735
0.104511
-0.00295377
0.10444
-0.00383326
0.104272
-0.00430805
0.104203
-0.00544357
0.104035
-0.00612303
0.104012
-0.00751173
0.103918
-0.00845656
0.104016
-0.0100029
0.104129
-0.0111467
0.104443
-0.0125224
0.104869
-0.0134946
-0.0141127
0.105409
0.104986
-7.52727e-05
0.10498
-0.000429045
0.104934
-0.000560356
0.104907
-0.000986889
0.104826
-0.00112016
0.104779
-0.00166825
0.104657
-0.00183213
0.10459
-0.00256047
0.104421
-0.00278531
0.104342
-0.00375342
0.104131
-0.0040975
0.104058
-0.00537056
0.103835
-0.00590029
0.10382
-0.00749635
0.103671
-0.00830778
0.103805
-0.0101369
0.103898
-0.0112396
0.104298
-0.0129229
0.104807
-0.0140032
-0.0147888
0.105483
0.104984
-5.96642e-05
0.104977
-0.000421756
0.104925
-0.000508315
0.104894
-0.000955635
0.104801
-0.00102739
0.104747
-0.00161459
0.104606
-0.00169046
0.104531
-0.00248532
0.104331
-0.00258624
0.104243
-0.00366524
0.103987
-0.00384112
0.10391
-0.00529341
0.103623
-0.00561342
0.103618
-0.00749159
0.103393
-0.00808215
0.103573
-0.0103179
0.103613
-0.0112797
0.104125
-0.0134345
0.1047
-0.0145786
-0.0156336
0.105545
0.104984
-4.33948e-05
0.104974
-0.000412326
0.104917
-0.000451088
0.104881
-0.000919389
0.104778
-0.000924167
0.104716
-0.00155347
0.104557
-0.00153054
0.104472
-0.00240069
0.104243
-0.00235722
0.104145
-0.00356713
0.103841
-0.00353708
0.103758
-0.00521038
0.103399
-0.00525426
0.103404
-0.00749703
0.10308
-0.00775836
0.103316
-0.0105541
0.103264
-0.0112269
0.103918
-0.0140893
0.104525
-0.0151848
-0.0167009
0.105592
0.104984
-2.73291e-05
0.104971
-0.000399688
0.10491
-0.000390148
0.104868
-0.000876867
0.104756
-0.000812568
0.104686
-0.00148313
0.10451
-0.00135488
0.104414
-0.00230407
0.104157
-0.00210069
0.104045
-0.00345551
0.103695
-0.00318615
0.103601
-0.00511639
0.103164
-0.00481795
0.103174
-0.00750699
0.102734
-0.00731769
0.103027
-0.0108475
0.102838
-0.011038
0.103671
-0.0149218
0.104256
-0.0157705
-0.0180665
0.105622
0.104985
-1.25573e-05
0.104968
-0.000382382
0.104905
-0.00032752
0.104855
-0.000826189
0.104738
-0.00069558
0.104655
-0.00140079
0.104468
-0.00116749
0.104355
-0.0021914
0.104076
-0.00182137
0.103945
-0.0033243
0.103551
-0.00279244
0.103437
-0.00500237
0.102923
-0.00430418
0.102925
-0.00750892
0.102354
-0.00674654
0.102695
-0.0111885
0.102327
-0.0106705
0.103368
-0.0159625
0.103869
-0.016271
-0.019835
0.105637
0.104988
-3.6749e-07
0.104964
-0.000358558
0.104902
-0.000265817
0.104841
-0.000764814
0.104723
-0.000577236
0.104624
-0.00130248
0.104431
-0.000974148
0.104296
-0.00205664
0.104002
-0.00152689
0.103842
-0.00316432
0.103414
-0.00236448
0.103266
-0.00485433
0.10268
-0.00371882
0.102653
-0.0074821
0.101945
-0.00603839
0.102311
-0.0115538
0.101725
-0.0100844
0.102992
-0.0172299
0.10333
-0.0166092
-0.0221532
0.105648
0.104992
7.7964e-06
0.104959
-0.000325994
0.104902
-0.000208191
0.104826
-0.000689564
0.104712
-0.000462667
0.104592
-0.00118286
0.104401
-0.000782828
0.104235
-0.00189119
0.103937
-0.00122875
0.103735
-0.00296205
0.103288
-0.00191698
0.103085
-0.00465156
0.102442
-0.00307644
0.102356
-0.0073955
0.101514
-0.00519668
0.101863
-0.0119031
0.101024
-0.0092446
0.102517
-0.0187231
0.102597
-0.0166893
-0.0252342
0.105678
0.104997
1.08246e-05
0.104954
-0.000282676
0.104903
-0.00015793
0.104811
-0.000596987
0.104706
-0.000357823
0.104558
-0.00103537
0.104379
-0.000603818
0.104172
-0.00168341
0.103886
-0.000943494
0.103622
-0.00269781
0.103179
-0.00147399
0.10289
-0.00436258
0.10222
-0.00240605
0.102026
-0.00720157
0.101072
-0.00424277
0.101341
-0.0121724
0.100223
-0.00812614
0.101915
-0.0204149
0.101602
-0.0163764
-0.0293969
0.105764
0.105003
8.18619e-06
0.104947
-0.000227454
0.104907
-0.000117374
0.104795
-0.00048466
0.104704
-0.000267622
0.104523
-0.000854192
0.104367
-0.000447767
0.104104
-0.00142013
0.103853
-0.000692759
0.103499
-0.00234421
0.103099
-0.00107309
0.102674
-0.00393818
0.102029
-0.00176133
0.101649
-0.00682147
0.100641
-0.00323476
0.100722
-0.0122532
0.0993305
-0.00673448
0.101161
-0.022245
0.100252
-0.0154678
-0.0351095
0.105965
0.105008
5.55028e-07
0.104941
-0.000160934
0.104911
-8.69029e-05
0.104779
-0.000352834
0.104705
-0.000193835
0.104489
-0.000637893
0.104361
-0.000320081
0.104036
-0.00109459
0.103834
-0.00049129
0.103369
-0.00187885
0.103052
-0.000756271
0.102426
-0.00331258
0.101901
-0.00123638
0.101193
-0.00611351
0.100261
-0.00230217
0.0999454
-0.0119378
0.0983854
-0.00517447
0.10018
-0.0240399
0.0984455
-0.0137331
-0.0431521
0.106488
0.105011
-9.96205e-06
0.104936
-8.59507e-05
0.104913
-6.41318e-05
0.104766
-0.000205728
0.104705
-0.000133183
0.104459
-0.000392206
0.104357
-0.00021731
0.103975
-0.00071296
0.103821
-0.00033771
0.103246
-0.00130334
0.103022
-0.00053237
0.102174
-0.00246453
0.10183
-0.000892023
0.100649
-0.00493344
0.100021
-0.00167364
0.0988432
-0.0107601
0.0974855
-0.00381673
0.098654
-0.0252084
0.0960861
-0.0111652
-0.0552427
0.108177
0.10501
-1.97089e-05
0.104931
-7.6083e-06
0.104911
-4.4158e-05
0.104757
-5.1305e-05
0.104701
-7.73781e-05
0.104439
-0.000130492
0.104348
-0.000125788
0.103932
-0.000297199
0.103804
-0.000209745
0.103153
-0.000651824
0.102988
-0.000368109
0.101963
-0.00143861
0.10176
-0.000689855
0.100134
-0.00330708
0.0998619
-0.00140153
0.0974424
-0.00834059
0.0968272
-0.0032015
0.0958127
-0.0241939
0.0933034
-0.0086559
-0.0736278
0.111689
0.105005
-2.49925e-05
0.104929
6.90189e-05
0.104907
-2.2115e-05
0.104753
0.000102169
0.104693
-1.74893e-05
0.10443
0.000132278
0.104334
-2.90961e-05
0.103911
0.000125278
0.103778
-7.6329e-05
0.103103
2.31536e-05
0.102935
-0.000199969
0.101839
-0.000342698
0.101645
-0.000496464
0.0997876
-0.00144916
0.0995922
-0.00120622
0.0962645
-0.00501281
0.0962374
-0.00317444
0.0913399
-0.0192964
0.0911078
-0.00842381
-0.0945496
0.11203
0.104993
-1.83034e-05
0.104936
0.000125968
0.104891
2.33359e-05
0.104765
0.000228572
0.104669
7.78226e-05
0.104448
0.000353566
0.104296
0.000123184
0.103935
0.000485879
0.103713
0.000146143
0.103133
0.000602986
0.10282
0.000112275
0.10186
0.00061795
0.101422
-5.84101e-05
0.0997303
0.000242342
0.0990781
-0.000554032
0.0957466
-0.00168127
0.0946319
-0.0020598
0.0873102
-0.0119747
0.0914658
-0.0125794
0.0977003
-0.100784
0.104892
-0.00165538
0.104902
-0.00164873
0.104913
-0.00164414
0.104923
-0.0016385
0.104934
-0.00163192
0.104945
-0.00162442
0.104956
-0.00161601
0.104967
-0.00160669
0.104978
-0.00159647
-0.00158527
0.104989
0.105025
-0.00167102
0.105044
-0.00166779
0.105063
-0.00166322
0.105082
-0.00165767
0.105102
-0.00165115
0.105121
-0.00164366
0.10514
-0.0016352
0.105159
-0.0016258
0.105178
-0.00161547
-0.00160432
0.105197
0.105159
-0.00170198
0.10519
-0.00169867
0.105221
-0.00169407
0.105252
-0.00168841
0.105282
-0.00168169
0.105313
-0.00167392
0.105343
-0.00166511
0.105372
-0.00165527
0.105401
-0.00164442
-0.0016326
0.105429
0.105277
-0.00174576
0.105321
-0.00174236
0.105364
-0.0017377
0.105408
-0.00173185
0.105451
-0.00172482
0.105494
-0.00171662
0.105536
-0.00170725
0.105577
-0.00169675
0.105618
-0.00168512
-0.00167244
0.105658
0.105384
-0.0018037
0.105442
-0.00180048
0.1055
-0.00179576
0.105558
-0.00178965
0.105615
-0.00178218
0.105672
-0.00177336
0.105728
-0.00176319
0.105783
-0.00175171
0.105837
-0.00173894
-0.00172496
0.105889
0.105484
-0.00187818
0.105558
-0.00187524
0.105633
-0.00187046
0.105707
-0.00186401
0.105781
-0.00185592
0.105854
-0.00184622
0.105926
-0.00183493
0.105996
-0.00182209
0.106065
-0.00180773
-0.00179197
0.106132
0.105578
-0.00197247
0.105672
-0.00196984
0.105767
-0.00196497
0.105861
-0.00195803
0.105954
-0.00194908
0.106046
-0.00193815
0.106136
-0.00192529
0.106225
-0.00191057
0.106311
-0.00189401
-0.00187579
0.106395
0.105664
-0.00209147
0.105783
-0.00208898
0.105902
-0.0020839
0.10602
-0.00207617
0.106137
-0.00206591
0.106252
-0.0020532
0.106365
-0.00203811
0.106475
-0.00202073
0.106582
-0.00200111
-0.00197949
0.106686
0.105743
-0.00224219
0.105893
-0.00223945
0.106043
-0.00223374
0.106191
-0.00222461
0.106338
-0.00221228
0.106481
-0.00219688
0.106622
-0.00217851
0.106758
-0.0021573
0.106891
-0.00213335
-0.00210698
0.107018
0.105814
-0.00243453
0.106005
-0.00243057
0.106195
-0.0024233
0.106382
-0.00241162
0.106565
-0.00239593
0.106745
-0.00237639
0.10692
-0.00235312
0.107089
-0.00232633
0.107251
-0.00229615
-0.00226307
0.107407
0.105885
-0.00268198
0.106129
-0.00267476
0.10637
-0.0026642
0.106606
-0.00264799
0.106837
-0.00262683
0.107062
-0.00260087
0.107279
-0.00257023
0.107488
-0.00253522
0.107687
-0.00249605
-0.00245342
0.107878
0.105968
-0.00300155
0.106282
-0.00298834
0.106589
-0.00297148
0.106888
-0.00294758
0.107179
-0.00291764
0.10746
-0.00288174
0.10773
-0.00284002
0.107988
-0.00279292
0.108232
-0.00274077
-0.00268461
0.108464
0.106091
-0.00341455
0.106494
-0.00339165
0.106887
-0.00336408
0.107267
-0.00332787
0.107634
-0.0032843
0.107985
-0.0032333
0.10832
-0.00317505
0.108638
-0.00311025
0.108936
-0.00303937
-0.00296404
0.109216
0.106301
-0.00395161
0.106821
-0.00391087
0.107323
-0.00386628
0.107806
-0.0038113
0.108269
-0.00374739
0.10871
-0.00367422
0.109127
-0.00359198
0.109519
-0.00350172
0.109883
-0.00340401
-0.00330121
0.11022
0.106686
-0.00467316
0.107369
-0.00459326
0.108022
-0.00451937
0.108644
-0.00443343
0.109234
-0.00433725
0.10979
-0.00423015
0.11031
-0.00411227
0.110793
-0.0039851
0.111238
-0.00384911
-0.00371068
0.111648
0.107468
-0.00565297
0.10839
-0.00551499
0.109262
-0.00539201
0.110082
-0.00525333
0.110847
-0.00510172
0.111553
-0.00493657
0.112199
-0.00475823
0.112783
-0.00456902
0.113303
-0.00436869
-0.00416385
0.113756
0.109305
-0.00678099
0.110457
-0.00666712
0.111514
-0.00644945
0.112485
-0.00622359
0.113366
-0.00598312
0.114153
-0.00572391
0.114843
-0.00544748
0.115432
-0.00515884
0.115922
-0.00485785
-0.00456893
0.116327
0.113208
-0.00830097
0.114264
-0.0077224
0.115098
-0.00728408
0.11574
-0.00686502
0.116203
-0.00644624
0.116499
-0.00602011
0.11664
-0.00558802
0.116633
-0.00515263
0.116486
-0.0047108
-0.00427437
0.116192
0.112177
-0.0084487
0.11207
-0.00761547
0.111608
-0.00682136
0.110851
-0.00610847
0.109842
-0.00543678
0.108627
-0.00480524
0.107256
-0.00421713
0.105773
-0.00366937
0.104213
-0.00315121
-0.00263755
0.102576
0.0892516
0.0816361
0.0748148
0.0687063
0.0632695
0.0584643
0.0542471
0.0505778
0.0474266
0.044789
0.105045
-0.00737054
0.1051
-0.00702217
0.105151
-0.00660569
0.105198
-0.00614477
0.105237
-0.00565501
0.105269
-0.0051631
0.105294
-0.0046761
0.105312
-0.00422075
0.105323
-0.003789
0.105329
-0.00341144
0.10533
-0.00306289
0.105328
-0.00278347
0.105323
-0.00252782
0.105317
-0.00234997
0.105309
-0.00218183
0.1053
-0.00209361
0.105291
-0.00199734
0.10528
-0.00197883
0.105268
-0.00193731
-0.00198003
0.105281
-0.00745459
0.105355
-0.00709602
0.105415
-0.00666529
0.105459
-0.00618902
0.105488
-0.00568397
0.105503
-0.00517806
0.105505
-0.00467856
0.105498
-0.0042132
0.105482
-0.00377327
0.105461
-0.00339022
0.105436
-0.00303788
0.105409
-0.00275693
0.105383
-0.00250119
0.105357
-0.00232419
0.105333
-0.00215823
0.105311
-0.00207089
0.105291
-0.00197738
0.105269
-0.00195757
0.10525
-0.0019181
-0.00195573
0.105556
-0.00758092
0.105661
-0.00720116
0.105741
-0.00674503
0.105793
-0.00624173
0.10582
-0.00571041
0.105823
-0.00518121
0.105806
-0.00466173
0.105774
-0.00418085
0.105729
-0.00372895
0.105678
-0.00333842
0.105621
-0.00298171
0.105564
-0.00270002
0.105509
-0.00244609
0.105458
-0.00227235
0.105411
-0.00211192
0.105368
-0.00202799
0.105332
-0.00194075
0.105295
-0.00192072
0.105262
-0.00188545
-0.00191628
0.105833
-0.00775627
0.105976
-0.00734419
0.106081
-0.00684966
0.106146
-0.00630657
0.106173
-0.00573731
0.106166
-0.00517503
0.106132
-0.00462764
0.106077
-0.0041254
0.106005
-0.00365729
0.105924
-0.00325688
0.105837
-0.00289477
0.105749
-0.00261281
0.105666
-0.00236228
0.105587
-0.0021941
0.105518
-0.00204248
0.105455
-0.00196456
0.105401
-0.00188717
0.105348
-0.00186784
0.105302
-0.00183896
-0.0018616
0.106119
-0.0079862
0.106303
-0.00752841
0.106434
-0.00698064
0.106511
-0.00638349
0.106538
-0.00576371
0.106521
-0.00515817
0.106468
-0.00457481
0.106388
-0.00404548
0.106288
-0.00355704
0.106175
-0.00314462
0.106057
-0.00277632
0.105939
-0.00249486
0.105826
-0.0022497
0.105722
-0.00208979
0.105631
-0.00195082
0.105548
-0.00188191
0.105479
-0.00181853
0.105412
-0.00180093
0.105355
-0.00178121
-0.00179338
0.106423
-0.00827736
0.106652
-0.00775722
0.10681
-0.0071384
0.106897
-0.0064707
0.10692
-0.00578651
0.106889
-0.00512697
0.106813
-0.00449945
0.106705
-0.00393744
0.106573
-0.0034248
0.106427
-0.00299865
0.106274
-0.00262383
0.106124
-0.00234418
0.105981
-0.00210705
0.10585
-0.00195887
0.105737
-0.00183746
0.105636
-0.00178131
0.105555
-0.00173727
0.105477
-0.00172278
0.105411
-0.00171569
-0.00171448
0.106756
-0.00863828
0.107033
-0.00803441
0.107217
-0.00732265
0.107311
-0.00656506
0.107326
-0.00580105
0.107275
-0.00507616
0.107172
-0.0043962
0.107031
-0.00379615
0.106862
-0.00325577
0.106678
-0.00281466
0.106487
-0.00243344
0.106301
-0.00215757
0.106126
-0.00193203
0.105967
-0.00179998
0.105832
-0.00170248
0.105714
-0.00166386
0.105623
-0.00164615
0.105537
-0.00163659
0.105468
-0.00164668
-0.00162855
0.107127
-0.00907962
0.107457
-0.00836393
0.107666
-0.00753195
0.107763
-0.00666171
0.107763
-0.00580089
0.107685
-0.00499883
0.107548
-0.00425827
0.107367
-0.00361523
0.107155
-0.00304403
0.106927
-0.0025873
0.106694
-0.00220028
0.106468
-0.00193088
0.106257
-0.0017215
0.106068
-0.00161114
0.105911
-0.0015457
0.105778
-0.0015307
0.105681
-0.0015485
0.10559
-0.00154623
0.105523
-0.00157955
-0.00154003
0.107553
-0.00961406
0.107938
-0.00874919
0.108169
-0.00776284
0.10826
-0.00675336
0.108237
-0.00577734
0.108124
-0.0048861
0.107943
-0.00407728
0.107715
-0.00338704
0.107454
-0.00278266
0.107177
-0.00231027
0.106895
-0.00191852
0.106623
-0.00165906
0.106373
-0.00147142
0.106152
-0.00138974
0.105973
-0.00136674
0.105825
-0.00138309
0.105725
-0.00144845
0.105635
-0.00145639
0.105576
-0.00152094
-0.001454
0.108049
-0.0102559
0.108492
-0.00919185
0.108738
-0.00800863
0.108814
-0.00682941
0.108755
-0.00571888
0.108596
-0.00472684
0.108362
-0.00384323
0.108078
-0.00310282
0.107759
-0.00246384
0.107425
-0.00197631
0.107088
-0.00158115
0.106764
-0.00133589
0.10647
-0.00117646
0.106212
-0.00113215
0.10601
-0.00116447
0.105849
-0.00122199
0.105751
-0.00135056
0.105666
-0.00137207
0.105624
-0.00147843
-0.00137536
0.108642
-0.01102
0.10914
-0.00968992
0.109389
-0.00825775
0.109435
-0.00687495
0.109326
-0.00561061
0.109107
-0.00450737
0.108808
-0.00354441
0.108458
-0.00275266
0.108073
-0.00207865
0.107673
-0.00157682
0.107271
-0.00117934
0.106888
-0.000952974
0.106541
-0.00082853
0.106241
-0.000832394
0.106012
-0.000935258
0.105836
-0.00104657
0.105744
-0.00125799
0.105668
-0.00129676
0.105648
-0.00145849
-0.00130646
0.109364
-0.01192
0.109909
-0.0102354
0.110144
-0.00849225
0.110138
-0.00686975
0.109961
-0.00543322
0.109664
-0.00421076
0.109287
-0.00316689
0.108859
-0.00232439
0.108395
-0.00161555
0.107918
-0.00109971
0.107439
-0.000699814
0.106983
-0.000496738
0.106567
-0.000413181
0.106213
-0.00047835
0.105946
-0.000668433
0.10575
-0.00085008
0.105659
-0.00116742
0.10559
-0.0012279
0.105593
-0.00146138
-0.00124214
0.110263
-0.0129668
0.110839
-0.0108119
0.111033
-0.00868581
0.110948
-0.00678521
0.110674
-0.00515903
0.110275
-0.00381241
0.109799
-0.00269004
0.109272
-0.00179826
0.108711
-0.00105447
0.108134
-0.000522705
0.107552
-0.000117719
0.106996
5.93122e-05
0.106485
9.81721e-05
0.10605
-4.37849e-05
0.105719
-0.000337198
0.105481
-0.000611533
0.105372
-0.00105909
0.105293
-0.00114852
0.105304
-0.00147211
-0.00116312
0.11142
-0.0141658
0.111996
-0.0113879
0.112103
-0.00879321
0.111887
-0.00656912
0.111462
-0.0047346
0.110913
-0.00326251
0.110291
-0.00206855
0.109624
-0.00113135
0.108921
-0.000351502
0.108198
0.000200195
0.107465
0.00061566
0.106757
0.0007677
0.106094
0.000760672
0.105526
0.00052418
0.105076
0.000113303
0.104748
-0.000284045
0.104573
-0.000883886
0.104443
-0.00101817
0.104422
-0.00145115
-0.00103291
0.112965
-0.0154833
0.113452
-0.0118743
0.113355
-0.00869695
0.112878
-0.00609148
0.112175
-0.00403219
0.111356
-0.00244297
0.110483
-0.00119555
0.10958
-0.000228185
0.108647
0.000581485
0.107691
0.00115532
0.106725
0.00158262
0.10578
0.00171179
0.104883
0.00165765
0.104099
0.001309
0.10344
0.000771728
0.102945
0.000211173
0.10262
-0.000558711
0.102377
-0.000775291
0.102266
-0.00134031
-0.000812224
0.114958
-0.0166855
0.115029
-0.0119452
0.114386
-0.00805355
0.113329
-0.00503536
0.112069
-0.00277176
0.110737
-0.00111144
0.10942
0.000121522
0.108117
0.00107544
0.106831
0.00186712
0.105544
0.00244289
0.104257
0.00286912
0.102996
0.00297311
0.101786
0.00286781
0.100699
0.0023951
0.0997463
0.00172488
0.0990051
0.000952446
0.0984473
-9.43586e-07
0.0980473
-0.000375315
0.0978183
-0.00111128
-0.000507821
0.116493
-0.0168517
0.115303
-0.0107551
0.113339
-0.00608965
0.111083
-0.00277965
0.108826
-0.000515078
0.106693
0.00102153
0.104734
0.00208041
0.102946
0.0028636
0.101282
0.00353172
0.0996819
0.00404268
0.0981219
0.00442906
0.0965936
0.00450143
0.0951161
0.0043453
0.0937537
0.0037575
0.0925231
0.00295546
0.0915483
0.00192729
0.0907978
0.000749577
0.0903073
0.000115191
0.0900623
-0.000866353
-0.000244355
0.112937
-0.0135968
0.109062
-0.00687969
0.104835
-0.00186258
0.100922
0.00113277
0.0975112
0.00289582
0.0946905
0.00384226
0.0923884
0.00438245
0.0904949
0.00475716
0.0888915
0.00513507
0.0874389
0.00549534
0.0860453
0.00582259
0.0846476
0.00589916
0.0832531
0.00573978
0.081914
0.00509663
0.0806857
0.00418371
0.0797431
0.00286994
0.079074
0.00141868
0.0787924
0.000396804
0.0788307
-0.000904688
-0.000276522
0.0931326
-0.00415315
0.0861504
0.000102522
0.0801246
0.00416315
0.075904
0.00535345
0.0728452
0.00595459
0.0708489
0.00583852
0.0696212
0.00561018
0.0689246
0.00545372
0.0685207
0.00553906
0.0681917
0.00582429
0.0677998
0.00621448
0.0672506
0.00644833
0.0665655
0.00642496
0.0658209
0.00584119
0.0651415
0.00486312
0.0647416
0.00326982
0.0646319
0.00152835
0.0649736
5.51032e-05
0.0656253
-0.00155635
-0.000844355
0.0408678
-0.000231901
0.0386343
0.00233599
0.0376666
0.00513082
0.0379372
0.0050829
0.0387109
0.00518086
0.0400375
0.00451189
0.0416301
0.00401756
0.043343
0.00374084
0.0449951
0.00388701
0.0464323
0.00438701
0.0475661
0.00508071
0.0483548
0.00565966
0.0488681
0.00591168
0.049222
0.00548731
0.0495789
0.0045062
0.0501252
0.00272345
0.0508974
0.000756202
0.0519772
-0.00102472
0.0533001
-0.00287928
-0.00197035
0.00380009
-0.00403199
0.00441117
0.00172491
0.00497838
0.00456361
0.00557458
0.0044867
0.00629852
0.00445693
0.0070848
0.0037256
0.00790354
0.00319882
0.00871101
0.00293338
0.00946765
0.00313037
0.0101403
0.00371436
0.0107067
0.00451429
0.0111666
0.00519977
0.011535
0.00554333
0.0118487
0.00517358
0.0121481
0.0042068
0.0124601
0.00241146
0.0128301
0.000386153
0.0132074
-0.00140196
0.0136779
-0.00334985
-0.00234175
0.00138518
-0.00541717
0.00198375
0.00112634
0.00281202
0.00373534
0.00359604
0.00370269
0.00450772
0.00354525
0.00544305
0.00279027
0.00639467
0.0022472
0.00731585
0.0020122
0.00817526
0.00227095
0.00894416
0.00294546
0.00960468
0.00385377
0.0101584
0.00464608
0.0106209
0.00508081
0.0110252
0.00476928
0.0114094
0.00382255
0.01179
0.00203085
0.0122148
-3.86004e-05
0.012623
-0.00181012
0.0131152
-0.00384207
-0.00272177
-0.000275899
-0.00514127
0.000147275
0.000703161
0.00111027
0.00277234
0.00203579
0.00277717
0.0030887
0.00249235
0.00414043
0.00173854
0.00519135
0.00119628
0.00619699
0.00100656
0.00713329
0.00133465
0.00797689
0.00210187
0.0087148
0.00311586
0.00934967
0.00401121
0.0098974
0.00453307
0.0103853
0.00428137
0.0108474
0.00336044
0.0112908
0.00158747
0.0117596
-0.000507434
0.0121923
-0.00224274
0.0126899
-0.00433967
-0.00310593
-0.00137696
-0.00376431
-0.00106936
0.000395561
-7.48034e-05
0.00177778
0.000931536
0.00177083
0.00208346
0.00134042
0.0032137
0.000608301
0.00432874
8.12352e-05
0.00538715
-5.18426e-05
0.00637245
0.000349347
0.00726723
0.00120708
0.00806341
0.00231968
0.00876435
0.00331026
0.00938524
0.00391219
0.00994658
0.00372003
0.0104769
0.00283009
0.0109736
0.00109084
0.011476
-0.00100989
0.0119224
-0.00268909
0.0124133
-0.00483061
-0.00348521
-0.00192804
-0.00183627
-0.00174469
0.000212205
-0.000762984
0.00079608
0.000310299
0.000697546
0.00152015
0.000130572
0.00269006
-0.000561613
0.00383277
-0.00106147
0.0049111
-0.00113017
0.00591617
-0.000655725
0.00683699
0.000286268
0.00767028
0.0014864
0.0084198
0.00256075
0.00909906
0.00323292
0.00972091
0.00309817
0.0103073
0.0022437
0.0108457
0.000552429
0.01137
-0.00153421
0.0118192
-0.00313825
0.0122916
-0.00530302
-0.00385075
-0.00201081
0.000174543
-0.0018782
7.95923e-05
-0.000900511
-0.000181607
0.000190687
-0.000393653
0.00141464
-0.00109338
0.00258538
-0.00173235
0.00371909
-0.00219518
0.00478421
-0.00219529
0.00577934
-0.00165086
0.00670012
-0.000634517
0.00754794
0.000638575
0.00832661
0.00178208
0.0090472
0.00251233
0.00971433
0.00243104
0.0103425
0.00161549
0.0109098
-1.48875e-05
0.0114436
-0.002068
0.0118849
-0.00357949
0.0123276
-0.00574577
-0.00419396
-0.00164517
0.00181971
-0.00147392
-9.16552e-05
-0.000493046
-0.00116248
0.000579362
-0.00146606
0.0017709
-0.00228492
0.00290389
-0.00286534
0.0039925
-0.0032838
0.00501192
-0.0032147
0.00596775
-0.00260669
0.0068623
-0.00152906
0.00770131
-0.000200435
0.00848836
0.000995027
0.00923152
0.00176918
0.00992694
0.00173562
0.0105812
0.000961242
0.0111637
-0.000597377
0.0116944
-0.00259867
0.0121176
-0.00400277
0.0125207
-0.00614885
-0.00450683
-0.000801628
0.00262134
-0.000536328
-0.000356956
0.000444678
-0.00214349
0.00146279
-0.00248417
0.00258075
-0.00340288
0.00363797
-0.00392256
0.00464666
-0.00429249
0.00558935
-0.00415739
0.00647778
-0.00349512
0.00732055
-0.00237183
0.0081275
-0.00100739
0.00890158
0.000220946
0.00964751
0.00102324
0.0103531
0.00103
0.0110168
0.000297627
0.0116003
-0.00118094
0.0121155
-0.00311389
0.0125118
-0.00439906
0.0128666
-0.00650363
-0.0047822
0.000563059
0.00205828
0.000966107
-0.000760004
0.00189162
-0.003069
0.00282111
-0.00341366
0.00382367
-0.00440543
0.0047678
-0.00486669
0.0056638
-0.0051885
0.00650105
-0.00499464
0.00729619
-0.00429026
0.00806335
-0.00313899
0.00881584
-0.00175988
0.00955588
-0.000519099
0.0102846
0.000294564
0.0109819
0.000332677
0.0116379
-0.000358377
0.0122085
-0.00175156
0.0126965
-0.00360191
0.0130581
-0.00476059
0.0133577
-0.00680331
-0.00501383
0.00250042
-0.000442139
0.00304582
-0.00130541
0.00383442
-0.0038576
0.0046256
-0.00420484
0.00546515
-0.00524499
0.00626197
-0.00566351
0.00701466
-0.00594119
0.00772129
-0.00570127
0.0084004
-0.00496937
0.0090709
-0.00380949
0.00974852
-0.0024375
0.0104347
-0.00120529
0.0111267
-0.000397389
0.0117974
-0.000338042
0.0124292
-0.000990176
0.0129728
-0.00229515
0.0134229
-0.00405206
0.0137436
-0.00508128
0.0139803
-0.00703995
-0.00520372
0.0167369
-0.00125121
-0.0159279
0.017582
-0.00215049
0.0184302
-0.00470582
0.0195677
-0.00534227
0.0206858
-0.00636313
0.0218594
-0.00683707
0.0229568
-0.00703864
0.0240232
-0.00676766
0.025091
-0.00603717
0.0262208
-0.0049393
0.0274499
-0.00366656
0.0287831
-0.00253851
0.0301909
-0.00180518
0.0315921
-0.00173928
0.0329195
-0.00231757
0.0340258
-0.0034014
0.0349088
-0.00493507
0.0354692
-0.00564168
0.0357457
-0.0073165
-0.00555341
0.0421045
0.0060093
-0.049365
0.0386023
0.00135163
0.0364662
-0.00256969
0.0355514
-0.00442751
0.0350427
-0.0058544
0.034851
-0.00664531
0.0347885
-0.00697615
0.034838
-0.0068172
0.035015
-0.00621419
0.0353681
-0.00529235
0.0359286
-0.0042271
0.0366955
-0.00330536
0.0376204
-0.00273015
0.0386056
-0.00272444
0.0395583
-0.00327024
0.0403197
-0.00416284
0.0408697
-0.00548505
0.0411224
-0.00589436
0.0410688
-0.00726291
-0.00561196
0.0638738
0.0132142
-0.0710787
0.0586954
0.00652995
0.054682
0.00144379
0.0519595
-0.00170507
0.0499508
-0.00384568
0.0484599
-0.00515442
0.0472996
-0.00581583
0.0464015
-0.00591908
0.0457498
-0.00556257
0.0453663
-0.00490878
0.0452641
-0.00412495
0.0454334
-0.00347467
0.0458152
-0.00311193
0.0463079
-0.0032171
0.0468088
-0.00377113
0.047168
-0.00452207
0.0473479
-0.00566492
0.0472981
-0.00584461
0.0469586
-0.00692343
-0.00540134
0.0756768
0.0172792
-0.0797418
0.0717192
0.0104876
0.0679777
0.00518532
0.0648453
0.00142727
0.0622316
-0.00123194
0.0600656
-0.00298845
0.0582585
-0.00400874
0.0567659
-0.00442649
0.0555712
-0.00436779
0.0546812
-0.00401883
0.0540923
-0.00353605
0.0537875
-0.00316982
0.0537032
-0.00302767
0.0537461
-0.00325999
0.0538189
-0.00384389
0.0537955
-0.00449873
0.0536302
-0.00549958
0.0533153
-0.00552974
0.0527597
-0.00636781
-0.00498342
0.0796537
0.0186052
-0.0809797
0.0775484
0.0125928
0.0750316
0.00770213
0.0725337
0.00392524
0.0701882
0.00111351
0.0680652
-0.000865478
0.0661875
-0.00213098
0.0645666
-0.00280557
0.0632106
-0.00301189
0.0621326
-0.00294082
0.0613223
-0.00272573
0.0607603
-0.00260784
0.060385
-0.0026523
0.0601169
-0.00299194
0.059874
-0.003601
0.0595617
-0.0041864
0.0591357
-0.00507362
0.0586275
-0.00502156
0.0579382
-0.00567845
-0.00443643
0.0796398
0.018414
-0.0794485
0.0788921
0.0133405
0.0775421
0.00905214
0.0759082
0.00555909
0.0741868
0.00283496
0.0724965
0.000824753
0.070913
-0.00054746
0.0694938
-0.00138635
0.0682686
-0.00178669
0.0672605
-0.00193268
0.0664602
-0.00192543
0.0658484
-0.00199611
0.0653702
-0.00217404
0.0649586
-0.00258039
0.0645499
-0.00319231
0.0640792
-0.00371565
0.0635103
-0.00450474
0.0629019
-0.00441319
0.0621636
-0.00494013
-0.00383893
0.0783091
0.0176496
-0.0775447
0.0782675
0.0133821
0.0776667
0.00965292
0.0767131
0.00651273
0.0755717
0.00397634
0.0743639
0.00203253
0.0731761
0.000640341
0.0720748
-0.000285037
0.0711034
-0.000815284
0.0702887
-0.00111795
0.0696241
-0.00126091
0.0690904
-0.00146237
0.0686408
-0.00172449
0.0682171
-0.00215664
0.0677717
-0.0027469
0.0672621
-0.0032061
0.0666614
-0.00390405
0.066042
-0.00379379
0.0653285
-0.00422656
-0.00325621
0.076905
0.0167872
-0.0760426
0.0771341
0.0131529
0.076909
0.00987805
0.0763653
0.00705639
0.0756249
0.0047168
0.0747886
0.00286874
0.0739342
0.00149475
0.0731263
0.000522937
0.0724026
-9.16189e-05
0.071792
-0.000507397
0.0712901
-0.000758941
0.0708758
-0.00104813
0.0705119
-0.00136056
0.0701453
-0.00179008
0.069741
-0.00234262
0.0692711
-0.00273612
0.0687149
-0.00334786
0.0681479
-0.00322686
0.0675095
-0.00358808
-0.00273174
0.0757767
0.015983
-0.0749724
0.076075
0.0128546
0.0760072
0.00994587
0.0756758
0.00738781
0.0751711
0.00522148
0.0745743
0.00346552
0.0739503
0.00211877
0.0733533
0.00111994
0.0728198
0.000441894
0.0723681
-5.57085e-05
0.0720002
-0.000391026
0.0716927
-0.000740672
0.0714172
-0.00108509
0.0711254
-0.00149827
0.0707907
-0.00200789
0.070394
-0.00233942
0.069918
-0.00287185
0.0694343
-0.00274318
0.0688937
-0.00304747
-0.00228592
0.074907
0.0152601
-0.0741841
0.0752105
0.0125511
0.0752069
0.00994957
0.0749827
0.00761194
0.074611
0.00559316
0.0741585
0.00391803
0.0736799
0.00259742
0.0732203
0.00157953
0.0728106
0.000851568
0.0724668
0.000288131
0.0721891
-0.00011335
0.0719567
-0.000508289
0.0717482
-0.000876576
0.0715206
-0.00127065
0.0712528
-0.00174011
0.0709319
-0.00201848
0.0705412
-0.00248113
0.0701452
-0.00234723
0.0697029
-0.00260513
-0.00192073
0.0742079
0.0146119
-0.0735597
0.0745039
0.0122551
0.074534
0.00991951
0.0743733
0.00777255
0.0740843
0.00588215
0.0737236
0.00427879
0.0733385
0.0029825
0.072967
0.001951
0.0726367
0.00118187
0.0723588
0.000566073
0.072137
0.000108394
0.0719503
-0.000321572
0.0717845
-0.000710721
0.0716025
-0.00108864
0.0713868
-0.00152448
0.0711294
-0.00176107
0.0708132
-0.00216491
0.0704947
-0.00202872
0.0701383
-0.00224879
-0.00162719
0.0736164
0.0140337
-0.0730382
0.0739014
0.0119701
0.0739554
0.00986552
0.0738416
0.00788637
0.0736136
0.0061101
0.07332
0.00457245
0.0730022
0.00330023
0.0726927
0.00226058
0.0724162
0.00145836
0.0721812
0.000801091
0.0719934
0.000296152
0.0718338
-0.000162016
0.0716932
-0.000570036
0.0715411
-0.000936598
0.0713627
-0.00134605
0.0711538
-0.00155215
0.0708969
-0.00190807
0.0706409
-0.00177274
0.0703544
-0.00196225
-0.00139234
0.0730994
0.0135245
-0.0725902
0.0733684
0.011701
0.0734397
0.00979422
0.073364
0.00796207
0.0731866
0.00628744
0.0729485
0.00481061
0.0726858
0.00356292
0.0724258
0.00252053
0.0721913
0.00169295
0.0719886
0.00100376
0.0718247
0.000460059
0.0716835
-2.08754e-05
0.071559
-0.000445521
0.0714276
-0.000805187
0.0712761
-0.00119453
0.0711037
-0.00137975
0.0708932
-0.0016976
0.0706862
-0.00156575
0.0704548
-0.00173085
-0.00120389
0.0726385
0.0130843
-0.0721982
0.0728859
0.0114537
0.0729675
0.00971255
0.0729227
0.00800695
0.0727886
0.00642154
0.0725989
0.00500025
0.0723847
0.00377712
0.0721687
0.00273652
0.0719711
0.00189057
0.0717972
0.0011777
0.0716539
0.000603317
0.0715293
0.000103784
0.071418
-0.000334306
0.0713035
-0.000690625
0.0711737
-0.00106477
0.0710304
-0.00123645
0.0708574
-0.00152457
0.0706895
-0.00139787
0.0705024
-0.00154372
-0.00105233
0.0722212
0.0127115
-0.0718485
0.0724421
0.0112328
0.0725275
0.00962711
0.0725067
0.00802783
0.0724093
0.00651885
0.0722627
0.0051469
0.0720925
0.00394733
0.0719174
0.00291163
0.0717548
0.00205314
0.0716092
0.00132329
0.0714872
0.000725265
0.0713798
0.000211255
0.071283
-0.000237545
0.0711851
-0.000592678
0.0710756
-0.000955339
0.0709578
-0.00111862
0.0708171
-0.00138382
0.070682
-0.00126279
0.0705319
-0.00139361
-0.000931023
0.0718364
0.0124039
-0.0715288
0.0720277
0.0110416
0.0721116
0.00954316
0.0721091
0.00803039
0.0720431
0.00658479
0.071935
0.00525503
0.0718055
0.00407683
0.0716695
0.00304765
0.0715415
0.00218113
0.0714253
0.00143948
0.0713267
0.000823917
0.0712389
0.000298963
0.0711593
-0.000157881
0.0710796
-0.000512961
0.070991
-0.000866811
0.0708974
-0.00102494
0.070786
-0.0012725
0.0706799
-0.00115661
0.0705619
-0.00127567
-0.000835375
0.0714737
0.0121581
-0.0712279
0.0716342
0.0108811
0.0717135
0.00946381
0.0717257
0.0080182
0.0716878
0.00662268
0.0716157
0.00532716
0.0715254
0.00416715
0.0714282
0.00314484
0.0713356
0.00227368
0.0712507
0.00152442
0.071178
0.000896607
0.071113
0.000364015
0.0710532
-9.81549e-05
0.0709936
-0.000453353
0.0709268
-0.000800021
0.0708566
-0.000954658
0.0707724
-0.00118835
0.070692
-0.00107624
0.070602
-0.00118569
-0.00076153
0.0711252
0.0119692
-0.0709362
0.0712568
0.0107495
0.071332
0.00938859
0.0713591
0.00799111
0.0713494
0.00663232
0.0713138
0.0053628
0.0712636
0.00421741
0.0712065
0.00320194
0.0711509
0.00232921
0.071099
0.00157633
0.0710542
0.000941395
0.0710136
0.000404689
0.070975
-5.95982e-05
0.0709358
-0.000414156
0.07089
-0.000754176
0.070841
-0.000905716
0.0707805
-0.00112781
0.070722
-0.00101774
0.0706549
-0.00111858
-0.000705192
0.0707947
0.0118273
-0.0706528
0.0709061
0.0106381
0.0709838
0.00931088
0.0710312
0.00794367
0.0710539
0.00660961
0.0710575
0.00535922
0.0710486
0.00422629
0.0710318
0.00321876
0.0710126
0.00234844
0.0709922
0.00159666
0.0709734
0.000960255
0.0709548
0.000423269
0.0709348
-3.9567e-05
0.0709125
-0.000391873
0.0708834
-0.000725051
0.0708506
-0.000873008
0.0708076
-0.00108472
0.0707646
-0.000974814
0.0707136
-0.00106754
-0.000661971
0.0705349
-0.0704171
0.0706419
0.0707338
0.0708078
0.0708634
0.0709021
0.0709271
0.0709409
0.0709476
0.0709485
0.0709461
0.0709391
0.0709308
0.0709173
0.0708967
0.0708721
0.0708378
0.070802
0.0707578
0.0440229
0.00814936
-0.0521722
0.0372509
0.00677197
0.0317075
0.0055434
0.0272466
0.0044609
0.0237306
0.00351599
0.0210147
0.0027159
0.0189688
0.00204594
0.0174885
0.00148021
0.016497
0.000991514
0.00056917
0.0724479
0.0101152
-0.0744137
0.0701732
0.00904659
0.0675951
0.00812149
0.0648257
0.00723031
0.0619799
0.00636182
0.0591644
0.00553145
0.0564564
0.00475388
0.0539041
0.00403252
0.0515323
0.00336336
0.00273647
0.0798022
0.00957879
-0.0792657
0.0798374
0.0090114
0.0795132
0.00844562
0.0788791
0.00786442
0.0779768
0.00726408
0.0768567
0.00665154
0.07557
0.00604058
0.07416
0.00544256
0.0726587
0.00486464
0.00431653
0.07899
0.0084205
-0.0778317
0.0798952
0.00810627
0.080565
0.00777577
0.0810142
0.00741518
0.0812495
0.00702881
0.0812814
0.00661968
0.081127
0.00619501
0.0808056
0.00576394
0.0803385
0.00533172
0.00491323
0.0762961
0.00726497
-0.0751406
0.0773323
0.00707007
0.0782441
0.006864
0.0790268
0.00663255
0.0796764
0.00637918
0.080191
0.00610505
0.0805724
0.00581358
0.0808257
0.00551067
0.0809588
0.00519868
0.00489228
0.0741281
0.0063142
-0.0731773
0.0750156
0.00618258
0.0758392
0.00604043
0.0765922
0.0058795
0.0772698
0.00570164
0.0778679
0.00550696
0.0783842
0.00529727
0.0788184
0.0050764
0.0791716
0.00484548
0.0046154
0.0728619
0.00557913
-0.0721269
0.0735597
0.00548483
0.0742204
0.00537975
0.07484
0.0052599
0.075415
0.00512654
0.0759425
0.00497947
0.07642
0.00481981
0.0768462
0.00465019
0.0772202
0.00447149
0.00429092
0.0721951
0.00500634
-0.0716223
0.0727424
0.00493751
0.0732644
0.00485774
0.0737588
0.00476552
0.0742234
0.00466194
0.0746561
0.00454676
0.0750552
0.00442076
0.0754195
0.00428583
0.0757482
0.00414279
0.0039965
0.0718118
0.00454745
-0.0713529
0.072252
0.0044973
0.0726733
0.00443649
0.073074
0.0043648
0.0734527
0.00428326
0.0738078
0.00419167
0.0741379
0.00409059
0.0744423
0.00398141
0.0747203
0.00386485
0.00374436
0.0715481
0.00417317
-0.0711739
0.071909
0.00413644
0.0722556
0.0040899
0.0725866
0.00403377
0.0729009
0.00396899
0.0731971
0.00389544
0.0734742
0.00381353
0.0737313
0.00372428
0.0739679
0.00362832
0.00352813
0.0713442
0.00386645
-0.0710375
0.0716416
0.00383905
0.0719286
0.00380288
0.0722041
0.00375828
0.0724671
0.00370607
0.0727163
0.00364621
0.0729508
0.00357901
0.0731699
0.00350523
0.0733728
0.00342535
0.00334127
0.0711795
0.00361586
-0.0709289
0.0714239
0.00359472
0.0716609
0.00356581
0.0718897
0.00352952
0.0721092
0.00348654
0.0723185
0.0034369
0.0725167
0.00338082
0.072703
0.00331888
0.0728769
0.00325146
0.00317999
0.0710427
0.00341251
-0.0708393
0.071242
0.00339535
0.0714365
0.00337136
0.0716251
0.00334093
0.071807
0.00330462
0.0719814
0.00326248
0.0721475
0.0032147
0.0723047
0.00316171
0.0724524
0.00310381
0.0030421
0.070924
0.00324899
-0.0707605
0.0710851
0.00323419
0.071243
0.00321345
0.0713969
0.00318707
0.071546
0.00315548
0.0716897
0.00311878
0.0718273
0.00307711
0.0719583
0.0030308
0.072082
0.00298009
0.00292583
0.0708151
0.00311926
-0.0706854
0.0709436
0.00310573
0.07107
0.00308701
0.0711938
0.00306334
0.0713142
0.00303503
0.0714308
0.00300219
0.071543
0.00296494
0.0716502
0.00292354
0.0717521
0.00287817
0.00282952
0.0707091
0.00301843
-0.0706083
0.0708093
0.0030055
0.0709084
0.00298795
0.0710057
0.00296598
0.0711009
0.00293986
0.0711934
0.00290967
0.0712829
0.00287552
0.0713688
0.00283763
0.0714508
0.00279612
0.00275157
0.0705992
0.00294248
-0.0705233
0.0706748
0.00292995
0.0707498
0.00291293
0.0708238
0.00289195
0.0708965
0.00286718
0.0709675
0.00283869
0.0710364
0.0028066
0.071103
0.00277108
0.0711669
0.00273223
0.00269051
0.0704779
0.00288947
-0.0704249
0.0705318
0.00287606
0.0705856
0.00285916
0.070639
0.0028386
0.0706916
0.00281451
0.0707434
0.00278695
0.0707939
0.00275604
0.0708431
0.00272193
0.0708906
0.0026847
0.00264488
0.070341
0.00285842
-0.0703099
0.0703759
0.00284116
0.0704109
0.00282411
0.0704462
0.00280335
0.0704814
0.00277921
0.0705166
0.00275183
0.0705514
0.00272127
0.0705856
0.00268765
0.0706193
0.002651
0.00261141
0.070212
-0.0701828
0.0702319
0.0702536
0.070276
0.070299
0.0703225
0.0703464
0.0703704
0.0703943
0.0704901
7.43589e-05
-6.44761e-05
0.0704644
0.000180807
-0.000155117
0.0704234
0.000354508
-0.000313479
0.0703568
0.000459354
-0.000392739
0.0702782
0.000670447
-0.0005919
0.0701576
0.000791673
-0.000671024
0.070033
0.0010715
-0.000946925
0.0698305
0.00122353
-0.00102098
0.0696466
0.00159731
-0.00141344
0.0693098
0.00181701
-0.0014802
0.0690476
0.00230679
-0.00204463
0.0684689
0.00271053
-0.00213176
0.0681004
0.00327952
-0.00291105
0.0670347
0.0042796
-0.00321391
0.0664937
0.00471137
-0.00417035
0.0642694
0.00797765
-0.00575332
0.0633307
0.0073967
-0.00645808
0.0575066
0.0219256
-0.0161014
0.058817
0.0152446
-0.016555
0.113685
-0.10704
0.0704954
7.90088e-05
0.0704621
0.000214084
0.070432
0.000384631
0.0703546
0.00053671
0.0702934
0.00073165
0.0701555
0.000929559
0.0700591
0.00116788
0.0698284
0.00145421
0.0696905
0.00173528
0.0693074
0.00220005
0.0691213
0.00249297
0.0684674
0.0033644
0.0682303
0.00351655
0.0670469
0.00546301
0.0667694
0.00498885
0.0643875
0.0103596
0.0642448
0.00753936
0.0590348
0.0271355
0.0617754
0.012504
0.101047
0.0704995
7.95122e-05
0.0704619
0.00025165
0.0704386
0.00040793
0.0703556
0.000619726
0.0703058
0.000781481
0.0701592
0.00107618
0.070081
0.00124602
0.0698364
0.00169879
0.0697276
0.00184411
0.0693225
0.00260517
0.069184
0.0026315
0.0684968
0.00405158
0.0683427
0.00367063
0.0671213
0.00668439
0.0670069
0.00510331
0.0647069
0.0126596
0.0648845
0.00736178
0.0614041
0.0306159
0.0621201
0.011788
0.0839011
0.070503
7.64857e-05
0.0704623
0.000292361
0.0704447
0.000425501
0.0703581
0.000706406
0.0703175
0.000822034
0.070166
0.00122766
0.0701019
0.00131018
0.069851
0.00194962
0.0697625
0.00193264
0.0693511
0.00301658
0.0692409
0.00274174
0.0685563
0.00473615
0.0684376
0.00378936
0.0672751
0.00784687
0.0671806
0.00519783
0.0652678
0.0145723
0.0652029
0.00742674
0.0640372
0.0317816
0.0626047
0.0132205
0.068674
0.0705056
7.08552e-05
0.0704633
0.000334694
0.0704498
0.000438972
0.0703622
0.000794011
0.0703279
0.000856351
0.0701767
0.00137884
0.0701207
0.00136625
0.0698735
0.00219677
0.0697935
0.00201265
0.0693958
0.0034143
0.0692891
0.00284839
0.0686501
0.0053752
0.0685115
0.00392798
0.0675058
0.00885253
0.067301
0.00540258
0.0659636
0.0159097
0.0654323
0.00795808
0.0658424
0.0313714
0.0636286
0.0154344
0.057162
0.0705071
6.37072e-05
0.0704649
0.000376955
0.0704537
0.000450172
0.0703681
0.000879569
0.0703368
0.000887719
0.0701913
0.00152432
0.0701372
0.00142028
0.0699036
0.00243038
0.0698208
0.00209549
0.0694552
0.0037799
0.0693307
0.00297294
0.0687716
0.0059343
0.0685731
0.00412643
0.0677799
0.00964576
0.0674005
0.00578197
0.0666551
0.0166551
0.0657428
0.00887046
0.066918
0.0301962
0.0648743
0.0174781
0.0488589
0.0705076
5.61172e-05
0.070467
0.000417516
0.0704564
0.000460823
0.0703756
0.000960336
0.0703443
0.000919044
0.0702092
0.00165945
0.0701523
0.00147719
0.06994
0.00264262
0.0698462
0.00218928
0.0695253
0.00410079
0.0693703
0.00312801
0.0689083
0.00639626
0.0686353
0.00439948
0.0680609
0.0102201
0.0675231
0.00631975
0.0672069
0.0169713
0.0661255
0.00995181
0.0675465
0.0287752
0.0660237
0.0190009
0.0427558
0.0705071
4.89855e-05
0.0704696
0.000455056
0.0704582
0.000472243
0.0703843
0.00103422
0.070351
0.000952314
0.0702295
0.001781
0.0701668
0.00153982
0.0699805
0.00282894
0.0698722
0.00229763
0.0696011
0.00437186
0.0694131
0.00331596
0.0690484
0.00676095
0.0687083
0.0047396
0.0683203
0.0106081
0.0676895
0.0069506
0.0676307
0.01703
0.0665523
0.0110302
0.0679677
0.0273598
0.0669495
0.0200192
0.0380829
0.070506
4.29365e-05
0.0704724
0.000488697
0.0704595
0.00048518
0.0703937
0.00109999
0.0703576
0.000988403
0.0702512
0.00188745
0.0701821
0.00160885
0.070023
0.00298808
0.0699008
0.00241984
0.0696783
0.00459434
0.069463
0.00353132
0.069184
0.00703995
0.0688011
0.00512244
0.0685475
0.0108618
0.0678865
0.00761153
0.067973
0.0169435
0.0669858
0.0120174
0.0683079
0.0260378
0.0676648
0.0206623
0.0343948
0.0705046
3.82952e-05
0.0704753
0.000518022
0.0704607
0.000499819
0.0704035
0.0011572
0.0703647
0.00102716
0.0702735
0.00197867
0.0701992
0.00168316
0.070066
0.00312123
0.0699336
0.0025523
0.0697544
0.0047735
0.0695222
0.00376353
0.0693113
0.00725086
0.0689114
0.00552236
0.0687507
0.0110225
0.0681022
0.00825999
0.0682677
0.0167781
0.0674006
0.0128844
0.0686085
0.0248299
0.0682242
0.0210466
0.0314452
0.0705032
3.51247e-05
0.0704782
0.000542999
0.0704621
0.000515891
0.0704133
0.00120604
0.0703727
0.00106771
0.0702958
0.00205556
0.0702185
0.00176053
0.0701087
0.00323103
0.0699712
0.00268981
0.0698283
0.00491637
0.0695906
0.00400124
0.069432
0.00740944
0.0690347
0.00591966
0.0689383
0.0111189
0.0683266
0.00887169
0.0685336
0.0165711
0.0677867
0.0136313
0.0688756
0.0237409
0.0686727
0.0212495
0.0290804
0.0705018
3.32978e-05
0.070481
0.000563859
0.070464
0.00053283
0.070423
0.00124711
0.0703819
0.00110876
0.070318
0.0021195
0.0702403
0.00183825
0.0701506
0.00332066
0.0700135
0.00282694
0.0699003
0.00502953
0.0696666
0.00423497
0.0695482
0.0075278
0.0691673
0.00630064
0.0691158
0.0111704
0.0685531
0.00943444
0.0687789
0.0163452
0.068143
0.0142672
0.0691087
0.0227753
0.0690367
0.0213215
0.0271881
0.0705007
3.25751e-05
0.0704836
0.00058098
0.0704665
0.00054993
0.0704325
0.00128115
0.0703923
0.0011489
0.0703398
0.00217204
0.0702645
0.00191357
0.070192
0.00339311
0.07006
0.00295892
0.0699712
0.00511842
0.0697488
0.00445731
0.0696616
0.00761497
0.0693062
0.00665607
0.0692863
0.0111902
0.0687784
0.00994241
0.0690066
0.0161169
0.0684714
0.0148025
0.0693098
0.0219369
0.0693309
0.0213003
0.0256798
0.0704999
3.26727e-05
0.0704861
0.000594786
0.0704696
0.000566458
0.0704418
0.00130893
0.070404
0.00118672
0.0703614
0.00221463
0.0702909
0.00198406
0.070233
0.00345098
0.0701102
0.00308177
0.0700412
0.0051874
0.0698359
0.00466257
0.0697731
0.00767783
0.0694496
0.00697955
0.0694511
0.0111888
0.0690009
0.0103926
0.0692183
0.0158995
0.0687739
0.0152469
0.0694835
0.0212273
0.069566
0.0212178
0.0244853
0.0704994
3.33095e-05
0.0704885
0.00060569
0.0704732
0.00058173
0.0704509
0.00133118
0.0704167
0.00122101
0.0703827
0.00224854
0.0703192
0.00204763
0.0702737
0.00349644
0.0701632
0.00319225
0.0701106
0.00524003
0.0699269
0.00484625
0.0698827
0.00772204
0.069596
0.00726622
0.0696103
0.0111745
0.0692197
0.0107832
0.0694155
0.0157037
0.0690521
0.0156103
0.0696346
0.0206448
0.0697505
0.0211019
0.0235504
0.0704991
3.42337e-05
0.0704907
0.000614051
0.0704773
0.000595152
0.07046
0.00134849
0.0704303
0.00125073
0.070404
0.00227484
0.070349
0.00210261
0.0703141
0.00353135
0.0702186
0.00328774
0.0701792
0.00527943
0.0700207
0.00500473
0.0699902
0.00775256
0.0697442
0.00751222
0.0697637
0.011155
0.0694336
0.0111132
0.069599
0.0155384
0.0693069
0.0159024
0.0697665
0.0201852
0.0698915
0.0209769
0.0228336
0.070499
3.52331e-05
0.0704929
0.000620169
0.0704818
0.000606237
0.0704689
0.00136139
0.0704445
0.00127509
0.0704249
0.00229448
0.0703798
0.00214772
0.0703537
0.00355739
0.0702752
0.00336628
0.0702462
0.00530847
0.0701157
0.00513522
0.0700941
0.00777409
0.0698919
0.00771449
0.0699096
0.0111373
0.0696406
0.0113822
0.0697684
0.0154106
0.0695382
0.0161325
0.0698803
0.0198431
0.0699936
0.0208636
0.0223039
0.0704991
3.61296e-05
0.070495
0.000624293
0.0704866
0.000614631
0.0704776
0.00137036
0.0704591
0.00129362
0.0704451
0.00230845
0.0704106
0.00218224
0.0703917
0.00357633
0.0703312
0.00342673
0.0703095
0.00533015
0.0702088
0.00523599
0.0701914
0.00779145
0.0700349
0.007871
0.0700439
0.0111283
0.0698359
0.0115901
0.0699195
0.0153271
0.0697433
0.0163087
0.0699725
0.019614
0.0700584
0.0207777
0.0219374
0.0704994
3.67667e-05
0.070497
0.000626683
0.0704914
0.000620194
0.0704857
0.00137611
0.070473
0.00130631
0.0704633
0.0023181
0.0704393
0.0022063
0.0704251
0.00359051
0.0703826
0.00346917
0.0703645
0.00534827
0.0702936
0.00530688
0.0702745
0.00781055
0.0701643
0.00798129
0.0701563
0.0111363
0.0700091
0.0117373
0.0700407
0.0152955
0.0699136
0.0164357
0.0700325
0.0194951
0.0700828
0.0207274
0.0217103
0.0704997
0.0704986
0.0704953
0.0704918
0.0704834
0.0704765
0.07046
0.0704487
0.0704191
0.0704026
0.0703535
0.0703309
0.0702552
0.0702301
0.0701292
0.0701136
0.0700229
0.0700497
0.070062
0.0299928
-1.11273e-05
0.0299883
0.000130512
0.0299608
5.08455e-05
0.0299414
0.000247911
0.0298926
0.000126646
0.0298564
0.000389768
0.0297785
0.000201086
0.029718
0.00054635
0.0295993
0.000264903
0.0295009
0.000701387
0.029322
0.000291145
0.0291545
0.000785439
0.0288832
0.000212934
0.0285655
0.000560049
0.028136
-0.0001246
0.0274032
-0.000948487
0.0266379
-0.00129445
0.0242709
-0.00960766
0.0221111
-0.0104196
-0.078673
0.029992
-3.10807e-06
0.0299888
0.00013369
0.0299597
7.99801e-05
0.0299425
0.000265071
0.029891
0.00017814
0.0298583
0.0004225
0.0297759
0.000283481
0.0297211
0.000601122
0.0295946
0.000391438
0.0295057
0.000790305
0.0293129
0.000483872
0.0291615
0.000936845
0.0288648
0.000509664
0.0285732
0.000851607
0.0280962
0.00035243
0.0273905
-0.000242811
0.0265194
-0.000423313
0.0239428
-0.00703106
0.021177
-0.0076539
-0.057496
0.0299916
5.31557e-06
0.0299889
0.000136406
0.0299592
0.000109603
0.0299429
0.000281385
0.0298905
0.000230538
0.0298591
0.000453934
0.0297751
0.000367445
0.0297224
0.000653837
0.0295931
0.000520714
0.0295073
0.0008761
0.0293099
0.000681334
0.0291627
0.00108398
0.0288584
0.00081405
0.0285698
0.00114015
0.0280831
0.000839199
0.0273549
0.000485383
0.0264769
0.000454624
0.0236221
-0.00417626
0.020565
-0.00459679
-0.0369309
0.0299913
1.40213e-05
0.0299889
0.000138794
0.029959
0.00013953
0.0299433
0.000297077
0.0298903
0.000283505
0.0298598
0.000484428
0.0297749
0.000452407
0.0297236
0.000705098
0.0295926
0.000651754
0.0295089
0.000959765
0.0293084
0.000881828
0.029164
0.00122841
0.0288549
0.00112313
0.0285674
0.00142769
0.0280763
0.00133024
0.0273268
0.00123486
0.0264551
0.00132635
0.0233958
-0.00111694
0.0201558
-0.00135682
-0.0167751
0.0299911
2.28768e-05
0.0299889
0.000141001
0.0299589
0.000169557
0.0299436
0.000312398
0.0298904
0.000336676
0.0298605
0.000514378
0.0297751
0.000537749
0.0297247
0.000755562
0.0295929
0.000783505
0.0295103
0.00104237
0.0293086
0.00108358
0.0291653
0.0013717
0.0288543
0.00143407
0.0285664
0.00171562
0.0280746
0.00182198
0.027311
0.00199846
0.0264453
0.0021921
0.0232808
0.00204754
0.0199506
0.00197338
0.00317549
0.0299911
3.17466e-05
0.029989
0.000143179
0.029959
0.000199484
0.0299438
0.000327591
0.0298908
0.000389688
0.029861
0.000544178
0.0297759
0.000622852
0.0297256
0.000805888
0.0295942
0.000914917
0.0295116
0.00112497
0.0293103
0.00128484
0.0291667
0.00151537
0.0288565
0.00174421
0.0285673
0.00200483
0.0280771
0.00231216
0.02731
0.00276558
0.026444
0.00305807
0.0232828
0.00520874
0.019955
0.00530125
0.0231305
0.0299913
4.04936e-05
0.029989
0.00014548
0.0299593
0.000229106
0.029944
0.000342904
0.0298915
0.000442175
0.0298615
0.000574228
0.0297772
0.000707093
0.0297264
0.000856737
0.0295964
0.00104493
0.0295127
0.00120863
0.0293137
0.00148384
0.0291682
0.00166092
0.0288615
0.00205088
0.0285701
0.00229621
0.0280837
0.00279853
0.0273236
0.0035257
0.0264517
0.00393002
0.0234
0.00826037
0.0201656
0.00853567
0.0432961
0.0299915
4.89822e-05
0.0299889
0.000148057
0.0299598
0.000258215
0.0299441
0.000358587
0.0298926
0.000493764
0.0298618
0.000604934
0.0297791
0.000789842
0.0297271
0.000908781
0.0295995
0.00117248
0.0295137
0.00129444
0.0293188
0.00167878
0.0291697
0.00180997
0.0288694
0.0023512
0.0285744
0.00259115
0.0280954
0.00327761
0.0273493
0.00427177
0.0264722
0.00480709
0.0236223
0.0111103
0.0205692
0.0115888
0.0638652
0.0299919
5.70852e-05
0.0299889
0.000151054
0.0299605
0.00028662
0.0299442
0.00037487
0.0298939
0.000544112
0.0298621
0.000636663
0.0297815
0.000870516
0.0297276
0.000962635
0.0296035
0.00129656
0.0295145
0.00138341
0.0293254
0.00186794
0.0291712
0.00196412
0.0288802
0.0026422
0.0285798
0.00289162
0.0281133
0.00374411
0.0273825
0.00500255
0.0265143
0.00567525
0.0239244
0.0137003
0.0211532
0.0143599
0.0850184
0.0299926
0.0299885
0.0299617
0.0299438
0.029896
0.0298617
0.0297853
0.0297269
0.02961
0.0295133
0.0293366
0.0291689
0.0289001
0.0285778
0.0281515
0.0274008
0.0266179
0.0242169
0.0220218
)
;

boundaryField
{
    inlet
    {
        type            calculated;
        value           nonuniform List<scalar> 
50
(
-0.105
-0.105
-0.105
-0.105
-0.105
-0.105
-0.105
-0.105
-0.105
-0.105
-0.105
-0.105
-0.105
-0.105
-0.105
-0.105
-0.105
-0.105
-0.105
-0.105
-0.03
-0.03
-0.03
-0.03
-0.03
-0.03
-0.03
-0.03
-0.03
-0.03
-0.0705
-0.0705
-0.0705
-0.0705
-0.0705
-0.0705
-0.0705
-0.0705
-0.0705
-0.0705
-0.0705
-0.0705
-0.0705
-0.0705
-0.0705
-0.0705
-0.0705
-0.0705
-0.0705
-0.0705
)
;
    }
    outlet
    {
        type            calculated;
        value           nonuniform List<scalar> 
150
(
0.105255
0.105226
0.105223
0.105247
0.105286
0.105332
0.105382
0.105435
0.10549
0.105545
0.105579
0.105529
0.105225
0.104291
0.102045
0.0975139
0.0897989
0.0788629
0.0661931
0.0544261
0.0140493
0.0134952
0.013074
0.0127926
0.0126571
0.0126708
0.0128336
0.013142
0.0135894
0.0141701
0.0360954
0.0411273
0.046748
0.0523418
0.0573912
0.0615661
0.0647458
0.066985
0.0684479
0.0693377
0.0698448
0.0701195
0.0702664
0.0703508
0.0704106
0.0704663
0.0705282
0.0705985
0.0706704
0.070725
3.70464e-05
0.00062776
0.000623525
0.0013796
0.00131477
0.00232493
0.00222287
0.0036018
0.00349868
0.00536486
0.00535597
0.00783308
0.00805706
0.0111614
0.0118382
0.0153111
0.0165264
0.0194683
0.0207151
0.0215895
0.0028293
0.00282117
0.00280248
0.0027809
0.00275619
0.00272832
0.00269741
0.00266362
0.00262709
0.00258867
0.0117094
0.0105311
0.00921897
0.00786969
0.006554
0.00532057
0.00420128
0.00320491
0.00234177
0.00159575
0.000962644
0.000430259
-3.1278e-05
-0.00037831
-0.000704506
-0.000848393
-0.00105036
-0.000939066
-0.00102331
-0.000629163
0.000131779
0.000451909
0.000735726
0.00109514
0.00142868
0.00186272
0.00229182
0.00284514
0.00340839
0.00410887
0.00485002
0.00572911
0.00664618
0.00766545
0.0087086
0.00976763
0.0107335
0.0115654
0.0121446
0.0123996
0.0016386
0.00163888
0.00163371
0.00162781
0.00162107
0.00161345
0.00160496
0.00159564
0.0015855
0.00157476
0.00731392
0.00696726
0.00655447
0.00609853
0.00561552
0.00513089
0.00465144
0.00420297
0.00377782
0.0034055
0.00306174
0.00278552
0.00253265
0.00235644
0.00218947
0.00210245
0.00200645
0.00199013
0.00194933
0.00199276
)
;
    }
    upAndBottom
    {
        type            empty;
        value           nonuniform 0();
    }
    obstacle
    {
        type            calculated;
        value           uniform 0;
    }
}


// ************************************************************************* //
