/*--------------------------------*- C++ -*----------------------------------*\
| =========                 |                                                 |
| \\      /  F ield         | OpenFOAM: The Open Source CFD Toolbox           |
|  \\    /   O peration     | Version:  v1806                                 |
|   \\  /    A nd           | Web:      www.OpenFOAM.com                      |
|    \\/     M anipulation  |                                                 |
\*---------------------------------------------------------------------------*/
FoamFile
{
    version     2.0;
    format      ascii;
    class       surfaceScalarField;
    location    "200";
    object      phi;
}
// * * * * * * * * * * * * * * * * * * * * * * * * * * * * * * * * * * * * * //

dimensions      [0 3 -1 0 0 0 0];
oriented        oriented;


internalField   nonuniform List<scalar> 
4680
(
0.0750014
-0.000685649
0.075006
-0.00205587
0.0750147
-0.00342105
0.0750283
-0.00477549
0.075048
-0.0061143
0.0750753
-0.00743248
0.0751118
-0.00872445
0.0751595
-0.00998434
0.0752203
-0.0112056
0.0752968
-0.0123814
0.0753913
-0.0135042
0.0755064
-0.0145669
0.0756446
-0.0155614
0.0758082
-0.0164806
0.0759992
-0.0173173
0.0762192
-0.0180651
0.076469
-0.0187189
0.0767494
-0.0192742
0.0770611
-0.0197303
-0.0200793
0.0773907
0.0750036
-0.000689226
0.0750145
-0.00206679
0.0750332
-0.00343979
0.0750609
-0.00480319
0.0750991
-0.0061525
0.0751498
-0.00748313
0.0752151
-0.00878978
0.0752978
-0.010067
0.0754006
-0.0113083
0.0755265
-0.0125073
0.0756786
-0.0136563
0.0758598
-0.0147481
0.0760727
-0.0157743
0.0763195
-0.0167275
0.0766015
-0.0175993
0.0769195
-0.0183831
0.0772729
-0.0190723
0.07766
-0.0196612
0.0780771
-0.0201474
-0.0205262
0.078524
0.0750056
-0.000694875
0.0750227
-0.00208386
0.0750518
-0.0034689
0.0750944
-0.00484572
0.0751522
-0.00621031
0.0752278
-0.00755872
0.0753238
-0.00888586
0.0754438
-0.010187
0.0755908
-0.0114553
0.0757687
-0.0126853
0.0759807
-0.0138682
0.0762303
-0.0149977
0.0765197
-0.0160637
0.0768514
-0.0170592
0.0772257
-0.0179736
0.0776428
-0.0188001
0.0781003
-0.0195298
0.0785952
-0.0201561
0.0791231
-0.0206754
-0.0210806
0.0796775
0.0750075
-0.000702332
0.07503
-0.0021064
0.0750684
-0.00350727
0.0751243
-0.00490164
0.0752
-0.00628599
0.0752985
-0.00765724
0.0754231
-0.00901046
0.075578
-0.0103418
0.0757668
-0.0116442
0.0759944
-0.0129129
0.076264
-0.0141379
0.0765804
-0.0153141
0.0769452
-0.0164285
0.0773617
-0.0174757
0.0778289
-0.0184408
0.0783472
-0.0193185
0.078912
-0.0200946
0.0795198
-0.0207639
0.0801625
-0.0213181
-0.0217502
0.0808321
0.075009
-0.000711282
0.075036
-0.00213346
0.0750821
-0.00355334
0.0751492
-0.00496879
0.0752401
-0.00637685
0.0753585
-0.0077756
0.0755081
-0.00916009
0.0756943
-0.010528
0.0759211
-0.011871
0.0761949
-0.0131867
0.0765191
-0.014462
0.0769
-0.0156951
0.0773387
-0.0168672
0.0778403
-0.0179774
0.0784018
-0.0190023
0.0790252
-0.0199419
0.0797022
-0.0207715
0.0804301
-0.0214918
0.0811954
-0.0220834
-0.0225449
0.0819901
0.07501
-0.000721332
0.0750405
-0.00216387
0.0750922
-0.00360513
0.0751679
-0.00504446
0.0752705
-0.00647948
0.0754048
-0.00790984
0.075575
-0.00933028
0.0757878
-0.0107408
0.0760478
-0.012131
0.0763635
-0.0135024
0.0767378
-0.0148364
0.0771807
-0.0161379
0.0776909
-0.0173774
0.0782783
-0.0185648
0.0789355
-0.0196594
0.0796692
-0.0206756
0.0804645
-0.0215668
0.0813224
-0.0223498
0.0822204
-0.0229814
-0.0234775
0.0831531
0.0750107
-0.000731991
0.0750429
-0.00219615
0.075098
-0.0036602
0.0751789
-0.00512532
0.0752891
-0.00658968
0.0754343
-0.00805505
0.0756194
-0.00951541
0.075853
-0.0109744
0.0761398
-0.0124178
0.0764917
-0.0138543
0.0769105
-0.0152551
0.0774116
-0.016639
0.07799
-0.0179558
0.0786638
-0.0192386
0.0794175
-0.0204131
0.0802685
-0.0215266
0.0811888
-0.0224871
0.0821905
-0.0233515
0.0832334
-0.0240243
-0.0245659
0.0843218
0.0750107
-0.00074267
0.0750431
-0.00222854
0.0750985
-0.00371564
0.0751805
-0.00520733
0.0752932
-0.00670233
0.0754433
-0.00820515
0.0756364
-0.00970852
0.0758833
-0.0112213
0.0761889
-0.0127234
0.0765695
-0.0142349
0.0770248
-0.0157105
0.0775791
-0.0171932
0.07822
-0.0185967
0.0789807
-0.0199993
0.0798303
-0.0212627
0.0808075
-0.0225039
0.08186
-0.0235396
0.0830239
-0.0245154
0.0842263
-0.0252267
-0.025835
0.0854954
0.07501
-0.000752671
0.0750404
-0.00225894
0.0750927
-0.00376797
0.075171
-0.00528564
0.07528
-0.00681128
0.0754275
-0.00835272
0.0756201
-0.00990108
0.0758709
-0.0114722
0.0761851
-0.0130376
0.0765845
-0.0146343
0.0770659
-0.0161918
0.077666
-0.0177934
0.0783604
-0.0192911
0.0792081
-0.0208471
0.0801497
-0.0222042
0.0812652
-0.0236194
0.0824556
-0.0247299
0.0838072
-0.0258669
0.0851858
-0.0266054
-0.0273212
0.0866721
0.0750085
-0.000761183
0.0750345
-0.00228488
0.0750796
-0.00381313
0.0751485
-0.00535451
0.0752464
-0.00690923
0.0753825
-0.00848881
0.0755642
-0.0100828
0.0758071
-0.0117151
0.0761171
-0.0133476
0.0765222
-0.0150393
0.0770156
-0.0166852
0.0776506
-0.0184284
0.0783854
-0.0200259
0.0793188
-0.0217805
0.0803431
-0.0232285
0.0816132
-0.0248895
0.0829436
-0.0260603
0.0845183
-0.0274417
0.0860927
-0.0281797
-0.0290766
0.0878481
0.0750061
-0.000767278
0.0750248
-0.00230357
0.0750581
-0.00384648
0.075111
-0.00540735
0.0751894
-0.0069877
0.0753034
-0.00860276
0.0754619
-0.0102412
0.0756822
-0.0119354
0.0759724
-0.0136378
0.0763652
-0.0154321
0.0768534
-0.0171735
0.0775064
-0.0190814
0.078264
-0.0207835
0.0792775
-0.0227939
0.0803676
-0.0243186
0.081814
-0.0263359
0.0832768
-0.0275231
0.0851271
-0.029292
0.0869192
-0.0299718
-0.0311737
0.0890163
0.0750026
-0.000769923
0.075011
-0.00231188
0.0750273
-0.00386279
0.0750566
-0.00543667
0.0751059
-0.00703699
0.0751853
-0.0086822
0.0753061
-0.010362
0.0754859
-0.0121153
0.0757376
-0.0138895
0.0760945
-0.015789
0.0765564
-0.0176354
0.0772006
-0.0197256
0.0779607
-0.0215436
0.0790372
-0.0238705
0.0801704
-0.0254518
0.0818174
-0.0279829
0.0833862
-0.029092
0.0855959
-0.0315017
0.0876222
-0.0319981
-0.0337149
0.0901634
0.0749981
-0.000767992
0.0749926
-0.00230644
0.0749862
-0.00385636
0.0749838
-0.00543425
0.074993
-0.00704626
0.0750241
-0.00871323
0.0750903
-0.0104283
0.0752087
-0.0122337
0.0753989
-0.0140797
0.0756902
-0.0160803
0.0760998
-0.018045
0.076695
-0.0203208
0.0774364
-0.022285
0.0785347
-0.0249687
0.0796942
-0.0266113
0.0815488
-0.0298374
0.0831785
-0.0307217
0.0858806
-0.0342038
0.0881181
-0.0342356
-0.0368704
0.0912735
0.0749923
-0.000760306
0.0749696
-0.00228369
0.0749344
-0.00382114
0.0748915
-0.00539141
0.074849
-0.00700374
0.0748165
-0.00868074
0.0748093
-0.010421
0.0748427
-0.0122671
0.0749436
-0.0141806
0.0751342
-0.0162709
0.075457
-0.0183678
0.0759505
-0.0208142
0.0766468
-0.0229813
0.077687
-0.026009
0.0788821
-0.0278064
0.0808836
-0.0318389
0.0825598
-0.0323979
0.0859109
-0.0375549
0.0882373
-0.036562
-0.0409914
0.0923583
0.0749854
-0.000745681
0.0749418
-0.00224009
0.0748717
-0.00375103
0.0747795
-0.00529927
0.074673
-0.00689724
0.0745612
-0.00856896
0.0744598
-0.0103196
0.0743828
-0.0121901
0.0743616
-0.0141593
0.0744127
-0.016322
0.0746012
-0.0185563
0.0749338
-0.0211468
0.0755371
-0.0235846
0.0764105
-0.0268824
0.0776637
-0.0290596
0.0796221
-0.0337972
0.0814786
-0.0342545
0.0854889
-0.0415652
0.0877359
-0.038809
-0.0467894
0.093534
0.0749773
-0.000722993
0.0749095
-0.00217223
0.0747986
-0.00364018
0.0746486
-0.00514925
0.0744662
-0.00671481
0.0742594
-0.00836217
0.0740425
-0.0101027
0.0738289
-0.0119765
0.0736489
-0.0139793
0.0735189
-0.016192
0.0735106
-0.018548
0.0736213
-0.0212575
0.0740396
-0.0240029
0.0746499
-0.0274927
0.075913
-0.0303228
0.0775296
-0.0354138
0.079896
-0.0366209
0.0841109
-0.0457801
0.0865262
-0.0412243
-0.0552592
0.0949959
0.0749683
-0.000691257
0.0748732
-0.00207713
0.0747164
-0.00348342
0.0745008
-0.00493364
0.0742316
-0.00644566
0.0739152
-0.00804571
0.0735631
-0.00975062
0.0731867
-0.0116002
0.0728117
-0.0136043
0.0724556
-0.0158359
0.0721804
-0.0182728
0.0719987
-0.0210757
0.0720896
-0.0240938
0.0723604
-0.0277635
0.0734086
-0.031371
0.0745573
-0.0365625
0.0775787
-0.0396423
0.0809521
-0.0491536
0.0849819
-0.0452541
-0.066569
0.0962917
0.0749585
-0.000649713
0.0748338
-0.00195246
0.074627
-0.00327668
0.0743397
-0.00464628
0.073975
-0.00608099
0.0735366
-0.00760733
0.0730326
-0.00924657
0.0724702
-0.0110378
0.0718683
-0.0130024
0.0712409
-0.0152085
0.0706337
-0.0176656
0.0700713
-0.0205133
0.0696807
-0.0237032
0.0694762
-0.027559
0.0699127
-0.0318075
0.0706119
-0.0372617
0.0735728
-0.0426031
0.0756998
-0.0512806
0.0837037
-0.053258
-0.07737
0.0945048
0.0749482
-0.000597892
0.0747925
-0.00179682
0.0745332
-0.00301739
0.0741701
-0.00428318
0.0737041
-0.00561494
0.0731354
-0.00703864
0.0724675
-0.00857862
0.0717019
-0.0102722
0.070849
-0.0121495
0.0699132
-0.0142728
0.0689235
-0.0166759
0.0678914
-0.0194813
0.066896
-0.0227078
0.0659813
-0.0266444
0.0653904
-0.0312166
0.0652857
-0.037157
0.0668429
-0.0441603
0.0687481
-0.0531859
0.0795534
-0.0640632
-0.0813122
0.0834956
0.0749378
-0.000535654
0.0747508
-0.00160982
0.0744382
-0.0027048
0.0739981
-0.00384308
0.0734285
-0.00504539
0.0727262
-0.00633628
0.0718889
-0.00774131
0.0709116
-0.00929498
0.0697945
-0.0110323
0.06853
-0.0130083
0.0671268
-0.0152727
0.0655705
-0.0179249
0.0638952
-0.0210325
0.0620691
-0.0248182
0.0602006
-0.0293482
0.0583419
-0.0352982
0.0567991
-0.0426175
0.057223
-0.0536097
0.0633898
-0.0702301
0.0579825
-0.0759049
0.0781432
-0.0409294
0.0789749
-0.0411739
0.079856
-0.0407654
0.0807549
-0.0398114
0.081651
-0.0384837
0.0825191
-0.0369089
0.0833555
-0.0351924
0.0841493
-0.0334199
0.0849031
-0.0316283
-0.0298243
0.0856127
0.0794851
-0.0418905
0.0804933
-0.0421821
0.0815145
-0.0417865
0.0825073
-0.0408042
0.0834584
-0.0394349
0.0843456
-0.0377962
0.0851781
-0.0360248
0.0859482
-0.03419
0.086666
-0.0323461
-0.0304984
0.0873401
0.080848
-0.043061
0.0820373
-0.0433713
0.0832051
-0.0429543
0.0843049
-0.0419041
0.0853284
-0.0404584
0.0862574
-0.0387252
0.0871121
-0.0368795
0.087887
-0.0349649
0.0886039
-0.033063
-0.0311622
0.0892677
0.0822249
-0.0444539
0.0836066
-0.044753
0.0849279
-0.0442756
0.0861376
-0.0431138
0.0872325
-0.0415533
0.0882008
-0.0396935
0.0890753
-0.037754
0.089853
-0.0357426
0.090567
-0.033777
-0.031814
0.0912189
0.0836216
-0.0460854
0.0852085
-0.0463399
0.0866897
-0.0457568
0.0880098
-0.0444339
0.089172
-0.0427155
0.0901748
-0.0406963
0.0910636
-0.0386427
0.091837
-0.0365161
0.0925389
-0.0344789
-0.0324403
0.0931652
0.0850433
-0.0479755
0.0868495
-0.0481461
0.0884957
-0.0474031
0.0899242
-0.0458624
0.0911482
-0.0439396
0.0921797
-0.0417278
0.0930747
-0.0395377
0.0938306
-0.0372721
0.0944994
-0.0351477
-0.0330087
0.0950678
0.0864935
-0.0501472
0.0885347
-0.0501873
0.0903499
-0.0492183
0.091884
-0.0473965
0.0931644
-0.0452199
0.0942171
-0.0427806
0.0951012
-0.0404217
0.0958081
-0.037979
0.0963936
-0.0357332
-0.0334482
0.0968331
0.087973
-0.0526248
0.0902678
-0.0524821
0.0922574
-0.0512079
0.0938974
-0.0490365
0.0952279
-0.0465504
0.0962822
-0.0438349
0.0971087
-0.0412483
0.097689
-0.0385592
0.0980812
-0.0361254
-0.0336192
0.0982522
0.089478
-0.0554308
0.0920559
-0.05506
0.0942338
-0.0533858
0.0959821
-0.0507848
0.0973394
-0.0479077
0.0983299
-0.0448254
0.0989783
-0.0418967
0.0992629
-0.0388437
0.099252
-0.0361145
-0.0332851
0.0989179
0.0910012
-0.0585839
0.0939236
-0.0579824
0.0963132
-0.0557753
0.09815
-0.0526217
0.0994394
-0.0491971
0.100185
-0.0455711
0.100395
-0.042107
0.100075
-0.0385228
0.0993244
-0.0353644
-0.0321106
0.09815
0.0925515
-0.0621191
0.0959332
-0.0613642
0.0985297
-0.0583718
0.100327
-0.0544193
0.101274
-0.050144
0.101385
-0.0456816
0.1007
-0.0414221
0.0993097
-0.0371327
0.0973849
-0.0334396
-0.0297232
0.0949975
0.0941862
-0.0661419
0.0981727
-0.0653507
0.100803
-0.0610016
0.102159
-0.0557755
0.102175
-0.0501601
0.10099
-0.0444967
0.0987758
-0.0392079
0.0957808
-0.0341377
0.0922714
-0.0299302
-0.0258625
0.0884107
0.0960315
-0.0708999
0.100616
-0.0699349
0.102653
-0.0630391
0.102708
-0.0558297
0.100834
-0.0482868
0.0975094
-0.041172
0.093134
-0.0348325
0.0881535
-0.0291571
0.0829161
-0.0246928
-0.020603
0.0776565
0.0981737
-0.0767153
0.102737
-0.0744978
0.102803
-0.0631054
0.100208
-0.0532344
0.0953124
-0.0433916
0.0891569
-0.0350165
0.0823695
-0.0280451
0.0755356
-0.0223232
0.0689845
-0.0181417
-0.0145415
0.062923
0.100233
-0.0834144
0.102939
-0.0772037
0.0989067
-0.0590732
0.0922225
-0.0465502
0.0835766
-0.0347457
0.0746604
-0.0261003
0.0660829
-0.0194677
0.0583635
-0.0146037
0.0515859
-0.0113641
-0.00873755
0.045782
0.100558
-0.0889763
0.0982207
-0.0748665
0.087915
-0.0487675
0.0766466
-0.0352818
0.0648083
-0.0229073
0.0546092
-0.0159013
0.0459645
-0.0108229
0.0390278
-0.00766702
0.0334016
-0.00573794
-0.00423704
0.0289011
0.0955803
-0.0882649
0.0847153
-0.0640015
0.0676648
-0.0317171
0.0534633
-0.0210803
0.0412204
-0.0106643
0.032486
-0.00716693
0.0259374
-0.00427425
0.0212006
-0.00293023
0.0175499
-0.00208724
-0.00150714
0.01482
0.0804759
-0.074236
0.0599584
-0.043484
0.0399781
-0.0117368
0.0271862
-0.00828845
0.018744
-0.0022221
0.0136061
-0.00202906
0.0101465
-0.000814669
0.00780406
-0.000587764
0.0060509
-0.000334083
-0.000364011
0.00490778
0.0522857
-0.0430261
0.0267891
-0.0179875
0.0132981
0.00175423
0.00632061
-0.00131092
0.00360266
0.000495843
0.00164585
-7.22458e-05
0.000711185
0.000119997
1.23704e-06
0.000122184
-0.000428221
9.53746e-05
-0.000202088
-0.000590144
0.0149563
-0.00303114
-0.00127691
-0.00258783
-0.00209198
-0.00216423
-0.00204423
-0.00192205
-0.00182667
-0.00202876
0.0866334
-0.0427778
0.0875811
-0.0384443
0.0884609
-0.0342161
0.089242
-0.0296172
0.0899176
-0.025026
0.0905377
-0.0195614
0.0910398
-0.014875
0.0914242
-0.009042
0.0917236
-0.00448566
0.0919319
0.00118533
0.0920316
0.0040087
0.0920685
0.00838345
0.0920602
0.00892553
0.0920218
0.0104213
0.0919383
0.00797348
0.0918584
0.00672942
0.0918251
0.0024234
0.091769
-0.000793301
0.0917615
-0.00431445
-0.00723558
0.088296
-0.0437337
0.0891834
-0.0393318
0.0899931
-0.0350257
0.0906999
-0.0303241
0.0912758
-0.0256018
0.0917864
-0.020072
0.0921422
-0.0152308
0.0923749
-0.00927474
0.0924868
-0.00459755
0.0925466
0.00112553
0.0924522
0.00410309
0.092325
0.00851064
0.0921695
0.00908103
0.0920045
0.0105863
0.0918291
0.00814886
0.0916819
0.00687664
0.0916149
0.00249038
0.0915339
-0.000712267
0.0915308
-0.00431136
-0.00719563
0.0902085
-0.0446745
0.0910801
-0.0402033
0.0918568
-0.0358025
0.0925176
-0.0309849
0.0930183
-0.0261025
0.0934311
-0.0204848
0.0936413
-0.015441
0.0937169
-0.00935037
0.0936295
-0.00451016
0.0934734
0.00128169
0.0931333
0.00444318
0.0927744
0.00886956
0.0923817
0.00947374
0.0920057
0.0109623
0.0916507
0.00850384
0.0913601
0.00716724
0.0911897
0.00266085
0.0910193
-0.000541912
0.0909631
-0.00425513
-0.00707948
0.092143
-0.0455986
0.0929889
-0.0410492
0.0937177
-0.0365313
0.0943079
-0.031575
0.0947121
-0.0265067
0.0950023
-0.020775
0.0950555
-0.0154942
0.0949714
-0.0092663
0.0946856
-0.00422438
0.0943208
0.00164649
0.0937334
0.0050306
0.0931355
0.00946743
0.0924769
0.0101323
0.0918519
0.0115873
0.0912601
0.00909559
0.0907698
0.00765762
0.0904186
0.00301206
0.0900937
-0.000217048
0.0899038
-0.00406524
-0.00682533
0.0940418
-0.0464752
0.0948119
-0.0418193
0.0954276
-0.037147
0.0958677
-0.0320151
0.096098
-0.026737
0.0961908
-0.0208678
0.0960359
-0.0153393
0.0957571
-0.00898747
0.0952642
-0.00373148
0.0946941
0.00221658
0.0938777
0.00584698
0.0930587
0.0102865
0.0921385
0.0110525
0.0912609
0.0124649
0.0904064
0.00995011
0.0896803
0.00838369
0.089087
0.00360539
0.0885516
0.000318345
0.0881509
-0.00366454
-0.00638115
0.0958253
-0.0472328
0.096417
-0.0424109
0.096796
-0.0375261
0.0969523
-0.0321714
0.0968838
-0.0266685
0.0966689
-0.0206529
0.0962305
-0.0149009
0.0957064
-0.00846341
0.0949907
-0.00301578
0.0942187
0.00298856
0.0932008
0.00686493
0.0921907
0.0112966
0.0910345
0.0122087
0.0899234
0.013576
0.0888047
0.0110688
0.0878265
0.00936194
0.0869516
0.00448021
0.0861671
0.00110291
0.0854963
-0.00299373
-0.00572071
0.0973271
-0.0477268
0.09756
-0.0426439
0.0975081
-0.0374742
0.0971944
-0.0318577
0.0966677
-0.0261418
0.0960219
-0.0200071
0.0952262
-0.0141053
0.0944177
-0.00765484
0.0934801
-0.00207823
0.0925297
0.00393901
0.0913582
0.00803642
0.0902043
0.0124505
0.0888598
0.0135531
0.0875544
0.0148814
0.0861928
0.0124305
0.0849656
0.0105891
0.0837972
0.0056487
0.0827438
0.00215631
0.0817773
-0.00202723
-0.00485634
0.0982298
-0.0477044
0.0978294
-0.0422435
0.0970863
-0.0367311
0.0960855
-0.0308568
0.0949393
-0.0249956
0.0937637
-0.0188316
0.0925737
-0.0129153
0.0914834
-0.00656448
0.0903673
-0.000962117
0.0893008
0.00500548
0.0880563
0.00928092
0.0868314
0.0136754
0.0853733
0.0150112
0.0839334
0.0163212
0.0823733
0.0139907
0.0809223
0.01204
0.079477
0.00709397
0.0781609
0.00347246
0.0769226
-0.000788958
-0.00384681
0.0980023
-0.0467888
0.0966176
-0.0408588
0.0949025
-0.035016
0.0930244
-0.0289788
0.0911562
-0.0231273
0.0894299
-0.0171053
0.087885
-0.0113704
0.0865864
-0.00526581
0.0853926
0.000231608
0.0843188
0.00607928
0.0831144
0.0104853
0.0819163
0.0148735
0.0804421
0.0164854
0.0789448
0.0178185
0.0772507
0.0156849
0.0756226
0.013668
0.073946
0.00877062
0.0724095
0.00500893
0.070987
0.000633559
-0.00279573
0.0958838
-0.0445227
0.0931689
-0.0381438
0.0902798
-0.0321269
0.0874574
-0.0261564
0.0849034
-0.0205734
0.0827381
-0.0149399
0.0809837
-0.00961607
0.0796334
-0.00391547
0.0785121
0.0013529
0.0775718
0.00701956
0.0765347
0.0115224
0.0754698
0.0159384
0.0740833
0.0178719
0.0726105
0.0192913
0.0708575
0.0174379
0.0691168
0.0154088
0.0672821
0.0106053
0.0656169
0.00667409
0.0641642
0.0020863
-0.00183355
0.0909814
-0.0405066
0.0867538
-0.0339162
0.0827133
-0.0280864
0.0791112
-0.0225543
0.0761119
-0.017574
0.0737736
-0.0126016
0.0720519
-0.00789439
0.0708557
-0.00271926
0.0699792
0.00222936
0.0693011
0.00769766
0.0685383
0.0122852
0.0676924
0.0167844
0.0664778
0.0190865
0.0650984
0.0206707
0.06336
0.0191762
0.0615835
0.0171853
0.0596951
0.0124937
0.0580532
0.00831604
0.0567595
0.00338
-0.00108542
0.0825435
-0.0346394
0.0769906
-0.0283632
0.0721807
-0.0232766
0.068251
-0.0186246
0.0652404
-0.0145634
0.0630947
-0.0104559
0.0616753
-0.006475
0.0608243
-0.00186828
0.0603123
0.00274134
0.059972
0.00803804
0.0595323
0.0127249
0.0589428
0.0173738
0.0579432
0.020086
0.0566991
0.0219148
0.0550397
0.0208356
0.0533175
0.0189076
0.0515142
0.014297
0.0500902
0.00974011
0.0491265
0.00434363
-0.000626836
0.0704035
-0.0273864
0.06423
-0.0221898
0.0594023
-0.0184489
0.0557958
-0.0150181
0.0532654
-0.012033
0.0516405
-0.00883093
0.0507108
-0.0055453
0.050297
-0.00145449
0.0501701
0.00286826
0.0501577
0.00805045
0.0500154
0.0128672
0.0496619
0.0177273
0.0488745
0.0208735
0.0477807
0.0230086
0.0462604
0.0223559
0.0446986
0.0204694
0.0431435
0.0158521
0.042123
0.0107606
0.0415701
0.00489648
-0.000456146
0.0554203
-0.0198836
0.0497582
-0.0165277
0.0458024
-0.014493
0.0431073
-0.012323
0.0413884
-0.0103141
0.040429
-0.00787154
0.0400138
-0.00513011
0.0399968
-0.0014375
0.0401733
0.00269182
0.0404014
0.00782232
0.0404708
0.0127977
0.0402904
0.0179076
0.0396814
0.0214826
0.0387422
0.0239477
0.0374266
0.0236715
0.0361396
0.0217564
0.0349816
0.0170101
0.0344647
0.0112775
0.0342697
0.00509143
-0.000501013
0.0395303
-0.0136319
0.0354974
-0.0124948
0.0330195
-0.0120152
0.031478
-0.0107815
0.0306001
-0.0094363
0.0302275
-0.00749885
0.030202
-0.00510462
0.0304417
-0.00167721
0.0307809
0.00235259
0.0311252
0.00747803
0.0312969
0.012626
0.0312149
0.0179897
0.0307455
0.0219519
0.0299722
0.024721
0.0289307
0.024713
0.0280111
0.0226761
0.0273286
0.0176926
0.0272724
0.0113337
0.0272657
0.00509818
-0.000659779
0.0250581
-0.00978891
0.0232021
-0.0106388
0.0222296
-0.0110427
0.0216741
-0.0102259
0.0214144
-0.00917659
0.0214098
-0.00749426
0.0215808
-0.00527561
0.0219085
-0.00200487
0.0222671
0.00199396
0.0226103
0.00713487
0.022789
0.0124473
0.022747
0.0180316
0.0223933
0.0223056
0.0218071
0.0253072
0.0210903
0.0254298
0.0205676
0.0231988
0.0203259
0.0179343
0.0205498
0.0111098
0.0205142
0.0051338
-0.000855929
0.0136574
-0.0086264
0.0137503
-0.0107317
0.0138262
-0.0111186
0.0138585
-0.0102583
0.0139026
-0.00922069
0.0140274
-0.00761905
0.0142154
-0.00546364
0.0144907
-0.00228018
0.0147625
0.00172223
0.0150225
0.00687484
0.015149
0.0123207
0.0151171
0.0180636
0.0148715
0.0225512
0.0144868
0.0256919
0.0140955
0.0258211
0.0139118
0.0233825
0.013965
0.0178811
0.0142198
0.010855
0.0140006
0.00535301
-0.00105601
0.0058212
-0.00953983
0.00709588
-0.0120064
0.00760024
-0.011623
0.00781278
-0.0104708
0.00788766
-0.00929557
0.0079592
-0.00769059
0.00804108
-0.00554552
0.00817739
-0.00241648
0.00830624
0.00159338
0.00844361
0.00673747
0.00849688
0.0122675
0.00846667
0.0180938
0.00832485
0.022693
0.00812627
0.0258905
0.00799795
0.0259494
0.00801897
0.0233614
0.0081591
0.017741
0.00822215
0.0107919
0.00780548
0.00576968
-0.00126416
0.00116435
-0.0112943
0.00269049
-0.0135325
0.00309546
-0.0120279
0.00319084
-0.0105662
0.00311721
-0.00922194
0.00302978
-0.00760316
0.00294404
-0.00545978
0.0029065
-0.00237894
0.00288112
0.00161875
0.00288966
0.00672893
0.00287677
0.0122804
0.0028446
0.018126
0.00279277
0.0227449
0.00272432
0.025959
0.00274989
0.0259238
0.00280403
0.0233073
0.00283718
0.0177078
0.0025772
0.0110519
0.00209104
0.00625584
-0.00150856
-0.000941735
-0.0123813
-9.01223e-05
-0.0143841
-0.000149691
-0.0119684
-0.000329817
-0.0103861
-0.000644151
-0.00890761
-0.000929543
-0.00731777
-0.00119557
-0.00519375
-0.00140089
-0.00217362
-0.00156801
0.00178587
-0.00167027
0.0068312
-0.00174486
0.0123549
-0.0017811
0.0181622
-0.00178942
0.0227532
-0.00179692
0.0259665
-0.00175389
0.0258808
-0.00180335
0.0233568
-0.00200448
0.017909
-0.00255402
0.0116015
-0.00300556
0.00670738
-0.00199759
-0.00152242
-0.0108589
-0.00243114
-0.0134754
-0.0032156
-0.0111839
-0.00395043
-0.00965122
-0.00464267
-0.00821537
-0.00524885
-0.00671159
-0.00578255
-0.00466006
-0.00621589
-0.00174028
-0.00657328
0.00214326
-0.00680918
0.0070671
-0.00697776
0.0125235
-0.00703587
0.0182203
-0.00706563
0.0227829
-0.00708361
0.0259844
-0.00716835
0.0259655
-0.00745823
0.0236466
-0.0080676
0.0185183
-0.00890705
0.0124409
-0.00923123
0.00703157
-0.0031169
-0.00192441
-0.00893451
-0.00398697
-0.0114128
-0.00549022
-0.00968065
-0.00671721
-0.00842423
-0.00772589
-0.00720669
-0.00857066
-0.00586683
-0.00928326
-0.00394745
-0.00986594
-0.00115761
-0.0103344
0.00261168
-0.0106611
0.00739384
-0.010888
0.0127504
-0.0109953
0.0183276
-0.0110955
0.0228831
-0.0112254
0.0261143
-0.0115353
0.0262755
-0.012107
0.0242184
-0.0129952
0.0194065
-0.0137688
0.0132145
-0.0135885
0.00685121
-0.00481525
-0.00224917
-0.00668534
-0.00498993
-0.00867208
-0.00703605
-0.00763452
-0.0086409
-0.00681938
-0.00989131
-0.00595628
-0.0109064
-0.00485177
-0.0117351
-0.00311872
-0.0124073
-0.000485368
-0.0129347
0.00313905
-0.0133146
0.00777377
-0.013578
0.0130138
-0.0137405
0.0184901
-0.0139213
0.0230639
-0.0141801
0.0263732
-0.0146842
0.0267795
-0.0154358
0.02497
-0.0163961
0.0203668
-0.0168888
0.0137072
-0.0161201
0.00608254
-0.00701986
-0.00248368
-0.00420166
-0.00562999
-0.00552577
-0.00803735
-0.00522716
-0.00989387
-0.00496286
-0.0112994
-0.0045508
-0.0124128
-0.00373829
-0.0132957
-0.00223586
-0.013999
0.000217908
-0.0145353
0.00367538
-0.0149246
0.00816306
-0.0151891
0.0132783
-0.0153764
0.0186774
-0.0155937
0.0232811
-0.0159185
0.026698
-0.0164966
0.0273577
-0.0172533
0.0257267
-0.0180791
0.0211926
-0.0181976
0.0138257
-0.0169383
0.00482323
-0.00957902
-0.00263567
-0.00156599
-0.00600006
-0.00216138
-0.0086
-0.00262723
-0.0105853
-0.00297756
-0.0120596
-0.00307648
-0.013202
-0.00259588
-0.0140792
-0.00135865
-0.0147589
0.000897589
-0.0152513
0.0041678
-0.0155968
0.00850851
-0.0158068
0.0134883
-0.015953
0.0188236
-0.0161151
0.0234432
-0.0163835
0.0269664
-0.0168618
0.0278359
-0.0174248
0.0262898
-0.0179392
0.021707
-0.0176879
0.0135743
-0.0161379
0.00327318
-0.0122983
-0.00271324
0.00114724
-0.00614228
0.00126767
-0.00877793
8.41739e-06
-0.0107758
-0.000979689
-0.0122372
-0.00161503
-0.0133442
-0.00148892
-0.0141602
-0.000542672
-0.0147621
0.00149955
-0.0151557
0.00456132
-0.0153955
0.00874835
-0.0154791
0.0135719
-0.0154928
0.0188373
-0.0154788
0.0234292
-0.0155358
0.0270234
-0.0157202
0.0280203
-0.0158949
0.0264646
-0.0159336
0.0217457
-0.0153292
0.0129699
-0.0136644
0.00160839
-0.0149988
-0.00272304
0.00387028
-0.00606513
0.00460976
-0.00858379
0.00252707
-0.0104831
0.000919625
-0.0118562
-0.000241901
-0.0128701
-0.000475053
-0.0135748
0.000162033
-0.0140486
0.00197334
-0.0142885
0.00480123
-0.0143576
0.00881748
-0.014236
0.0134503
-0.0140159
0.0186172
-0.0136992
0.0231125
-0.0133858
0.0267101
-0.0130939
0.0277283
-0.0127118
0.0260824
-0.0121067
0.0211406
-0.0111125
0.0119757
-0.00937802
-0.000126091
-0.0175664
-0.00267022
0.0065405
-0.00574275
0.00768229
-0.00798591
0.00477023
-0.00968038
0.0026141
-0.010899
0.000976732
-0.0117711
0.000397015
-0.0123241
0.000715081
-0.0126274
0.00227656
-0.012666
0.00483986
-0.0125046
0.00865607
-0.0121053
0.013051
-0.0115572
0.0180692
-0.0108282
0.0223835
-0.0100107
0.0258926
-0.00909803
0.0268156
-0.00804946
0.0250339
-0.0066489
0.01974
-0.005191
0.0105178
-0.00325836
-0.00205873
-0.0199528
-0.00255947
0.00909997
-0.00509403
0.0102169
-0.00689625
0.00657245
-0.00828702
0.00400487
-0.00929777
0.00198748
-0.00999467
0.00109391
-0.0103708
0.00109124
-0.0104767
0.00238244
-0.0102828
0.00464597
-0.0098469
0.00822015
-0.00911765
0.0123217
-0.00817115
0.0171227
-0.00695541
0.0211678
-0.00555117
0.0244884
-0.0039244
0.0251889
-0.002199
0.0233085
0.000137665
0.0174034
0.00210367
0.0085518
0.00429906
-0.00425412
-0.0223394
-0.00241546
0.0115154
-0.00393741
0.0117388
-0.00513771
0.00777275
-0.00614529
0.00501245
-0.00692053
0.00276273
-0.00743039
0.00160377
-0.00762933
0.00129018
-0.00753487
0.00228798
-0.00710512
0.00421622
-0.0063778
0.00749283
-0.00530103
0.0112449
-0.00392136
0.015743
-0.00219497
0.0194414
-0.000201571
0.022495
0.00218504
0.0228023
0.00464442
0.0208491
0.00761403
0.0144338
0.010471
0.00569488
0.012855
-0.00663821
-0.024884
-0.00184223
0.0110717
0.00228597
-0.00164948
0.011546
-0.00210423
0.00822751
-0.0026066
0.00551482
-0.00306299
0.00321911
-0.00334537
0.00188615
-0.00340292
0.00134774
-0.0032094
0.00209446
-0.00273454
0.00374135
-0.00197428
0.00673258
-0.000910961
0.0101816
0.000465323
0.0143667
0.00216067
0.017746
0.00414443
0.0205112
0.00647001
0.0204767
0.00887956
0.0184395
0.0116219
0.0116914
0.0143606
0.00295623
0.0165222
-0.0087998
-0.0270318
-0.000481952
0.00973461
0.00181904
0.000440477
0.0106236
0.000289007
0.00837897
4.11136e-06
0.00579972
-0.000367457
0.00359068
-0.000575516
0.0020942
-0.000583864
0.00135609
-0.000314267
0.00182487
0.000241361
0.00318573
0.00113326
0.00584068
0.00236527
0.00894962
0.00395874
0.0127732
0.00593775
0.015767
0.00823625
0.0182127
0.0109423
0.0177706
0.0137317
0.0156501
0.0167966
0.00862651
0.0199247
-0.000171859
0.0223847
-0.0112598
-0.0293278
0.00280894
0.00877914
-0.00185348
0.00370804
0.00972452
0.00370812
0.0083789
0.00345468
0.00605316
0.0031307
0.00391466
0.00292116
0.00230374
0.0029176
0.00135965
0.00319326
0.0015492
0.00379399
0.002585
0.00475945
0.00487521
0.00611787
0.0075912
0.00788305
0.011008
0.0100961
0.013554
0.0126537
0.0156552
0.0156808
0.0147435
0.018816
0.012515
0.0221549
0.00528767
0.0256175
-0.00363446
0.0283914
-0.0140337
-0.0317658
0.0084557
0.00923256
-0.00890912
0.00864258
0.00953764
0.00842981
0.00859166
0.00803972
0.00644325
0.00762736
0.00432702
0.00733271
0.00259839
0.00725514
0.00143722
0.00747148
0.00133286
0.00804131
0.00201517
0.00901439
0.00390214
0.0104287
0.00617692
0.0122971
0.00913961
0.0146804
0.0111707
0.0174343
0.0129012
0.0207052
0.0114725
0.0241438
0.00907646
0.0277143
0.00171714
0.0314451
-0.00736524
0.0345206
-0.0171093
-0.0343103
0.0168615
0.0118264
-0.0194553
0.0156783
0.0107209
0.0148081
0.0094618
0.0140185
0.00723284
0.0133432
0.00500241
0.0128425
0.00309904
0.0125913
0.00168844
0.0126613
0.00126284
0.0131152
0.00156122
0.0140126
0.00300475
0.0154014
0.00478814
0.0172905
0.00725056
0.0197624
0.00869879
0.0226461
0.0100175
0.0260695
0.00804911
0.0297539
0.00539208
0.0335068
-0.00203577
0.0374287
-0.0112871
0.0407534
-0.020434
-0.0368937
0.0280296
0.0167373
-0.0329406
0.0250515
0.013699
0.0230938
0.0114194
0.0216059
0.00872075
0.0204573
0.00615102
0.0196024
0.00395396
0.0190621
0.0022287
0.0188872
0.00143781
0.0191343
0.0013141
0.0198651
0.00227393
0.0211394
0.00351384
0.0229605
0.0054295
0.0254239
0.00623534
0.0283647
0.00707674
0.031841
0.00457277
0.0356908
0.00154229
0.0395583
-0.00590331
0.0435748
-0.0153036
0.0470523
-0.0239114
-0.0394198
0.0412446
0.0234549
-0.0479622
0.036517
0.0184266
0.0332519
0.0146846
0.030836
0.0111367
0.0290215
0.00796551
0.027665
0.00531042
0.0267214
0.00317227
0.0262045
0.00195473
0.0261583
0.00136028
0.0266358
0.00179643
0.0277069
0.00244274
0.0293738
0.00376263
0.0317248
0.00388434
0.0346397
0.00416181
0.0380641
0.00114842
0.0419718
-0.00236548
0.0458585
-0.00979001
0.049849
-0.0192941
0.0533418
-0.0274041
-0.0417743
0.0550615
0.0308965
-0.0625031
0.0491788
0.0243093
0.0447737
0.0190897
0.041411
0.0144993
0.0388471
0.0105294
0.0368978
0.00725975
0.0354706
0.00459942
0.0345392
0.00288614
0.0341337
0.00176582
0.0342901
0.00164003
0.0350809
0.00165192
0.0365176
0.00232597
0.0386579
0.00174405
0.0414558
0.00136391
0.0447159
-0.00211167
0.0485533
-0.00620292
0.0523336
-0.0135703
0.0561556
-0.023116
0.0594974
-0.030746
-0.0438424
0.0677613
0.037851
-0.0747157
0.0616554
0.0304151
0.0566618
0.0240834
0.0526255
0.0185356
0.0494234
0.0137315
0.0469117
0.00977144
0.044999
0.00651217
0.0436354
0.00424976
0.0428452
0.00255596
0.0426483
0.00183699
0.0431075
0.00119275
0.0442572
0.0011762
0.0461065
-0.000105208
0.0486904
-0.00122003
0.0516828
-0.00510404
0.0553031
-0.00982325
0.0588319
-0.0170991
0.0623321
-0.0266163
0.0653499
-0.0337637
-0.0455276
0.0780055
0.0434387
-0.0835932
0.0725656
0.035855
0.0676986
0.0289504
0.063482
0.0227522
0.0599524
0.0172611
0.0570627
0.0126611
0.0547732
0.00880175
0.0530406
0.00598236
0.0519002
0.00369629
0.0513675
0.00236976
0.0514834
0.00107681
0.0523173
0.000342328
0.0538185
-0.0016064
0.0561076
-0.00350915
0.0587394
-0.00773587
0.0619991
-0.0130829
0.0651316
-0.0202316
0.0681669
-0.0296516
0.0707077
-0.0363046
-0.0467694
0.0852099
0.0473017
-0.0890729
0.0809989
0.0400661
0.0768617
0.0330875
0.0729896
0.0266243
0.0695412
0.0207095
0.0665707
0.0156316
0.064114
0.0112584
0.0621588
0.00793755
0.0607673
0.00508784
0.0599701
0.00316691
0.05978
0.00126692
0.0602977
-0.000175337
0.0614351
-0.0027438
0.0633672
-0.00544123
0.0655729
-0.00994159
0.0683532
-0.0158633
0.070971
-0.0228493
0.0734335
-0.0321142
0.0753919
-0.038263
-0.0475535
0.089502
0.0495293
-0.0917296
0.0866876
0.0428805
0.0836107
0.0361644
0.080466
0.0297691
0.0774639
0.0237116
0.0747255
0.01837
0.0723539
0.0136301
0.0703728
0.00991858
0.0688753
0.00658534
0.0679261
0.00411618
0.0675094
0.00168359
0.0677513
-0.000417224
0.0685381
-0.00353057
0.0700828
-0.006986
0.071833
-0.0116917
0.0740615
-0.0180918
0.0760958
-0.0248837
0.0779347
-0.033953
0.0792731
-0.0396014
-0.0479154
0.0914427
0.0504638
-0.0923772
0.0898904
0.0444328
0.0879224
0.0381324
0.0856732
0.0320183
0.0833408
0.026044
0.0810699
0.0206408
0.0790037
0.0156963
0.0771906
0.0117318
0.0757418
0.00803414
0.0747665
0.00509146
0.0742282
0.00222186
0.0742606
-0.000449598
0.0747408
-0.00401074
0.0759008
-0.00814607
0.0772047
-0.0129956
0.0788659
-0.019753
0.080311
-0.0263287
0.0815419
-0.0351839
0.0822988
-0.0403583
-0.0479346
0.0917269
0.050512
-0.0917752
0.0911483
0.0450114
0.090141
0.0391398
0.0887638
0.0333954
0.0871632
0.0276445
0.085473
0.0223311
0.0838487
0.0173205
0.0823464
0.013234
0.0810739
0.00930671
0.0801826
0.00598276
0.0796257
0.00277878
0.0795267
-0.000350677
0.0797656
-0.00424965
0.0805749
-0.00895531
0.0814758
-0.0138965
0.08261
-0.0208872
0.0835215
-0.0272402
0.0842233
-0.0358857
0.0845045
-0.0406395
-0.0477196
0.0909769
0.050025
-0.0904899
0.0910587
0.0449296
0.0907751
0.0394234
0.0901267
0.0340438
0.0891952
0.0285759
0.0880841
0.0234423
0.0869428
0.0184618
0.085822
0.0143548
0.0848044
0.0103243
0.0840708
0.00671638
0.0835758
0.00327382
0.0834199
-0.00019486
0.0834917
-0.00432145
0.0840087
-0.00947227
0.0845757
-0.0144636
0.0852685
-0.0215799
0.0857512
-0.027723
0.0860478
-0.0361823
0.0860033
-0.0405949
-0.0473883
0.0896517
0.0492504
-0.0888771
0.0901326
0.0444487
0.0903327
0.0392233
0.0902255
0.034151
0.0898335
0.028968
0.0892235
0.0240522
0.0885311
0.0191542
0.0877952
0.0150907
0.0870611
0.0110584
0.0865197
0.00725785
0.0861368
0.00365667
0.0859839
-4.19293e-05
0.0859613
-0.00429883
0.0862605
-0.0097715
0.0865798
-0.0147828
0.0869454
-0.0219455
0.0871322
-0.0279098
0.0871694
-0.0362196
0.0869598
-0.0403852
-0.0470454
0.0880419
0.0483368
-0.0871283
0.0887395
0.0437511
0.0892292
0.0387336
0.0894863
0.0338939
0.0894892
0.0289651
0.0892713
0.02427
0.0889532
0.0194724
0.088562
0.0154818
0.0881036
0.0115169
0.0877598
0.00760162
0.0875139
0.00390259
0.0874075
6.43889e-05
0.0873556
-0.00424685
0.0875179
-0.00993382
0.0876816
-0.0149466
0.0878439
-0.0221078
0.0878704
-0.0279363
0.0877885
-0.0361376
0.0875511
-0.0401479
-0.0467641
0.0863099
0.0473606
-0.0853336
0.087116
0.042945
0.0877635
0.0380861
0.0882499
0.0334075
0.0885261
0.0286889
0.0885987
0.0241975
0.0885759
0.0194951
0.0884747
0.015583
0.088268
0.0117236
0.0881133
0.00775627
0.0880132
0.00400276
0.0879825
9.5034e-05
0.0879538
-0.00421818
0.0880542
-0.0100342
0.0881474
-0.0150398
0.0882181
-0.0221784
0.0881969
-0.0279151
0.0881045
-0.0360452
0.0879274
-0.0399709
-0.0465767
0.0845549
0.0463468
-0.0835411
0.0854249
0.042075
0.0861663
0.0373448
0.0868059
0.0327679
0.0872804
0.0282144
0.0875764
0.0239014
0.0877908
0.0192807
0.0879298
0.015444
0.0879463
0.0117071
0.0879638
0.00773874
0.0880001
0.00396646
0.0880588
3.63991e-05
0.0880819
-0.00424132
0.0881738
-0.0101261
0.0882576
-0.0151236
0.088315
-0.0222358
0.088315
-0.0279151
0.088271
-0.0360012
0.0881811
-0.039881
-0.0464756
0.0830064
-0.0819185
0.0839622
0.0848026
0.0855764
0.0862135
0.0866878
0.0870848
0.0874001
0.0875806
0.0877234
0.0878637
0.0879688
0.088045
0.0881492
0.0882458
0.0883224
0.0883555
0.0883595
0.0883298
0.0125822
0.0393201
-0.0519023
-0.00312503
0.0157072
-0.00144751
-0.00167752
-0.00251891
0.0010714
-0.00212947
-0.000389444
-0.00215241
2.29402e-05
-0.00206079
-9.16154e-05
-0.0019538
-0.000106995
-0.00188612
-6.76797e-05
0.00039985
0.0442726
0.0709287
-0.0758812
0.0204332
0.0395466
0.00939481
0.00936085
0.00353742
0.0069288
0.00154438
0.00160359
-0.000103582
0.00167091
-0.000768723
0.000573525
-0.00130342
0.000427704
-0.00162854
0.000257439
0.000590348
0.0704455
0.0878668
-0.0873836
0.0491782
0.060814
0.0307609
0.0277781
0.0195771
0.0181126
0.0127004
0.00848027
0.00854041
0.00583092
0.00581779
0.00329615
0.00397025
0.00227524
0.00263834
0.00158934
0.00137521
0.0864156
0.0915373
-0.0900862
0.0730534
0.0741762
0.0552877
0.0455438
0.0414958
0.0319044
0.0304754
0.0195007
0.0230254
0.0132809
0.0176238
0.00869779
0.0138095
0.00608956
0.0109311
0.00446767
0.00339721
0.0931506
0.087584
-0.0891973
0.0881184
0.0792085
0.0756351
0.0580271
0.0632054
0.0443341
0.0511351
0.031571
0.0414557
0.0229604
0.033673
0.0164804
0.027711
0.0120516
0.023028
0.00915066
0.00696993
0.0941243
0.0812639
-0.0878043
0.094999
0.0783338
0.088634
0.0643921
0.0799629
0.0530052
0.0698411
0.0416928
0.0602197
0.0325818
0.0515241
0.025176
0.0441471
0.0194286
0.0379715
0.0153263
0.0120009
0.092636
0.07532
-0.0866921
0.0964092
0.0745606
0.094793
0.0660083
0.0902838
0.0575144
0.0834939
0.0484827
0.0758179
0.0402577
0.0679664
0.0330275
0.0605589
0.0268361
0.0538402
0.022045
0.0178789
0.0906353
0.0704277
-0.085743
0.0951093
0.0700865
0.0962676
0.0648501
0.0950051
0.0587769
0.0914931
0.0519947
0.0865096
0.0452412
0.0806282
0.0389088
0.07443
0.0330344
0.0682998
0.0281752
0.0236756
0.0888332
0.0663904
-0.0847958
0.0929525
0.0659672
0.0952762
0.0625265
0.0959579
0.0580952
0.0948981
0.0530546
0.0923909
0.0477483
0.0887492
0.0425505
0.0843717
0.0374119
0.0796103
0.0329366
0.0285702
0.0872886
0.0629046
-0.0838027
0.090803
0.0624527
0.0933585
0.0599711
0.0949171
0.0565365
0.0953216
0.0526501
0.0946055
0.0484644
0.0928662
0.0442899
0.0903001
0.039978
0.0871541
0.0360825
0.0321311
0.0858794
0.0597962
-0.082771
0.088877
0.0594551
0.0912912
0.0575569
0.0930907
0.054737
0.0941832
0.0515576
0.0945252
0.0481224
0.0941065
0.0447086
0.092976
0.0411085
0.0912747
0.0377838
0.0343329
0.0845106
0.0570017
-0.0817161
0.0871287
0.056837
0.0893272
0.0553584
0.0910929
0.0529713
0.0924131
0.0502373
0.0932617
0.0472738
0.0936107
0.0443596
0.0934369
0.0412823
0.0928095
0.0384112
0.0354128
0.0831472
0.0545026
-0.0806481
0.085476
0.0545083
0.0874806
0.0533538
0.0891394
0.0513125
0.0904811
0.0488956
0.0915138
0.0462411
0.0922357
0.0436377
0.0926074
0.0409106
0.0926661
0.0383525
0.0357017
0.081787
0.0522875
-0.0795719
0.0838711
0.0524241
0.0857088
0.0515162
0.0872603
0.049761
0.0885587
0.0475972
0.0896288
0.0451711
0.0904977
0.0427687
0.0911366
0.0402717
0.091577
0.0379121
0.0355034
0.0804369
0.0503407
-0.0784901
0.0822974
0.0505636
0.0839808
0.0498328
0.0854346
0.0483072
0.0866795
0.0463522
0.0877366
0.044114
0.0886486
0.0418567
0.0893998
0.0395205
0.0900264
0.0372856
0.0350398
0.0791002
0.0486444
-0.0774039
0.0807509
0.0489129
0.0822842
0.0482994
0.0836432
0.0469483
0.0848352
0.0451602
0.0858678
0.0430815
0.0867844
0.0409401
0.0875766
0.0387282
0.0882839
0.0365783
0.0344467
0.0777765
0.0471812
-0.0763133
0.0792293
0.0474601
0.0806153
0.0469135
0.0818782
0.0456854
0.0830159
0.0440225
0.0840217
0.0420756
0.0849311
0.0400308
0.085737
0.0379223
0.0864766
0.0358387
0.033795
0.0764628
0.0459362
-0.0752178
0.077729
0.0461938
0.0789715
0.045671
0.0801372
0.0445197
0.0812171
0.0429426
0.0821946
0.0410981
0.0830924
0.039133
0.0839026
0.0371121
0.0846552
0.0350861
0.0331166
0.0751545
0.0448973
-0.0741156
0.0762451
0.0451032
0.0773494
0.0445667
0.0784191
0.04345
0.0794381
0.0419236
0.0803857
0.0401505
0.0812697
0.038249
0.082083
0.0362988
0.082844
0.0343251
0.0324195
0.0738431
-0.0730134
0.0747603
0.0757309
0.0767169
0.0776911
0.0786322
0.0795286
0.0803753
0.0811775
0.0704404
0.000618236
-0.000558668
0.0702615
0.0018579
-0.00167896
0.0699622
0.0031189
-0.00281962
0.0695407
0.00442415
-0.0040026
0.0689949
0.00579413
-0.00524834
0.0683215
0.00725433
-0.006581
0.0675184
0.00882904
-0.00802585
0.0665804
0.0105548
-0.00961679
0.065507
0.0124621
-0.0113887
0.0642909
0.0146116
-0.0133955
0.0629389
0.0170391
-0.0156871
0.0614367
0.0198628
-0.0183606
0.0598146
0.0231074
-0.0214854
0.0580371
0.0270533
-0.0252759
0.0562044
0.0316377
-0.029805
0.0543316
0.0376003
-0.0357275
0.0526808
0.0446438
-0.042993
0.0528064
0.0538128
-0.0539385
0.0576832
0.0655409
-0.0704177
0.0815656
-0.0757846
0.0704495
0.000668699
0.0702979
0.00200949
0.0700452
0.00337162
0.069691
0.00477836
0.0692358
0.00624935
0.0686795
0.00781064
0.0680247
0.00948382
0.0672723
0.0113072
0.0664309
0.0133035
0.0655035
0.015539
0.0645152
0.0180275
0.063474
0.020904
0.0624492
0.0241323
0.061477
0.0280255
0.0607589
0.0323558
0.0604949
0.0378643
0.0615673
0.0435715
0.0633806
0.0519995
0.0734106
0.0555108
0.079095
0.0704585
0.00071016
0.0703341
0.00213394
0.0701275
0.00357824
0.0698397
0.00506608
0.0694737
0.00661544
0.0690321
0.00825224
0.0685217
0.00999414
0.0679488
0.0118801
0.0673294
0.0139229
0.0666756
0.0161927
0.0660267
0.0186764
0.0654068
0.0215239
0.06492
0.024619
0.0646051
0.0283405
0.0648161
0.0321448
0.0653598
0.0373205
0.0679197
0.0410116
0.0697077
0.0502115
0.0780452
0.0471734
0.0697566
0.0704672
0.000742963
0.0703689
0.00223227
0.0702064
0.00374067
0.0699823
0.00529024
0.0697009
0.00689682
0.0693677
0.00858545
0.0689927
0.0103691
0.0685862
0.0122867
0.06817
0.0143391
0.0677615
0.0166013
0.0674126
0.0190253
0.0671436
0.0217928
0.067102
0.0246607
0.0672387
0.0282038
0.0680741
0.0313093
0.0690019
0.0363928
0.0718988
0.0381147
0.0745943
0.047516
0.0791123
0.0426554
0.0587827
0.0704753
0.000767686
0.0704013
0.00230626
0.0702799
0.00386202
0.0701146
0.0054556
0.0699111
0.00710027
0.0696768
0.00881978
0.0694241
0.0106218
0.0691656
0.0125452
0.0689278
0.0145769
0.0687277
0.0168013
0.0686285
0.0191245
0.0686336
0.0217877
0.0689187
0.0243756
0.0693691
0.0277534
0.0704958
0.0301826
0.0718153
0.0350732
0.0742364
0.0356936
0.0779959
0.0437565
0.0803893
0.040262
0.0499747
0.0704826
0.000785098
0.0704306
0.00235823
0.0703463
0.00394635
0.0702336
0.00556824
0.0700996
0.00723434
0.0699524
0.00896695
0.0698063
0.0107679
0.0696745
0.012677
0.069586
0.0146654
0.0695563
0.0168309
0.0696501
0.0190308
0.0698661
0.0215716
0.070355
0.0238868
0.0710542
0.0270542
0.0722236
0.0290132
0.0739194
0.0333774
0.0757657
0.0338474
0.0796482
0.039874
0.081625
0.0382852
0.0437954
0.070489
0.000796098
0.0704563
0.00239093
0.0704043
0.00399836
0.0703374
0.00563511
0.0702631
0.00730868
0.0701902
0.00903985
0.0701333
0.0108248
0.0701063
0.012704
0.0701368
0.014635
0.070242
0.0167257
0.0704739
0.018799
0.0708502
0.0211953
0.0714477
0.0232893
0.0723316
0.0261703
0.0734469
0.027898
0.0752964
0.0315278
0.0768627
0.0322811
0.0802566
0.0364802
0.0823574
0.0361844
0.0394607
0.0704944
0.000801657
0.0704781
0.00240728
0.0704534
0.00402306
0.070425
0.00566353
0.0704002
0.00733341
0.0703885
0.00905162
0.0704033
0.0108099
0.0704597
0.0126476
0.0705802
0.0145145
0.0707878
0.0165181
0.0711122
0.0184745
0.0716008
0.0207067
0.0722515
0.0226386
0.0732317
0.02519
0.0742984
0.0268313
0.0760836
0.0297426
0.0775822
0.0307825
0.080355
0.0337074
0.0824828
0.0340565
0.0362005
0.0704989
0.000802764
0.0704959
0.00241025
0.0704934
0.00402555
0.0704961
0.00566084
0.070511
0.00731855
0.0705475
0.00901514
0.0706175
0.0107398
0.0707371
0.012528
0.0709223
0.0143293
0.0712017
0.0162387
0.0715849
0.0180913
0.0721391
0.0201525
0.0728142
0.0219635
0.0738082
0.024196
0.0748488
0.0257907
0.0764663
0.028125
0.0779347
0.0293142
0.0801951
0.031447
0.0821808
0.0320707
0.0335855
0.0705024
0.000800383
0.0705099
0.00240273
0.0705247
0.00401075
0.0705514
0.00563413
0.0705964
0.00727358
0.070669
0.00894253
0.0707792
0.0106297
0.0709433
0.0123639
0.0711719
0.0141006
0.071496
0.0159147
0.0719129
0.0176743
0.0724928
0.0195726
0.0731742
0.0212822
0.0741295
0.0232408
0.0751422
0.024778
0.0765735
0.0266937
0.0779734
0.0279142
0.0798586
0.0295618
0.0816367
0.0302926
0.0314195
0.070505
0.000795424
0.0705202
0.00238747
0.0705477
0.00398327
0.0705918
0.00558999
0.0706582
0.00720719
0.0707559
0.00884489
0.0708929
0.0104926
0.0710851
0.0121718
0.0713395
0.0138462
0.0716853
0.0155688
0.0721162
0.0172435
0.0726925
0.0189963
0.0733631
0.0206115
0.074254
0.0223499
0.0752206
0.0238114
0.0764816
0.0254327
0.0777764
0.0266194
0.0793802
0.027958
0.0809525
0.0287204
0.029601
0.0705067
0.000788722
0.0705272
0.00236698
0.0705632
0.0039473
0.0706187
0.00553444
0.0706988
0.00712714
0.0708116
0.00873208
0.070964
0.0103402
0.0711702
0.0119656
0.0714355
0.0135809
0.0717849
0.0152194
0.0722132
0.0168152
0.0727663
0.0184431
0.0734097
0.0199681
0.0742258
0.0215337
0.0751275
0.0229097
0.0762385
0.0243217
0.0774113
0.0254467
0.0787899
0.0265793
0.0801757
0.0273346
0.0280605
0.0705077
0.000781021
0.0705312
0.00234351
0.0705719
0.0039066
0.0706335
0.0054728
0.0707204
0.00704024
0.0708399
0.00861263
0.0709978
0.0101823
0.0712063
0.0117571
0.0714702
0.013317
0.0718092
0.0148803
0.072221
0.0164034
0.0727381
0.017926
0.0733402
0.0193661
0.0740778
0.0207961
0.0749016
0.0220859
0.0758786
0.0233448
0.0769259
0.0243994
0.0781156
0.0253896
0.0793331
0.026117
0.0267455
0.070508
0.000772978
0.0705325
0.00231904
0.0705747
0.00386443
0.0706378
0.00540968
0.0707256
0.0069524
0.0708445
0.00849377
0.0709996
0.0100272
0.0712008
0.0115558
0.071453
0.0130648
0.071771
0.0145623
0.0721552
0.0160193
0.0726275
0.0174538
0.0731776
0.018816
0.0738354
0.0201383
0.0745742
0.0213471
0.0754286
0.0224904
0.0763527
0.0234753
0.0773794
0.024363
0.0784434
0.0250531
0.025617
0.0705078
0.000765158
0.0705316
0.00229529
0.0705724
0.00382362
0.070633
0.00534903
0.0707168
0.00686861
0.070829
0.00838155
0.0709743
0.00988198
0.0711606
0.0113695
0.0713926
0.0128329
0.0716814
0.0142735
0.0720292
0.0156716
0.0724504
0.0170325
0.0729411
0.0183253
0.0735185
0.0195608
0.074169
0.0206967
0.0749095
0.0217498
0.0757147
0.0226701
0.0765974
0.0234803
0.0775203
0.0241301
0.0246472
0.0705071
0.000758037
0.0705287
0.00227368
0.0705658
0.00378654
0.0706207
0.00529415
0.0706962
0.00679307
0.0707968
0.00828099
0.0709264
0.00975231
0.0710916
0.0112043
0.0712966
0.0126278
0.0715499
0.0140202
0.0718544
0.0153671
0.07222
0.0166669
0.0726461
0.0178991
0.0731429
0.019064
0.0737038
0.0201358
0.0743369
0.0211168
0.0750281
0.0219789
0.0757808
0.0227276
0.0765734
0.0233375
0.0238167
0.070506
0.00075201
0.0705243
0.0022554
0.0705557
0.00375517
0.070602
0.00524777
0.0706659
0.00672925
0.0707507
0.00819617
0.0708601
0.00964294
0.0709991
0.0110653
0.0711717
0.0124552
0.0713844
0.0138075
0.0716405
0.015111
0.0719469
0.0163605
0.0723049
0.0175411
0.0727208
0.0186482
0.073192
0.0196645
0.0737223
0.0205865
0.0743041
0.0213971
0.0749371
0.0220946
0.0756086
0.0226661
0.023112
0.0705046
0.000747392
0.0705186
0.00224139
0.0705427
0.0037311
0.0705784
0.00521207
0.0706277
0.00667991
0.0706936
0.00813032
0.0707789
0.00955759
0.0708878
0.0109564
0.0710239
0.0123191
0.071192
0.0136394
0.0713955
0.0149074
0.0716399
0.0161161
0.0719271
0.0172539
0.0722617
0.0183136
0.0726433
0.0192829
0.0730742
0.0201556
0.0735506
0.0209207
0.074071
0.0215741
0.0746285
0.0221085
0.0225227
0.0705029
0.000744445
0.070512
0.00223235
0.0705276
0.00371544
0.0705512
0.00518854
0.0705842
0.00664687
0.070629
0.00808558
0.0706878
0.00949871
0.070764
0.0108803
0.0708604
0.0122227
0.0709811
0.0135187
0.0711293
0.0147593
0.0713092
0.0159363
0.0715234
0.0170396
0.0717758
0.0180612
0.0720675
0.0189912
0.0724006
0.0198225
0.072774
0.0205474
0.0731868
0.0211614
0.0736339
0.0216614
0.022041
0.0705011
0.0705051
0.0705125
0.0705244
0.070542
0.0705668
0.0706005
0.0706454
0.0707038
0.0707786
0.0708726
0.070989
0.0711308
0.0713012
0.0715025
0.0717371
0.0720058
0.0723102
0.0726504
0.089912
-0.000447701
0.0896473
-0.00134505
0.0892035
-0.00226106
0.0885764
-0.00321593
0.0877596
-0.00422858
0.086744
-0.00532071
0.0855192
-0.00651656
0.0840706
-0.00784629
0.082383
-0.00934474
0.0804325
-0.0110578
0.0781989
-0.0130391
0.0756371
-0.0153631
0.0727202
-0.0181155
0.0693272
-0.0214252
0.0654005
-0.0254215
0.0604533
-0.0303511
0.0540353
-0.0361995
0.044484
-0.0440584
0.0264525
-0.0521985
-0.0494524
0.0898987
-0.000346352
0.0895941
-0.00104045
0.0890829
-0.00174985
0.088358
-0.0024911
0.0874093
-0.00327986
0.0862224
-0.00413379
0.084779
-0.00507318
0.0830552
-0.00612248
0.0810214
-0.00731095
0.0786384
-0.00867488
0.0758578
-0.0102584
0.0726111
-0.0121164
0.0688117
-0.0143162
0.0643234
-0.016937
0.0589838
-0.0200818
0.052473
-0.0238403
0.0446553
-0.0283819
0.0341629
-0.033566
0.0196788
-0.0377145
-0.0297736
0.0898877
-0.000234023
0.0895503
-0.000703052
0.0889834
-0.00118301
0.088178
-0.00168566
0.0871203
-0.0022222
0.0857917
-0.00280518
0.0841676
-0.00344908
0.0822163
-0.00417119
0.0798976
-0.0049922
0.0771599
-0.00593721
0.0739379
-0.00703639
0.0701473
-0.00832583
0.0656784
-0.00984726
0.0603886
-0.0116472
0.0540777
-0.0137709
0.0464869
-0.0162495
0.0371962
-0.0190911
0.025909
-0.0222788
0.0125537
-0.0243592
-0.0172199
0.0898799
-0.000113895
0.0895191
-0.000342238
0.0889125
-0.000576412
0.0880494
-0.000822588
0.0869139
-0.00108668
0.085484
-0.00137528
0.0837309
-0.00169599
0.0816175
-0.00205783
0.0790968
-0.0024715
0.0761094
-0.00294986
0.0725812
-0.0035081
0.0684192
-0.00416384
0.0635086
-0.0049367
0.0577081
-0.0058467
0.0508479
-0.00691064
0.0427328
-0.00813439
0.0331588
-0.00951713
0.0218509
-0.0109709
0.0091522
-0.0116605
-0.00806766
0.0898758
1.03378e-05
0.0895026
3.08872e-05
0.0888751
5.11122e-05
0.0879817
7.08098e-05
0.0868053
8.9783e-05
0.0853221
0.000107828
0.0835014
0.000124743
0.0813033
0.000140325
0.0786774
0.000154375
0.0755608
0.000166704
0.0718756
0.00017714
0.0675262
0.000185546
0.0623977
0.000191838
0.0563549
0.000196021
0.0492461
0.000198208
0.040913
0.00019871
0.0311978
0.000198096
0.0200301
0.000196732
0.00818505
0.00018459
0.000117386
0.0898757
0.000134668
0.0895022
0.000404338
0.0888742
0.000679154
0.08798
0.000964939
0.0868026
0.0012672
0.0853183
0.00159212
0.0834962
0.0019469
0.0812964
0.00234012
0.0786686
0.00278212
0.07555
0.00328534
0.0718626
0.0038646
0.0675109
0.00453721
0.0623802
0.00532256
0.0563356
0.00624063
0.0492253
0.00730849
0.0408919
0.00853206
0.0311792
0.00991086
0.0200169
0.011359
0.00817758
0.0120239
0.00829496
0.0898796
0.000255106
0.0895178
0.000766077
0.0889097
0.0012873
0.0880444
0.00183021
0.086906
0.00240558
0.0854726
0.00302556
0.0837152
0.00370423
0.0815969
0.00445844
0.0790706
0.00530845
0.076077
0.00627894
0.072542
0.00739963
0.068373
0.00870615
0.0634556
0.0102399
0.0576492
0.0120471
0.0507843
0.0141733
0.0426653
0.0166511
0.0330876
0.0194885
0.021783
0.0226637
0.00912009
0.0246868
0.0174151
0.0898872
0.000367931
0.0895483
0.00110498
0.0889789
0.0018567
0.0881698
0.00263928
0.0871074
0.00346798
0.0857729
0.00436005
0.0841418
0.00533539
0.0821822
0.006418
0.079854
0.00763668
0.0771057
0.00902722
0.0738721
0.0106333
0.0700693
0.012509
0.065588
0.0147212
0.0602867
0.0173484
0.0539676
0.0204924
0.0463765
0.0242422
0.0371026
0.0287624
0.0258625
0.0339037
0.012504
0.0380453
0.0299191
0.089898
0.000469934
0.0895913
0.00141163
0.0890766
0.00237142
0.0883468
0.00336912
0.0873915
0.00442325
0.0861964
0.00555512
0.0847432
0.0067886
0.0830079
0.00815336
0.0809607
0.00968386
0.0785626
0.0114253
0.075765
0.0134309
0.0725001
0.0157739
0.0686814
0.0185399
0.0641747
0.0218551
0.0588157
0.0258514
0.0522891
0.0307689
0.0444245
0.0366269
0.0339047
0.0444236
0.0194964
0.0524536
0.0494154
0.0899113
0.0896439
0.0891957
0.0885623
0.0877372
0.0867113
0.085474
0.0840106
0.0823058
0.0803356
0.0780794
0.0754927
0.0725472
0.0691264
0.0651728
0.0602142
0.0538481
0.0443332
0.0263692
)
;

boundaryField
{
    inlet
    {
        type            calculated;
        value           nonuniform List<scalar> 
50
(
-0.075
-0.075
-0.075
-0.075
-0.075
-0.075
-0.075
-0.075
-0.075
-0.075
-0.075
-0.075
-0.075
-0.075
-0.075
-0.075
-0.075
-0.075
-0.075
-0.075
-0.09
-0.09
-0.09
-0.09
-0.09
-0.09
-0.09
-0.09
-0.09
-0.09
-0.0705
-0.0705
-0.0705
-0.0705
-0.0705
-0.0705
-0.0705
-0.0705
-0.0705
-0.0705
-0.0705
-0.0705
-0.0705
-0.0705
-0.0705
-0.0705
-0.0705
-0.0705
-0.0705
-0.0705
)
;
    }
    outlet
    {
        type            calculated;
        value           nonuniform List<scalar> 
150
(
0.091744
0.0914908
0.0908469
0.0896497
0.0877067
0.0848358
0.0809129
0.0759131
0.0699359
0.063202
0.0560113
0.048668
0.0413994
0.0343146
0.0274245
0.0207104
0.0142007
0.00801363
0.00233544
-0.00251653
-0.00811193
-0.0118901
-0.0139155
-0.0143791
-0.0134185
-0.0109639
-0.00681047
-0.000871908
0.00668566
0.0153996
0.0186699
0.0246807
0.0308294
0.0370651
0.0433368
0.0495784
0.0556963
0.0615654
0.0670351
0.0719495
0.076176
0.079635
0.082318
0.0842895
0.085672
0.0866169
0.0872698
0.08774
0.08808
0.0882777
0.000743314
0.00222838
0.00370802
0.00517664
0.0066293
0.0080608
0.00946497
0.0108354
0.0121643
0.013444
0.0146653
0.0158198
0.0168978
0.0178908
0.0187899
0.0195878
0.0202787
0.020857
0.0213213
0.021678
0.0440676
0.0441861
0.043596
0.0424641
0.0409494
0.0392094
0.0373525
0.0354522
0.0335228
0.0316785
0.0452589
0.0411191
0.0365044
0.0319941
0.0275773
0.0234271
0.0188837
0.0151287
0.0115267
0.00759592
0.00382611
-6.87236e-05
-0.00431742
-0.0102304
-0.0152202
-0.0223124
-0.0279482
-0.0360053
-0.0398512
-0.0464234
0.000684287
0.00205118
0.00341242
0.00476189
0.00609456
0.00740517
0.00868794
0.00993671
0.0111447
0.0123049
0.0134097
0.0144517
0.0154233
0.016317
0.0171264
0.0178451
0.0184691
0.0189938
0.0194186
0.0197496
0.0401769
0.0403422
0.0398843
0.0389126
0.0375876
0.0360408
0.034356
0.0326261
0.0308744
0.0291147
0.0417571
0.0374966
0.0333363
0.0288362
0.0243503
0.0189413
0.0143729
0.00865762
0.00418628
-0.00139361
-0.0041084
-0.00842041
-0.00891723
-0.0103829
-0.00788994
-0.00664954
-0.00239004
0.000849339
0.004322
0.0072531
)
;
    }
    upAndBottom
    {
        type            empty;
        value           nonuniform 0();
    }
    obstacle
    {
        type            calculated;
        value           uniform 0;
    }
}


// ************************************************************************* //
