/*--------------------------------*- C++ -*----------------------------------*\
| =========                 |                                                 |
| \\      /  F ield         | OpenFOAM: The Open Source CFD Toolbox           |
|  \\    /   O peration     | Version:  v1806                                 |
|   \\  /    A nd           | Web:      www.OpenFOAM.com                      |
|    \\/     M anipulation  |                                                 |
\*---------------------------------------------------------------------------*/
FoamFile
{
    version     2.0;
    format      ascii;
    class       volVectorField;
    location    "260";
    object      U;
}
// * * * * * * * * * * * * * * * * * * * * * * * * * * * * * * * * * * * * * //

dimensions      [0 1 -1 0 0 0 0];


internalField   nonuniform List<vector> 
2400
(
(0.3 -0.00078291 0)
(0.299997 -0.00235301 0)
(0.29999 -0.00393383 0)
(0.29998 -0.00553218 0)
(0.299965 -0.00715272 0)
(0.299946 -0.008799 0)
(0.299925 -0.0104708 0)
(0.299904 -0.012166 0)
(0.299884 -0.0138772 0)
(0.29987 -0.0155939 0)
(0.299865 -0.0172981 0)
(0.299876 -0.0189676 0)
(0.29991 -0.0205714 0)
(0.299973 -0.0220741 0)
(0.300074 -0.0234311 0)
(0.300222 -0.0245974 0)
(0.30042 -0.0255207 0)
(0.300678 -0.0261572 0)
(0.30099 -0.0264588 0)
(0.301372 -0.0264018 0)
(0.3 -0.000781082 0)
(0.299992 -0.00234754 0)
(0.299977 -0.0039246 0)
(0.299956 -0.00551946 0)
(0.299928 -0.00713689 0)
(0.299896 -0.00878117 0)
(0.299863 -0.0104523 0)
(0.299833 -0.0121491 0)
(0.299809 -0.0138647 0)
(0.2998 -0.0155897 0)
(0.299811 -0.0173068 0)
(0.299854 -0.0189953 0)
(0.299936 -0.0206244 0)
(0.30007 -0.0221599 0)
(0.300266 -0.0235567 0)
(0.300535 -0.0247694 0)
(0.30088 -0.0257434 0)
(0.301306 -0.0264314 0)
(0.301808 -0.0267831 0)
(0.302377 -0.026763 0)
(0.299999 -0.000777363 0)
(0.299987 -0.00233662 0)
(0.299962 -0.00390676 0)
(0.299926 -0.00549581 0)
(0.299881 -0.00710867 0)
(0.299831 -0.00875089 0)
(0.299779 -0.0104226 0)
(0.299732 -0.0121246 0)
(0.299698 -0.0138499 0)
(0.299687 -0.0155918 0)
(0.299709 -0.0173329 0)
(0.29978 -0.0190549 0)
(0.299913 -0.0207263 0)
(0.300125 -0.0223144 0)
(0.30043 -0.0237717 0)
(0.300841 -0.0250524 0)
(0.301364 -0.0260958 0)
(0.302003 -0.0268532 0)
(0.302744 -0.0272621 0)
(0.30357 -0.0272955 0)
(0.299999 -0.000771644 0)
(0.299981 -0.00231989 0)
(0.299946 -0.00387961 0)
(0.299894 -0.00546018 0)
(0.299829 -0.00706649 0)
(0.299756 -0.00870614 0)
(0.299681 -0.0103791 0)
(0.299612 -0.0120892 0)
(0.299561 -0.013829 0)
(0.29954 -0.0155958 0)
(0.299565 -0.0173713 0)
(0.299655 -0.0191413 0)
(0.299831 -0.0208724 0)
(0.300114 -0.0225346 0)
(0.300524 -0.024076 0)
(0.30108 -0.02545 0)
(0.301788 -0.0265878 0)
(0.302652 -0.0274363 0)
(0.303653 -0.0279202 0)
(0.30477 -0.0280061 0)
(0.299999 -0.000763776 0)
(0.299975 -0.00229692 0)
(0.299928 -0.00384221 0)
(0.299858 -0.00541104 0)
(0.29977 -0.0070079 0)
(0.299671 -0.00864361 0)
(0.299568 -0.0103172 0)
(0.299471 -0.0120374 0)
(0.299394 -0.0137951 0)
(0.299355 -0.0155943 0)
(0.299372 -0.0174135 0)
(0.299472 -0.0192467 0)
(0.299679 -0.0210552 0)
(0.300023 -0.0228154 0)
(0.30053 -0.0244676 0)
(0.301225 -0.025966 0)
(0.302119 -0.0272298 0)
(0.303219 -0.0281992 0)
(0.304498 -0.0287818 0)
(0.305931 -0.0289347 0)
(0.299999 -0.000753532 0)
(0.299968 -0.00226705 0)
(0.299907 -0.00379333 0)
(0.299818 -0.00534659 0)
(0.299704 -0.0069303 0)
(0.299575 -0.00855996 0)
(0.299437 -0.0102323 0)
(0.299305 -0.0119639 0)
(0.299194 -0.0137411 0)
(0.299125 -0.0155796 0)
(0.299122 -0.0174505 0)
(0.299216 -0.0193623 0)
(0.29944 -0.0212653 0)
(0.29983 -0.02315 0)
(0.300423 -0.0249413 0)
(0.301251 -0.0266003 0)
(0.302332 -0.0280264 0)
(0.303677 -0.0291542 0)
(0.305256 -0.0298661 0)
(0.307037 -0.0301087 0)
(0.299998 -0.000740645 0)
(0.29996 -0.00222951 0)
(0.299884 -0.00373155 0)
(0.299773 -0.00526482 0)
(0.29963 -0.00683068 0)
(0.299465 -0.00845143 0)
(0.299286 -0.0101193 0)
(0.299111 -0.0118624 0)
(0.298954 -0.0136589 0)
(0.298842 -0.0155428 0)
(0.298803 -0.0174707 0)
(0.298874 -0.0194772 0)
(0.299096 -0.0214897 0)
(0.299513 -0.0235287 0)
(0.300177 -0.0254881 0)
(0.301126 -0.0273511 0)
(0.302395 -0.0289815 0)
(0.303997 -0.030315 0)
(0.305903 -0.0311956 0)
(0.308074 -0.0315568 0)
(0.299998 -0.000724819 0)
(0.299952 -0.00218343 0)
(0.299859 -0.00365528 0)
(0.299722 -0.00516345 0)
(0.299545 -0.00670568 0)
(0.29934 -0.00831373 0)
(0.299112 -0.00997191 0)
(0.298884 -0.011726 0)
(0.298669 -0.0135383 0)
(0.298499 -0.0154735 0)
(0.298405 -0.0174594 0)
(0.29843 -0.0195783 0)
(0.298627 -0.0217109 0)
(0.299046 -0.0239395 0)
(0.29976 -0.0260942 0)
(0.300814 -0.028216 0)
(0.302268 -0.0300979 0)
(0.304139 -0.031699 0)
(0.306406 -0.0327995 0)
(0.309023 -0.0333182 0)
(0.299997 -0.000705758 0)
(0.299942 -0.00212788 0)
(0.29983 -0.00356286 0)
(0.299666 -0.00504003 0)
(0.299451 -0.00655166 0)
(0.299199 -0.00814211 0)
(0.298914 -0.0097834 0)
(0.298622 -0.0115464 0)
(0.298334 -0.0133677 0)
(0.298088 -0.0153592 0)
(0.297916 -0.0173987 0)
(0.29787 -0.0196495 0)
(0.298012 -0.0219053 0)
(0.298401 -0.0243677 0)
(0.299138 -0.026738 0)
(0.300269 -0.0291923 0)
(0.301905 -0.0313741 0)
(0.304051 -0.0333299 0)
(0.306725 -0.0347149 0)
(0.309859 -0.0354461 0)
(0.299997 -0.000683179 0)
(0.299932 -0.00206191 0)
(0.299799 -0.00345265 0)
(0.299605 -0.00489199 0)
(0.299346 -0.00636489 0)
(0.299042 -0.0079315 0)
(0.298691 -0.00954651 0)
(0.298324 -0.0113147 0)
(0.297946 -0.013134 0)
(0.297607 -0.0151856 0)
(0.297329 -0.0172669 0)
(0.297182 -0.0196718 0)
(0.297231 -0.0220418 0)
(0.297548 -0.0247953 0)
(0.298271 -0.0273858 0)
(0.299438 -0.0302776 0)
(0.301248 -0.032798 0)
(0.303667 -0.0352401 0)
(0.306806 -0.0369868 0)
(0.310547 -0.0380134 0)
(0.299996 -0.000656839 0)
(0.299921 -0.00198456 0)
(0.299766 -0.00332311 0)
(0.299538 -0.00471674 0)
(0.299232 -0.00614181 0)
(0.29887 -0.00767659 0)
(0.298444 -0.00925398 0)
(0.297991 -0.0110211 0)
(0.297506 -0.0128235 0)
(0.297052 -0.0149365 0)
(0.296638 -0.0170395 0)
(0.296356 -0.0196223 0)
(0.296264 -0.0220807 0)
(0.296459 -0.0252 0)
(0.297115 -0.0279859 0)
(0.298258 -0.0314712 0)
(0.300227 -0.0343355 0)
(0.302891 -0.0374794 0)
(0.306581 -0.0396641 0)
(0.311033 -0.0411234 0)
(0.299996 -0.000626554 0)
(0.299909 -0.00189493 0)
(0.29973 -0.00317299 0)
(0.299467 -0.00451179 0)
(0.299111 -0.0058793 0)
(0.298684 -0.00737199 0)
(0.298175 -0.00889909 0)
(0.297625 -0.0106549 0)
(0.297014 -0.0124223 0)
(0.296425 -0.014593 0)
(0.295839 -0.0166898 0)
(0.295386 -0.0194725 0)
(0.295093 -0.0219746 0)
(0.295109 -0.0255523 0)
(0.295618 -0.0284648 0)
(0.296657 -0.032774 0)
(0.298753 -0.0359117 0)
(0.301591 -0.0401272 0)
(0.305962 -0.0427786 0)
(0.311231 -0.0449302 0)
(0.299996 -0.000592213 0)
(0.299896 -0.00179227 0)
(0.299694 -0.00300135 0)
(0.299391 -0.00427494 0)
(0.298983 -0.00557496 0)
(0.298487 -0.00701248 0)
(0.297889 -0.00847629 0)
(0.297229 -0.0102048 0)
(0.296479 -0.0119184 0)
(0.295731 -0.0141325 0)
(0.294937 -0.0161925 0)
(0.294273 -0.0191844 0)
(0.293703 -0.0216726 0)
(0.293479 -0.0258069 0)
(0.293721 -0.0287289 0)
(0.29457 -0.0341809 0)
(0.296702 -0.0373916 0)
(0.299595 -0.0433102 0)
(0.304839 -0.0462973 0)
(0.310976 -0.0496762 0)
(0.299996 -0.000553772 0)
(0.299883 -0.00167603 0)
(0.299658 -0.00280772 0)
(0.299312 -0.00400446 0)
(0.298854 -0.00522727 0)
(0.29828 -0.00659343 0)
(0.297594 -0.00798159 0)
(0.296808 -0.00965937 0)
(0.295914 -0.0113021 0)
(0.294974 -0.0135293 0)
(0.293948 -0.0155257 0)
(0.293018 -0.0187066 0)
(0.292096 -0.0211277 0)
(0.29156 -0.0258876 0)
(0.29136 -0.028679 0)
(0.291948 -0.0356563 0)
(0.293886 -0.0385768 0)
(0.296724 -0.047211 0)
(0.303042 -0.0500563 0)
(0.309942 -0.0557717 0)
(0.299997 -0.000511244 0)
(0.299868 -0.00154601 0)
(0.299623 -0.00259205 0)
(0.299232 -0.00369946 0)
(0.298728 -0.00483564 0)
(0.298067 -0.00611154 0)
(0.2973 -0.00741277 0)
(0.296366 -0.00900854 0)
(0.295338 -0.0105673 0)
(0.294159 -0.0127556 0)
(0.292907 -0.0146743 0)
(0.29162 -0.0179715 0)
(0.290307 -0.0203054 0)
(0.289324 -0.0256635 0)
(0.288503 -0.0282375 0)
(0.288748 -0.0370714 0)
(0.290032 -0.0392526 0)
(0.292883 -0.0520324 0)
(0.300176 -0.0536785 0)
(0.307579 -0.0640105 0)
(0.299999 -0.000464702 0)
(0.299853 -0.00140247 0)
(0.299591 -0.00235473 0)
(0.29915 -0.00336017 0)
(0.298609 -0.0044004 0)
(0.297851 -0.00556568 0)
(0.29702 -0.00676909 0)
(0.295912 -0.00824576 0)
(0.29478 -0.00971017 0)
(0.293296 -0.0117874 0)
(0.291867 -0.0136279 0)
(0.290069 -0.016904 0)
(0.288432 -0.0191849 0)
(0.286703 -0.0249346 0)
(0.285231 -0.0273746 0)
(0.284812 -0.0380887 0)
(0.284897 -0.039319 0)
(0.288073 -0.0578322 0)
(0.295209 -0.0564877 0)
(0.30343 -0.0759435 0)
(0.300001 -0.000414292 0)
(0.299837 -0.00124613 0)
(0.299564 -0.00209666 0)
(0.299071 -0.00298818 0)
(0.298501 -0.00392279 0)
(0.29764 -0.00495763 0)
(0.296765 -0.00605098 0)
(0.295459 -0.00737058 0)
(0.294265 -0.0087276 0)
(0.292403 -0.0106126 0)
(0.290895 -0.0123748 0)
(0.288374 -0.0154438 0)
(0.28662 -0.0177421 0)
(0.283589 -0.0234684 0)
(0.281835 -0.0260895 0)
(0.279663 -0.0380481 0)
(0.278693 -0.038964 0)
(0.281831 -0.0640464 0)
(0.286293 -0.0578176 0)
(0.298265 -0.0937974 0)
(0.300003 -0.000360297 0)
(0.299823 -0.00107813 0)
(0.29954 -0.00181943 0)
(0.298998 -0.00258623 0)
(0.298408 -0.00340541 0)
(0.297444 -0.00429195 0)
(0.29654 -0.00526092 0)
(0.29503 -0.0063893 0)
(0.293809 -0.00761788 0)
(0.291527 -0.00923639 0)
(0.290029 -0.0108968 0)
(0.286606 -0.0135752 0)
(0.284997 -0.0159169 0)
(0.279992 -0.0211132 0)
(0.278724 -0.0242825 0)
(0.272603 -0.0361328 0)
(0.272509 -0.038481 0)
(0.271715 -0.0687701 0)
(0.27327 -0.0585842 0)
(0.294547 -0.120489 0)
(0.300006 -0.000303383 0)
(0.29981 -0.000899751 0)
(0.299521 -0.00152586 0)
(0.298935 -0.00215789 0)
(0.298329 -0.00285372 0)
(0.297276 -0.00357473 0)
(0.29635 -0.00440707 0)
(0.294657 -0.00531193 0)
(0.293416 -0.0063895 0)
(0.290747 -0.00767567 0)
(0.289268 -0.00918736 0)
(0.284957 -0.0113265 0)
(0.283541 -0.013621 0)
(0.276299 -0.0178849 0)
(0.275937 -0.0215971 0)
(0.263793 -0.0319313 0)
(0.267227 -0.0374519 0)
(0.253039 -0.068577 0)
(0.263254 -0.0644312 0)
(0.289009 -0.165493 0)
(0.300008 -0.000244604 0)
(0.2998 -0.000713195 0)
(0.299507 -0.00121965 0)
(0.298886 -0.00170844 0)
(0.298268 -0.00227494 0)
(0.297145 -0.00281519 0)
(0.296197 -0.00350222 0)
(0.294367 -0.00415345 0)
(0.293089 -0.00506383 0)
(0.290143 -0.00595528 0)
(0.288593 -0.00727504 0)
(0.283676 -0.00874599 0)
(0.282122 -0.0108378 0)
(0.273322 -0.0139113 0)
(0.27282 -0.0175858 0)
(0.255574 -0.0258183 0)
(0.260527 -0.0332707 0)
(0.225706 -0.0620972 0)
(0.255564 -0.076691 0)
(0.250601 -0.228896 0)
(0.30167 -0.0261055 0)
(0.301801 -0.0259411 0)
(0.301926 -0.0257469 0)
(0.30205 -0.0255243 0)
(0.302177 -0.0252734 0)
(0.302308 -0.0249944 0)
(0.302441 -0.0246876 0)
(0.302574 -0.0243542 0)
(0.30271 -0.0239932 0)
(0.302839 -0.023614 0)
(0.30277 -0.0265091 0)
(0.302945 -0.0263662 0)
(0.303122 -0.0261913 0)
(0.3033 -0.0259837 0)
(0.303479 -0.0257443 0)
(0.303658 -0.0254741 0)
(0.303836 -0.0251738 0)
(0.304014 -0.0248449 0)
(0.30419 -0.0244857 0)
(0.304361 -0.0241093 0)
(0.304138 -0.0270438 0)
(0.304391 -0.0268966 0)
(0.304643 -0.0267154 0)
(0.304894 -0.0265012 0)
(0.305143 -0.0262547 0)
(0.30539 -0.0259763 0)
(0.305634 -0.0256668 0)
(0.305874 -0.0253277 0)
(0.30611 -0.0249569 0)
(0.306335 -0.0245692 0)
(0.305537 -0.0277634 0)
(0.305876 -0.0276179 0)
(0.306211 -0.0274363 0)
(0.306543 -0.0272195 0)
(0.306872 -0.0269678 0)
(0.307197 -0.0266817 0)
(0.307518 -0.0263617 0)
(0.307832 -0.0260098 0)
(0.308139 -0.0256229 0)
(0.308432 -0.0252205 0)
(0.306915 -0.0287054 0)
(0.30735 -0.028562 0)
(0.307778 -0.0283783 0)
(0.3082 -0.0281551 0)
(0.308619 -0.027893 0)
(0.309033 -0.0275927 0)
(0.30944 -0.0272548 0)
(0.309837 -0.0268817 0)
(0.310224 -0.0264692 0)
(0.310591 -0.0260434 0)
(0.308266 -0.0298938 0)
(0.308807 -0.029751 0)
(0.30934 -0.0295624 0)
(0.309865 -0.0293291 0)
(0.310385 -0.0290518 0)
(0.310897 -0.0287314 0)
(0.3114 -0.0283685 0)
(0.311889 -0.0279665 0)
(0.312365 -0.0275191 0)
(0.312816 -0.0270626 0)
(0.309582 -0.0313591 0)
(0.310247 -0.0312165 0)
(0.310899 -0.0310207 0)
(0.311541 -0.0307732 0)
(0.312175 -0.030475 0)
(0.3128 -0.0301271 0)
(0.313411 -0.0297306 0)
(0.314004 -0.0292899 0)
(0.31458 -0.028796 0)
(0.315124 -0.0282996 0)
(0.310858 -0.0331433 0)
(0.311667 -0.0330006 0)
(0.312458 -0.0327949 0)
(0.313237 -0.032528 0)
(0.314005 -0.0322013 0)
(0.314759 -0.0318165 0)
(0.315495 -0.0313748 0)
(0.316207 -0.0308827 0)
(0.316895 -0.0303272 0)
(0.317545 -0.0297796 0)
(0.312085 -0.035303 0)
(0.313066 -0.0351605 0)
(0.314025 -0.0349411 0)
(0.314966 -0.0346475 0)
(0.315892 -0.0342817 0)
(0.316799 -0.0338465 0)
(0.31768 -0.033344 0)
(0.31853 -0.0327832 0)
(0.319346 -0.0321461 0)
(0.320115 -0.0315318 0)
(0.313249 -0.0379166 0)
(0.314443 -0.0377748 0)
(0.315608 -0.0375362 0)
(0.316748 -0.0372045 0)
(0.317866 -0.0367837 0)
(0.318956 -0.0362783 0)
(0.320009 -0.0356917 0)
(0.321019 -0.0350375 0)
(0.321982 -0.0342907 0)
(0.322886 -0.033588 0)
(0.314335 -0.0410964 0)
(0.315799 -0.0409556 0)
(0.317227 -0.0406876 0)
(0.318618 -0.0402992 0)
(0.319974 -0.0397977 0)
(0.321288 -0.0391912 0)
(0.322548 -0.0384858 0)
(0.323746 -0.0377009 0)
(0.324876 -0.0368042 0)
(0.32593 -0.0359797 0)
(0.315318 -0.0450116 0)
(0.317145 -0.0448685 0)
(0.318922 -0.0445499 0)
(0.32064 -0.0440708 0)
(0.322299 -0.0434457 0)
(0.32389 -0.0426888 0)
(0.3254 -0.0418102 0)
(0.32682 -0.0408382 0)
(0.328142 -0.0397325 0)
(0.329359 -0.0387344 0)
(0.316173 -0.0499273 0)
(0.318518 -0.0497664 0)
(0.32078 -0.0493511 0)
(0.322933 -0.0487178 0)
(0.324984 -0.0478953 0)
(0.326925 -0.0469063 0)
(0.328745 -0.0457677 0)
(0.330427 -0.0445204 0)
(0.331967 -0.0431176 0)
(0.33335 -0.0418647 0)
(0.316886 -0.0562674 0)
(0.320034 -0.0560408 0)
(0.323003 -0.0554371 0)
(0.325754 -0.054539 0)
(0.328323 -0.0533953 0)
(0.330716 -0.0520394 0)
(0.332916 -0.0504988 0)
(0.334899 -0.048832 0)
(0.336666 -0.046993 0)
(0.338187 -0.0453489 0)
(0.317608 -0.0647385 0)
(0.322082 -0.0642995 0)
(0.3261 -0.0633181 0)
(0.329674 -0.0619595 0)
(0.332923 -0.0602883 0)
(0.335874 -0.0583406 0)
(0.338492 -0.0561592 0)
(0.340738 -0.0538268 0)
(0.342624 -0.0513162 0)
(0.344108 -0.0490315 0)
(0.319275 -0.0766059 0)
(0.325876 -0.07556 0)
(0.331259 -0.0737339 0)
(0.335731 -0.0714457 0)
(0.339627 -0.0687734 0)
(0.342984 -0.0657507 0)
(0.345725 -0.0624457 0)
(0.347791 -0.0589687 0)
(0.349236 -0.0553532 0)
(0.350017 -0.0519418 0)
(0.324108 -0.0936953 0)
(0.333513 -0.0913259 0)
(0.339813 -0.0877191 0)
(0.34419 -0.0834227 0)
(0.347506 -0.0786022 0)
(0.349874 -0.0733745 0)
(0.351197 -0.0678991 0)
(0.351429 -0.0623223 0)
(0.350769 -0.0567967 0)
(0.349094 -0.0513592 0)
(0.330869 -0.114966 0)
(0.341406 -0.109319 0)
(0.345568 -0.102273 0)
(0.346223 -0.0943053 0)
(0.34512 -0.0856865 0)
(0.342629 -0.076802 0)
(0.338824 -0.0680063 0)
(0.333841 -0.0594928 0)
(0.328186 -0.0514544 0)
(0.32129 -0.0434985 0)
(0.320873 -0.127101 0)
(0.321758 -0.109936 0)
(0.313681 -0.0952829 0)
(0.302959 -0.0815995 0)
(0.291367 -0.0683698 0)
(0.279015 -0.0559239 0)
(0.266265 -0.0445402 0)
(0.253704 -0.0342813 0)
(0.241919 -0.0250563 0)
(0.230084 -0.016629 0)
(0.24782 -0.14015 0)
(0.202093 -0.103464 0)
(0.157559 -0.0734128 0)
(0.128003 -0.0491569 0)
(0.107529 -0.0303079 0)
(0.0919422 -0.0165552 0)
(0.0803489 -0.00700874 0)
(0.0722836 -0.000529203 0)
(0.0668547 0.0038819 0)
(0.0633883 0.00679363 0)
(0.303544 -0.0214926 0)
(0.304599 -0.0163499 0)
(0.305387 -0.0110706 0)
(0.306067 -0.00587957 0)
(0.306183 -0.00157222 0)
(0.306144 0.00112987 0)
(0.30588 0.00233622 0)
(0.305963 0.00230118 0)
(0.306526 0.00337984 0)
(0.306773 0.0046415 0)
(0.307341 0.00681878 0)
(0.307234 0.00897397 0)
(0.306463 0.00858907 0)
(0.306069 0.00727448 0)
(0.304872 0.00403388 0)
(0.305677 0.000247039 0)
(0.30621 0.000753077 0)
(0.306829 -0.000611514 0)
(0.308468 0.00377224 0)
(0.307788 0.00602094 0)
(0.305244 -0.021915 0)
(0.306255 -0.0166365 0)
(0.306845 -0.0112808 0)
(0.307208 -0.00597688 0)
(0.306951 -0.00155435 0)
(0.306532 0.00119912 0)
(0.306026 0.00236668 0)
(0.306105 0.00219024 0)
(0.306782 0.00323638 0)
(0.307107 0.00451703 0)
(0.307625 0.00675435 0)
(0.307317 0.00909973 0)
(0.306358 0.00878448 0)
(0.305819 0.00752662 0)
(0.304536 0.00410835 0)
(0.305661 -3.97559e-05 0)
(0.306425 0.000484038 0)
(0.307265 -0.00107476 0)
(0.309016 0.00357955 0)
(0.307964 0.00613011 0)
(0.307478 -0.0223056 0)
(0.308587 -0.0168717 0)
(0.309066 -0.0114 0)
(0.309113 -0.00594223 0)
(0.308395 -0.00139134 0)
(0.307415 0.0013911 0)
(0.306491 0.00243886 0)
(0.306518 0.00206366 0)
(0.307356 0.00306397 0)
(0.307812 0.00438714 0)
(0.308284 0.00675888 0)
(0.307634 0.00932682 0)
(0.306322 0.00906651 0)
(0.305465 0.00782285 0)
(0.304003 0.00408109 0)
(0.305648 -0.000314031 0)
(0.306773 0.000217212 0)
(0.307996 -0.00141378 0)
(0.309982 0.00351454 0)
(0.308317 0.00633764 0)
(0.309897 -0.0227919 0)
(0.31117 -0.0171071 0)
(0.311617 -0.0114517 0)
(0.311403 -0.00578495 0)
(0.310244 -0.00107001 0)
(0.308638 0.00173512 0)
(0.307217 0.00258203 0)
(0.307167 0.00192861 0)
(0.308218 0.00285332 0)
(0.308863 0.00425419 0)
(0.309319 0.00684354 0)
(0.308237 0.00965706 0)
(0.306444 0.00945136 0)
(0.305114 0.00818435 0)
(0.303358 0.00400144 0)
(0.305633 -0.000766152 0)
(0.307202 -0.000196233 0)
(0.308941 -0.00191092 0)
(0.311302 0.00350028 0)
(0.308837 0.00664013 0)
(0.312416 -0.0233776 0)
(0.31386 -0.0173714 0)
(0.314313 -0.01147 0)
(0.313873 -0.00553021 0)
(0.31229 -0.00059551 0)
(0.31002 0.00224272 0)
(0.308062 0.00280311 0)
(0.307941 0.00176818 0)
(0.30928 0.00257685 0)
(0.310192 0.00409279 0)
(0.310678 0.00699918 0)
(0.309112 0.0101195 0)
(0.306744 0.00999153 0)
(0.304797 0.00867287 0)
(0.30265 0.00386724 0)
(0.305598 -0.00136888 0)
(0.307683 -0.000768866 0)
(0.310036 -0.00254274 0)
(0.312889 0.00354779 0)
(0.309478 0.00706963 0)
(0.315034 -0.0240679 0)
(0.316628 -0.0176734 0)
(0.317101 -0.0114618 0)
(0.316442 -0.00518046 0)
(0.314423 3.89246e-05 0)
(0.311428 0.0029245 0)
(0.308897 0.00310275 0)
(0.308718 0.00156616 0)
(0.310444 0.00220763 0)
(0.311724 0.00388118 0)
(0.312289 0.00722639 0)
(0.310206 0.0107377 0)
(0.307182 0.0107258 0)
(0.304481 0.00932 0)
(0.301879 0.00368317 0)
(0.305492 -0.00213342 0)
(0.308162 -0.00152115 0)
(0.311198 -0.00333633 0)
(0.314631 0.00366681 0)
(0.310157 0.0076465 0)
(0.317776 -0.0248611 0)
(0.319475 -0.0180167 0)
(0.319976 -0.0114262 0)
(0.319096 -0.00472926 0)
(0.316599 0.000850328 0)
(0.312779 0.003797 0)
(0.309625 0.00348359 0)
(0.309397 0.0013054 0)
(0.311625 0.00171504 0)
(0.313391 0.00359891 0)
(0.314076 0.00752598 0)
(0.311443 0.0115271 0)
(0.307679 0.0116839 0)
(0.304092 0.0101482 0)
(0.301004 0.00345953 0)
(0.305216 -0.00306433 0)
(0.308536 -0.00247639 0)
(0.312294 -0.00431175 0)
(0.316365 0.00386571 0)
(0.310744 0.00838138 0)
(0.320674 -0.0257519 0)
(0.322412 -0.018405 0)
(0.322957 -0.0113622 0)
(0.32185 -0.00416609 0)
(0.3188 0.00186458 0)
(0.314018 0.0048847 0)
(0.310171 0.00395137 0)
(0.30989 0.000968925 0)
(0.312737 0.00106478 0)
(0.315118 0.0032249 0)
(0.315949 0.00789909 0)
(0.312729 0.0125036 0)
(0.308121 0.0128974 0)
(0.303532 0.0111774 0)
(0.299948 0.00321015 0)
(0.304612 -0.00415305 0)
(0.308622 -0.00365126 0)
(0.313099 -0.00547733 0)
(0.317848 0.00415067 0)
(0.311049 0.00927812 0)
(0.323765 -0.0267309 0)
(0.325453 -0.0188443 0)
(0.326067 -0.0112687 0)
(0.324725 -0.0034761 0)
(0.321007 0.00311848 0)
(0.315092 0.00621985 0)
(0.310461 0.00451769 0)
(0.310096 0.000541581 0)
(0.313662 0.00022023 0)
(0.316781 0.002739 0)
(0.317772 0.00834993 0)
(0.313924 0.013688 0)
(0.308356 0.0143991 0)
(0.302684 0.0124225 0)
(0.298588 0.00296161 0)
(0.303439 -0.00537062 0)
(0.308125 -0.00505048 0)
(0.313256 -0.00683388 0)
(0.318726 0.00452024 0)
(0.310811 0.0103297 0)
(0.327101 -0.0277837 0)
(0.328618 -0.0193426 0)
(0.32933 -0.0111425 0)
(0.327729 -0.00263793 0)
(0.323173 0.00466153 0)
(0.315917 0.00784231 0)
(0.310394 0.00520173 0)
(0.309852 1.05217e-05 0)
(0.314173 -0.000848194 0)
(0.318121 0.00212415 0)
(0.319295 0.00888309 0)
(0.3148 0.015102 0)
(0.308168 0.0162165 0)
(0.301398 0.0138946 0)
(0.296727 0.0027645 0)
(0.301355 -0.00665689 0)
(0.306598 -0.00665824 0)
(0.312249 -0.00837518 0)
(0.31853 0.00495515 0)
(0.309699 0.0115111 0)
(0.330757 -0.0288905 0)
(0.331936 -0.019907 0)
(0.33274 -0.010972 0)
(0.330801 -0.00161866 0)
(0.325164 0.00655835 0)
(0.316337 0.00980032 0)
(0.309781 0.00603656 0)
(0.308859 -0.000602853 0)
(0.313828 -0.00214787 0)
(0.318635 0.00136502 0)
(0.320063 0.0094926 0)
(0.314977 0.0167559 0)
(0.307251 0.0183595 0)
(0.299469 0.0156019 0)
(0.294062 0.00270191 0)
(0.297892 -0.00791058 0)
(0.303441 -0.00842988 0)
(0.309419 -0.0100914 0)
(0.316687 0.00540627 0)
(0.307326 0.0127727 0)
(0.334851 -0.0300243 0)
(0.335408 -0.0205318 0)
(0.336155 -0.0107267 0)
(0.333675 -0.000354343 0)
(0.326647 0.0088907 0)
(0.31603 0.0121514 0)
(0.308256 0.00708562 0)
(0.306546 -0.0012241 0)
(0.311813 -0.00364868 0)
(0.317434 0.00045556 0)
(0.319317 0.010143 0)
(0.313865 0.0186261 0)
(0.305193 0.0208048 0)
(0.296594 0.0175531 0)
(0.290143 0.00289827 0)
(0.292477 -0.00898647 0)
(0.297948 -0.0102909 0)
(0.304046 -0.0119815 0)
(0.312605 0.0057805 0)
(0.303297 0.014036 0)
(0.339558 -0.0311389 0)
(0.338842 -0.0211614 0)
(0.339025 -0.0103256 0)
(0.335606 0.00122968 0)
(0.326892 0.0117378 0)
(0.31436 0.0149551 0)
(0.305113 0.00846003 0)
(0.301919 -0.00170394 0)
(0.306829 -0.00526808 0)
(0.313173 -0.00062689 0)
(0.31595 0.0107455 0)
(0.310659 0.0206237 0)
(0.301477 0.0234778 0)
(0.292347 0.0197645 0)
(0.284384 0.00351718 0)
(0.284505 -0.00971062 0)
(0.289446 -0.0121492 0)
(0.295528 -0.0140676 0)
(0.305805 0.00593491 0)
(0.29729 0.0151964 0)
(0.344964 -0.032126 0)
(0.34137 -0.0215936 0)
(0.33983 -0.00957595 0)
(0.334904 0.00322216 0)
(0.324477 0.0151422 0)
(0.310173 0.018256 0)
(0.299118 0.010323 0)
(0.293439 -0.00179837 0)
(0.297101 -0.00687125 0)
(0.304153 -0.00195697 0)
(0.308622 0.0111203 0)
(0.304426 0.0225612 0)
(0.295529 0.0262426 0)
(0.286179 0.0222642 0)
(0.276142 0.00473621 0)
(0.273511 -0.00992214 0)
(0.277533 -0.0139232 0)
(0.283621 -0.0164045 0)
(0.296097 0.00569143 0)
(0.289144 0.0161376 0)
(0.350348 -0.0326223 0)
(0.340393 -0.0213081 0)
(0.335234 -0.00813322 0)
(0.328376 0.0056803 0)
(0.317006 0.0190317 0)
(0.301603 0.0220494 0)
(0.288392 0.0128844 0)
(0.279149 -0.00122078 0)
(0.280758 -0.00831384 0)
(0.288776 -0.003682 0)
(0.296115 0.0109656 0)
(0.294346 0.024139 0)
(0.286822 0.0289107 0)
(0.277481 0.0250882 0)
(0.264903 0.00669948 0)
(0.259397 -0.00953153 0)
(0.262334 -0.0155806 0)
(0.268648 -0.0190779 0)
(0.283704 0.00487296 0)
(0.278938 0.0167557 0)
(0.35216 -0.0314108 0)
(0.329987 -0.0192707 0)
(0.319367 -0.00559315 0)
(0.311175 0.00844395 0)
(0.301165 0.0230802 0)
(0.286144 0.0262151 0)
(0.270641 0.0163383 0)
(0.257255 0.00023263 0)
(0.256686 -0.00956322 0)
(0.266347 -0.00604709 0)
(0.277916 0.00987974 0)
(0.280053 0.0249822 0)
(0.27501 0.0312792 0)
(0.265756 0.0282606 0)
(0.250546 0.00944132 0)
(0.242661 -0.00857455 0)
(0.244678 -0.0171637 0)
(0.251567 -0.0221798 0)
(0.269271 0.0033575 0)
(0.266999 0.0169885 0)
(0.340291 -0.0260783 0)
(0.299882 -0.014088 0)
(0.28467 -0.00185387 0)
(0.278152 0.0108519 0)
(0.273755 0.0265728 0)
(0.261349 0.0304357 0)
(0.244038 0.0206909 0)
(0.227299 0.00257084 0)
(0.225649 -0.0108236 0)
(0.237897 -0.00937395 0)
(0.254725 0.00745955 0)
(0.26189 0.0247482 0)
(0.260057 0.0331944 0)
(0.250848 0.0317519 0)
(0.233599 0.0128155 0)
(0.224497 -0.00723607 0)
(0.22605 -0.0187734 0)
(0.233801 -0.0257554 0)
(0.253718 0.00113977 0)
(0.25386 0.0168346 0)
(0.295567 -0.0149141 0)
(0.238774 -0.00588244 0)
(0.226789 0.0018004 0)
(0.227832 0.0114957 0)
(0.234021 0.0284479 0)
(0.226373 0.0341979 0)
(0.208816 0.0255427 0)
(0.191467 0.00530077 0)
(0.190922 -0.0125225 0)
(0.206357 -0.0139368 0)
(0.228467 0.00347841 0)
(0.240871 0.023274 0)
(0.242298 0.0346028 0)
(0.233192 0.0354232 0)
(0.215362 0.0164619 0)
(0.206669 -0.00583244 0)
(0.208322 -0.0205217 0)
(0.216917 -0.0297384 0)
(0.238022 -0.00167502 0)
(0.240181 0.0163498 0)
(0.199951 0.00567361 0)
(0.148236 0.00381305 0)
(0.153673 0.00268573 0)
(0.166811 0.00870003 0)
(0.185653 0.0278517 0)
(0.183594 0.0370074 0)
(0.168606 0.0300263 0)
(0.154933 0.00744109 0)
(0.157693 -0.0151239 0)
(0.175726 -0.0197477 0)
(0.201688 -0.00194052 0)
(0.218395 0.0206798 0)
(0.222514 0.0355413 0)
(0.213973 0.0390002 0)
(0.197771 0.019867 0)
(0.191179 -0.00470511 0)
(0.193365 -0.0224576 0)
(0.202307 -0.0339148 0)
(0.223071 -0.00483912 0)
(0.226715 0.0156234 0)
(0.079685 0.0141906 0)
(0.0574629 0.00478429 0)
(0.0846208 -0.00241435 0)
(0.106879 0.00192582 0)
(0.135659 0.0248528 0)
(0.138889 0.0385413 0)
(0.130188 0.0331391 0)
(0.124344 0.00808132 0)
(0.131347 -0.0186617 0)
(0.149901 -0.0263429 0)
(0.176895 -0.00830342 0)
(0.196057 0.0173342 0)
(0.202073 0.036071 0)
(0.195113 0.0421168 0)
(0.183026 0.0225208 0)
(0.179828 -0.00407545 0)
(0.182714 -0.0244352 0)
(0.191071 -0.0379486 0)
(0.209656 -0.00802556 0)
(0.214285 0.0147607 0)
(0.0404197 0.0075943 0)
(0.0165913 0.00279852 0)
(0.0497629 -0.00797083 0)
(0.0727242 -0.00386751 0)
(0.105069 0.0213654 0)
(0.112048 0.0383269 0)
(0.109986 0.0337109 0)
(0.111053 0.00734026 0)
(0.12058 -0.021292 0)
(0.137402 -0.0307478 0)
(0.162529 -0.0128472 0)
(0.181822 0.0147404 0)
(0.188769 0.0360143 0)
(0.183888 0.0435899 0)
(0.176081 0.023548 0)
(0.175658 -0.00411909 0)
(0.178963 -0.0255907 0)
(0.186126 -0.0403664 0)
(0.201889 -0.0101241 0)
(0.206925 0.0141857 0)
(0.0226757 0.00520305 0)
(-0.00131066 0.00206164 0)
(0.033797 -0.0111695 0)
(0.0559466 -0.00711654 0)
(0.0893295 0.0191103 0)
(0.0983946 0.0378445 0)
(0.100499 0.0335395 0)
(0.105686 0.00657782 0)
(0.116524 -0.0228004 0)
(0.13193 -0.0330737 0)
(0.155319 -0.0153328 0)
(0.174234 0.0132453 0)
(0.181597 0.0358592 0)
(0.178105 0.0442007 0)
(0.172997 0.0238828 0)
(0.174204 -0.00430379 0)
(0.177732 -0.0261991 0)
(0.184058 -0.0415979 0)
(0.197931 -0.0112453 0)
(0.203114 0.0138801 0)
(0.00975608 0.00485551 0)
(-0.0138569 0.0013273 0)
(0.0220838 -0.01436 0)
(0.042331 -0.0103128 0)
(0.0757936 0.0166812 0)
(0.0868635 0.0369925 0)
(0.0933783 0.0328697 0)
(0.102673 0.00550528 0)
(0.114615 -0.0242852 0)
(0.128218 -0.035185 0)
(0.149245 -0.0176667 0)
(0.167336 0.0117634 0)
(0.175001 0.035589 0)
(0.17308 0.0445604 0)
(0.170861 0.0239602 0)
(0.173693 -0.00460777 0)
(0.177409 -0.0267607 0)
(0.182763 -0.0426628 0)
(0.194503 -0.0122648 0)
(0.199748 0.0135788 0)
(0.00148297 0.00575826 0)
(-0.0211527 0.000511959 0)
(0.0148596 -0.0174529 0)
(0.0322662 -0.0133673 0)
(0.0648968 0.0141595 0)
(0.077837 0.0357726 0)
(0.0888436 0.0317153 0)
(0.102053 0.00415033 0)
(0.114843 -0.0257127 0)
(0.126328 -0.0370361 0)
(0.144441 -0.019794 0)
(0.161275 0.0103278 0)
(0.16913 0.0352092 0)
(0.168929 0.0446565 0)
(0.169713 0.0237796 0)
(0.174116 -0.00501272 0)
(0.177976 -0.0272708 0)
(0.182247 -0.043541 0)
(0.191649 -0.0131621 0)
(0.196875 0.0132771 0)
(-0.0023629 0.0072656 0)
(-0.0232797 -0.000398995 0)
(0.012291 -0.0203448 0)
(0.0260861 -0.016168 0)
(0.0570205 0.0116047 0)
(0.0716237 0.0341953 0)
(0.0870181 0.0300944 0)
(0.103786 0.00254376 0)
(0.117139 -0.0270504 0)
(0.126282 -0.0385799 0)
(0.141028 -0.0216598 0)
(0.156195 0.00896976 0)
(0.164126 0.0347191 0)
(0.16575 0.0444783 0)
(0.169572 0.023342 0)
(0.175449 -0.00551301 0)
(0.1794 -0.0277201 0)
(0.182509 -0.0442159 0)
(0.189412 -0.0139223 0)
(0.194538 0.0129804 0)
(-0.00189375 0.00883155 0)
(-0.020309 -0.00139619 0)
(0.014453 -0.0229696 0)
(0.0240468 -0.0186251 0)
(0.0524754 0.00907528 0)
(0.0684447 0.0322856 0)
(0.0879274 0.0280416 0)
(0.107758 0.000724255 0)
(0.121384 -0.0282714 0)
(0.128058 -0.0397819 0)
(0.1391 -0.0232181 0)
(0.152233 0.00771803 0)
(0.160123 0.0341197 0)
(0.163624 0.0440212 0)
(0.170434 0.0226541 0)
(0.177647 -0.00610078 0)
(0.181634 -0.028101 0)
(0.183536 -0.044676 0)
(0.187827 -0.0145332 0)
(0.192775 0.0126943 0)
(0.00297165 0.00994183 0)
(-0.0123153 -0.00248191 0)
(0.0213008 -0.0252773 0)
(0.0263006 -0.020668 0)
(0.0514866 0.00663462 0)
(0.0684279 0.0300859 0)
(0.0915075 0.0256107 0)
(0.1138 -0.00125973 0)
(0.127415 -0.0293557 0)
(0.131588 -0.0406228 0)
(0.138726 -0.0244341 0)
(0.149511 0.00659823 0)
(0.157241 0.0334161 0)
(0.16261 0.0432887 0)
(0.172278 0.0217299 0)
(0.180655 -0.00676437 0)
(0.18462 -0.0284087 0)
(0.185306 -0.0449155 0)
(0.186921 -0.0149852 0)
(0.191618 0.0124228 0)
(0.0125176 0.0100766 0)
(0.000619754 -0.00365807 0)
(0.0326619 -0.0272159 0)
(0.0328689 -0.0222393 0)
(0.0541796 0.00435015 0)
(0.0716103 0.0276593 0)
(0.0976209 0.0228741 0)
(0.121699 -0.00335392 0)
(0.135027 -0.0302903 0)
(0.136756 -0.0410981 0)
(0.13993 -0.025287 0)
(0.148128 0.00563026 0)
(0.155583 0.0326177 0)
(0.162747 0.0422941 0)
(0.175063 0.0205907 0)
(0.184405 -0.00748907 0)
(0.18829 -0.0286417 0)
(0.187784 -0.0449335 0)
(0.186712 -0.0152723 0)
(0.191088 0.012169 0)
(0.0271711 0.00851185 0)
(0.0184008 -0.00486064 0)
(0.0482263 -0.0287447 0)
(0.0436207 -0.0233021 0)
(0.0605683 0.00228928 0)
(0.0779465 0.0250859 0)
(0.106074 0.0199201 0)
(0.131213 -0.0055017 0)
(0.143991 -0.0310645 0)
(0.143405 -0.0412123 0)
(0.142696 -0.0257659 0)
(0.148157 0.00482911 0)
(0.15523 0.0317371 0)
(0.164055 0.04106 0)
(0.178736 0.0192646 0)
(0.188823 -0.00825802 0)
(0.192567 -0.028799 0)
(0.190922 -0.0447323 0)
(0.187208 -0.0153914 0)
(0.191201 0.0119354 0)
(0.0473326 0.0042775 0)
(0.0409141 -0.0061843 0)
(0.0675411 -0.0298483 0)
(0.0582601 -0.0238669 0)
(0.0705418 0.000502045 0)
(0.0873202 0.0224135 0)
(0.116637 0.0168258 0)
(0.142082 -0.00764381 0)
(0.154054 -0.0316551 0)
(0.151339 -0.0409626 0)
(0.146956 -0.0258509 0)
(0.149633 0.00422687 0)
(0.156243 0.0307899 0)
(0.166538 0.0396062 0)
(0.183237 0.0177779 0)
(0.193829 -0.00906078 0)
(0.197369 -0.0288693 0)
(0.194664 -0.0443108 0)
(0.188403 -0.0153398 0)
(0.191963 0.0117328 0)
(0.103137 -0.0053445 0)
(0.0998322 -0.0111261 0)
(0.116477 -0.0313613 0)
(0.0975532 -0.0240981 0)
(0.0994874 -0.00284346 0)
(0.113927 0.0163162 0)
(0.143674 0.00984125 0)
(0.168099 -0.0122046 0)
(0.177776 -0.0324904 0)
(0.170911 -0.039628 0)
(0.159228 -0.0251195 0)
(0.15597 0.00349867 0)
(0.161481 0.0286301 0)
(0.174484 0.0359521 0)
(0.194684 0.0142101 0)
(0.205815 -0.0108959 0)
(0.208769 -0.0287884 0)
(0.203972 -0.0429225 0)
(0.192491 -0.0148524 0)
(0.195019 0.0114131 0)
(0.266724 0.0118727 0)
(0.227716 -0.00731863 0)
(0.216571 -0.0252746 0)
(0.184783 -0.018924 0)
(0.170252 -0.00360323 0)
(0.175149 0.00862654 0)
(0.197058 0.00078391 0)
(0.214293 -0.0176351 0)
(0.219068 -0.0320355 0)
(0.209126 -0.0349505 0)
(0.190973 -0.020867 0)
(0.180265 0.00410303 0)
(0.183245 0.0247259 0)
(0.196835 0.0291795 0)
(0.218154 0.00825386 0)
(0.227996 -0.0137173 0)
(0.229755 -0.0276365 0)
(0.223208 -0.0390649 0)
(0.205944 -0.0126126 0)
(0.206427 0.0113672 0)
(0.333738 0.0296301 0)
(0.305078 0.00518334 0)
(0.287196 -0.0136841 0)
(0.258225 -0.00959068 0)
(0.24016 0.000578475 0)
(0.238533 0.00588735 0)
(0.250363 -0.00395972 0)
(0.257589 -0.0201356 0)
(0.255648 -0.0304374 0)
(0.244531 -0.0295896 0)
(0.226155 -0.0150148 0)
(0.212708 0.00632805 0)
(0.213935 0.0216375 0)
(0.225554 0.0229957 0)
(0.244444 0.00299404 0)
(0.25092 -0.0159535 0)
(0.250697 -0.026076 0)
(0.243588 -0.0344223 0)
(0.223982 -0.0092665 0)
(0.222762 0.0117852 0)
(0.350477 0.0304004 0)
(0.336216 0.010021 0)
(0.321424 -0.00581043 0)
(0.30048 -0.00298311 0)
(0.287641 0.00391557 0)
(0.286051 0.00518581 0)
(0.291355 -0.00525904 0)
(0.29073 -0.0194242 0)
(0.282971 -0.0272794 0)
(0.271197 -0.0243661 0)
(0.256207 -0.0095395 0)
(0.24485 0.00884035 0)
(0.246481 0.0194267 0)
(0.255613 0.0181628 0)
(0.27026 -0.000651776 0)
(0.27223 -0.0169681 0)
(0.269406 -0.0239875 0)
(0.262056 -0.0296239 0)
(0.243211 -0.0055565 0)
(0.241529 0.0124943 0)
(0.34762 0.0314376 0)
(0.342717 0.0143097 0)
(0.332783 0.000471826 0)
(0.31886 0.00139163 0)
(0.311828 0.00584144 0)
(0.312462 0.00486708 0)
(0.31507 -0.00481634 0)
(0.310778 -0.0168376 0)
(0.300344 -0.0231058 0)
(0.288495 -0.0197509 0)
(0.277418 -0.00561411 0)
(0.270466 0.0103056 0)
(0.274196 0.017353 0)
(0.281664 0.0145908 0)
(0.292137 -0.00252364 0)
(0.289901 -0.0165643 0)
(0.2847 -0.0213054 0)
(0.276915 -0.0251036 0)
(0.260596 -0.00225086 0)
(0.260043 0.0131485 0)
(0.341402 0.0294231 0)
(0.34083 0.0156007 0)
(0.334528 0.00409821 0)
(0.325158 0.00363315 0)
(0.321605 0.00619641 0)
(0.323548 0.00428658 0)
(0.325188 -0.00393283 0)
(0.320138 -0.0137679 0)
(0.309772 -0.0187808 0)
(0.29865 -0.0158387 0)
(0.290551 -0.0032727 0)
(0.287749 0.0103998 0)
(0.293635 0.0149688 0)
(0.300255 0.0118594 0)
(0.3077 -0.0030496 0)
(0.302626 -0.0150423 0)
(0.296076 -0.0181523 0)
(0.287822 -0.0210067 0)
(0.274362 0.000137694 0)
(0.27609 0.0134008 0)
(0.335599 0.0275335 0)
(0.336875 0.0162183 0)
(0.332962 0.00665306 0)
(0.326393 0.00511403 0)
(0.324424 0.00604559 0)
(0.32646 0.0037264 0)
(0.327581 -0.00300664 0)
(0.323005 -0.0109068 0)
(0.314033 -0.0148658 0)
(0.304279 -0.0125645 0)
(0.298092 -0.00202804 0)
(0.29805 0.00944958 0)
(0.305039 0.0123335 0)
(0.311043 0.00962174 0)
(0.316677 -0.00280858 0)
(0.310346 -0.0129409 0)
(0.303649 -0.0148473 0)
(0.295316 -0.0173135 0)
(0.284203 0.00155336 0)
(0.288456 0.013079 0)
(0.330783 0.0257293 0)
(0.332815 0.0164356 0)
(0.330447 0.00836399 0)
(0.325736 0.00609716 0)
(0.324413 0.00579576 0)
(0.325901 0.00328616 0)
(0.326566 -0.00216875 0)
(0.322728 -0.00850686 0)
(0.315402 -0.011591 0)
(0.307307 -0.00985845 0)
(0.302324 -0.00140156 0)
(0.303675 0.00799602 0)
(0.310597 0.00975002 0)
(0.315834 0.00770796 0)
(0.320462 -0.00228027 0)
(0.314074 -0.0107355 0)
(0.308042 -0.0117278 0)
(0.300247 -0.0139907 0)
(0.290798 0.00221526 0)
(0.296983 0.0122191 0)
(0.326766 0.0240451 0)
(0.329076 0.0163764 0)
(0.327746 0.00949057 0)
(0.324362 0.00681378 0)
(0.323334 0.00562928 0)
(0.324152 0.00304491 0)
(0.324399 -0.00141441 0)
(0.321225 -0.00655912 0)
(0.315325 -0.00895669 0)
(0.308873 -0.00765447 0)
(0.304729 -0.00108021 0)
(0.306557 0.00647425 0)
(0.312664 0.0074734 0)
(0.316956 0.00607931 0)
(0.32095 -0.0017247 0)
(0.315181 -0.00870858 0)
(0.31012 -0.00901785 0)
(0.303376 -0.0110471 0)
(0.29514 0.00238833 0)
(0.302274 0.0109995 0)
(0.32333 0.0225205 0)
(0.325682 0.0161673 0)
(0.325061 0.0102298 0)
(0.322662 0.00735154 0)
(0.321822 0.00557431 0)
(0.32209 0.0029798 0)
(0.322004 -0.000738128 0)
(0.319372 -0.00497929 0)
(0.314584 -0.00687235 0)
(0.309583 -0.0058835 0)
(0.306107 -0.000888311 0)
(0.307924 0.00511398 0)
(0.31294 0.00561937 0)
(0.316254 0.00473419 0)
(0.319717 -0.00125234 0)
(0.314831 -0.00697275 0)
(0.310711 -0.0068015 0)
(0.305261 -0.00851247 0)
(0.298067 0.00232195 0)
(0.305221 0.00963642 0)
(0.320324 0.0211582 0)
(0.322588 0.0158714 0)
(0.322447 0.0106973 0)
(0.320779 0.00775075 0)
(0.320095 0.00560199 0)
(0.31999 0.00303765 0)
(0.319675 -0.000128999 0)
(0.317492 -0.00368598 0)
(0.313561 -0.00522831 0)
(0.309748 -0.00447347 0)
(0.306846 -0.000746323 0)
(0.308441 0.00398949 0)
(0.312392 0.00418368 0)
(0.314831 0.00365311 0)
(0.317775 -0.00089535 0)
(0.313794 -0.00553756 0)
(0.310457 -0.00505937 0)
(0.306283 -0.00640196 0)
(0.300111 0.0021761 0)
(0.306653 0.00830311 0)
(0.317641 0.0199585 0)
(0.319743 0.0155281 0)
(0.319915 0.0109724 0)
(0.318787 0.00804089 0)
(0.318241 0.00567867 0)
(0.317922 0.00316989 0)
(0.317472 0.000408841 0)
(0.315668 -0.00262073 0)
(0.312417 -0.00392928 0)
(0.309538 -0.00336045 0)
(0.307141 -0.000625399 0)
(0.308451 0.00309753 0)
(0.31149 0.0031036 0)
(0.313226 0.00280732 0)
(0.315661 -0.000636222 0)
(0.312494 -0.00436819 0)
(0.309779 -0.00372153 0)
(0.306707 -0.00469916 0)
(0.301553 0.00202742 0)
(0.30718 0.00710221 0)
(0.315206 0.0189161 0)
(0.317106 0.0151652 0)
(0.317469 0.011114 0)
(0.316736 0.00824663 0)
(0.316309 0.00577825 0)
(0.315892 0.00333918 0)
(0.315383 0.000873121 0)
(0.313907 -0.00174426 0)
(0.31122 -0.00290127 0)
(0.309056 -0.00248843 0)
(0.307103 -0.000515036 0)
(0.308134 0.00240727 0)
(0.310441 0.0023051 0)
(0.311653 0.00216014 0)
(0.313611 -0.000449877 0)
(0.311134 -0.00342304 0)
(0.308922 -0.00270731 0)
(0.306723 -0.00336244 0)
(0.30254 0.00190073 0)
(0.307186 0.00607657 0)
(0.312961 0.0180228 0)
(0.314639 0.0148035 0)
(0.315104 0.0111649 0)
(0.314657 0.00838757 0)
(0.314334 0.00588222 0)
(0.313899 0.00351867 0)
(0.313388 0.00127098 0)
(0.312197 -0.00102776 0)
(0.309994 -0.00208883 0)
(0.308373 -0.00181033 0)
(0.306807 -0.000414022 0)
(0.307596 0.00188195 0)
(0.309331 0.00172006 0)
(0.310173 0.00167279 0)
(0.31171 -0.000315308 0)
(0.309802 -0.00266601 0)
(0.308011 -0.00194484 0)
(0.306473 -0.00233784 0)
(0.303166 0.00179784 0)
(0.306899 0.00523093 0)
(0.310863 0.0172688 0)
(0.312313 0.014459 0)
(0.312815 0.0111557 0)
(0.312574 0.00847846 0)
(0.312343 0.00597795 0)
(0.31194 0.00368914 0)
(0.311469 0.00160346 0)
(0.310529 -0.000449082 0)
(0.308751 -0.00145111 0)
(0.307549 -0.00128874 0)
(0.306321 -0.000324864 0)
(0.306914 0.00148692 0)
(0.30821 0.00129313 0)
(0.308796 0.00130968 0)
(0.30998 -0.00021875 0)
(0.308541 -0.00206876 0)
(0.307117 -0.00137793 0)
(0.306067 -0.00156976 0)
(0.303518 0.00171387 0)
(0.306454 0.00455108 0)
(0.308878 0.0166441 0)
(0.3101 0.0141436 0)
(0.310596 0.0111086 0)
(0.310501 0.00853011 0)
(0.310354 0.00605683 0)
(0.310019 0.00383798 0)
(0.309618 0.00187088 0)
(0.308905 7.13426e-06 0)
(0.307512 -0.000959044 0)
(0.306646 -0.000895836 0)
(0.305713 -0.000250737 0)
(0.306158 0.00119184 0)
(0.30712 0.000981504 0)
(0.307536 0.00104037 0)
(0.308435 -0.000153074 0)
(0.307387 -0.0016093 0)
(0.306288 -0.00096497 0)
(0.305603 -0.00100839 0)
(0.303684 0.0016445 0)
(0.305944 0.00401675 0)
(0.306982 0.0161402 0)
(0.307981 0.0138661 0)
(0.308445 0.0110396 0)
(0.308457 0.00855033 0)
(0.308393 0.00611308 0)
(0.308153 0.00395611 0)
(0.307852 0.00207327 0)
(0.307358 0.000350966 0)
(0.306321 -0.000593775 0)
(0.305739 -0.000612452 0)
(0.305069 -0.00019678 0)
(0.305408 0.000971853 0)
(0.306119 0.000751902 0)
(0.306423 0.000839163 0)
(0.307105 -0.000116349 0)
(0.306388 -0.00127134 0)
(0.305579 -0.000674527 0)
(0.305167 -0.000610806 0)
(0.303758 0.00158946 0)
(0.305442 0.00360963 0)
(0.305163 0.0157416 0)
(0.305956 0.0136273 0)
(0.306382 0.0109563 0)
(0.306485 0.00854077 0)
(0.306522 0.00613939 0)
(0.306407 0.00403379 0)
(0.30624 0.00220766 0)
(0.305972 0.000587757 0)
(0.305271 -0.000344644 0)
(0.304943 -0.000425985 0)
(0.304501 -0.000165295 0)
(0.304764 0.000809949 0)
(0.305287 0.000584231 0)
(0.305516 0.000686299 0)
(0.306045 -0.000110291 0)
(0.305605 -0.0010444 0)
(0.305046 -0.000484639 0)
(0.304834 -0.000335159 0)
(0.303816 0.00155027 0)
(0.305007 0.00331403 0)
(0.303473 0.0154593 0)
(0.304098 0.0134255 0)
(0.304514 0.0108516 0)
(0.304726 0.00848549 0)
(0.304901 0.00611363 0)
(0.304945 0.00405001 0)
(0.304946 0.00225899 0)
(0.304908 0.000718334 0)
(0.304508 -0.000203803 0)
(0.304397 -0.000325699 0)
(0.30413 -0.000157189 0)
(0.30433 0.000684019 0)
(0.304708 0.000464973 0)
(0.30488 0.000576212 0)
(0.305311 -0.000121034 0)
(0.305088 -0.000896779 0)
(0.304731 -0.000378705 0)
(0.304646 -0.000181682 0)
(0.303898 0.00152264 0)
(0.304679 0.00310624 0)
(0.30215 0.0151772 0)
(0.302708 0.013198 0)
(0.303185 0.0106848 0)
(0.30354 0.00835232 0)
(0.303873 0.00600656 0)
(0.304075 0.00398525 0)
(0.304228 0.00221312 0)
(0.304366 0.000742649 0)
(0.304165 -0.000144175 0)
(0.304188 -0.000281743 0)
(0.30401 -0.000154763 0)
(0.304157 0.000572653 0)
(0.304438 0.000339862 0)
(0.304564 0.000440919 0)
(0.30494 -0.000197439 0)
(0.304838 -0.000813452 0)
(0.304597 -0.000291496 0)
(0.304587 -2.47799e-06 0)
(0.303991 0.00155828 0)
(0.304491 0.0029734 0)
(0.285511 0.157638 0)
(0.255482 0.132277 0)
(0.218501 0.110136 0)
(0.190926 0.0904236 0)
(0.170233 0.0725184 0)
(0.152765 0.0564901 0)
(0.137754 0.0424719 0)
(0.125366 0.0304313 0)
(0.115263 0.0203033 0)
(0.106834 0.0124618 0)
(0.31572 0.0987032 0)
(0.322789 0.0887066 0)
(0.32394 0.080886 0)
(0.322724 0.0740745 0)
(0.320445 0.0673796 0)
(0.317053 0.0606613 0)
(0.31248 0.0539962 0)
(0.306896 0.0474167 0)
(0.300704 0.0409783 0)
(0.293682 0.0343761 0)
(0.322432 0.0912688 0)
(0.331022 0.089703 0)
(0.336073 0.0870653 0)
(0.339102 0.0836666 0)
(0.341271 0.0795891 0)
(0.34282 0.0749595 0)
(0.343654 0.06996 0)
(0.343722 0.0647618 0)
(0.34311 0.0595157 0)
(0.341863 0.0543074 0)
(0.317638 0.0685831 0)
(0.323055 0.0675201 0)
(0.327565 0.0658158 0)
(0.331406 0.0637951 0)
(0.334864 0.0615296 0)
(0.337987 0.0590248 0)
(0.3407 0.0563064 0)
(0.342948 0.0534399 0)
(0.344716 0.0504318 0)
(0.346071 0.0475264 0)
(0.316883 0.0551183 0)
(0.320477 0.0549614 0)
(0.323852 0.0544228 0)
(0.326938 0.0536002 0)
(0.329788 0.0525282 0)
(0.332425 0.0512214 0)
(0.334835 0.0496973 0)
(0.33699 0.0480063 0)
(0.338893 0.0461198 0)
(0.340488 0.0443285 0)
(0.316675 0.0462626 0)
(0.319115 0.0462067 0)
(0.321462 0.0458867 0)
(0.323684 0.04534 0)
(0.325795 0.0445965 0)
(0.327801 0.0436787 0)
(0.329692 0.0426035 0)
(0.331452 0.0414046 0)
(0.333082 0.040058 0)
(0.334539 0.0387676 0)
(0.316088 0.0397748 0)
(0.317851 0.0397056 0)
(0.31957 0.0394745 0)
(0.321235 0.0390965 0)
(0.322851 0.0385853 0)
(0.324412 0.0379522 0)
(0.325905 0.0372054 0)
(0.327317 0.0363638 0)
(0.328648 0.0354057 0)
(0.32986 0.0344758 0)
(0.315269 0.03486 0)
(0.316616 0.03479 0)
(0.317933 0.0346142 0)
(0.319218 0.0343375 0)
(0.320476 0.0339645 0)
(0.3217 0.0335004 0)
(0.32288 0.0329494 0)
(0.324008 0.032323 0)
(0.325081 0.0316065 0)
(0.326076 0.0308965 0)
(0.314296 0.0310358 0)
(0.315353 0.0309648 0)
(0.316385 0.0308183 0)
(0.317396 0.0305987 0)
(0.318389 0.0303082 0)
(0.319361 0.0299495 0)
(0.320304 0.0295251 0)
(0.321212 0.0290421 0)
(0.322083 0.0284912 0)
(0.322902 0.0279346 0)
(0.313215 0.0279945 0)
(0.314058 0.0279246 0)
(0.314882 0.0277985 0)
(0.31569 0.027618 0)
(0.316486 0.0273843 0)
(0.317268 0.0270988 0)
(0.31803 0.026763 0)
(0.318767 0.0263812 0)
(0.319478 0.0259475 0)
(0.320151 0.0255016 0)
(0.312065 0.0255407 0)
(0.312745 0.0254743 0)
(0.31341 0.0253649 0)
(0.314064 0.0252135 0)
(0.314709 0.025021 0)
(0.315344 0.0247881 0)
(0.315964 0.0245158 0)
(0.316566 0.0242068 0)
(0.317148 0.0238574 0)
(0.317704 0.0234934 0)
(0.310871 0.0235439 0)
(0.311424 0.0234824 0)
(0.311965 0.0233867 0)
(0.312498 0.0232578 0)
(0.313024 0.0230962 0)
(0.313541 0.0229024 0)
(0.314048 0.022677 0)
(0.314542 0.022422 0)
(0.315021 0.022135 0)
(0.315481 0.021833 0)
(0.309652 0.0219127 0)
(0.310102 0.0218562 0)
(0.310544 0.0217719 0)
(0.310979 0.0216606 0)
(0.311408 0.0215227 0)
(0.311832 0.0213586 0)
(0.312247 0.0211686 0)
(0.312652 0.0209543 0)
(0.313046 0.0207139 0)
(0.313427 0.0204596 0)
(0.308419 0.0205808 0)
(0.308786 0.0205288 0)
(0.309145 0.0204539 0)
(0.309499 0.0203564 0)
(0.309849 0.0202368 0)
(0.310195 0.0200952 0)
(0.310534 0.0199322 0)
(0.310865 0.0197487 0)
(0.311188 0.0195435 0)
(0.311502 0.0193257 0)
(0.307181 0.0194991 0)
(0.307476 0.0194511 0)
(0.307766 0.0193836 0)
(0.308052 0.0192968 0)
(0.308335 0.0191912 0)
(0.308614 0.0190669 0)
(0.308889 0.0189243 0)
(0.309158 0.0187641 0)
(0.30942 0.0185855 0)
(0.309677 0.0183955 0)
(0.305941 0.0186317 0)
(0.306175 0.0185869 0)
(0.306405 0.018525 0)
(0.306632 0.0184464 0)
(0.306857 0.0183513 0)
(0.30708 0.0182399 0)
(0.307299 0.0181125 0)
(0.307514 0.0179697 0)
(0.307723 0.0178107 0)
(0.307929 0.0176416 0)
(0.304702 0.0179525 0)
(0.304883 0.0179094 0)
(0.30506 0.0178513 0)
(0.305236 0.0177784 0)
(0.30541 0.0176909 0)
(0.305582 0.017589 0)
(0.305751 0.0174728 0)
(0.305918 0.0173429 0)
(0.306081 0.0171985 0)
(0.306242 0.0170449 0)
(0.30347 0.0174416 0)
(0.303602 0.0173993 0)
(0.303734 0.0173429 0)
(0.303864 0.0172728 0)
(0.303993 0.0171892 0)
(0.304121 0.0170924 0)
(0.304247 0.0169825 0)
(0.304371 0.0168601 0)
(0.304493 0.0167245 0)
(0.304613 0.0165802 0)
(0.302282 0.0170743 0)
(0.30237 0.0170372 0)
(0.302458 0.0169869 0)
(0.302547 0.0169229 0)
(0.302636 0.0168456 0)
(0.302724 0.0167553 0)
(0.302812 0.0166522 0)
(0.3029 0.0165368 0)
(0.302987 0.0164085 0)
(0.303074 0.016272 0)
(0.301339 0.016805 0)
(0.301404 0.0167577 0)
(0.301462 0.0166981 0)
(0.301519 0.0166268 0)
(0.301577 0.0165438 0)
(0.301637 0.0164491 0)
(0.301696 0.016343 0)
(0.301756 0.0162257 0)
(0.301816 0.0160969 0)
(0.301875 0.0159603 0)
(0.300006 9.46503e-05 0)
(0.299804 0.000262172 0)
(0.299511 0.000475137 0)
(0.298908 0.000669861 0)
(0.298292 0.000956462 0)
(0.297199 0.00121563 0)
(0.296255 0.00164325 0)
(0.294475 0.0020351 0)
(0.293204 0.00271534 0)
(0.290336 0.00338648 0)
(0.288816 0.00451141 0)
(0.284012 0.00584333 0)
(0.282588 0.00776129 0)
(0.273975 0.0109047 0)
(0.273978 0.0142754 0)
(0.257404 0.0232702 0)
(0.264048 0.0292039 0)
(0.234012 0.0615994 0)
(0.269184 0.0673413 0)
(0.266342 0.214815 0)
(0.300003 0.000170162 0)
(0.29982 0.000506268 0)
(0.299536 0.000871143 0)
(0.298987 0.0012565 0)
(0.298393 0.00170329 0)
(0.297411 0.0022054 0)
(0.296501 0.00280661 0)
(0.294941 0.00354144 0)
(0.293716 0.0044087 0)
(0.291299 0.00561198 0)
(0.289822 0.00692413 0)
(0.286042 0.00913842 0)
(0.284575 0.0111805 0)
(0.278591 0.0157953 0)
(0.277969 0.0189107 0)
(0.269056 0.0298179 0)
(0.271418 0.0333057 0)
(0.263203 0.0617461 0)
(0.269563 0.0556207 0)
(0.28438 0.120255 0)
(0.3 0.000241793 0)
(0.299839 0.000731015 0)
(0.29957 0.00124016 0)
(0.299086 0.00179436 0)
(0.298526 0.0023938 0)
(0.297678 0.00309948 0)
(0.296818 0.00386715 0)
(0.295523 0.00486815 0)
(0.294355 0.00591439 0)
(0.292483 0.00749063 0)
(0.291033 0.00896961 0)
(0.28842 0.0117208 0)
(0.286834 0.013807 0)
(0.283456 0.0191051 0)
(0.282194 0.0217636 0)
(0.278913 0.0327756 0)
(0.27912 0.0346786 0)
(0.279587 0.0574701 0)
(0.285008 0.0542933 0)
(0.297613 0.0903368 0)
(0.299998 0.000307036 0)
(0.29986 0.00093297 0)
(0.299611 0.00157398 0)
(0.299197 0.00227431 0)
(0.298684 0.0030117 0)
(0.297973 0.00388261 0)
(0.297192 0.00479783 0)
(0.296154 0.00599219 0)
(0.295102 0.00719339 0)
(0.293713 0.0089898 0)
(0.292427 0.0106148 0)
(0.290726 0.0135552 0)
(0.289367 0.015733 0)
(0.287647 0.0208842 0)
(0.286719 0.023544 0)
(0.285959 0.0328107 0)
(0.286853 0.0351914 0)
(0.289234 0.0505988 0)
(0.29616 0.0517133 0)
(0.304693 0.0683167 0)
(0.299997 0.000365053 0)
(0.299881 0.00110998 0)
(0.29966 0.00186819 0)
(0.299311 0.00269092 0)
(0.298861 0.00354897 0)
(0.298276 0.00454685 0)
(0.297602 0.00558799 0)
(0.296786 0.00690628 0)
(0.295908 0.00823722 0)
(0.294896 0.010118 0)
(0.293888 0.0118712 0)
(0.29281 0.0147296 0)
(0.291893 0.0170347 0)
(0.291108 0.0215436 0)
(0.29086 0.0244215 0)
(0.291163 0.031414 0)
(0.292898 0.0345964 0)
(0.295667 0.0440228 0)
(0.30185 0.047065 0)
(0.309051 0.0543325 0)
(0.299996 0.000415368 0)
(0.2999 0.00126116 0)
(0.299711 0.00212063 0)
(0.299423 0.00304261 0)
(0.299044 0.00400235 0)
(0.298572 0.00509264 0)
(0.29802 0.00623498 0)
(0.297391 0.00762105 0)
(0.296708 0.00904846 0)
(0.295991 0.0109214 0)
(0.295286 0.0127584 0)
(0.294644 0.0154001 0)
(0.294171 0.017772 0)
(0.293954 0.0215384 0)
(0.294256 0.0244995 0)
(0.295107 0.0296056 0)
(0.297158 0.0329984 0)
(0.300066 0.0387957 0)
(0.305124 0.042014 0)
(0.311305 0.045763 0)
(0.299997 0.000457812 0)
(0.299919 0.00138698 0)
(0.299763 0.00233104 0)
(0.29953 0.00333128 0)
(0.299223 0.00437249 0)
(0.298851 0.00552695 0)
(0.29842 0.00674312 0)
(0.297951 0.00815781 0)
(0.297456 0.00964179 0)
(0.296974 0.0114582 0)
(0.296539 0.0133169 0)
(0.296217 0.0157102 0)
(0.296094 0.0180419 0)
(0.296253 0.0211665 0)
(0.29689 0.023989 0)
(0.298044 0.0277867 0)
(0.300107 0.0308957 0)
(0.302951 0.0347087 0)
(0.307079 0.0373748 0)
(0.312149 0.0395581 0)
(0.299997 0.00049254 0)
(0.299935 0.0014889 0)
(0.299811 0.00250101 0)
(0.299628 0.00356125 0)
(0.299389 0.00466391 0)
(0.299106 0.0058605 0)
(0.298787 0.00712358 0)
(0.298453 0.00854144 0)
(0.29812 0.0100434 0)
(0.297828 0.0117825 0)
(0.297611 0.0136052 0)
(0.297527 0.0157655 0)
(0.297651 0.0179667 0)
(0.298052 0.0205886 0)
(0.298868 0.0231321 0)
(0.300154 0.0260625 0)
(0.302109 0.0286911 0)
(0.304722 0.031379 0)
(0.308137 0.0333939 0)
(0.31224 0.0347766 0)
(0.299998 0.000520024 0)
(0.29995 0.00156901 0)
(0.299855 0.00263368 0)
(0.299717 0.00373836 0)
(0.299538 0.00488415 0)
(0.299332 0.00610581 0)
(0.299108 0.00739243 0)
(0.298887 0.00879696 0)
(0.298689 0.010286 0)
(0.298545 0.0119408 0)
(0.298492 0.0136872 0)
(0.298579 0.0156414 0)
(0.298865 0.0176638 0)
(0.299411 0.0198977 0)
(0.300305 0.0221186 0)
(0.301604 0.0244552 0)
(0.303403 0.0266032 0)
(0.30572 0.0285974 0)
(0.308574 0.0300937 0)
(0.311908 0.0310233 0)
(0.299998 0.000540984 0)
(0.299963 0.00162983 0)
(0.299894 0.00273328 0)
(0.299793 0.00386927 0)
(0.299666 0.00504264 0)
(0.299525 0.00627617 0)
(0.29938 0.00756802 0)
(0.299251 0.00894838 0)
(0.299157 0.0104036 0)
(0.299126 0.0119729 0)
(0.299191 0.0136219 0)
(0.299392 0.0153959 0)
(0.299777 0.0172273 0)
(0.300394 0.0191558 0)
(0.301301 0.0210701 0)
(0.302544 0.0229782 0)
(0.304166 0.0247212 0)
(0.306186 0.026253 0)
(0.308579 0.027376 0)
(0.311305 0.0280225 0)
(0.299999 0.000556298 0)
(0.299974 0.00167406 0)
(0.299926 0.00280462 0)
(0.299857 0.0039611 0)
(0.299773 0.00514962 0)
(0.299685 0.00638492 0)
(0.299603 0.00766897 0)
(0.299545 0.00901817 0)
(0.299528 0.0104274 0)
(0.299578 0.0119135 0)
(0.299723 0.0134586 0)
(0.299994 0.0150752 0)
(0.300429 0.0167254 0)
(0.301066 0.0184077 0)
(0.301943 0.0200559 0)
(0.303092 0.0216419 0)
(0.304533 0.023066 0)
(0.306273 0.0242719 0)
(0.308282 0.0251304 0)
(0.310521 0.0255901 0)
(0.299999 0.00056691 0)
(0.299983 0.00170452 0)
(0.299952 0.00285269 0)
(0.299909 0.004021 0)
(0.299859 0.00521528 0)
(0.299811 0.00644496 0)
(0.299777 0.00771273 0)
(0.299771 0.00902691 0)
(0.29981 0.0103849 0)
(0.299914 0.011792 0)
(0.300107 0.0132365 0)
(0.300414 0.0147161 0)
(0.300864 0.0162046 0)
(0.301486 0.0176861 0)
(0.302303 0.0191135 0)
(0.30334 0.0204518 0)
(0.304601 0.0216301 0)
(0.306089 0.0225993 0)
(0.307772 0.0232696 0)
(0.309616 0.0236033 0)
(0.3 0.000573758 0)
(0.29999 0.00172394 0)
(0.299972 0.00288236 0)
(0.299948 0.00405585 0)
(0.299924 0.00524921 0)
(0.299907 0.00646826 0)
(0.299908 0.00771497 0)
(0.299938 0.00899282 0)
(0.300012 0.0102993 0)
(0.300148 0.0116335 0)
(0.300363 0.0129855 0)
(0.30068 0.0143469 0)
(0.301119 0.0156963 0)
(0.301701 0.0170136 0)
(0.302442 0.0182618 0)
(0.303358 0.0194078 0)
(0.304447 0.0203981 0)
(0.305708 0.0211928 0)
(0.307111 0.021728 0)
(0.308629 0.021976 0)
(0.3 0.000577725 0)
(0.299995 0.00173493 0)
(0.299987 0.00289811 0)
(0.299978 0.00407202 0)
(0.299971 0.00526008 0)
(0.299976 0.00646559 0)
(0.299998 0.0076893 0)
(0.300051 0.00893163 0)
(0.300144 0.0101892 0)
(0.300293 0.011458 0)
(0.300513 0.0127283 0)
(0.300819 0.0139892 0)
(0.301227 0.0152216 0)
(0.301754 0.0164055 0)
(0.302408 0.0175102 0)
(0.3032 0.0185066 0)
(0.304127 0.0193534 0)
(0.305183 0.0200185 0)
(0.306344 0.0204557 0)
(0.307588 0.0206445 0)
(0.3 0.000579609 0)
(0.299999 0.00173984 0)
(0.299997 0.00290401 0)
(0.299997 0.00407519 0)
(0.300003 0.00525549 0)
(0.30002 0.00644633 0)
(0.300055 0.0076472 0)
(0.300118 0.00885653 0)
(0.300218 0.01007 0)
(0.300366 0.0112818 0)
(0.300574 0.012482 0)
(0.300855 0.0136589 0)
(0.30122 0.0147951 0)
(0.301679 0.0158716 0)
(0.302241 0.0168627 0)
(0.302911 0.0177432 0)
(0.303683 0.0184805 0)
(0.304554 0.019049 0)
(0.305502 0.0194146 0)
(0.30651 0.0195619 0)
(0.3 0.000580105 0)
(0.300001 0.00174073 0)
(0.300003 0.00290354 0)
(0.300009 0.00407028 0)
(0.300021 0.0052419 0)
(0.300044 0.0064184 0)
(0.300084 0.00759818 0)
(0.300148 0.00877831 0)
(0.300243 0.00995362 0)
(0.300379 0.0111173 0)
(0.300564 0.0122593 0)
(0.300809 0.0133677 0)
(0.30112 0.0144264 0)
(0.301506 0.015418 0)
(0.301972 0.0163203 0)
(0.302521 0.0171118 0)
(0.303148 0.0177662 0)
(0.303849 0.0182627 0)
(0.304607 0.0185758 0)
(0.305409 0.0186935 0)
(0.3 0.000579796 0)
(0.300002 0.00173932 0)
(0.300006 0.00289962 0)
(0.300014 0.00406139 0)
(0.300028 0.00522461 0)
(0.300051 0.00638826 0)
(0.300089 0.00754985 0)
(0.300147 0.00870552 0)
(0.30023 0.00984942 0)
(0.300345 0.0109741 0)
(0.300499 0.0120695 0)
(0.300699 0.0131239 0)
(0.30095 0.0141222 0)
(0.301258 0.0150483 0)
(0.301627 0.0158829 0)
(0.302058 0.0166071 0)
(0.302547 0.0171994 0)
(0.30309 0.0176427 0)
(0.303675 0.0179172 0)
(0.304293 0.0180143 0)
(0.3 0.000579148 0)
(0.300002 0.00173702 0)
(0.300006 0.00289459 0)
(0.300014 0.00405177 0)
(0.300026 0.00520783 0)
(0.300046 0.006361 0)
(0.300077 0.00750812 0)
(0.300123 0.00864466 0)
(0.300187 0.00976434 0)
(0.300276 0.0108593 0)
(0.300392 0.0119195 0)
(0.300541 0.0129333 0)
(0.300728 0.0138866 0)
(0.300956 0.0147644 0)
(0.301228 0.0155491 0)
(0.301543 0.0162243 0)
(0.3019 0.0167711 0)
(0.302297 0.0171756 0)
(0.302724 0.0174213 0)
(0.303173 0.0175035 0)
(0.3 0.00057852 0)
(0.300001 0.0017349 0)
(0.300005 0.00289023 0)
(0.30001 0.00404392 0)
(0.300019 0.00519472 0)
(0.300032 0.00634037 0)
(0.300053 0.00747723 0)
(0.300083 0.00860032 0)
(0.300125 0.00970301 0)
(0.300183 0.0107772 0)
(0.300258 0.0118128 0)
(0.300355 0.0127983 0)
(0.300476 0.0137201 0)
(0.300624 0.0145638 0)
(0.3008 0.0153136 0)
(0.301006 0.0159536 0)
(0.30124 0.0164683 0)
(0.301501 0.0168433 0)
(0.301785 0.0170674 0)
(0.302086 0.0171304 0)
(0.3 0.000578151 0)
(0.300001 0.00173367 0)
(0.300002 0.00288773 0)
(0.300004 0.00403947 0)
(0.300008 0.00518733 0)
(0.300015 0.00632876 0)
(0.300025 0.00745982 0)
(0.300039 0.0085752 0)
(0.30006 0.009668 0)
(0.300089 0.0107299 0)
(0.300127 0.0117506 0)
(0.300178 0.0127185 0)
(0.300241 0.0136204 0)
(0.300321 0.014442 0)
(0.300418 0.0151679 0)
(0.300534 0.0157834 0)
(0.300668 0.0162737 0)
(0.300822 0.0166267 0)
(0.300992 0.0168308 0)
(0.30119 0.0168807 0)
(0.30001 -0.000200363 0)
(0.299795 -0.000581369 0)
(0.2995 -0.000994717 0)
(0.298862 -0.00138818 0)
(0.29824 -0.00184681 0)
(0.297082 -0.00227284 0)
(0.296124 -0.00282432 0)
(0.294231 -0.00332341 0)
(0.292923 -0.00404843 0)
(0.289867 -0.00471221 0)
(0.288218 -0.00575654 0)
(0.283125 -0.00684295 0)
(0.281197 -0.00848501 0)
(0.272168 -0.0108332 0)
(0.270152 -0.013701 0)
(0.252736 -0.0204484 0)
(0.251145 -0.0267618 0)
(0.213808 -0.0514008 0)
(0.212252 -0.0788366 0)
(0.110206 -0.169263 0)
(0.300011 -0.000173809 0)
(0.299793 -0.000505999 0)
(0.299497 -0.000863191 0)
(0.298852 -0.00120442 0)
(0.298228 -0.00159614 0)
(0.297054 -0.00196205 0)
(0.29609 -0.00242521 0)
(0.29417 -0.00284781 0)
(0.292845 -0.00344461 0)
(0.289746 -0.00399851 0)
(0.288036 -0.00483971 0)
(0.282888 -0.00574045 0)
(0.280731 -0.00703195 0)
(0.271685 -0.00899579 0)
(0.268762 -0.0112044 0)
(0.251562 -0.0169465 0)
(0.246067 -0.0219326 0)
(0.209539 -0.0429761 0)
(0.189492 -0.0637953 0)
(0.0941225 -0.127729 0)
(0.300011 -0.000146926 0)
(0.299791 -0.000430393 0)
(0.299495 -0.000730325 0)
(0.298844 -0.00101967 0)
(0.298218 -0.0013427 0)
(0.297034 -0.00164921 0)
(0.296064 -0.00202075 0)
(0.294127 -0.0023678 0)
(0.292784 -0.00283056 0)
(0.28966 -0.00327398 0)
(0.287892 -0.0039029 0)
(0.282723 -0.00460645 0)
(0.280357 -0.00553636 0)
(0.271357 -0.0070497 0)
(0.267622 -0.00858753 0)
(0.250754 -0.0130009 0)
(0.241907 -0.0165235 0)
(0.206543 -0.0324363 0)
(0.172945 -0.0472623 0)
(0.0829711 -0.0887035 0)
(0.300012 -0.000120032 0)
(0.29979 -0.000354437 0)
(0.299494 -0.000596941 0)
(0.298839 -0.000833961 0)
(0.298212 -0.00108815 0)
(0.297022 -0.00133421 0)
(0.296047 -0.00161426 0)
(0.2941 -0.00188296 0)
(0.292745 -0.00221308 0)
(0.289607 -0.00253776 0)
(0.287796 -0.00296046 0)
(0.282622 -0.00344062 0)
(0.280098 -0.00402986 0)
(0.271162 -0.00500451 0)
(0.266821 -0.00592462 0)
(0.250255 -0.00870082 0)
(0.239007 -0.0107768 0)
(0.204481 -0.0206875 0)
(0.162396 -0.0297723 0)
(0.0758292 -0.0534185 0)
(0.300012 -9.31153e-05 0)
(0.29979 -0.000278262 0)
(0.299493 -0.000463283 0)
(0.298838 -0.000647713 0)
(0.298209 -0.000833016 0)
(0.297018 -0.00101796 0)
(0.296041 -0.00120672 0)
(0.294089 -0.00139529 0)
(0.292727 -0.00159384 0)
(0.289586 -0.0017945 0)
(0.287751 -0.00201532 0)
(0.282582 -0.00225533 0)
(0.279973 -0.0025184 0)
(0.271084 -0.00289831 0)
(0.266419 -0.00323557 0)
(0.250048 -0.00418566 0)
(0.237518 -0.00481075 0)
(0.203455 -0.00830718 0)
(0.157098 -0.0114071 0)
(0.072174 -0.0204017 0)
(0.300012 -6.61926e-05 0)
(0.29979 -0.000202056 0)
(0.299494 -0.0003296 0)
(0.298839 -0.000461397 0)
(0.298211 -0.000577812 0)
(0.29702 -0.000701505 0)
(0.296044 -0.000798993 0)
(0.294095 -0.000906994 0)
(0.292733 -0.000974246 0)
(0.289595 -0.00104941 0)
(0.287761 -0.00106964 0)
(0.282598 -0.00106444 0)
(0.27999 -0.00100643 0)
(0.271118 -0.000772857 0)
(0.266446 -0.000541047 0)
(0.250132 0.00040405 0)
(0.237498 0.00123262 0)
(0.203585 0.00430983 0)
(0.156573 0.00732497 0)
(0.0717329 0.0117968 0)
(0.300011 -3.93141e-05 0)
(0.299791 -0.000125997 0)
(0.299495 -0.000196187 0)
(0.298843 -0.000275473 0)
(0.298216 -0.00032313 0)
(0.297031 -0.00038583 0)
(0.296057 -0.000392119 0)
(0.294116 -0.000420214 0)
(0.292762 -0.000355959 0)
(0.289635 -0.000307552 0)
(0.287826 -0.000126165 0)
(0.28267 0.000118457 0)
(0.28015 0.000500311 0)
(0.271261 0.00133012 0)
(0.266903 0.00213345 0)
(0.250507 0.00493015 0)
(0.238956 0.00719187 0)
(0.204904 0.0168108 0)
(0.160779 0.0258909 0)
(0.0744884 0.0444672 0)
(0.300011 -1.24991e-05 0)
(0.299793 -5.02618e-05 0)
(0.299497 -6.32937e-05 0)
(0.29885 -9.03873e-05 0)
(0.298224 -6.94582e-05 0)
(0.297049 -7.19532e-05 0)
(0.296079 1.30621e-05 0)
(0.294154 6.28357e-05 0)
(0.292813 0.000259714 0)
(0.289706 0.000425805 0)
(0.287943 0.000813182 0)
(0.282802 0.00127937 0)
(0.280444 0.001998 0)
(0.271521 0.00336818 0)
(0.267763 0.00476815 0)
(0.251176 0.00925065 0)
(0.241857 0.0129285 0)
(0.20735 0.0288423 0)
(0.170123 0.043824 0)
(0.0806947 0.0789665 0)
(0.30001 1.43112e-05 0)
(0.299795 2.50373e-05 0)
(0.299499 6.88852e-05 0)
(0.29886 9.34357e-05 0)
(0.298236 0.000182701 0)
(0.297075 0.00023925 0)
(0.296111 0.000415606 0)
(0.294209 0.000540249 0)
(0.292885 0.000871142 0)
(0.289811 0.00114614 0)
(0.288106 0.00174563 0)
(0.282998 0.00240609 0)
(0.280855 0.00348118 0)
(0.271909 0.00530263 0)
(0.268973 0.00734258 0)
(0.252158 0.0132181 0)
(0.246096 0.0183235 0)
(0.210884 0.039886 0)
(0.185428 0.0613128 0)
(0.0909807 0.117056 0)
(0.300009 4.07311e-05 0)
(0.299797 9.99869e-05 0)
(0.299502 0.000199381 0)
(0.298873 0.00027592 0)
(0.298252 0.000431393 0)
(0.297109 0.000547934 0)
(0.296151 0.000811681 0)
(0.294281 0.00101265 0)
(0.292974 0.00147052 0)
(0.289952 0.00185496 0)
(0.288308 0.00265483 0)
(0.283265 0.00350038 0)
(0.281356 0.00491391 0)
(0.272446 0.0071255 0)
(0.270445 0.00976413 0)
(0.253512 0.0167227 0)
(0.251405 0.0229906 0)
(0.215965 0.0488488 0)
(0.207647 0.0785207 0)
(0.107367 0.160898 0)
)
;

boundaryField
{
    inlet
    {
        type            fixedValue;
        value           uniform (0.3 0 0);
    }
    outlet
    {
        type            zeroGradient;
    }
    upAndBottom
    {
        type            empty;
    }
    obstacle
    {
        type            noSlip;
    }
}


// ************************************************************************* //
