/*--------------------------------*- C++ -*----------------------------------*\
| =========                 |                                                 |
| \\      /  F ield         | OpenFOAM: The Open Source CFD Toolbox           |
|  \\    /   O peration     | Version:  v1806                                 |
|   \\  /    A nd           | Web:      www.OpenFOAM.com                      |
|    \\/     M anipulation  |                                                 |
\*---------------------------------------------------------------------------*/
FoamFile
{
    version     2.0;
    format      ascii;
    class       volVectorField;
    location    "260";
    object      U;
}
// * * * * * * * * * * * * * * * * * * * * * * * * * * * * * * * * * * * * * //

dimensions      [0 1 -1 0 0 0 0];


internalField   nonuniform List<vector> 
2400
(
(0.300076 5.46633e-05 0)
(0.299901 -0.00176569 0)
(0.30009 -0.00130398 0)
(0.299812 -0.00373161 0)
(0.300054 -0.00296301 0)
(0.299636 -0.00632988 0)
(0.299944 -0.00521185 0)
(0.299322 -0.00994736 0)
(0.299715 -0.00849579 0)
(0.2988 -0.0151608 0)
(0.299284 -0.013421 0)
(0.297966 -0.0226132 0)
(0.298532 -0.0208099 0)
(0.296683 -0.0329662 0)
(0.297287 -0.0315558 0)
(0.294853 -0.0461727 0)
(0.295437 -0.0460531 0)
(0.292749 -0.0601674 0)
(0.293207 -0.0624461 0)
(0.291748 -0.0697977 0)
(0.300076 5.62887e-05 0)
(0.2999 -0.00176029 0)
(0.300065 -0.00129514 0)
(0.299773 -0.00371782 0)
(0.299977 -0.00294 0)
(0.299536 -0.00630329 0)
(0.299787 -0.00516479 0)
(0.299122 -0.0099036 0)
(0.299435 -0.00840744 0)
(0.298444 -0.0150932 0)
(0.298822 -0.0132607 0)
(0.297369 -0.0225186 0)
(0.297814 -0.0205275 0)
(0.295735 -0.0328513 0)
(0.296266 -0.031086 0)
(0.293465 -0.0460784 0)
(0.294241 -0.0453967 0)
(0.291037 -0.060163 0)
(0.29239 -0.0619361 0)
(0.290598 -0.0698845 0)
(0.300076 5.57416e-05 0)
(0.299904 -0.00174706 0)
(0.300033 -0.00128285 0)
(0.299728 -0.00369005 0)
(0.299872 -0.002908 0)
(0.299406 -0.00625617 0)
(0.299566 -0.00509992 0)
(0.298855 -0.00983258 0)
(0.29904 -0.00828586 0)
(0.297962 -0.0149937 0)
(0.298175 -0.0130411 0)
(0.29656 -0.0223956 0)
(0.296828 -0.020146 0)
(0.294473 -0.0327373 0)
(0.294901 -0.0304701 0)
(0.291679 -0.0460762 0)
(0.292681 -0.044574 0)
(0.288922 -0.060437 0)
(0.291305 -0.0613659 0)
(0.289122 -0.0703334 0)
(0.300074 5.24548e-05 0)
(0.29991 -0.0017243 0)
(0.299998 -0.0012686 0)
(0.299685 -0.0036463 0)
(0.299757 -0.00286936 0)
(0.299274 -0.00618632 0)
(0.299319 -0.00502086 0)
(0.298573 -0.0097322 0)
(0.298595 -0.00813647 0)
(0.297444 -0.0148606 0)
(0.297449 -0.0127698 0)
(0.295689 -0.0222434 0)
(0.295736 -0.0196758 0)
(0.293112 -0.0326215 0)
(0.293411 -0.02972 0)
(0.289759 -0.0461548 0)
(0.290989 -0.0435855 0)
(0.286645 -0.0609654 0)
(0.290115 -0.0606992 0)
(0.287419 -0.0711392 0)
(0.300072 4.64427e-05 0)
(0.299917 -0.00169185 0)
(0.299963 -0.0012526 0)
(0.299645 -0.00358544 0)
(0.299638 -0.00282354 0)
(0.299146 -0.00609079 0)
(0.299061 -0.00492625 0)
(0.298297 -0.00959667 0)
(0.298127 -0.00795719 0)
(0.296931 -0.014684 0)
(0.296684 -0.0124439 0)
(0.294819 -0.022046 0)
(0.29459 -0.0191143 0)
(0.291739 -0.0324795 0)
(0.291864 -0.0288346 0)
(0.28779 -0.0462787 0)
(0.289236 -0.0424309 0)
(0.284252 -0.0617157 0)
(0.288863 -0.0599208 0)
(0.285492 -0.0723374 0)
(0.300072 3.75181e-05 0)
(0.299923 -0.00164955 0)
(0.29993 -0.00123534 0)
(0.299606 -0.00350669 0)
(0.299519 -0.00277131 0)
(0.299023 -0.00596737 0)
(0.2988 -0.00481769 0)
(0.298032 -0.0094213 0)
(0.297645 -0.00775159 0)
(0.296443 -0.0144551 0)
(0.29589 -0.0120701 0)
(0.293987 -0.0217902 0)
(0.293396 -0.0184715 0)
(0.290408 -0.0322933 0)
(0.290258 -0.0278253 0)
(0.28582 -0.0464259 0)
(0.287432 -0.0411178 0)
(0.281741 -0.0626708 0)
(0.287565 -0.0590184 0)
(0.283318 -0.073984 0)
(0.300078 2.55794e-05 0)
(0.299923 -0.00159723 0)
(0.299902 -0.00121743 0)
(0.299562 -0.0034094 0)
(0.299408 -0.00271416 0)
(0.298899 -0.00581434 0)
(0.298543 -0.00469849 0)
(0.297776 -0.00920194 0)
(0.297159 -0.00752641 0)
(0.295982 -0.0141654 0)
(0.295071 -0.0116604 0)
(0.293212 -0.0214616 0)
(0.292141 -0.0177633 0)
(0.289162 -0.0320449 0)
(0.288554 -0.0267055 0)
(0.283905 -0.0465797 0)
(0.285542 -0.0396444 0)
(0.279108 -0.0638189 0)
(0.286246 -0.0579732 0)
(0.280857 -0.0761424 0)
(0.300093 1.06219e-05 0)
(0.299912 -0.00153498 0)
(0.299887 -0.00119931 0)
(0.299505 -0.00329329 0)
(0.299311 -0.00265346 0)
(0.298765 -0.00563033 0)
(0.298302 -0.00457202 0)
(0.297519 -0.00893461 0)
(0.296684 -0.00728907 0)
(0.29554 -0.0138051 0)
(0.294239 -0.0112295 0)
(0.292497 -0.0210413 0)
(0.290817 -0.0170102 0)
(0.288031 -0.0317092 0)
(0.286693 -0.0254929 0)
(0.282122 -0.0467217 0)
(0.283471 -0.0380011 0)
(0.276392 -0.0651604 0)
(0.284929 -0.0567559 0)
(0.278016 -0.0788701 0)
(0.300121 -6.72384e-06 0)
(0.299883 -0.00146318 0)
(0.299892 -0.00118093 0)
(0.299428 -0.00315865 0)
(0.299242 -0.00258997 0)
(0.298608 -0.00541484 0)
(0.298097 -0.0044409 0)
(0.29724 -0.00861633 0)
(0.296245 -0.00704629 0)
(0.295091 -0.0133648 0)
(0.293424 -0.0107933 0)
(0.291815 -0.0205056 0)
(0.28944 -0.0162397 0)
(0.287018 -0.0312485 0)
(0.284626 -0.0242166 0)
(0.280556 -0.0468221 0)
(0.281057 -0.0361798 0)
(0.273724 -0.0667161 0)
(0.283586 -0.0553088 0)
(0.27463 -0.0822139 0)
(0.300166 -2.57015e-05 0)
(0.299831 -0.00138282 0)
(0.299922 -0.00116168 0)
(0.29932 -0.00300666 0)
(0.299213 -0.00252345 0)
(0.29841 -0.00516874 0)
(0.297948 -0.00430612 0)
(0.296913 -0.00824626 0)
(0.29588 -0.00680247 0)
(0.294594 -0.0128381 0)
(0.292682 -0.0103649 0)
(0.291109 -0.0198304 0)
(0.288071 -0.0154848 0)
(0.286066 -0.0306077 0)
(0.282353 -0.0229234 0)
(0.279244 -0.0468235 0)
(0.278091 -0.0341938 0)
(0.271349 -0.0685256 0)
(0.282024 -0.0535227 0)
(0.270506 -0.0862406 0)
(0.300231 -4.54547e-05 0)
(0.299751 -0.00129552 0)
(0.299984 -0.0011403 0)
(0.299172 -0.00283951 0)
(0.299234 -0.00245244 0)
(0.298158 -0.00489482 0)
(0.297878 -0.00416646 0)
(0.29651 -0.0078269 0)
(0.29563 -0.00655807 0)
(0.293996 -0.0122237 0)
(0.292089 -0.00995134 0)
(0.290291 -0.0189989 0)
(0.286829 -0.0147776 0)
(0.285049 -0.0297172 0)
(0.27998 -0.0216798 0)
(0.278104 -0.046619 0)
(0.274412 -0.0321054 0)
(0.26957 -0.070616 0)
(0.279756 -0.0512346 0)
(0.265616 -0.0911219 0)
(0.300316 -6.45099e-05 0)
(0.299641 -0.00120329 0)
(0.30008 -0.00111491 0)
(0.298982 -0.00266039 0)
(0.299313 -0.00237424 0)
(0.297842 -0.00459779 0)
(0.297903 -0.00401818 0)
(0.296011 -0.00736471 0)
(0.295533 -0.00630853 0)
(0.293251 -0.0115284 0)
(0.291726 -0.00954972 0)
(0.289259 -0.0180083 0)
(0.285876 -0.0141333 0)
(0.283773 -0.0285187 0)
(0.277754 -0.0205647 0)
(0.276867 -0.0460319 0)
(0.270063 -0.0300525 0)
(0.268539 -0.0729232 0)
(0.275957 -0.0482781 0)
(0.260448 -0.0972656 0)
(0.300419 -8.13771e-05 0)
(0.299505 -0.0011084 0)
(0.300208 -0.00108332 0)
(0.298751 -0.00247309 0)
(0.299448 -0.00228535 0)
(0.297464 -0.00428387 0)
(0.298026 -0.0038555 0)
(0.295409 -0.00686972 0)
(0.295605 -0.00604435 0)
(0.292333 -0.0107672 0)
(0.291651 -0.00914592 0)
(0.287931 -0.0168755 0)
(0.285377 -0.0135389 0)
(0.282026 -0.026993 0)
(0.276043 -0.0196424 0)
(0.275071 -0.0448312 0)
(0.265466 -0.0282471 0)
(0.267955 -0.075179 0)
(0.269672 -0.044615 0)
(0.256321 -0.105431 0)
(0.300534 -9.47085e-05 0)
(0.299349 -0.00101302 0)
(0.300359 -0.00104345 0)
(0.298492 -0.00228141 0)
(0.299628 -0.00218213 0)
(0.297038 -0.00395981 0)
(0.298233 -0.00367177 0)
(0.294724 -0.00635399 0)
(0.295833 -0.00575287 0)
(0.291257 -0.00996162 0)
(0.29187 -0.00871601 0)
(0.286288 -0.0156358 0)
(0.285427 -0.0129538 0)
(0.279653 -0.025176 0)
(0.275232 -0.0189038 0)
(0.272188 -0.0428474 0)
(0.261488 -0.0269214 0)
(0.26681 -0.0768229 0)
(0.260405 -0.0405398 0)
(0.25522 -0.116736 0)
(0.300654 -0.000103547 0)
(0.299185 -0.000918826 0)
(0.300521 -0.000993843 0)
(0.298221 -0.00208849 0)
(0.299832 -0.00206182 0)
(0.296592 -0.00363152 0)
(0.29849 -0.00346125 0)
(0.293997 -0.00582903 0)
(0.296169 -0.00542158 0)
(0.290084 -0.00913498 0)
(0.29232 -0.00823187 0)
(0.284403 -0.014337 0)
(0.285987 -0.0123158 0)
(0.276665 -0.0231562 0)
(0.275527 -0.0182324 0)
(0.267851 -0.0401027 0)
(0.259221 -0.0262167 0)
(0.263471 -0.0770158 0)
(0.249004 -0.0368574 0)
(0.258633 -0.132364 0)
(0.300769 -0.000107517 0)
(0.299027 -0.000826693 0)
(0.300677 -0.000934047 0)
(0.297961 -0.00189612 0)
(0.300033 -0.00192334 0)
(0.296162 -0.00330275 0)
(0.298753 -0.00322098 0)
(0.29329 -0.00530304 0)
(0.296534 -0.00504214 0)
(0.288917 -0.00830621 0)
(0.292868 -0.00766992 0)
(0.282448 -0.0130254 0)
(0.286853 -0.0115588 0)
(0.273302 -0.0210471 0)
(0.276762 -0.0174525 0)
(0.262107 -0.0368029 0)
(0.259406 -0.0260412 0)
(0.2563 -0.074944 0)
(0.238327 -0.0348629 0)
(0.26554 -0.152474 0)
(0.30087 -0.000106862 0)
(0.298888 -0.000736552 0)
(0.300813 -0.000864886 0)
(0.297733 -0.00170442 0)
(0.300204 -0.00176786 0)
(0.295786 -0.00297427 0)
(0.298973 -0.00295217 0)
(0.292669 -0.00477862 0)
(0.29684 -0.00461394 0)
(0.28788 -0.00748399 0)
(0.293348 -0.00702053 0)
(0.280659 -0.0117302 0)
(0.287701 -0.0106365 0)
(0.270016 -0.0189492 0)
(0.278355 -0.0163832 0)
(0.255621 -0.0332622 0)
(0.261739 -0.0259106 0)
(0.244675 -0.0704944 0)
(0.232634 -0.0358941 0)
(0.271028 -0.174694 0)
(0.300952 -0.00010244 0)
(0.298777 -0.000647145 0)
(0.300916 -0.000788675 0)
(0.297554 -0.00151158 0)
(0.300324 -0.00159923 0)
(0.295493 -0.00264329 0)
(0.299113 -0.00266093 0)
(0.292187 -0.00425164 0)
(0.297017 -0.00414613 0)
(0.28708 -0.00666319 0)
(0.29361 -0.00629465 0)
(0.279265 -0.0104513 0)
(0.288192 -0.00954656 0)
(0.267341 -0.0169051 0)
(0.279489 -0.0149101 0)
(0.249635 -0.029772 0)
(0.264562 -0.0250516 0)
(0.229995 -0.0645442 0)
(0.234402 -0.0403613 0)
(0.26703 -0.194744 0)
(0.30101 -9.58457e-05 0)
(0.2987 -0.000556227 0)
(0.30098 -0.000708849 0)
(0.297433 -0.00131436 0)
(0.300385 -0.00142324 0)
(0.295296 -0.00230445 0)
(0.299156 -0.00235706 0)
(0.291872 -0.00371285 0)
(0.297026 -0.0036556 0)
(0.286571 -0.00582725 0)
(0.293572 -0.00552175 0)
(0.278405 -0.00915941 0)
(0.288107 -0.00833678 0)
(0.265681 -0.0148754 0)
(0.279468 -0.0130622 0)
(0.245508 -0.0264033 0)
(0.265431 -0.0229766 0)
(0.216032 -0.0581175 0)
(0.239178 -0.0465508 0)
(0.244728 -0.207281 0)
(0.301046 -8.79035e-05 0)
(0.298655 -0.000464373 0)
(0.301009 -0.000625549 0)
(0.297365 -0.00111315 0)
(0.30039 -0.00124148 0)
(0.29519 -0.00195739 0)
(0.299108 -0.00204488 0)
(0.291713 -0.0031592 0)
(0.29688 -0.00315306 0)
(0.286343 -0.00496574 0)
(0.293245 -0.00472802 0)
(0.278074 -0.00782406 0)
(0.287434 -0.00707256 0)
(0.265116 -0.0127758 0)
(0.278075 -0.0109932 0)
(0.243949 -0.0229711 0)
(0.262573 -0.0197397 0)
(0.207615 -0.0515877 0)
(0.235104 -0.0500143 0)
(0.197017 -0.199732 0)
(0.291913 -0.0724754 0)
(0.292405 -0.0726928 0)
(0.292898 -0.0720171 0)
(0.293361 -0.0710486 0)
(0.293846 -0.0698616 0)
(0.29434 -0.0684968 0)
(0.294789 -0.067086 0)
(0.295175 -0.0657723 0)
(0.295504 -0.0646165 0)
(0.295789 -0.0636431 0)
(0.291722 -0.0726894 0)
(0.292824 -0.072952 0)
(0.293577 -0.0723304 0)
(0.294146 -0.0713838 0)
(0.294709 -0.07018 0)
(0.295237 -0.0687826 0)
(0.295651 -0.0673347 0)
(0.295962 -0.0659861 0)
(0.296206 -0.0647984 0)
(0.296419 -0.0637995 0)
(0.291396 -0.0731901 0)
(0.293172 -0.0733748 0)
(0.29422 -0.0727328 0)
(0.294934 -0.0717537 0)
(0.295603 -0.0704805 0)
(0.29618 -0.0690084 0)
(0.296572 -0.0675005 0)
(0.296826 -0.0661124 0)
(0.297006 -0.0648978 0)
(0.297173 -0.0638945 0)
(0.291076 -0.0739714 0)
(0.293549 -0.0739726 0)
(0.294874 -0.0732573 0)
(0.295737 -0.0722031 0)
(0.296518 -0.0708154 0)
(0.297147 -0.0692323 0)
(0.297525 -0.0676462 0)
(0.297749 -0.0662145 0)
(0.2979 -0.0649787 0)
(0.298063 -0.0639778 0)
(0.290832 -0.0750452 0)
(0.294008 -0.0747605 0)
(0.295559 -0.0739185 0)
(0.29657 -0.0727369 0)
(0.297478 -0.071187 0)
(0.298172 -0.0694629 0)
(0.298571 -0.0677892 0)
(0.298813 -0.0663156 0)
(0.298982 -0.065064 0)
(0.299171 -0.0640678 0)
(0.290714 -0.0764137 0)
(0.294566 -0.0757458 0)
(0.296278 -0.07472 0)
(0.297449 -0.073354 0)
(0.29853 -0.0716011 0)
(0.299345 -0.0697192 0)
(0.299832 -0.0679578 0)
(0.300151 -0.0664425 0)
(0.300366 -0.0651692 0)
(0.300546 -0.0641578 0)
(0.290737 -0.0780593 0)
(0.295212 -0.0769392 0)
(0.297038 -0.0756742 0)
(0.298442 -0.0740718 0)
(0.299807 -0.072089 0)
(0.300845 -0.0700438 0)
(0.301499 -0.0681903 0)
(0.301907 -0.066611 0)
(0.302096 -0.065274 0)
(0.302071 -0.0641799 0)
(0.290885 -0.0799645 0)
(0.295935 -0.0783671 0)
(0.29793 -0.0768236 0)
(0.29975 -0.074946 0)
(0.301576 -0.0727137 0)
(0.302936 -0.0704879 0)
(0.30375 -0.0684989 0)
(0.30409 -0.066775 0)
(0.303949 -0.0652648 0)
(0.30325 -0.0639525 0)
(0.291166 -0.0821494 0)
(0.296835 -0.0801017 0)
(0.299239 -0.0782699 0)
(0.301767 -0.0760759 0)
(0.304203 -0.0735418 0)
(0.305828 -0.0710532 0)
(0.306526 -0.0687952 0)
(0.306303 -0.0667505 0)
(0.30516 -0.0648693 0)
(0.302973 -0.063136 0)
(0.29175 -0.0847225 0)
(0.298286 -0.0823127 0)
(0.301529 -0.0801811 0)
(0.305006 -0.0775555 0)
(0.30792 -0.0745522 0)
(0.309331 -0.0715829 0)
(0.309142 -0.0687881 0)
(0.307381 -0.0661389 0)
(0.30415 -0.0636174 0)
(0.299366 -0.0612346 0)
(0.293187 -0.0879468 0)
(0.301039 -0.0852815 0)
(0.305494 -0.0827102 0)
(0.309719 -0.0793294 0)
(0.312317 -0.0754771 0)
(0.312334 -0.0716276 0)
(0.309859 -0.0679027 0)
(0.305125 -0.0643064 0)
(0.298441 -0.0608796 0)
(0.289905 -0.0576798 0)
(0.296517 -0.0922388 0)
(0.306002 -0.0892726 0)
(0.311393 -0.085766 0)
(0.315161 -0.0809596 0)
(0.315647 -0.0756335 0)
(0.312301 -0.0703691 0)
(0.305654 -0.0652979 0)
(0.296348 -0.060481 0)
(0.284975 -0.0560217 0)
(0.271939 -0.0520149 0)
(0.302978 -0.0979711 0)
(0.313413 -0.0941919 0)
(0.318008 -0.0886694 0)
(0.318716 -0.0814079 0)
(0.314323 -0.0738669 0)
(0.305187 -0.0667077 0)
(0.292534 -0.060058 0)
(0.277513 -0.0540041 0)
(0.260981 -0.048678 0)
(0.243645 -0.0441514 0)
(0.312996 -0.105044 0)
(0.321468 -0.0991334 0)
(0.321599 -0.0898726 0)
(0.315454 -0.0790285 0)
(0.303081 -0.0687569 0)
(0.286151 -0.0595951 0)
(0.266632 -0.0515771 0)
(0.246049 -0.0447117 0)
(0.225318 -0.0390767 0)
(0.205214 -0.0346011 0)
(0.324651 -0.112382 0)
(0.325064 -0.102084 0)
(0.315659 -0.0870057 0)
(0.298739 -0.0719686 0)
(0.276286 -0.0591552 0)
(0.251307 -0.0485995 0)
(0.226121 -0.0400694 0)
(0.202116 -0.0333212 0)
(0.179833 -0.0282486 0)
(0.159647 -0.0245122 0)
(0.332442 -0.117339 0)
(0.315741 -0.0999533 0)
(0.292182 -0.0774921 0)
(0.262288 -0.059023 0)
(0.230549 -0.0449962 0)
(0.200381 -0.0345732 0)
(0.173382 -0.0269861 0)
(0.149943 -0.0215392 0)
(0.129732 -0.0178518 0)
(0.112339 -0.0153395 0)
(0.32723 -0.115165 0)
(0.283374 -0.0891216 0)
(0.244646 -0.0598631 0)
(0.203801 -0.0408205 0)
(0.168291 -0.0281673 0)
(0.139163 -0.0200401 0)
(0.115867 -0.0148535 0)
(0.0972117 -0.0114955 0)
(0.0820083 -0.00947498 0)
(0.0692053 -0.00823502 0)
(0.297481 -0.0996945 0)
(0.219691 -0.066739 0)
(0.172797 -0.0353796 0)
(0.129703 -0.0209161 0)
(0.100229 -0.0126687 0)
(0.0790505 -0.00840651 0)
(0.0636209 -0.00602594 0)
(0.0519009 -0.00459503 0)
(0.0426606 -0.00387552 0)
(0.0346684 -0.0035989 0)
(0.231328 -0.0659014 0)
(0.124687 -0.0340556 0)
(0.0885547 -0.00995754 0)
(0.0572735 -0.0053638 0)
(0.0421053 -0.00260056 0)
(0.0316407 -0.00173212 0)
(0.0245169 -0.00123008 0)
(0.0192055 -0.000921147 0)
(0.0151304 -0.00087857 0)
(0.0110707 -0.00100016 0)
(0.114288 -0.0336637 0)
(0.0192659 -0.00840534 0)
(0.0174786 0.000869433 0)
(0.00707561 4.28898e-05 0)
(0.00545573 0.00030151 0)
(0.00339563 0.000130587 0)
(0.0022151 9.7529e-05 0)
(0.00128372 8.6436e-05 0)
(0.000745843 1.29596e-07 0)
(-0.000500535 -0.000411472 0)
(0.29597 -0.0631039 0)
(0.296061 -0.0628447 0)
(0.296147 -0.0626062 0)
(0.296231 -0.0623877 0)
(0.296314 -0.062188 0)
(0.296398 -0.0620061 0)
(0.296482 -0.061841 0)
(0.296566 -0.0616915 0)
(0.296651 -0.0615566 0)
(0.296735 -0.0614351 0)
(0.296821 -0.0613263 0)
(0.296906 -0.0612288 0)
(0.296991 -0.0611423 0)
(0.297075 -0.0610649 0)
(0.297158 -0.060998 0)
(0.297237 -0.0609375 0)
(0.297314 -0.0608889 0)
(0.297386 -0.0608422 0)
(0.297445 -0.0608137 0)
(0.297515 -0.0607775 0)
(0.296555 -0.0632551 0)
(0.296626 -0.0629971 0)
(0.2967 -0.0627604 0)
(0.296775 -0.0625432 0)
(0.296851 -0.0623447 0)
(0.296929 -0.062164 0)
(0.297009 -0.0620003 0)
(0.297091 -0.0618522 0)
(0.297173 -0.0617187 0)
(0.297256 -0.0615982 0)
(0.297339 -0.0614898 0)
(0.297421 -0.0613918 0)
(0.297501 -0.0613039 0)
(0.297575 -0.0612233 0)
(0.297648 -0.0611522 0)
(0.297707 -0.0610835 0)
(0.297767 -0.0610279 0)
(0.297801 -0.0609639 0)
(0.29784 -0.060928 0)
(0.297841 -0.0608539 0)
(0.297289 -0.0633516 0)
(0.297353 -0.0630934 0)
(0.297421 -0.0628574 0)
(0.297492 -0.0626421 0)
(0.297566 -0.0624463 0)
(0.297641 -0.0622686 0)
(0.297717 -0.0621075 0)
(0.297794 -0.0619614 0)
(0.29787 -0.0618288 0)
(0.297943 -0.0617078 0)
(0.298013 -0.061597 0)
(0.298075 -0.0614943 0)
(0.298131 -0.0613995 0)
(0.298171 -0.0613083 0)
(0.298205 -0.0612247 0)
(0.298209 -0.0611373 0)
(0.298217 -0.0610641 0)
(0.298157 -0.0609684 0)
(0.298148 -0.0609146 0)
(0.297976 -0.0607853 0)
(0.298176 -0.0634409 0)
(0.298238 -0.0631867 0)
(0.298304 -0.062955 0)
(0.298371 -0.0627437 0)
(0.298437 -0.062551 0)
(0.298501 -0.0623749 0)
(0.298561 -0.0622135 0)
(0.298615 -0.0620646 0)
(0.298661 -0.0619263 0)
(0.298694 -0.0617963 0)
(0.298714 -0.061673 0)
(0.298715 -0.0615535 0)
(0.298697 -0.0614378 0)
(0.298647 -0.0613203 0)
(0.298581 -0.061207 0)
(0.298456 -0.0610812 0)
(0.298343 -0.060971 0)
(0.298094 -0.0608186 0)
(0.297973 -0.0607296 0)
(0.297479 -0.0605064 0)
(0.299271 -0.063533 0)
(0.299321 -0.0632793 0)
(0.299367 -0.0630465 0)
(0.299407 -0.0628318 0)
(0.299436 -0.0626328 0)
(0.29945 -0.062447 0)
(0.299448 -0.0622718 0)
(0.299425 -0.0621048 0)
(0.299377 -0.0619434 0)
(0.2993 -0.0617851 0)
(0.299191 -0.0616279 0)
(0.299041 -0.0614686 0)
(0.298855 -0.0613072 0)
(0.298611 -0.0611371 0)
(0.298337 -0.0609663 0)
(0.297963 -0.0607728 0)
(0.297614 -0.0605959 0)
(0.297032 -0.060353 0)
(0.296703 -0.0602026 0)
(0.295675 -0.0598372 0)
(0.300556 -0.0635997 0)
(0.300543 -0.0633309 0)
(0.30051 -0.0630792 0)
(0.300452 -0.062841 0)
(0.300362 -0.0626134 0)
(0.300236 -0.0623933 0)
(0.300069 -0.0621778 0)
(0.299857 -0.0619639 0)
(0.299596 -0.061749 0)
(0.299278 -0.0615302 0)
(0.298903 -0.0613054 0)
(0.298459 -0.0610715 0)
(0.297952 -0.0608286 0)
(0.297357 -0.0605698 0)
(0.296714 -0.0603041 0)
(0.295925 -0.0600066 0)
(0.295177 -0.0597257 0)
(0.294081 -0.0593555 0)
(0.293408 -0.0591109 0)
(0.291596 -0.0585557 0)
(0.301785 -0.0635396 0)
(0.30159 -0.0632229 0)
(0.301346 -0.0629174 0)
(0.301046 -0.062619 0)
(0.300684 -0.0623241 0)
(0.300253 -0.0620296 0)
(0.299749 -0.0617323 0)
(0.299167 -0.0614291 0)
(0.298504 -0.0611175 0)
(0.297754 -0.0607948 0)
(0.296914 -0.0604591 0)
(0.295975 -0.0601078 0)
(0.294947 -0.059741 0)
(0.2938 -0.059353 0)
(0.292586 -0.0589523 0)
(0.291188 -0.0585149 0)
(0.289847 -0.058092 0)
(0.288048 -0.0575653 0)
(0.286871 -0.0571928 0)
(0.28404 -0.0564171 0)
(0.302282 -0.063132 0)
(0.301694 -0.0627158 0)
(0.301018 -0.0623044 0)
(0.300249 -0.0618935 0)
(0.299378 -0.0614793 0)
(0.298403 -0.0610586 0)
(0.29732 -0.0606285 0)
(0.296127 -0.0601863 0)
(0.29482 -0.0597298 0)
(0.293397 -0.059257 0)
(0.291858 -0.0587667 0)
(0.290198 -0.0582573 0)
(0.288426 -0.0577289 0)
(0.286518 -0.0571784 0)
(0.284531 -0.0566119 0)
(0.282344 -0.0560115 0)
(0.28023 -0.0554212 0)
(0.277587 -0.0547301 0)
(0.275755 -0.0542054 0)
(0.271767 -0.053216 0)
(0.30075 -0.0620102 0)
(0.299468 -0.0614319 0)
(0.298062 -0.0608548 0)
(0.296526 -0.0602743 0)
(0.294858 -0.0596869 0)
(0.293055 -0.0590897 0)
(0.29112 -0.0584803 0)
(0.289052 -0.0578567 0)
(0.286853 -0.0572173 0)
(0.284525 -0.0565615 0)
(0.282071 -0.0558886 0)
(0.279491 -0.0551988 0)
(0.276798 -0.0544922 0)
(0.273977 -0.0537688 0)
(0.271079 -0.0530315 0)
(0.268003 -0.0522722 0)
(0.26501 -0.0515181 0)
(0.2615 -0.0506886 0)
(0.25892 -0.0500112 0)
(0.253825 -0.0488693 0)
(0.295207 -0.0596868 0)
(0.292895 -0.0588931 0)
(0.290438 -0.0581032 0)
(0.287837 -0.0573127 0)
(0.285094 -0.0565181 0)
(0.282211 -0.0557171 0)
(0.279196 -0.0549079 0)
(0.276054 -0.0540891 0)
(0.272792 -0.0532602 0)
(0.269417 -0.0524216 0)
(0.265935 -0.0515737 0)
(0.262355 -0.050718 0)
(0.258689 -0.0498553 0)
(0.254935 -0.0489878 0)
(0.251134 -0.048116 0)
(0.247217 -0.0472408 0)
(0.243394 -0.0463703 0)
(0.23916 -0.0454669 0)
(0.235864 -0.0446747 0)
(0.229959 -0.0434974 0)
(0.283217 -0.0556607 0)
(0.279604 -0.054637 0)
(0.275866 -0.0536296 0)
(0.272009 -0.0526329 0)
(0.268039 -0.0516439 0)
(0.263965 -0.0506603 0)
(0.2598 -0.0496805 0)
(0.255554 -0.0487037 0)
(0.251238 -0.0477301 0)
(0.246863 -0.0467607 0)
(0.24244 -0.0457968 0)
(0.23798 -0.0448406 0)
(0.233497 -0.0438934 0)
(0.228996 -0.0429583 0)
(0.224504 -0.0420348 0)
(0.21999 -0.041128 0)
(0.215587 -0.0402329 0)
(0.210949 -0.0393494 0)
(0.207134 -0.0385242 0)
(0.200932 -0.0374588 0)
(0.262496 -0.049607 0)
(0.257524 -0.0484088 0)
(0.252502 -0.0472489 0)
(0.24744 -0.04612 0)
(0.242344 -0.0450183 0)
(0.237228 -0.0439411 0)
(0.232108 -0.0428861 0)
(0.226995 -0.041852 0)
(0.221901 -0.040839 0)
(0.216837 -0.0398479 0)
(0.211814 -0.03888 0)
(0.20684 -0.0379368 0)
(0.201927 -0.0370197 0)
(0.197081 -0.0361307 0)
(0.192314 -0.0352694 0)
(0.18762 -0.0344399 0)
(0.183057 -0.0336339 0)
(0.178447 -0.0328682 0)
(0.174459 -0.0321183 0)
(0.168552 -0.0312915 0)
(0.231875 -0.0416115 0)
(0.225828 -0.0403807 0)
(0.219868 -0.0392157 0)
(0.213994 -0.0381064 0)
(0.208209 -0.037047 0)
(0.202525 -0.0360321 0)
(0.196955 -0.035057 0)
(0.191504 -0.0341189 0)
(0.186179 -0.0332162 0)
(0.180983 -0.0323484 0)
(0.175917 -0.031515 0)
(0.170984 -0.0307163 0)
(0.166185 -0.0299523 0)
(0.16152 -0.0292235 0)
(0.156989 -0.0285294 0)
(0.152588 -0.0278717 0)
(0.148334 -0.0272455 0)
(0.144161 -0.0266654 0)
(0.140386 -0.0260837 0)
(0.135246 -0.0255488 0)
(0.192308 -0.0323419 0)
(0.185854 -0.0312922 0)
(0.179657 -0.030333 0)
(0.173693 -0.0294495 0)
(0.167951 -0.0286305 0)
(0.162435 -0.0278649 0)
(0.157141 -0.0271435 0)
(0.152062 -0.0264601 0)
(0.147187 -0.0258104 0)
(0.142505 -0.0251913 0)
(0.138004 -0.0246011 0)
(0.133674 -0.0240385 0)
(0.129504 -0.0235033 0)
(0.125486 -0.0229958 0)
(0.12161 -0.0225166 0)
(0.117871 -0.0220673 0)
(0.114266 -0.0216484 0)
(0.110787 -0.0212668 0)
(0.107511 -0.0208884 0)
(0.10335 -0.0206115 0)
(0.147316 -0.0230014 0)
(0.141357 -0.0223653 0)
(0.135813 -0.0218307 0)
(0.130617 -0.0213726 0)
(0.125739 -0.0209683 0)
(0.121158 -0.0205976 0)
(0.116847 -0.0202462 0)
(0.112775 -0.0199052 0)
(0.108912 -0.0195693 0)
(0.105232 -0.0192363 0)
(0.101713 -0.0189059 0)
(0.0983366 -0.0185797 0)
(0.0950862 -0.0182602 0)
(0.0919497 -0.0179511 0)
(0.0889178 -0.0176566 0)
(0.0859834 -0.0173817 0)
(0.0831443 -0.0171319 0)
(0.0804135 -0.0169107 0)
(0.0777394 -0.0167059 0)
(0.0745172 -0.016598 0)
(0.1022 -0.0149655 0)
(0.0975591 -0.014927 0)
(0.0934361 -0.0149713 0)
(0.0896997 -0.0150514 0)
(0.0862841 -0.0151277 0)
(0.0831382 -0.0151735 0)
(0.0802083 -0.0151757 0)
(0.0774462 -0.015131 0)
(0.0748137 -0.0150418 0)
(0.0722819 -0.0149141 0)
(0.0698296 -0.0147557 0)
(0.0674416 -0.0145755 0)
(0.0651075 -0.0143828 0)
(0.062821 -0.0141868 0)
(0.0605788 -0.0139967 0)
(0.0583797 -0.0138218 0)
(0.0562295 -0.0136709 0)
(0.0541445 -0.0135483 0)
(0.0520257 -0.0134519 0)
(0.0495519 -0.0134156 0)
(0.0621839 -0.00926507 0)
(0.059331 -0.00992176 0)
(0.0570064 -0.0105764 0)
(0.0549942 -0.011154 0)
(0.0531928 -0.0116096 0)
(0.0515274 -0.0119296 0)
(0.0499351 -0.0121217 0)
(0.0483721 -0.0122034 0)
(0.0468118 -0.0121957 0)
(0.0452398 -0.0121191 0)
(0.0436496 -0.0119931 0)
(0.04204 -0.0118349 0)
(0.0404132 -0.0116599 0)
(0.0387737 -0.0114819 0)
(0.0371269 -0.0113133 0)
(0.0354791 -0.0111658 0)
(0.0338431 -0.0110493 0)
(0.0322356 -0.0109694 0)
(0.0305552 -0.0109202 0)
(0.0286016 -0.0108772 0)
(0.0308162 -0.00623312 0)
(0.0297565 -0.00758938 0)
(0.0291137 -0.00873698 0)
(0.0285958 -0.00960329 0)
(0.028091 -0.0101866 0)
(0.0275309 -0.0105244 0)
(0.0268746 -0.0106683 0)
(0.0261069 -0.010668 0)
(0.0252295 -0.0105652 0)
(0.024252 -0.010394 0)
(0.0231876 -0.0101814 0)
(0.0220505 -0.00994876 0)
(0.020855 -0.00971319 0)
(0.0196142 -0.00948906 0)
(0.0183398 -0.00928873 0)
(0.017042 -0.00912279 0)
(0.0157351 -0.00899979 0)
(0.0144383 -0.00892606 0)
(0.0130847 -0.00889533 0)
(0.0114442 -0.00882033 0)
(0.00960836 -0.00538661 0)
(0.00986516 -0.00740723 0)
(0.0103328 -0.00882579 0)
(0.010681 -0.00967434 0)
(0.0108338 -0.0100845 0)
(0.0107682 -0.0101831 0)
(0.010488 -0.0100771 0)
(0.0100174 -0.00984362 0)
(0.0093865 -0.00953649 0)
(0.00862505 -0.00919327 0)
(0.00775978 -0.00884007 0)
(0.00681376 -0.00849538 0)
(0.00580633 -0.0081729 0)
(0.00475341 -0.00788345 0)
(0.00366753 -0.00763598 0)
(0.00255827 -0.00743797 0)
(0.0014349 -0.00729426 0)
(0.000309468 -0.0072057 0)
(-0.00081365 -0.00717367 0)
(-0.00227765 -0.00719574 0)
(-0.00128647 -0.00681323 0)
(-0.000814774 -0.00891494 0)
(-0.000156596 -0.0100064 0)
(0.000204901 -0.0103934 0)
(0.000253691 -0.0103388 0)
(3.4451e-05 -0.0100296 0)
(-0.000408816 -0.0095857 0)
(-0.00102409 -0.00908181 0)
(-0.0017687 -0.00856374 0)
(-0.00260887 -0.0080591 0)
(-0.00351767 -0.00758456 0)
(-0.00447419 -0.00715041 0)
(-0.00546256 -0.00676354 0)
(-0.00647109 -0.00642903 0)
(-0.0074919 -0.00615104 0)
(-0.00851902 -0.00593298 0)
(-0.00954317 -0.00577585 0)
(-0.0105627 -0.0056755 0)
(-0.0116549 -0.005639 0)
(-0.0129062 -0.00573329 0)
(-0.000896753 -0.00487051 0)
(-0.00208584 -0.00853689 0)
(-0.00293782 -0.00983546 0)
(-0.00373189 -0.0100592 0)
(-0.00456954 -0.0097662 0)
(-0.00547742 -0.00924008 0)
(-0.00645164 -0.00862314 0)
(-0.0074749 -0.00799073 0)
(-0.00852892 -0.00738251 0)
(-0.00959812 -0.00681824 0)
(-0.0106703 -0.00630724 0)
(-0.0117365 -0.00585369 0)
(-0.0127908 -0.00545947 0)
(-0.0138302 -0.00512556 0)
(-0.0148542 -0.0048526 0)
(-0.0158624 -0.00464087 0)
(-0.0168498 -0.00448893 0)
(-0.0178269 -0.00439288 0)
(-0.0188949 -0.00435695 0)
(-0.0200366 -0.00439531 0)
(-0.000539904 -0.00353584 0)
(-0.00192483 -0.00692305 0)
(-0.00365639 -0.00830074 0)
(-0.00533624 -0.00859238 0)
(-0.0069447 -0.00833048 0)
(-0.00849062 -0.00781635 0)
(-0.00997543 -0.0072103 0)
(-0.0113986 -0.00659509 0)
(-0.0127599 -0.00601159 0)
(-0.0140602 -0.00547829 0)
(-0.0153014 -0.0050024 0)
(-0.0164863 -0.00458584 0)
(-0.0176191 -0.00422847 0)
(-0.018705 -0.00392943 0)
(-0.0197504 -0.00368768 0)
(-0.0207606 -0.00350185 0)
(-0.0217352 -0.00336921 0)
(-0.0226935 -0.00328588 0)
(-0.0237411 -0.00325218 0)
(-0.0248188 -0.00326456 0)
(-0.00035936 -0.00228583 0)
(-0.00172996 -0.00485187 0)
(-0.00386025 -0.00602423 0)
(-0.00607658 -0.00633526 0)
(-0.00823382 -0.00617248 0)
(-0.0102768 -0.00578102 0)
(-0.0121815 -0.0053013 0)
(-0.0139444 -0.00480853 0)
(-0.015572 -0.00434022 0)
(-0.0170754 -0.00391328 0)
(-0.0184668 -0.00353413 0)
(-0.019759 -0.00320434 0)
(-0.0209644 -0.00292349 0)
(-0.0220956 -0.00269051 0)
(-0.023165 -0.00250402 0)
(-0.0241827 -0.00236223 0)
(-0.0251526 -0.00226219 0)
(-0.0261 -0.00220019 0)
(-0.0271308 -0.00217448 0)
(-0.0281633 -0.00217798 0)
(-0.000283232 -0.00121137 0)
(-0.00162202 -0.00268353 0)
(-0.00391059 -0.00340212 0)
(-0.00640189 -0.00361743 0)
(-0.00887856 -0.00353962 0)
(-0.0112328 -0.00331296 0)
(-0.0134124 -0.00302502 0)
(-0.0154037 -0.00272449 0)
(-0.0172133 -0.00243638 0)
(-0.0188563 -0.00217237 0)
(-0.0203512 -0.0019373 0)
(-0.0217168 -0.00173285 0)
(-0.0229716 -0.00155934 0)
(-0.024133 -0.00141656 0)
(-0.0252179 -0.00130391 0)
(-0.0262398 -0.00122018 0)
(-0.0272055 -0.00116318 0)
(-0.0281441 -0.00113 0)
(-0.0291604 -0.00111799 0)
(-0.0301618 -0.00112024 0)
(-0.000257174 -0.000209745 0)
(-0.00157341 -0.000490621 0)
(-0.00390112 -0.000634101 0)
(-0.00648645 -0.000677883 0)
(-0.00908501 -0.000660144 0)
(-0.0115648 -0.000609121 0)
(-0.0138586 -0.000542646 0)
(-0.0159458 -0.000470899 0)
(-0.0178314 -0.000399383 0)
(-0.0195316 -0.000331154 0)
(-0.0210672 -0.000268196 0)
(-0.0224597 -0.000212117 0)
(-0.0237302 -0.00016436 0)
(-0.0248987 -0.000126144 0)
(-0.025984 -9.82527e-05 0)
(-0.0270014 -8.07758e-05 0)
(-0.0279593 -7.29361e-05 0)
(-0.028888 -7.31192e-05 0)
(-0.029891 -7.84875e-05 0)
(-0.0308726 -8.32951e-05 0)
(-0.000259179 0.00077112 0)
(-0.0015603 0.00168885 0)
(-0.00384592 0.0021432 0)
(-0.00637823 0.00229016 0)
(-0.00892083 0.00225739 0)
(-0.011347 0.00213364 0)
(-0.0135922 0.00197394 0)
(-0.0156368 0.00180954 0)
(-0.0174851 0.0016564 0)
(-0.0191528 0.00152122 0)
(-0.0206599 0.00140544 0)
(-0.0220274 0.00130774 0)
(-0.0232759 0.00122557 0)
(-0.0244248 0.00115618 0)
(-0.025493 0.00109722 0)
(-0.0264952 0.00104709 0)
(-0.0274398 0.00100489 0)
(-0.0283564 0.000970738 0)
(-0.029347 0.00094733 0)
(-0.0303189 0.0009391 0)
(-0.000288382 0.00176193 0)
(-0.00157443 0.003813 0)
(-0.00372462 0.00480302 0)
(-0.00604968 0.00510459 0)
(-0.00835558 0.00501135 0)
(-0.010549 0.0047208 0)
(-0.0125844 0.00435213 0)
(-0.0144494 0.00397184 0)
(-0.0161493 0.00361383 0)
(-0.0176969 0.00329297 0)
(-0.0191083 0.00301362 0)
(-0.0204005 0.00277477 0)
(-0.0215905 0.00257312 0)
(-0.0226945 0.00240471 0)
(-0.0237287 0.00226592 0)
(-0.0247059 0.00215388 0)
(-0.0256326 0.00206622 0)
(-0.0265355 0.00200156 0)
(-0.027515 0.00196268 0)
(-0.0284874 0.00195311 0)
(-0.00035634 0.00281015 0)
(-0.00160687 0.00582154 0)
(-0.00346426 0.00718847 0)
(-0.00538279 0.00756088 0)
(-0.00725001 0.00738984 0)
(-0.00902808 0.00695701 0)
(-0.0106995 0.00642392 0)
(-0.0122601 0.00587795 0)
(-0.0137129 0.00536321 0)
(-0.0150644 0.00489928 0)
(-0.0163232 0.00449243 0)
(-0.0174986 0.00414223 0)
(-0.0186008 0.00384527 0)
(-0.0196404 0.00359726 0)
(-0.0206286 0.00339411 0)
(-0.0215748 0.00323238 0)
(-0.0224821 0.00310877 0)
(-0.0233721 0.00302069 0)
(-0.0243429 0.00297164 0)
(-0.0253283 0.00296604 0)
(-0.000459412 0.00397176 0)
(-0.00158609 0.00757186 0)
(-0.00284925 0.00905792 0)
(-0.00408628 0.00940615 0)
(-0.00529461 0.00916832 0)
(-0.00648859 0.00865691 0)
(-0.00766938 0.00804189 0)
(-0.00883131 0.00741341 0)
(-0.00996757 0.00681738 0)
(-0.0110725 0.00627517 0)
(-0.0121427 0.00579475 0)
(-0.0131769 0.00537719 0)
(-0.0141759 0.00502035 0)
(-0.0151427 0.00472094 0)
(-0.0160823 0.00447565 0)
(-0.0169988 0.00428152 0)
(-0.0178915 0.00413521 0)
(-0.0187743 0.00403331 0)
(-0.019741 0.00398096 0)
(-0.0207566 0.00398797 0)
(-0.000359872 0.0047547 0)
(-0.0010645 0.00853039 0)
(-0.00124918 0.00997437 0)
(-0.00151037 0.010326 0)
(-0.00189666 0.0101328 0)
(-0.0024163 0.00967611 0)
(-0.00305586 0.00910758 0)
(-0.0037906 0.00851029 0)
(-0.00459469 0.00792952 0)
(-0.0054457 0.00738911 0)
(-0.00632576 0.00690056 0)
(-0.00722161 0.00646854 0)
(-0.00812401 0.00609418 0)
(-0.0090274 0.00577698 0)
(-0.00992961 0.0055159 0)
(-0.0108297 0.0053097 0)
(-0.0117224 0.00515608 0)
(-0.0126117 0.0050513 0)
(-0.0135823 0.00500161 0)
(-0.0146557 0.00502661 0)
(0.00234778 0.00588583 0)
(0.00296743 0.00810042 0)
(0.00396857 0.00939098 0)
(0.00473772 0.00999735 0)
(0.00518672 0.0101425 0)
(0.00533666 0.00999884 0)
(0.00522868 0.00968773 0)
(0.00490998 0.00928983 0)
(0.00442543 0.00885738 0)
(0.00381357 0.00842365 0)
(0.00310586 0.00800941 0)
(0.00232721 0.00762755 0)
(0.00149689 0.00728612 0)
(0.000629206 0.00699035 0)
(-0.000266065 0.00674385 0)
(-0.0011821 0.00654911 0)
(-0.00210909 0.00640694 0)
(-0.00303826 0.00631522 0)
(-0.00403382 0.00627288 0)
(-0.00522562 0.00628208 0)
(0.0213882 0.00440443 0)
(0.0212191 0.00623581 0)
(0.0214382 0.00770396 0)
(0.021674 0.00873123 0)
(0.0218058 0.00936609 0)
(0.0217832 0.00969343 0)
(0.0215861 0.00979741 0)
(0.0212179 0.00974788 0)
(0.0206953 0.00959869 0)
(0.0200402 0.00939002 0)
(0.0192751 0.00915139 0)
(0.0184211 0.00890445 0)
(0.0174971 0.0086653 0)
(0.0165188 0.00844631 0)
(0.0154991 0.00825729 0)
(0.0144486 0.00810617 0)
(0.0133817 0.0079986 0)
(0.0123093 0.00793548 0)
(0.0111553 0.00790591 0)
(0.00979287 0.00788183 0)
(0.0545445 0.00660513 0)
(0.0524892 0.00756439 0)
(0.0509589 0.00848333 0)
(0.0496954 0.00927117 0)
(0.0485767 0.00988533 0)
(0.0475252 0.0103214 0)
(0.0464823 0.0105977 0)
(0.045411 0.0107416 0)
(0.0442924 0.010782 0)
(0.0431202 0.0107455 0)
(0.0418953 0.0106556 0)
(0.0406229 0.0105322 0)
(0.0393105 0.0103923 0)
(0.0379665 0.0102503 0)
(0.0365993 0.0101187 0)
(0.0352173 0.0100084 0)
(0.0338342 0.00992837 0)
(0.0324601 0.00988194 0)
(0.0309994 0.00986301 0)
(0.0293313 0.00985803 0)
(0.100077 0.0119492 0)
(0.0959785 0.0121335 0)
(0.092398 0.0123885 0)
(0.0891875 0.0126619 0)
(0.0862685 0.0129118 0)
(0.0835857 0.013111 0)
(0.0810855 0.0132478 0)
(0.0787202 0.013321 0)
(0.0764534 0.0133357 0)
(0.0742587 0.0133003 0)
(0.0721176 0.0132251 0)
(0.0700182 0.0131207 0)
(0.067953 0.0129979 0)
(0.0659184 0.0128671 0)
(0.063913 0.0127383 0)
(0.0619379 0.0126211 0)
(0.0599998 0.0125245 0)
(0.058111 0.0124526 0)
(0.0561802 0.0124036 0)
(0.0539465 0.0124077 0)
(0.152703 0.0203904 0)
(0.147127 0.0199289 0)
(0.141948 0.0195579 0)
(0.137097 0.0192509 0)
(0.132536 0.0189859 0)
(0.128245 0.0187436 0)
(0.124198 0.0185104 0)
(0.120368 0.0182782 0)
(0.116726 0.0180428 0)
(0.113249 0.0178029 0)
(0.109917 0.0175589 0)
(0.106711 0.0173131 0)
(0.103619 0.0170685 0)
(0.10063 0.0168292 0)
(0.0977352 0.0165996 0)
(0.0949298 0.0163849 0)
(0.0922122 0.0161904 0)
(0.089591 0.0160204 0)
(0.0870341 0.0158609 0)
(0.0839385 0.0157859 0)
(0.203993 0.0303987 0)
(0.198036 0.0295244 0)
(0.192294 0.0287287 0)
(0.186746 0.0279945 0)
(0.18138 0.0273112 0)
(0.176195 0.0266687 0)
(0.171192 0.0260587 0)
(0.166365 0.0254759 0)
(0.161708 0.0249169 0)
(0.157212 0.02438 0)
(0.152868 0.0238643 0)
(0.148671 0.0233695 0)
(0.144613 0.022896 0)
(0.140687 0.0224446 0)
(0.136889 0.0220162 0)
(0.133214 0.0216126 0)
(0.129663 0.0212334 0)
(0.126214 0.0208877 0)
(0.123007 0.0205393 0)
(0.118839 0.0202647 0)
(0.24611 0.0399079 0)
(0.240858 0.0389011 0)
(0.235649 0.0379492 0)
(0.230485 0.03704 0)
(0.225364 0.0361666 0)
(0.220295 0.0353235 0)
(0.215287 0.0345061 0)
(0.210348 0.0337113 0)
(0.205482 0.0329379 0)
(0.200695 0.0321855 0)
(0.195991 0.0314545 0)
(0.191373 0.0307459 0)
(0.186845 0.0300603 0)
(0.18241 0.0293992 0)
(0.178075 0.0287624 0)
(0.173832 0.0281529 0)
(0.169717 0.0275646 0)
(0.165615 0.0270127 0)
(0.161989 0.0264628 0)
(0.156827 0.0258979 0)
(0.275365 0.0474406 0)
(0.27143 0.0465206 0)
(0.267428 0.0456321 0)
(0.263365 0.0447667 0)
(0.259242 0.0439189 0)
(0.255067 0.0430846 0)
(0.25085 0.0422606 0)
(0.246598 0.0414448 0)
(0.242321 0.0406362 0)
(0.238026 0.039835 0)
(0.233722 0.0390417 0)
(0.229415 0.0382579 0)
(0.225117 0.0374844 0)
(0.220831 0.0367235 0)
(0.216576 0.0359748 0)
(0.212331 0.0352424 0)
(0.208195 0.0345208 0)
(0.203895 0.0338145 0)
(0.200304 0.0331452 0)
(0.194625 0.0323065 0)
(0.292438 0.0525285 0)
(0.289895 0.0518019 0)
(0.287245 0.0510916 0)
(0.284489 0.0503912 0)
(0.281627 0.0496961 0)
(0.278662 0.0490026 0)
(0.275601 0.0483077 0)
(0.272447 0.0476094 0)
(0.269207 0.0469061 0)
(0.265886 0.0461974 0)
(0.262489 0.0454834 0)
(0.259023 0.0447648 0)
(0.255498 0.0440419 0)
(0.251911 0.0433164 0)
(0.248297 0.0425883 0)
(0.244596 0.0418582 0)
(0.24099 0.041132 0)
(0.237032 0.0403795 0)
(0.233929 0.0397163 0)
(0.228453 0.0387345 0)
(0.300455 0.0554777 0)
(0.299034 0.0549523 0)
(0.297515 0.0544372 0)
(0.295895 0.0539274 0)
(0.294169 0.0534186 0)
(0.292337 0.0529072 0)
(0.290401 0.0523903 0)
(0.288361 0.0518652 0)
(0.286218 0.0513301 0)
(0.283974 0.0507835 0)
(0.281632 0.0502246 0)
(0.279189 0.049653 0)
(0.276658 0.0490684 0)
(0.274025 0.0484703 0)
(0.271333 0.047861 0)
(0.268492 0.0472326 0)
(0.265736 0.0466092 0)
(0.262521 0.0459193 0)
(0.260157 0.0453589 0)
(0.255516 0.0444028 0)
(0.30299 0.0569352 0)
(0.302308 0.0565624 0)
(0.301559 0.0562009 0)
(0.300737 0.0558462 0)
(0.299837 0.0554946 0)
(0.298855 0.0551425 0)
(0.297789 0.054787 0)
(0.296637 0.0544252 0)
(0.295399 0.0540548 0)
(0.29407 0.0536735 0)
(0.292652 0.05328 0)
(0.291138 0.0528724 0)
(0.289537 0.0524506 0)
(0.287828 0.0520112 0)
(0.28606 0.0515597 0)
(0.284124 0.0510793 0)
(0.282262 0.0506088 0)
(0.279941 0.0500515 0)
(0.278339 0.0496337 0)
(0.274854 0.0488301 0)
(0.302877 0.0575405 0)
(0.302597 0.0572583 0)
(0.302282 0.0569909 0)
(0.301926 0.0567348 0)
(0.301525 0.0564864 0)
(0.301073 0.0562428 0)
(0.300568 0.0560012 0)
(0.300007 0.0557586 0)
(0.299386 0.0555126 0)
(0.298702 0.0552607 0)
(0.297953 0.0550011 0)
(0.297132 0.0547312 0)
(0.296244 0.054451 0)
(0.295266 0.0541553 0)
(0.294241 0.0538511 0)
(0.29307 0.0535178 0)
(0.291956 0.0531978 0)
(0.290465 0.0527939 0)
(0.289495 0.0525129 0)
(0.287164 0.0519154 0)
(0.301858 0.0577526 0)
(0.301754 0.0575117 0)
(0.301639 0.0572888 0)
(0.301508 0.0570809 0)
(0.301356 0.0568855 0)
(0.301181 0.0567 0)
(0.300978 0.0565219 0)
(0.300747 0.0563489 0)
(0.300483 0.0561785 0)
(0.300183 0.0560084 0)
(0.299845 0.0558368 0)
(0.299461 0.0556609 0)
(0.299036 0.0554808 0)
(0.298549 0.0552906 0)
(0.298031 0.0550975 0)
(0.297408 0.0548816 0)
(0.296821 0.05468 0)
(0.295971 0.0544126 0)
(0.295451 0.0542385 0)
(0.29406 0.0538385 0)
(0.30075 0.0578252 0)
(0.300708 0.0575972 0)
(0.300665 0.0573884 0)
(0.300621 0.0571968 0)
(0.30057 0.0570204 0)
(0.300512 0.0568573 0)
(0.300445 0.0567057 0)
(0.300366 0.0565636 0)
(0.300275 0.0564291 0)
(0.300168 0.0563001 0)
(0.300043 0.0561752 0)
(0.299894 0.0560518 0)
(0.299725 0.05593 0)
(0.29952 0.0558046 0)
(0.299299 0.0556812 0)
(0.299013 0.0555443 0)
(0.298748 0.055421 0)
(0.298323 0.0552543 0)
(0.298081 0.0551518 0)
(0.297346 0.0549062 0)
(0.299809 0.0578615 0)
(0.299785 0.0576352 0)
(0.299764 0.0574276 0)
(0.299746 0.0572373 0)
(0.299728 0.0570631 0)
(0.299709 0.0569037 0)
(0.29969 0.0567578 0)
(0.299669 0.0566239 0)
(0.299646 0.0565006 0)
(0.299619 0.0563864 0)
(0.299586 0.0562801 0)
(0.299544 0.0561796 0)
(0.299494 0.056085 0)
(0.299428 0.0559923 0)
(0.299355 0.0559053 0)
(0.299248 0.0558133 0)
(0.299152 0.0557338 0)
(0.298971 0.0556307 0)
(0.298879 0.0555694 0)
(0.298542 0.0554271 0)
(0.299039 0.0578855 0)
(0.299024 0.057659 0)
(0.299013 0.0574499 0)
(0.299005 0.0572571 0)
(0.298998 0.0570801 0)
(0.298992 0.0569178 0)
(0.298988 0.0567695 0)
(0.298986 0.0566342 0)
(0.298985 0.0565108 0)
(0.298984 0.0563982 0)
(0.298984 0.0562957 0)
(0.298982 0.0562017 0)
(0.298978 0.056116 0)
(0.298969 0.0560361 0)
(0.298958 0.0559642 0)
(0.298932 0.0558936 0)
(0.298912 0.0558345 0)
(0.298854 0.0557657 0)
(0.298831 0.0557247 0)
(0.298705 0.0556422 0)
(0.298376 0.0578922 0)
(0.298375 0.057667 0)
(0.298376 0.0574576 0)
(0.298378 0.0572635 0)
(0.298381 0.057084 0)
(0.298384 0.0569188 0)
(0.298389 0.0567672 0)
(0.298395 0.0566286 0)
(0.298403 0.0565023 0)
(0.298412 0.0563873 0)
(0.298423 0.0562832 0)
(0.298435 0.056189 0)
(0.298447 0.0561043 0)
(0.298458 0.0560276 0)
(0.29847 0.05596 0)
(0.298476 0.0558975 0)
(0.298485 0.055846 0)
(0.298479 0.0557933 0)
(0.298484 0.0557605 0)
(0.298456 0.0557081 0)
(0.297766 0.0578739 0)
(0.297783 0.0576518 0)
(0.297801 0.0574441 0)
(0.297819 0.0572504 0)
(0.297835 0.0570703 0)
(0.297851 0.0569037 0)
(0.297867 0.0567503 0)
(0.297884 0.0566094 0)
(0.297901 0.0564807 0)
(0.297919 0.0563635 0)
(0.297937 0.0562573 0)
(0.297957 0.0561615 0)
(0.297977 0.0560757 0)
(0.297997 0.0559989 0)
(0.298017 0.0559318 0)
(0.298037 0.0558718 0)
(0.298056 0.0558224 0)
(0.298072 0.0557763 0)
(0.298087 0.0557463 0)
(0.298101 0.0557073 0)
(0.297179 0.0578228 0)
(0.297216 0.0576072 0)
(0.297254 0.057405 0)
(0.29729 0.0572153 0)
(0.297324 0.0570381 0)
(0.297357 0.0568732 0)
(0.297389 0.0567207 0)
(0.297419 0.0565802 0)
(0.29745 0.0564513 0)
(0.29748 0.0563337 0)
(0.297509 0.0562269 0)
(0.297539 0.0561304 0)
(0.297568 0.056044 0)
(0.297597 0.055967 0)
(0.297625 0.0558997 0)
(0.297653 0.0558407 0)
(0.297679 0.0557919 0)
(0.297708 0.0557486 0)
(0.297728 0.0557197 0)
(0.297763 0.0556861 0)
(0.296644 0.0577035 0)
(0.296708 0.0574907 0)
(0.296766 0.057291 0)
(0.296821 0.0571044 0)
(0.296874 0.0569306 0)
(0.296925 0.0567693 0)
(0.296974 0.0566201 0)
(0.297021 0.0564828 0)
(0.297067 0.0563569 0)
(0.297111 0.0562419 0)
(0.297153 0.0561376 0)
(0.297195 0.0560435 0)
(0.297235 0.0559592 0)
(0.297274 0.0558844 0)
(0.297312 0.0558191 0)
(0.297349 0.0557624 0)
(0.297384 0.0557155 0)
(0.297421 0.0556758 0)
(0.297448 0.0556484 0)
(0.297491 0.0556231 0)
(0.133745 0.041496 0)
(0.0290477 0.0117415 0)
(0.0241695 -0.000977101 0)
(0.0118813 -0.000282071 0)
(0.00972564 -0.000492063 0)
(0.00731279 -0.000237914 0)
(0.00583193 -0.000151337 0)
(0.00466864 -0.000118268 0)
(0.0038677 -8.54784e-05 0)
(0.00255384 0.000218139 0)
(0.256848 0.0738438 0)
(0.15955 0.0428532 0)
(0.118434 0.0148872 0)
(0.0827098 0.00746658 0)
(0.0631217 0.0037234 0)
(0.0499897 0.00241085 0)
(0.04086 0.0017605 0)
(0.0340235 0.00137915 0)
(0.0285876 0.0011951 0)
(0.0235636 0.00100498 0)
(0.314711 0.104296 0)
(0.256712 0.0759407 0)
(0.214685 0.0455753 0)
(0.17305 0.0284945 0)
(0.140421 0.0181162 0)
(0.115558 0.0121911 0)
(0.0966678 0.008811 0)
(0.0819991 0.00680158 0)
(0.0701668 0.00569245 0)
(0.0600824 0.00500728 0)
(0.330924 0.112146 0)
(0.30741 0.0924336 0)
(0.280535 0.0682316 0)
(0.248904 0.0498402 0)
(0.217315 0.0366531 0)
(0.188611 0.0273781 0)
(0.163714 0.0209678 0)
(0.142584 0.0165806 0)
(0.124586 0.0137623 0)
(0.109158 0.0118853 0)
(0.325394 0.107707 0)
(0.323504 0.0959907 0)
(0.312611 0.0800102 0)
(0.29517 0.0648734 0)
(0.273214 0.0525327 0)
(0.249459 0.0427419 0)
(0.225859 0.0350482 0)
(0.203569 0.0290907 0)
(0.182929 0.0247133 0)
(0.16423 0.0215499 0)
(0.313145 0.0995163 0)
(0.321118 0.092816 0)
(0.32079 0.0832517 0)
(0.314921 0.0725518 0)
(0.303709 0.062759 0)
(0.288555 0.0543272 0)
(0.271118 0.0471383 0)
(0.252716 0.0410802 0)
(0.234074 0.0361642 0)
(0.215845 0.0323015 0)
(0.302586 0.0917557 0)
(0.312887 0.0873914 0)
(0.317099 0.0817094 0)
(0.318025 0.0746901 0)
(0.31476 0.0676322 0)
(0.307483 0.0611801 0)
(0.297162 0.0553864 0)
(0.284763 0.0502296 0)
(0.270954 0.0457561 0)
(0.256261 0.0419955 0)
(0.29619 0.0855954 0)
(0.305607 0.0821597 0)
(0.310419 0.0784782 0)
(0.313918 0.0738552 0)
(0.314942 0.0689105 0)
(0.312911 0.0642221 0)
(0.308198 0.0599151 0)
(0.301336 0.0559764 0)
(0.292779 0.052423 0)
(0.282777 0.0492975 0)
(0.293114 0.0809717 0)
(0.301081 0.0780091 0)
(0.305018 0.0752926 0)
(0.308616 0.0720384 0)
(0.3111 0.0684376 0)
(0.311656 0.0649706 0)
(0.310312 0.0618089 0)
(0.307307 0.058934 0)
(0.302888 0.0563164 0)
(0.297106 0.0539729 0)
(0.2918 0.0773864 0)
(0.29865 0.0748915 0)
(0.301718 0.0727322 0)
(0.304576 0.0702575 0)
(0.307027 0.0674501 0)
(0.308383 0.0647142 0)
(0.308548 0.0622693 0)
(0.307646 0.0601189 0)
(0.305799 0.0582046 0)
(0.302991 0.0565197 0)
(0.291221 0.0744087 0)
(0.29726 0.0724723 0)
(0.299877 0.0707551 0)
(0.302039 0.0687994 0)
(0.304005 0.0665042 0)
(0.305334 0.0642073 0)
(0.305918 0.0621637 0)
(0.305875 0.0604255 0)
(0.30529 0.058936 0)
(0.30417 0.0576836 0)
(0.290973 0.0718119 0)
(0.296289 0.070498 0)
(0.298739 0.0691728 0)
(0.300473 0.0676244 0)
(0.302 0.0657268 0)
(0.303096 0.0637448 0)
(0.303664 0.0619407 0)
(0.303837 0.0604184 0)
(0.303712 0.0591453 0)
(0.303349 0.0581202 0)
(0.29097 0.0695359 0)
(0.295542 0.068839 0)
(0.297884 0.0678527 0)
(0.299381 0.0666371 0)
(0.300621 0.0650802 0)
(0.301523 0.0633705 0)
(0.301998 0.0617487 0)
(0.302169 0.0603541 0)
(0.302147 0.0591859 0)
(0.302033 0.0582572 0)
(0.291188 0.067602 0)
(0.294995 0.067432 0)
(0.297169 0.0667316 0)
(0.298505 0.0657809 0)
(0.299558 0.0645121 0)
(0.300336 0.0630494 0)
(0.300757 0.0615954 0)
(0.300907 0.0603023 0)
(0.300893 0.0591977 0)
(0.30083 0.0583057 0)
(0.29158 0.0660173 0)
(0.294638 0.0662468 0)
(0.296567 0.0657851 0)
(0.297752 0.0650389 0)
(0.298659 0.0639997 0)
(0.29935 0.062751 0)
(0.299751 0.0614544 0)
(0.299908 0.0602571 0)
(0.299912 0.0592079 0)
(0.299861 0.0583367 0)
(0.292081 0.0647578 0)
(0.294438 0.0652689 0)
(0.296068 0.0650041 0)
(0.297092 0.0644103 0)
(0.297863 0.0635429 0)
(0.298473 0.0624667 0)
(0.298865 0.0613086 0)
(0.299049 0.060201 0)
(0.299092 0.0592065 0)
(0.299071 0.0583575 0)
(0.29263 0.0637937 0)
(0.294352 0.0644907 0)
(0.295654 0.064381 0)
(0.296502 0.0638954 0)
(0.297144 0.0631479 0)
(0.297671 0.062201 0)
(0.298046 0.061155 0)
(0.298259 0.0601251 0)
(0.298352 0.0591814 0)
(0.298379 0.0583581 0)
(0.293176 0.0631009 0)
(0.294332 0.0639065 0)
(0.295293 0.0639062 0)
(0.295957 0.0634902 0)
(0.296473 0.0628193 0)
(0.296918 0.0619612 0)
(0.297268 0.0609982 0)
(0.297503 0.0600294 0)
(0.297646 0.0591283 0)
(0.297731 0.0583303 0)
(0.293663 0.0626625 0)
(0.294317 0.063509 0)
(0.294939 0.0635644 0)
(0.295417 0.0631812 0)
(0.295818 0.0625512 0)
(0.296188 0.0617473 0)
(0.29651 0.0608394 0)
(0.296764 0.0599138 0)
(0.296955 0.0590464 0)
(0.297102 0.0582685 0)
(0.293975 0.0624841 0)
(0.294201 0.0632989 0)
(0.294518 0.0633381 0)
(0.294836 0.0629377 0)
(0.295151 0.0623062 0)
(0.295469 0.0615181 0)
(0.295778 0.0606346 0)
(0.296058 0.0597344 0)
(0.296303 0.058891 0)
(0.296515 0.0581389 0)
(0.301013 6.79699e-05 0)
(0.298683 0.000237645 0)
(0.300966 0.000375203 0)
(0.297364 0.000630042 0)
(0.300302 0.000712638 0)
(0.295133 0.00115367 0)
(0.298967 0.00115894 0)
(0.291569 0.00195021 0)
(0.296683 0.0017939 0)
(0.286074 0.00323845 0)
(0.293018 0.00275424 0)
(0.277647 0.0054662 0)
(0.287258 0.00434167 0)
(0.264511 0.00972302 0)
(0.278134 0.00742052 0)
(0.243201 0.0193019 0)
(0.263216 0.0153718 0)
(0.207315 0.047826 0)
(0.236688 0.0441024 0)
(0.205498 0.199307 0)
(0.300954 7.13321e-05 0)
(0.298759 0.000358699 0)
(0.3009 0.000461365 0)
(0.297472 0.000880776 0)
(0.300236 0.000912757 0)
(0.295294 0.00157859 0)
(0.298918 0.00150772 0)
(0.291808 0.00261718 0)
(0.296676 0.00235831 0)
(0.286436 0.00425935 0)
(0.29311 0.00364591 0)
(0.278225 0.00702159 0)
(0.287564 0.00575725 0)
(0.265588 0.0121285 0)
(0.278898 0.00971154 0)
(0.246013 0.0232026 0)
(0.264681 0.0187472 0)
(0.219501 0.0553438 0)
(0.237259 0.0389137 0)
(0.252804 0.200956 0)
(0.300865 7.35626e-05 0)
(0.298876 0.000477045 0)
(0.300787 0.000545907 0)
(0.297652 0.00112675 0)
(0.300094 0.00110846 0)
(0.295577 0.00199511 0)
(0.298744 0.0018482 0)
(0.29226 0.00327046 0)
(0.296455 0.00290628 0)
(0.287178 0.00525933 0)
(0.292802 0.0044993 0)
(0.279516 0.00854807 0)
(0.287071 0.00706254 0)
(0.268107 0.0145104 0)
(0.277897 0.0116057 0)
(0.251964 0.0271774 0)
(0.262038 0.0204611 0)
(0.236581 0.0625587 0)
(0.232487 0.0325443 0)
(0.268423 0.180686 0)
(0.300751 7.26703e-05 0)
(0.299029 0.000593681 0)
(0.300631 0.000627232 0)
(0.297895 0.00136869 0)
(0.299887 0.00129588 0)
(0.295967 0.00240519 0)
(0.298465 0.00217232 0)
(0.292896 0.00391599 0)
(0.296057 0.00342061 0)
(0.288237 0.0062541 0)
(0.29219 0.0052774 0)
(0.281361 0.0100841 0)
(0.286035 0.00817881 0)
(0.271583 0.0169508 0)
(0.276005 0.0129737 0)
(0.25919 0.0312818 0)
(0.25894 0.0208723 0)
(0.251354 0.0683679 0)
(0.235936 0.029832 0)
(0.266082 0.155006 0)
(0.30062 6.71866e-05 0)
(0.299204 0.000711171 0)
(0.30045 0.000701087 0)
(0.298177 0.00161017 0)
(0.299645 0.00146818 0)
(0.296423 0.00281434 0)
(0.298135 0.00246924 0)
(0.293638 0.0045622 0)
(0.295589 0.00388463 0)
(0.28946 0.00725562 0)
(0.291489 0.00595728 0)
(0.283431 0.0116397 0)
(0.284951 0.00909179 0)
(0.27522 0.0194119 0)
(0.274465 0.0139352 0)
(0.265674 0.035146 0)
(0.258342 0.0210766 0)
(0.260525 0.0713962 0)
(0.246933 0.0312798 0)
(0.25899 0.131062 0)
(0.300486 5.71228e-05 0)
(0.299383 0.000829618 0)
(0.300265 0.000766175 0)
(0.298468 0.00185094 0)
(0.299405 0.0016236 0)
(0.296892 0.00322131 0)
(0.297824 0.00273732 0)
(0.294393 0.00520502 0)
(0.295176 0.00429945 0)
(0.290672 0.00825105 0)
(0.290938 0.00655287 0)
(0.285385 0.0131728 0)
(0.284285 0.00986699 0)
(0.278359 0.0217498 0)
(0.274128 0.0147563 0)
(0.270386 0.0382873 0)
(0.260822 0.0219366 0)
(0.264677 0.0713162 0)
(0.259438 0.0351828 0)
(0.255324 0.112755 0)
(0.300361 4.33835e-05 0)
(0.299547 0.000947224 0)
(0.300099 0.000823595 0)
(0.298737 0.0020876 0)
(0.299205 0.00176463 0)
(0.297324 0.00361933 0)
(0.297591 0.00298242 0)
(0.295078 0.00583058 0)
(0.294919 0.00467969 0)
(0.291738 0.00921011 0)
(0.290705 0.00710189 0)
(0.287005 0.0146132 0)
(0.284281 0.0106041 0)
(0.28071 0.0237973 0)
(0.275139 0.0157001 0)
(0.273336 0.0404155 0)
(0.265232 0.0235679 0)
(0.266165 0.0693413 0)
(0.269283 0.0395367 0)
(0.256958 0.0998078 0)
(0.300254 2.75892e-05 0)
(0.299683 0.00106119 0)
(0.299966 0.000875851 0)
(0.298964 0.002315 0)
(0.299068 0.00189603 0)
(0.297689 0.00399886 0)
(0.297472 0.00321401 0)
(0.295649 0.00642088 0)
(0.294868 0.00504497 0)
(0.292598 0.0100981 0)
(0.290839 0.00764592 0)
(0.288239 0.0158936 0)
(0.284919 0.0113913 0)
(0.282348 0.0254368 0)
(0.277098 0.0169098 0)
(0.275127 0.0415495 0)
(0.270068 0.0257078 0)
(0.267184 0.0667027 0)
(0.275542 0.0433235 0)
(0.261839 0.0905726 0)
(0.30017 1.17581e-05 0)
(0.299784 0.0011684 0)
(0.299875 0.000925921 0)
(0.29914 0.00252761 0)
(0.299002 0.00202296 0)
(0.297978 0.00435025 0)
(0.297472 0.00344142 0)
(0.296101 0.0069593 0)
(0.295013 0.00541245 0)
(0.293266 0.010887 0)
(0.291288 0.00821601 0)
(0.289166 0.0169706 0)
(0.286003 0.0122779 0)
(0.28354 0.0266439 0)
(0.279452 0.0183469 0)
(0.276468 0.0419873 0)
(0.274352 0.0280363 0)
(0.268834 0.0640905 0)
(0.279149 0.0462625 0)
(0.26747 0.0836288 0)
(0.300111 -2.42287e-06 0)
(0.299851 0.00126601 0)
(0.299822 0.000976352 0)
(0.299269 0.00272067 0)
(0.298999 0.00214949 0)
(0.2982 0.00466593 0)
(0.297574 0.00367115 0)
(0.296457 0.00743431 0)
(0.295312 0.00579217 0)
(0.293799 0.011561 0)
(0.291946 0.00882547 0)
(0.289922 0.0178342 0)
(0.2873 0.0132576 0)
(0.284565 0.0274832 0)
(0.281787 0.019893 0)
(0.277852 0.0420416 0)
(0.277787 0.030314 0)
(0.271232 0.0617539 0)
(0.281366 0.0484672 0)
(0.272507 0.0781146 0)
(0.300073 -1.36925e-05 0)
(0.299891 0.001352 0)
(0.299803 0.00102867 0)
(0.299361 0.00289111 0)
(0.299047 0.00227759 0)
(0.298374 0.00494161 0)
(0.297748 0.00390546 0)
(0.296754 0.00784096 0)
(0.295707 0.00618562 0)
(0.294268 0.0121186 0)
(0.292707 0.00946799 0)
(0.290629 0.0185064 0)
(0.288636 0.014284 0)
(0.285616 0.0280604 0)
(0.283909 0.0214477 0)
(0.279471 0.0419054 0)
(0.280502 0.0324188 0)
(0.274049 0.0597051 0)
(0.283049 0.0501395 0)
(0.276657 0.0736227 0)
(0.30005 -2.12356e-05 0)
(0.29991 0.00142549 0)
(0.299806 0.00108319 0)
(0.299429 0.00303768 0)
(0.299128 0.00240699 0)
(0.298522 0.00517629 0)
(0.297966 0.00414257 0)
(0.297028 0.00818038 0)
(0.29615 0.00658663 0)
(0.294729 0.0125698 0)
(0.293496 0.0101224 0)
(0.291368 0.019025 0)
(0.289922 0.0153091 0)
(0.286777 0.0284595 0)
(0.285794 0.0229469 0)
(0.281308 0.0416755 0)
(0.282754 0.034314 0)
(0.276948 0.0579006 0)
(0.284573 0.0514372 0)
(0.280073 0.0699881 0)
(0.300039 -2.50244e-05 0)
(0.299918 0.00148649 0)
(0.299824 0.00113907 0)
(0.299485 0.00316074 0)
(0.299227 0.00253557 0)
(0.298661 0.00537167 0)
(0.298204 0.00437758 0)
(0.297304 0.0084582 0)
(0.296607 0.00698364 0)
(0.295216 0.0129308 0)
(0.294276 0.0107645 0)
(0.292171 0.0194246 0)
(0.291136 0.0162977 0)
(0.288053 0.0287343 0)
(0.287497 0.0243538 0)
(0.283268 0.0413983 0)
(0.284754 0.0360027 0)
(0.279737 0.0563153 0)
(0.286036 0.0524537 0)
(0.282947 0.0671126 0)
(0.300034 -2.55358e-05 0)
(0.299921 0.00153574 0)
(0.29985 0.00119469 0)
(0.299536 0.00326176 0)
(0.299334 0.00265999 0)
(0.298804 0.00553112 0)
(0.298449 0.00460376 0)
(0.297596 0.00868216 0)
(0.297065 0.00736381 0)
(0.295739 0.0132168 0)
(0.295036 0.0113745 0)
(0.293038 0.0197308 0)
(0.292293 0.0172257 0)
(0.289412 0.0289186 0)
(0.289092 0.0256494 0)
(0.285264 0.0411006 0)
(0.286619 0.0374992 0)
(0.282356 0.0549467 0)
(0.287438 0.0532478 0)
(0.285396 0.0648852 0)
(0.300033 -2.35212e-05 0)
(0.299922 0.00157441 0)
(0.299879 0.00124799 0)
(0.299589 0.0033428 0)
(0.299445 0.00277636 0)
(0.298954 0.00565871 0)
(0.298696 0.00481403 0)
(0.297907 0.00885976 0)
(0.297518 0.00771581 0)
(0.296297 0.0134403 0)
(0.295783 0.011937 0)
(0.293956 0.0199622 0)
(0.293418 0.0180765 0)
(0.290817 0.0290357 0)
(0.290629 0.0268233 0)
(0.287246 0.040805 0)
(0.288402 0.0388163 0)
(0.284807 0.0538003 0)
(0.288776 0.0538659 0)
(0.287487 0.0631955 0)
(0.300033 -1.9843e-05 0)
(0.299923 0.00160381 0)
(0.29991 0.00129681 0)
(0.299645 0.00340605 0)
(0.299557 0.00288083 0)
(0.299112 0.00575831 0)
(0.298943 0.00500194 0)
(0.298233 0.00899746 0)
(0.297971 0.0080301 0)
(0.296879 0.0136113 0)
(0.296523 0.0124395 0)
(0.294904 0.0201331 0)
(0.294529 0.0188366 0)
(0.292241 0.0291045 0)
(0.292135 0.0278679 0)
(0.289193 0.0405332 0)
(0.29012 0.0399632 0)
(0.287108 0.0528807 0)
(0.29006 0.0543494 0)
(0.289271 0.0619521 0)
(0.300034 -1.53392e-05 0)
(0.299926 0.00162524 0)
(0.299942 0.00133914 0)
(0.299703 0.00345359 0)
(0.299671 0.00296996 0)
(0.299276 0.00583342 0)
(0.299191 0.00516201 0)
(0.29857 0.00910089 0)
(0.298422 0.00829865 0)
(0.297475 0.0137386 0)
(0.29726 0.0128714 0)
(0.295863 0.0202561 0)
(0.29563 0.0194941 0)
(0.293662 0.0291425 0)
(0.293615 0.0287737 0)
(0.291098 0.0403064 0)
(0.291779 0.0409454 0)
(0.289273 0.0521876 0)
(0.291302 0.0547368 0)
(0.290792 0.0610817 0)
(0.300036 -1.06831e-05 0)
(0.29993 0.00163973 0)
(0.299975 0.00137339 0)
(0.299763 0.00348726 0)
(0.299784 0.00304139 0)
(0.299442 0.00588749 0)
(0.299437 0.00529071 0)
(0.298907 0.009176 0)
(0.298868 0.00851614 0)
(0.298066 0.0138315 0)
(0.297984 0.0132247 0)
(0.296808 0.0203457 0)
(0.296707 0.0200383 0)
(0.295053 0.0291701 0)
(0.295051 0.0295307 0)
(0.292941 0.0401462 0)
(0.293367 0.0417656 0)
(0.2913 0.0517177 0)
(0.292502 0.05506 0)
(0.29209 0.0605232 0)
(0.300038 -6.67162e-06 0)
(0.299935 0.00164773 0)
(0.300007 0.00139872 0)
(0.299822 0.00350865 0)
(0.299893 0.0030948 0)
(0.299601 0.0059243 0)
(0.299669 0.00538826 0)
(0.299221 0.0092298 0)
(0.299282 0.00868308 0)
(0.298612 0.0139022 0)
(0.298654 0.0134996 0)
(0.297681 0.020421 0)
(0.297702 0.0204684 0)
(0.296343 0.0292149 0)
(0.296376 0.0301387 0)
(0.294651 0.040084 0)
(0.29483 0.0424346 0)
(0.293146 0.0514793 0)
(0.293619 0.0553513 0)
(0.293176 0.0602322 0)
(0.30004 -2.46973e-06 0)
(0.299942 0.00165078 0)
(0.300035 0.00141446 0)
(0.299872 0.00351925 0)
(0.299979 0.00312899 0)
(0.299723 0.00594563 0)
(0.299844 0.00545283 0)
(0.299457 0.00926452 0)
(0.299591 0.00879632 0)
(0.299018 0.0139535 0)
(0.299152 0.013691 0)
(0.298333 0.0204868 0)
(0.298448 0.0207769 0)
(0.297322 0.0292849 0)
(0.297382 0.0305926 0)
(0.295982 0.0401314 0)
(0.295953 0.0429653 0)
(0.294601 0.0514825 0)
(0.294477 0.055653 0)
(0.29396 0.0601996 0)
(0.301062 -7.55086e-05 0)
(0.298637 -0.000390791 0)
(0.30101 -0.000536823 0)
(0.297342 -0.00093985 0)
(0.300358 -0.0010606 0)
(0.295157 -0.00165282 0)
(0.299008 -0.00174186 0)
(0.291678 -0.00266591 0)
(0.296654 -0.00267461 0)
(0.286327 -0.00418641 0)
(0.292781 -0.00398541 0)
(0.278128 -0.00659214 0)
(0.286481 -0.00590638 0)
(0.265339 -0.0107797 0)
(0.275957 -0.00907518 0)
(0.244433 -0.0195512 0)
(0.256966 -0.0163103 0)
(0.206871 -0.0448822 0)
(0.21633 -0.0465662 0)
(0.125366 -0.157355 0)
(0.301068 -6.10423e-05 0)
(0.298632 -0.000331995 0)
(0.301 -0.000447813 0)
(0.297339 -0.000791947 0)
(0.300316 -0.000887687 0)
(0.295158 -0.0013883 0)
(0.298903 -0.00145751 0)
(0.291694 -0.00223144 0)
(0.296432 -0.00223279 0)
(0.28639 -0.00349008 0)
(0.292337 -0.0033109 0)
(0.278309 -0.0054701 0)
(0.285579 -0.00486623 0)
(0.265786 -0.00890361 0)
(0.273955 -0.00739207 0)
(0.245395 -0.0161261 0)
(0.251495 -0.0132371 0)
(0.208321 -0.0373567 0)
(0.194338 -0.0378708 0)
(0.126193 -0.1214 0)
(0.301068 -4.66224e-05 0)
(0.298635 -0.000272447 0)
(0.300986 -0.000357992 0)
(0.297346 -0.000641491 0)
(0.300271 -0.000714193 0)
(0.295171 -0.0011181 0)
(0.298802 -0.00117396 0)
(0.291729 -0.00178539 0)
(0.296227 -0.00179572 0)
(0.286478 -0.00277011 0)
(0.291934 -0.00265045 0)
(0.278521 -0.00429709 0)
(0.284774 -0.00385982 0)
(0.266261 -0.00690342 0)
(0.272202 -0.00577539 0)
(0.246328 -0.0123203 0)
(0.246886 -0.0102068 0)
(0.209119 -0.0280914 0)
(0.178664 -0.0292916 0)
(0.114974 -0.0845524 0)
(0.301066 -3.28074e-05 0)
(0.298639 -0.000210591 0)
(0.300973 -0.000269667 0)
(0.297353 -0.000486663 0)
(0.300235 -0.000543052 0)
(0.295184 -0.000840098 0)
(0.298723 -0.000895036 0)
(0.291757 -0.00132566 0)
(0.296071 -0.00136801 0)
(0.286545 -0.00202545 0)
(0.291635 -0.00200883 0)
(0.27868 -0.00307642 0)
(0.284186 -0.00288954 0)
(0.266611 -0.00479954 0)
(0.270947 -0.00421285 0)
(0.246968 -0.00823888 0)
(0.243705 -0.00709359 0)
(0.209352 -0.01798 0)
(0.168804 -0.019024 0)
(0.109223 -0.0505545 0)
(0.301064 -1.91744e-05 0)
(0.298641 -0.000147563 0)
(0.300965 -0.000181845 0)
(0.297355 -0.000329273 0)
(0.300215 -0.000372779 0)
(0.295185 -0.00055748 0)
(0.29868 -0.00061818 0)
(0.291761 -0.000857742 0)
(0.295988 -0.00094509 0)
(0.286562 -0.00126595 0)
(0.29148 -0.00137767 0)
(0.278733 -0.00182709 0)
(0.283889 -0.00193993 0)
(0.266748 -0.00263376 0)
(0.270326 -0.00267778 0)
(0.247229 -0.00399571 0)
(0.24215 -0.00390413 0)
(0.209337 -0.00737629 0)
(0.164162 -0.00798042 0)
(0.106457 -0.0179873 0)
(0.301063 -5.39378e-06 0)
(0.298641 -8.44202e-05 0)
(0.300965 -9.35264e-05 0)
(0.29735 -0.00017127 0)
(0.300213 -0.000201742 0)
(0.295172 -0.000273718 0)
(0.298677 -0.000340424 0)
(0.291733 -0.00038781 0)
(0.295987 -0.000521517 0)
(0.286514 -0.00050282 0)
(0.291487 -0.000747012 0)
(0.278657 -0.000570514 0)
(0.283917 -0.000993587 0)
(0.266639 -0.000451091 0)
(0.270391 -0.00114787 0)
(0.247097 0.000296496 0)
(0.242275 -0.000688081 0)
(0.20925 0.00338514 0)
(0.16434 0.00326992 0)
(0.106554 0.0140733 0)
(0.301063 8.76052e-06 0)
(0.298637 -2.19736e-05 0)
(0.300971 -3.95879e-06 0)
(0.297339 -1.4372e-05 0)
(0.300229 -2.85978e-05 0)
(0.295145 8.00493e-06 0)
(0.298714 -5.91467e-05 0)
(0.291678 7.82965e-05 0)
(0.296065 -9.22243e-05 0)
(0.286408 0.000253011 0)
(0.29165 -0.000107267 0)
(0.278461 0.000671949 0)
(0.284258 -3.36751e-05 0)
(0.266295 0.0017032 0)
(0.271131 0.000395683 0)
(0.246577 0.00452385 0)
(0.244071 0.00249335 0)
(0.209076 0.0139745 0)
(0.169348 0.0142807 0)
(0.109518 0.0466911 0)
(0.301061 2.35131e-05 0)
(0.298635 3.89195e-05 0)
(0.30098 8.78169e-05 0)
(0.297326 0.000139546 0)
(0.300255 0.000148187 0)
(0.295113 0.000284309 0)
(0.298778 0.000228467 0)
(0.291608 0.000534562 0)
(0.296203 0.000348014 0)
(0.286266 0.000990548 0)
(0.291938 0.000551312 0)
(0.278182 0.00187905 0)
(0.28486 0.000957271 0)
(0.265768 0.00378384 0)
(0.272466 0.0019758 0)
(0.245701 0.00857096 0)
(0.247461 0.00559312 0)
(0.208624 0.0240545 0)
(0.179603 0.0244495 0)
(0.115505 0.0808455 0)
(0.301056 3.9264e-05 0)
(0.298637 9.6899e-05 0)
(0.300987 0.00018306 0)
(0.297318 0.00028852 0)
(0.300284 0.000330275 0)
(0.295088 0.00055192 0)
(0.298854 0.00052509 0)
(0.291547 0.000975591 0)
(0.296373 0.000803739 0)
(0.286127 0.00170037 0)
(0.292298 0.00123683 0)
(0.27789 0.00303275 0)
(0.28563 0.00199445 0)
(0.265172 0.00575029 0)
(0.274226 0.00362144 0)
(0.244593 0.0123244 0)
(0.252189 0.00861446 0)
(0.207597 0.0332696 0)
(0.195648 0.032849 0)
(0.12679 0.117795 0)
(0.301043 5.52198e-05 0)
(0.298649 0.000153905 0)
(0.300985 0.000278433 0)
(0.297326 0.000435745 0)
(0.300304 0.000513091 0)
(0.295087 0.000815222 0)
(0.298921 0.000824283 0)
(0.291521 0.001407 0)
(0.296537 0.00126636 0)
(0.286044 0.00238886 0)
(0.292662 0.00193864 0)
(0.277677 0.00413736 0)
(0.286434 0.00306753 0)
(0.264685 0.00759201 0)
(0.276129 0.00533729 0)
(0.243578 0.0156864 0)
(0.25759 0.0116923 0)
(0.206063 0.0406685 0)
(0.21758 0.0416772 0)
(0.126102 0.154238 0)
)
;

boundaryField
{
    inlet
    {
        type            fixedValue;
        value           uniform (0.3 0 0);
    }
    outlet
    {
        type            zeroGradient;
    }
    upAndBottom
    {
        type            empty;
    }
    obstacle
    {
        type            noSlip;
    }
}


// ************************************************************************* //
