/*--------------------------------*- C++ -*----------------------------------*\
| =========                 |                                                 |
| \\      /  F ield         | OpenFOAM: The Open Source CFD Toolbox           |
|  \\    /   O peration     | Version:  v1806                                 |
|   \\  /    A nd           | Web:      www.OpenFOAM.com                      |
|    \\/     M anipulation  |                                                 |
\*---------------------------------------------------------------------------*/
FoamFile
{
    version     2.0;
    format      ascii;
    class       surfaceScalarField;
    location    "5";
    object      phi;
}
// * * * * * * * * * * * * * * * * * * * * * * * * * * * * * * * * * * * * * //

dimensions      [0 3 -1 0 0 0 0];
oriented        oriented;


internalField   nonuniform List<scalar> 
8600
(
0.653245
-0.800652
-0.697531
0.844938
0.565991
-0.819024
0.906278
0.418608
-0.835303
0.982686
0.315987
-0.87207
0.974692
0.258844
-0.898875
0.956018
0.226593
-0.916279
0.948531
0.203801
-0.929578
0.952369
0.184105
-0.933253
0.952949
0.168034
-0.932992
0.949063
0.155073
-0.929657
0.942618
0.144358
-0.924208
0.934923
0.135112
-0.917664
0.92691
0.127437
-0.91088
0.918554
0.121465
-0.904038
0.91001
0.117025
-0.897217
0.901657
0.113555
-0.890323
0.893793
0.111026
-0.883405
0.885934
0.109177
-0.876495
0.878344
0.10787
-0.870023
0.87133
-0.861642
0.862103
0.225584
-0.661534
-0.364701
0.198931
-0.792372
0.225775
-0.862146
0.238703
-0.884998
0.2323
-0.892473
0.216972
-0.900951
0.196336
-0.908942
0.178633
-0.91555
0.163747
-0.918105
0.150683
-0.916594
0.139684
-0.913208
0.130777
-0.908757
0.12354
-0.903643
0.117481
-0.897979
0.112357
-0.892093
0.108108
-0.886074
0.10473
-0.880027
0.102089
-0.873854
0.100149
-0.868083
-0.860736
0.402986
-0.720728
-0.343792
0.406296
-0.795681
0.353533
-0.809383
0.291678
-0.823144
0.240677
-0.841471
0.20626
-0.866534
0.185091
-0.887773
0.169512
-0.899972
0.155921
-0.904514
0.144656
-0.905329
0.13529
-0.903843
0.127397
-0.900864
0.120577
-0.896822
0.114698
-0.8921
0.109798
-0.887193
0.105744
-0.88202
0.102341
-0.876624
0.0996961
-0.871209
0.0974353
-0.865822
-0.859398
0.157009
-0.701156
-0.176581
0.131586
-0.770258
0.142065
-0.819862
0.161607
-0.842686
0.17606
-0.855924
0.1784
-0.868873
0.171326
-0.880699
0.160173
-0.888819
0.149592
-0.893932
0.140412
-0.896149
0.132427
-0.895858
0.125469
-0.893906
0.119437
-0.89079
0.114382
-0.887045
0.110135
-0.882945
0.106518
-0.878404
0.103514
-0.87362
0.101222
-0.868918
0.0994982
-0.864098
-0.858455
0.256252
-0.746983
-0.210425
0.284861
-0.798867
0.27206
-0.807061
0.241436
-0.812062
0.208737
-0.823226
0.182423
-0.842559
0.164075
-0.862351
0.152288
-0.877032
0.143164
-0.884809
0.134851
-0.887835
0.127385
-0.888393
0.120944
-0.887465
0.115459
-0.885306
0.110966
-0.882551
0.107124
-0.879103
0.103975
-0.875255
0.101767
-0.871412
0.100365
-0.867515
0.0996276
-0.863361
-0.858314
0.108286
-0.746415
-0.108854
0.0954512
-0.786032
0.0981365
-0.809746
0.112552
-0.826477
0.129416
-0.840089
0.140392
-0.853535
0.143106
-0.865065
0.138594
-0.87252
0.130961
-0.877176
0.123399
-0.880273
0.116552
-0.881545
0.110377
-0.88129
0.105154
-0.880083
0.100716
-0.878113
0.0969524
-0.875339
0.0940162
-0.872318
0.0918549
-0.869251
0.0901539
-0.865814
0.0890766
-0.862283
-0.858073
0.174271
-0.780194
-0.140492
0.198845
-0.810606
0.204902
-0.815804
0.192752
-0.814327
0.173877
-0.821215
0.155187
-0.834845
0.139731
-0.849609
0.128837
-0.861626
0.121281
-0.86962
0.114691
-0.873683
0.108709
-0.875563
0.103379
-0.875961
0.0986083
-0.875311
0.0942453
-0.87375
0.0906042
-0.871698
0.0876915
-0.869406
0.085107
-0.866667
0.08288
-0.863587
0.0812463
-0.86065
-0.857335
0.0744687
-0.781502
-0.0731607
0.068226
-0.804363
0.0675646
-0.815142
0.0790202
-0.825782
0.0934581
-0.835653
0.105681
-0.847068
0.112525
-0.856453
0.113609
-0.86271
0.110471
-0.866482
0.105976
-0.869188
0.101566
-0.871153
0.0973787
-0.871774
0.0933698
-0.871303
0.0897878
-0.870168
0.0868518
-0.868762
0.0842516
-0.866806
0.0819893
-0.864404
0.0803613
-0.861959
0.0791912
-0.85948
-0.856699
0.122875
-0.80657
-0.0978069
0.142771
-0.82426
0.154652
-0.827023
0.150915
-0.822046
0.140708
-0.825446
0.12808
-0.83444
0.116655
-0.845029
0.108338
-0.854393
0.102909
-0.861053
0.0989735
-0.865252
0.0951239
-0.867303
0.0914436
-0.868094
0.0880892
-0.867948
0.0852733
-0.867352
0.0826465
-0.866136
0.0802859
-0.864445
0.0786432
-0.862762
0.0776564
-0.860973
0.0769434
-0.858767
-0.856337
0.05098
-0.807004
-0.050546
0.0468617
-0.820141
0.0450314
-0.825192
0.0537999
-0.830814
0.0665065
-0.838153
0.0787148
-0.846648
0.0874799
-0.853794
0.0913362
-0.858249
0.0912825
-0.860999
0.0887728
-0.862742
0.0856944
-0.864225
0.0827564
-0.865156
0.0801661
-0.865358
0.0777873
-0.864973
0.0755147
-0.863863
0.0738044
-0.862735
0.0725646
-0.861522
0.0715035
-0.859911
0.0708075
-0.858071
-0.856141
0.0898774
-0.826622
-0.0702586
0.106723
-0.836987
0.118744
-0.837213
0.119595
-0.831665
0.113238
-0.831796
0.103886
-0.837296
0.0943351
-0.844243
0.0869711
-0.850885
0.0821329
-0.856161
0.0790372
-0.859647
0.0765782
-0.861766
0.0741021
-0.862679
0.0717462
-0.863002
0.0694218
-0.862649
0.0675701
-0.862011
0.0661627
-0.861327
0.0647274
-0.860087
0.0635012
-0.858685
0.0629009
-0.85747
-0.856041
0.0332891
-0.825558
-0.0343535
0.0291454
-0.832843
0.0266173
-0.834685
0.0320122
-0.83706
0.0428127
-0.842596
0.0538806
-0.848364
0.062912
-0.853274
0.0684713
-0.856445
0.0702966
-0.857986
0.0697235
-0.859074
0.0678361
-0.859879
0.0656949
-0.860538
0.0635203
-0.860827
0.0614686
-0.860597
0.0598206
-0.860363
0.0581821
-0.859689
0.056722
-0.858627
0.05579
-0.857753
0.0551833
-0.856864
-0.855719
0.0665737
-0.841153
-0.0509786
0.0804275
-0.846697
0.0909404
-0.845198
0.0943057
-0.840426
0.0900773
-0.838368
0.0829503
-0.841237
0.0753241
-0.845648
0.0689112
-0.850032
0.064748
-0.853823
0.0622286
-0.856554
0.0604124
-0.858063
0.0588966
-0.859022
0.0573318
-0.859262
0.0558935
-0.859159
0.054439
-0.858909
0.0530454
-0.858295
0.0521172
-0.857698
0.051435
-0.857071
0.0507789
-0.856208
-0.855341
0.0195474
-0.838659
-0.022041
0.0153028
-0.842452
0.0129109
-0.842806
0.0167073
-0.844222
0.0259346
-0.847595
0.0359265
-0.851229
0.0444879
-0.854209
0.050306
-0.85585
0.0531407
-0.856658
0.0535299
-0.856943
0.0529379
-0.85747
0.0519154
-0.858
0.0507555
-0.858103
0.0497493
-0.858153
0.0487399
-0.857899
0.0479495
-0.857505
0.0473336
-0.857082
0.0468227
-0.85656
0.0465738
-0.855959
-0.855327
0.0497059
-0.851393
-0.0369719
0.0610708
-0.853817
0.0699984
-0.851734
0.0733295
-0.847553
0.0704684
-0.844734
0.0646873
-0.845447
0.0579585
-0.847481
0.0521992
-0.85009
0.0481297
-0.852588
0.0458946
-0.854708
0.0446128
-0.856189
0.0432715
-0.856659
0.042135
-0.856966
0.0411089
-0.857127
0.0401585
-0.856949
0.0393338
-0.85668
0.0386527
-0.856401
0.0382833
-0.856191
0.0381401
-0.855816
-0.85532
0.00781994
-0.847325
-0.0118878
0.00284886
-0.848846
-7.24753e-05
-0.848812
0.0023563
-0.849982
0.00956421
-0.851942
0.0179409
-0.853824
0.0256272
-0.855167
0.0312896
-0.855753
0.0345084
-0.855807
0.0356984
-0.855898
0.0353313
-0.855822
0.0345788
-0.855906
0.0338193
-0.856207
0.0328498
-0.856157
0.0319291
-0.856028
0.0312253
-0.855976
0.0307725
-0.855948
0.0303046
-0.855723
0.029825
-0.855336
-0.855079
0.0355826
-0.857273
-0.0256348
0.0445981
-0.857862
0.051451
-0.855665
0.0533727
-0.851903
0.0507559
-0.849325
0.0455092
-0.848577
0.0395143
-0.849172
0.0342942
-0.850533
0.0308538
-0.852367
0.0288722
-0.853917
0.0278696
-0.854819
0.0274553
-0.855492
0.0268568
-0.855608
0.0262352
-0.855536
0.0258242
-0.855617
0.0255508
-0.855703
0.0251653
-0.855563
0.0246537
-0.855211
0.024407
-0.855089
-0.85504
-0.00190556
-0.852346
-0.0030218
-0.00702644
-0.852741
-0.0100146
-0.852677
-0.00879805
-0.85312
-0.00321121
-0.854912
0.00359574
-0.855384
0.0099372
-0.855513
0.0150011
-0.855597
0.0181237
-0.85549
0.0194484
-0.855241
0.0198445
-0.855215
0.0195798
-0.855227
0.0191155
-0.855144
0.0188855
-0.855306
0.0186899
-0.855422
0.0183173
-0.85533
0.0178847
-0.85513
0.0177665
-0.855093
0.0178668
-0.85519
-0.855102
0.0231152
-0.860344
-0.0151167
0.0302164
-0.859842
0.0354892
-0.85795
0.0373421
-0.854973
0.0341097
-0.85168
0.0286254
-0.8499
0.0229655
-0.849854
0.0181459
-0.850777
0.0147616
-0.852105
0.0129596
-0.853439
0.012108
-0.854363
0.0116191
-0.854738
0.0114312
-0.854956
0.0112233
-0.855098
0.0108689
-0.855067
0.0105232
-0.854984
0.0104028
-0.85501
0.0104165
-0.855107
0.0103066
-0.85508
-0.85501
-0.0115954
0.00625097
-0.0164374
-0.0193874
-0.0193602
-0.0160399
-0.0109401
-0.00579359
-0.00157068
0.00132409
0.00288477
0.00352132
0.00378322
0.00382735
0.00372964
0.00366215
0.0036778
0.00366781
0.00356111
0.00348119
-0.244801
-0.0600788
0.304879
-0.187978
-0.0568227
-0.13718
-0.0507978
-0.0899626
-0.0472177
-0.0457296
-0.044233
-0.00347896
-0.0422506
0.0374518
-0.0409308
0.0775924
-0.0401405
0.117427
-0.0398344
0.157415
-0.0399877
0.198076
-0.0406619
0.239881
-0.041805
0.28391
-0.0440281
0.329909
-0.0459994
0.379626
-0.0497173
0.431736
-0.05211
0.490463
-0.0587266
0.551574
-0.0611115
0.624365
-0.0727911
-0.0731659
-0.0681692
-0.0766638
0.0847542
-0.051472
-0.0735199
-0.0310009
-0.0712689
-0.00881816
-0.0694004
0.0149643
-0.0680154
0.0397525
-0.0670389
0.0652477
-0.066426
0.0912533
-0.0661461
0.117601
-0.0661819
0.14414
-0.0665273
0.170651
-0.0671729
0.196993
-0.0681466
0.222373
-0.0694078
0.247462
-0.0710883
0.270732
-0.0729876
0.294133
-0.0755116
0.313635
-0.0782284
0.334248
-0.0817246
0.347401
-0.0859439
-0.0904659
-0.0614795
-0.0921688
0.0769845
-0.0437352
-0.0912641
-0.0247708
-0.0902333
-0.00485296
-0.0893183
0.0157047
-0.0885731
0.0367112
-0.0880454
0.0580476
-0.0877624
0.0796445
-0.087743
0.101463
-0.0879999
0.123477
-0.0885417
0.145681
-0.089377
0.16804
-0.0905057
0.190575
-0.0919432
0.213162
-0.0936745
0.235889
-0.0957151
0.258476
-0.0980981
0.280922
-0.100675
0.303069
-0.103872
0.323919
-0.106794
-0.110339
-0.0040261
-0.102401
0.0142581
0.00636415
-0.101654
0.0171745
-0.101044
0.0284228
-0.100566
0.0400764
-0.100227
0.0520572
-0.100026
0.064259
-0.0999641
0.0765547
-0.100039
0.088803
-0.100248
0.100853
-0.100592
0.112545
-0.101069
0.123721
-0.101682
0.134209
-0.102431
0.14386
-0.103326
0.152519
-0.104373
0.159995
-0.105574
0.166292
-0.106971
0.170948
-0.108528
0.174476
-0.110322
-0.112444
-0.0142707
-0.112102
0.0239723
-0.0040087
-0.111916
0.00669442
-0.111747
0.017747
-0.111619
0.029077
-0.111557
0.0406277
-0.111577
0.0523563
-0.111693
0.064232
-0.111914
0.0762332
-0.112249
0.088344
-0.112703
0.100553
-0.113278
0.112847
-0.113976
0.125215
-0.114799
0.137634
-0.115745
0.15007
-0.11681
0.162499
-0.118003
0.17481
-0.119282
0.187039
-0.120756
0.198814
-0.122098
-0.124056
0.0109449
-0.118827
-0.00422052
0.0176322
-0.118604
0.0243172
-0.118432
0.0310165
-0.118318
0.037725
-0.118265
0.0444213
-0.118273
0.0510695
-0.118341
0.0576235
-0.118468
0.064029
-0.118655
0.0702267
-0.1189
0.0761544
-0.119205
0.0817501
-0.119572
0.0869526
-0.120001
0.0917061
-0.120498
0.0959638
-0.121068
0.099674
-0.121713
0.102844
-0.122452
0.105356
-0.123268
0.107499
-0.124241
-0.125411
-0.000856472
-0.125229
0.00725863
0.00576953
-0.12523
0.0125897
-0.125252
0.0195707
-0.125299
0.026684
-0.125379
0.0339076
-0.125497
0.0412258
-0.125659
0.0486279
-0.125871
0.0561066
-0.126134
0.0636568
-0.12645
0.0712737
-0.126822
0.0789518
-0.12725
0.0866831
-0.127733
0.0944554
-0.128271
0.10225
-0.128862
0.110046
-0.129509
0.117798
-0.130204
0.125498
-0.130968
0.133013
-0.131756
-0.13289
0.0128425
-0.129707
-0.00836418
0.0172462
-0.129633
0.0215778
-0.129584
0.0258405
-0.129562
0.0300329
-0.129571
0.0341464
-0.12961
0.0381674
-0.12968
0.0420772
-0.12978
0.0458547
-0.129911
0.0494768
-0.130073
0.05292
-0.130266
0.0561616
-0.130491
0.0591806
-0.130752
0.0619596
-0.13105
0.0644857
-0.131388
0.0667497
-0.131773
0.0687562
-0.132211
0.0704965
-0.132709
0.0720468
-0.133307
-0.134004
0.00271988
-0.134106
0.00167891
0.00723823
-0.134152
0.0118665
-0.134212
0.0165907
-0.134286
0.0213976
-0.134378
0.026276
-0.134489
0.0312176
-0.134622
0.0362159
-0.134779
0.0412659
-0.134961
0.0463632
-0.13517
0.0515029
-0.135405
0.0566792
-0.135668
0.061884
-0.135957
0.0671066
-0.136272
0.0723325
-0.136614
0.0775433
-0.136984
0.0827141
-0.137381
0.0878214
-0.137816
0.0928167
-0.138302
-0.138994
0.0113124
-0.137137
-0.00828122
0.0142709
-0.13711
0.0171544
-0.137095
0.0199627
-0.137095
0.0226948
-0.13711
0.0253476
-0.137142
0.0279159
-0.13719
0.0303923
-0.137255
0.0327686
-0.137337
0.035036
-0.137437
0.0371859
-0.137555
0.0392106
-0.137692
0.041104
-0.13785
0.0428621
-0.13803
0.0444835
-0.138236
0.0459703
-0.13847
0.0473287
-0.13874
0.0485662
-0.139053
0.0496965
-0.139432
-0.139844
0.00318628
-0.140255
-6.83916e-05
0.00638061
-0.140305
0.00964829
-0.140363
0.0129832
-0.14043
0.0163783
-0.140505
0.019827
-0.14059
0.0233235
-0.140686
0.0268628
-0.140794
0.0304405
-0.140915
0.0340519
-0.141049
0.037692
-0.141195
0.0413549
-0.141355
0.0450333
-0.141528
0.0487177
-0.141715
0.0523967
-0.141915
0.0560562
-0.14213
0.0596792
-0.142363
0.0632468
-0.142621
0.0667361
-0.142922
-0.143366
0.00891149
-0.142309
-0.00685774
0.0109034
-0.142297
0.0128304
-0.14229
0.0146916
-0.142291
0.0164864
-0.1423
0.018214
-0.142318
0.0198726
-0.142345
0.0214598
-0.142382
0.022973
-0.142428
0.0244091
-0.142485
0.0257658
-0.142552
0.0270413
-0.142631
0.0282348
-0.142722
0.029347
-0.142827
0.03038
-0.142948
0.0313381
-0.143088
0.0322268
-0.143251
0.033051
-0.143445
0.0338116
-0.143682
-0.143908
0.00292326
-0.144521
-0.00071072
0.00519135
-0.144565
0.00751427
-0.144613
0.00988908
-0.144666
0.0123117
-0.144722
0.0147776
-0.144784
0.0172825
-0.14485
0.0198221
-0.144921
0.0223923
-0.144998
0.0249888
-0.145081
0.0276068
-0.14517
0.0302407
-0.145265
0.0328842
-0.145365
0.0355295
-0.145472
0.0381676
-0.145586
0.0407878
-0.145708
0.0433784
-0.145842
0.0459269
-0.145994
0.0484184
-0.146174
-0.146468
0.0067248
-0.145861
-0.00538498
0.00801367
-0.145854
0.00924901
-0.145848
0.0104299
-0.145846
0.0115562
-0.145849
0.0126281
-0.145856
0.0136455
-0.145867
0.0146083
-0.145884
0.0155162
-0.145906
0.0163692
-0.145934
0.0171673
-0.145968
0.0179112
-0.146009
0.0186025
-0.146057
0.0192432
-0.146113
0.0198365
-0.146179
0.0203864
-0.146258
0.0208964
-0.146352
0.021368
-0.146465
0.0218006
-0.146606
-0.146709
0.00198368
-0.147439
-0.000406176
0.00360437
-0.147474
0.00526852
-0.147512
0.00697473
-0.147553
0.00872047
-0.147594
0.0105026
-0.147638
0.0123179
-0.147683
0.0141627
-0.147729
0.0160335
-0.147777
0.0179265
-0.147827
0.0198374
-0.147879
0.0217614
-0.147933
0.0236932
-0.147988
0.0256265
-0.148046
0.0275544
-0.148107
0.029469
-0.148173
0.0313621
-0.148245
0.0332261
-0.148329
0.0350495
-0.14843
-0.148631
0.00475722
-0.148216
-0.00397997
0.00549372
-0.148211
0.00618745
-0.148206
0.00683768
-0.148203
0.00744448
-0.148201
0.00800835
-0.148202
0.00852999
-0.148204
0.00901012
-0.148209
0.00944958
-0.148217
0.00984935
-0.148227
0.0102106
-0.14824
0.010535
-0.148257
0.0108245
-0.148278
0.0110814
-0.148303
0.0113086
-0.148334
0.0115089
-0.148373
0.011684
-0.14842
0.0118326
-0.148478
0.011954
-0.148551
-0.148565
0.00143599
-0.149241
-0.000411324
0.00249614
-0.149271
0.00359257
-0.149303
0.00472481
-0.149335
0.00589144
-0.149368
0.00709046
-0.149401
0.00831948
-0.149433
0.00957593
-0.149466
0.010857
-0.149498
0.0121598
-0.14953
0.013481
-0.149561
0.014817
-0.149593
0.0161638
-0.149625
0.0175168
-0.149656
0.0188713
-0.149689
0.0202221
-0.149724
0.0215647
-0.149763
0.0228952
-0.149809
0.0242061
-0.149862
-0.149993
0.00270322
-0.149558
-0.00238537
0.00298729
-0.149555
0.0032362
-0.149552
0.00344958
-0.149549
0.00362783
-0.149546
0.00377183
-0.149545
0.0038828
-0.149544
0.00396217
-0.149545
0.00401157
-0.149547
0.00403284
-0.149551
0.00402807
-0.149557
0.00399964
-0.149565
0.0039502
-0.149575
0.00388262
-0.149589
0.0037998
-0.149606
0.00370421
-0.149628
0.00359695
-0.149655
0.00347659
-0.149688
0.00334243
-0.149728
-0.149673
0.000277416
-0.150128
0.000291991
0.000876859
-0.150154
0.00150703
-0.150182
0.00216757
-0.150209
0.00285733
-0.150236
0.00357452
-0.150262
0.00431697
-0.150287
0.0050822
-0.15031
0.00586752
-0.150332
0.00667002
-0.150353
0.00748662
-0.150373
0.008314
-0.150392
0.00914869
-0.15041
0.00998716
-0.150427
0.010826
-0.150445
0.0116622
-0.150464
0.0124938
-0.150487
0.0133202
-0.150515
0.0141384
-0.150546
-0.150651
0.000784724
-0.000912559
0.000630321
0.000448594
0.000239525
3.64027e-06
-0.000258161
-0.000544758
-0.000854916
-0.00118736
-0.00154082
-0.00191409
-0.00230606
-0.00271584
-0.00314301
-0.0035879
-0.00405213
-0.00453906
-0.00505375
-0.00559984
-0.278111
-0.11095
0.108216
0.280845
-0.27551
-0.108958
0.106357
-0.272721
-0.107041
0.104252
-0.269889
-0.105003
0.102171
-0.267323
-0.102804
0.100239
-0.265437
-0.100456
0.0985699
-0.264734
-0.0979861
0.0972825
-0.265752
-0.09546
0.096478
-0.268988
-0.0929711
0.0962078
-0.274805
-0.0906318
0.0964485
-0.283329
-0.0885543
0.0970781
-0.294366
-0.0868283
0.097865
-0.307326
-0.0855014
0.0984621
-0.321172
-0.0845642
0.0984102
-0.334403
-0.0839252
0.0971564
-0.345077
-0.0833637
0.0940367
-0.350821
-0.0824488
0.0881934
-0.348721
-0.0804845
0.0783848
-0.335276
-0.0761651
0.0627199
-0.067527
0.0371302
-0.22239
-0.114327
0.225767
-0.218125
-0.113222
-0.213164
-0.112003
-0.207361
-0.110806
-0.200563
-0.109602
-0.192672
-0.108347
-0.183671
-0.106987
-0.173669
-0.105462
-0.162922
-0.103718
-0.151835
-0.101718
-0.140932
-0.0994576
-0.130786
-0.0969742
-0.121935
-0.0943526
-0.114808
-0.0916912
-0.109746
-0.0889869
-0.106424
-0.0866863
-0.104074
-0.084799
-0.10145
-0.0831078
-0.0963259
-0.0812896
-0.0790987
-0.200051
-0.11691
0.202634
-0.197852
-0.115421
-0.195833
-0.114021
-0.194011
-0.112628
-0.192348
-0.111266
-0.190742
-0.109953
-0.189023
-0.108705
-0.186956
-0.107529
-0.184251
-0.106423
-0.180593
-0.105376
-0.175688
-0.104363
-0.169308
-0.103354
-0.161351
-0.102309
-0.151845
-0.101198
-0.140842
-0.0999891
-0.128916
-0.098613
-0.116586
-0.0971282
-0.104049
-0.0956451
-0.091042
-0.0942966
-0.0931562
-0.145647
-0.121568
0.150305
-0.140317
-0.120752
-0.134486
-0.119852
-0.128215
-0.1189
-0.121604
-0.117876
-0.114783
-0.116774
-0.107896
-0.115591
-0.101088
-0.114337
-0.094482
-0.11303
-0.0881583
-0.111699
-0.0821132
-0.110408
-0.0762535
-0.109214
-0.0704152
-0.108148
-0.0643876
-0.107225
-0.0579356
-0.106441
-0.0507839
-0.105765
-0.0427621
-0.10515
-0.0338651
-0.104542
-0.0242714
-0.10389
-0.10317
-0.141932
-0.124315
0.14468
-0.139204
-0.123479
-0.136381
-0.122675
-0.133377
-0.121904
-0.130087
-0.121166
-0.126399
-0.120462
-0.122201
-0.119789
-0.117394
-0.119144
-0.111904
-0.11852
-0.105693
-0.117911
-0.098798
-0.117303
-0.0913316
-0.11668
-0.0834408
-0.116038
-0.0752846
-0.115382
-0.0670026
-0.114723
-0.0586803
-0.114087
-0.050325
-0.113505
-0.0418569
-0.11301
-0.0331283
-0.112619
-0.112326
-0.0962895
-0.128575
0.100549
-0.0917822
-0.127986
-0.0870925
-0.127365
-0.0822867
-0.12671
-0.0774285
-0.126025
-0.0725745
-0.125316
-0.0677675
-0.124596
-0.0630263
-0.123885
-0.0583435
-0.123203
-0.0536865
-0.122568
-0.0489951
-0.121995
-0.0441836
-0.121492
-0.0391626
-0.121059
-0.0338522
-0.120692
-0.0281973
-0.120378
-0.0221821
-0.120102
-0.0158409
-0.119847
-0.00925505
-0.119596
-0.00253365
-0.11934
-0.11908
-0.100409
-0.131318
0.103152
-0.0975292
-0.130866
-0.0944723
-0.130422
-0.0911855
-0.129997
-0.0876197
-0.129591
-0.0837338
-0.129202
-0.0795005
-0.12883
-0.0749176
-0.128468
-0.070007
-0.128113
-0.0648119
-0.127763
-0.059392
-0.127415
-0.053815
-0.127069
-0.0481463
-0.126728
-0.0424384
-0.1264
-0.0367222
-0.126094
-0.0310002
-0.125824
-0.0252465
-0.1256
-0.0194112
-0.125431
-0.0134334
-0.125318
-0.125254
-0.0653618
-0.134705
0.0687491
-0.0619022
-0.134326
-0.0583896
-0.133935
-0.0548543
-0.133532
-0.0513202
-0.133125
-0.0478022
-0.13272
-0.0443042
-0.132327
-0.040816
-0.131956
-0.037315
-0.131614
-0.0337698
-0.131308
-0.0301435
-0.131041
-0.026399
-0.130813
-0.0225052
-0.130622
-0.0184429
-0.130462
-0.0142102
-0.130327
-0.00982488
-0.130209
-0.00532367
-0.130101
-0.000756911
-0.129998
0.00382119
-0.129896
-0.129798
-0.0715477
-0.137133
0.0739759
-0.0689839
-0.13689
-0.0662674
-0.136651
-0.0633775
-0.136422
-0.0603007
-0.136201
-0.0570324
-0.135988
-0.0535781
-0.135782
-0.0499542
-0.13558
-0.0461859
-0.135383
-0.0423051
-0.135189
-0.0383466
-0.134999
-0.0343436
-0.134816
-0.0303233
-0.134642
-0.0263031
-0.134482
-0.0222877
-0.134342
-0.0182689
-0.134228
-0.0142267
-0.134144
-0.0101332
-0.134092
-0.00595872
-0.134071
-0.134077
-0.045038
-0.139692
0.0475968
-0.0424595
-0.139468
-0.0398727
-0.139238
-0.0372886
-0.139006
-0.0347128
-0.138777
-0.0321454
-0.138556
-0.0295801
-0.138347
-0.0270052
-0.138155
-0.0244046
-0.137983
-0.0217596
-0.137834
-0.0190519
-0.137707
-0.0162659
-0.137602
-0.0133915
-0.137517
-0.0104269
-0.137447
-0.0073799
-0.13739
-0.00426774
-0.13734
-0.00111586
-0.137296
0.00204563
-0.137253
0.0051865
-0.137212
-0.137172
-0.0518638
-0.141721
0.0538931
-0.04974
-0.141592
-0.0475089
-0.141469
-0.0451655
-0.14135
-0.0427092
-0.141233
-0.0401448
-0.14112
-0.0374823
-0.141009
-0.0347365
-0.140901
-0.0319258
-0.140794
-0.0290698
-0.14069
-0.0261879
-0.140589
-0.0232968
-0.140493
-0.020408
-0.140405
-0.0175271
-0.140328
-0.0146524
-0.140264
-0.0117752
-0.140217
-0.00888157
-0.140189
-0.00595415
-0.14018
-0.00297559
-0.14019
-0.140216
-0.0311457
-0.143599
0.0330238
-0.0292613
-0.143477
-0.0273826
-0.143348
-0.0255125
-0.14322
-0.0236508
-0.143095
-0.0217938
-0.142977
-0.019935
-0.142868
-0.0180654
-0.14277
-0.0161747
-0.142685
-0.0142519
-0.142612
-0.0122878
-0.142553
-0.0102756
-0.142505
-0.00821262
-0.142468
-0.00610141
-0.142439
-0.00394993
-0.142416
-0.00177132
-0.142396
0.000417356
-0.142378
0.00259703
-0.14236
0.00474912
-0.142342
-0.142325
-0.0365825
-0.145132
0.0381151
-0.0349884
-0.145071
-0.0333197
-0.145016
-0.0315764
-0.144963
-0.0297618
-0.14491
-0.0278819
-0.144857
-0.0259457
-0.144804
-0.0239645
-0.144752
-0.0219504
-0.144699
-0.0199159
-0.144647
-0.017872
-0.144597
-0.0158276
-0.14455
-0.0137877
-0.144508
-0.0117538
-0.144473
-0.00972262
-0.144447
-0.00768716
-0.144431
-0.00563739
-0.144428
-0.00356175
-0.144436
-0.00144886
-0.144455
-0.144484
-0.0207639
-0.146477
0.0221094
-0.0194175
-0.146417
-0.0180842
-0.14635
-0.0167639
-0.146283
-0.0154546
-0.146219
-0.0141522
-0.14616
-0.0128511
-0.146106
-0.0115445
-0.146058
-0.0102253
-0.146018
-0.008887
-0.145985
-0.00752426
-0.14596
-0.006134
-0.14594
-0.00471599
-0.145926
-0.00327331
-0.145916
-0.0018124
-0.145908
-0.00034273
-0.145901
0.00112408
-0.145895
0.00257546
-0.145887
0.00399924
-0.145879
-0.14587
-0.0261446
-0.147601
0.0272684
-0.0249835
-0.147578
-0.0237707
-0.147562
-0.0225076
-0.147546
-0.0211977
-0.147529
-0.0198465
-0.147511
-0.018461
-0.147491
-0.0170493
-0.14747
-0.0156197
-0.147448
-0.0141802
-0.147425
-0.0127375
-0.147402
-0.0112964
-0.147381
-0.00985931
-0.147363
-0.00842581
-0.147349
-0.00699273
-0.147341
-0.00555443
-0.147339
-0.00410347
-0.147345
-0.00263156
-0.147359
-0.00113062
-0.14738
-0.147407
-0.0120137
-0.14844
0.0128524
-0.0111726
-0.148419
-0.0103438
-0.148391
-0.00952619
-0.148364
-0.00871778
-0.148337
-0.00791514
-0.148313
-0.00711398
-0.148292
-0.00630956
-0.148274
-0.00549719
-0.14826
-0.00467277
-0.148249
-0.00383331
-0.148242
-0.00297748
-0.148237
-0.00210591
-0.148235
-0.00122149
-0.148234
-0.000329242
-0.148233
0.000563942
-0.148233
0.00144989
-0.148231
0.00231991
-0.148229
0.00316568
-0.148226
-0.148221
-0.0164414
-0.149157
0.017158
-0.015703
-0.149158
-0.0149302
-0.149164
-0.014125
-0.149169
-0.01329
-0.149172
-0.0124295
-0.149174
-0.0115486
-0.149173
-0.0106528
-0.14917
-0.00974765
-0.149165
-0.0088382
-0.149159
-0.00792848
-0.149152
-0.00702105
-0.149145
-0.0061167
-0.149139
-0.0052143
-0.149136
-0.00431083
-0.149137
-0.00340167
-0.149142
-0.00248101
-0.149152
-0.00154257
-0.149168
-0.000580217
-0.149188
-0.149213
-0.00540191
-0.149603
0.00584816
-0.0049534
-0.149606
-0.00451929
-0.149598
-0.00409806
-0.14959
-0.00368766
-0.149583
-0.00328528
-0.149576
-0.00288761
-0.149571
-0.00249114
-0.149567
-0.00209252
-0.149564
-0.00168898
-0.149562
-0.00127864
-0.149562
-0.000860826
-0.149562
-0.000436335
-0.149564
-7.48164e-06
-0.149565
0.000421951
-0.149566
0.000846958
-0.149567
0.00126172
-0.149567
0.00166014
-0.149566
0.00203637
-0.149564
-0.149562
-0.00880066
-0.149938
0.00913565
-0.00845842
-0.149948
-0.00809272
-0.149964
-0.00770505
-0.149978
-0.00729747
-0.14999
-0.00687287
-0.150001
-0.00643478
-0.150009
-0.00598695
-0.150014
-0.00553305
-0.150018
-0.00507623
-0.150019
-0.00461888
-0.150019
-0.00416226
-0.150019
-0.00370636
-0.150019
-0.00324982
-0.150021
-0.00278995
-0.150026
-0.00232298
-0.150034
-0.0018444
-0.150045
-0.00134937
-0.150061
-0.000833241
-0.15008
-0.150103
0.00128242
-0.00122027
0.00133395
0.00137005
0.00139211
0.0014017
0.00140088
0.00139202
0.00137761
0.00135993
0.00134087
0.00132165
0.00130262
0.00128321
0.00126181
0.00123588
0.00120211
0.00115671
0.00109572
0.00101541
-0.0906325
-0.0215598
0.112192
-0.0629666
-0.0276659
-0.0500856
-0.012881
-0.034607
-0.0154785
-0.0246688
-0.00993822
-0.0152165
-0.00945227
-0.00820711
-0.00700944
-0.00278286
-0.00542425
0.00102068
-0.00380354
0.00339981
-0.00237913
0.00456867
-0.00116886
0.00482784
-0.000259165
0.0044776
0.000350234
0.00378195
0.000695654
0.00294009
0.000841859
0.00208345
0.000856644
0.00128929
0.000794154
0.000614718
0.000674574
0.000143942
0.000470776
0.000143942
-0.114953
-0.04613
0.139523
-0.0943107
-0.0483082
-0.0750974
-0.0320943
-0.0577107
-0.0328652
-0.0432149
-0.024434
-0.02999
-0.0226772
-0.0190692
-0.0179303
-0.00997485
-0.0145186
-0.00293748
-0.0108409
0.00213159
-0.00744821
0.00537262
-0.00440989
0.00701034
-0.00189689
0.00740414
-4.35606e-05
0.00687419
0.00122561
0.00577008
0.00194597
0.00437554
0.00225118
0.00291146
0.00225823
0.00155755
0.00202849
0.000499817
0.00152851
0.000643759
-0.115251
-0.06525
0.134371
-0.101101
-0.0624588
-0.0832947
-0.0499001
-0.0687462
-0.0474137
-0.0537205
-0.0394598
-0.0406002
-0.0357974
-0.0286527
-0.0298778
-0.0182992
-0.0248721
-0.00971607
-0.019424
-0.00300254
-0.0141617
0.00184839
-0.00926081
0.00494554
-0.00499404
0.00647841
-0.00157643
0.00677858
0.000925439
0.00615738
0.00256716
0.00494871
0.00345985
0.0034496
0.00375734
0.00192741
0.00355069
0.000655835
0.00280008
0.00129959
-0.114641
-0.0781943
0.127586
-0.103378
-0.0737225
-0.0890545
-0.0642233
-0.0765246
-0.0599437
-0.0628059
-0.0531784
-0.0503732
-0.0482301
-0.0383007
-0.0419503
-0.0274158
-0.0357569
-0.0178602
-0.0289797
-0.009911
-0.0221109
-0.00372489
-0.0154469
0.000686775
-0.0094057
0.00343606
-0.00432571
0.00475518
-0.000393682
0.00493265
0.0023897
0.00428847
0.00410403
0.00314356
0.00490225
0.00181219
0.00488206
0.000625595
0.00398668
0.00192519
-0.111704
-0.0866117
0.120121
-0.103312
-0.0821142
-0.092579
-0.0749565
-0.0820467
-0.070476
-0.0704193
-0.0648058
-0.0590066
-0.0596429
-0.0474852
-0.0534716
-0.0365038
-0.0467384
-0.0263401
-0.0391433
-0.0174161
-0.031035
-0.0100477
-0.0228153
-0.00440721
-0.0150462
-0.000490697
-0.00824222
0.00185875
-0.00274313
0.00291125
0.0013372
0.0029689
0.00404637
0.00235796
0.00551319
0.00141281
0.00582722
0.000489399
0.00491008
0.00241459
-0.107274
-0.0918767
0.112539
-0.101262
-0.0881268
-0.0936071
-0.0826114
-0.0853059
-0.0787772
-0.0759376
-0.074174
-0.0660455
-0.069535
-0.0555978
-0.0639194
-0.0450191
-0.0573171
-0.0346587
-0.0495037
-0.0250205
-0.0406733
-0.0165904
-0.0312454
-0.00974702
-0.0218896
-0.00465827
-0.013331
-0.00126158
-0.00613981
0.000674624
-0.000599005
0.00145378
0.00326721
0.00142335
0.00554362
0.000926673
0.0063239
0.000325744
0.00551101
0.00274033
-0.102123
-0.095279
0.105525
-0.0980514
-0.0921983
-0.0926785
-0.0879842
-0.0865246
-0.0849311
-0.0793117
-0.0813869
-0.071234
-0.0776126
-0.0622596
-0.0728938
-0.0525998
-0.0669768
-0.0425426
-0.059561
-0.0325695
-0.0506463
-0.023273
-0.0405419
-0.0152455
-0.029917
-0.00890571
-0.0196708
-0.00437886
-0.0106667
-0.00151072
-0.00346715
1.62492e-05
0.00174024
0.000553134
0.00500674
0.000489567
0.00638747
0.000188509
0.00581207
0.00292884
-0.0969751
-0.0975318
0.0992278
-0.0942098
-0.0949636
-0.090515
-0.091679
-0.0861215
-0.0893247
-0.0808014
-0.0867071
-0.0745512
-0.0838628
-0.0672524
-0.0801926
-0.0589227
-0.0753066
-0.0496884
-0.0687953
-0.0398929
-0.0604418
-0.0301008
-0.050334
-0.0210339
-0.038984
-0.013382
-0.0273226
-0.00756916
-0.0164795
-0.00363253
-0.00740378
-0.001305
-0.000587291
-0.000177637
0.00387938
0.000158673
0.00605116
0.000100668
0.00587008
0.00302951
-0.0920972
-0.0991298
0.0936953
-0.0902056
-0.0968552
-0.0876591
-0.0942256
-0.0846075
-0.0923763
-0.0808175
-0.090497
-0.0762008
-0.0884795
-0.070563
-0.0858304
-0.0637718
-0.0820978
-0.0557729
-0.0767942
-0.0466974
-0.0695173
-0.0369421
-0.0600892
-0.0271945
-0.0487316
-0.0183197
-0.0361975
-0.0110869
-0.0237123
-0.00587242
-0.0126182
-0.00257626
-0.00388345
-0.000803154
0.00210627
-7.44793e-05
0.00532248
6.03858e-05
0.00573521
0.00308989
-0.0876582
-0.100372
0.0889001
-0.0862867
-0.0982267
-0.0845113
-0.096001
-0.0824099
-0.0944776
-0.0797902
-0.0931167
-0.0765149
-0.0917548
-0.0723623
-0.089983
-0.0671103
-0.0873498
-0.0605635
-0.083341
-0.0526432
-0.0774376
-0.0434995
-0.069233
-0.0336206
-0.0586104
-0.0238517
-0.0459664
-0.0152131
-0.0323509
-0.00851431
-0.019317
-0.00401331
-0.00838444
-0.00143704
-0.000470002
-0.000262806
0.00414825
5.01137e-05
0.00542229
0.00314001
-0.0836858
-0.101425
0.0847388
-0.082611
-0.0993014
-0.0813156
-0.0972964
-0.0798593
-0.0959339
-0.078084
-0.0948921
-0.0758478
-0.093991
-0.0729269
-0.0929039
-0.0690657
-0.0912111
-0.0639898
-0.0884168
-0.0574667
-0.0839608
-0.0494074
-0.0772922
-0.0400118
-0.068006
-0.029903
-0.0560753
-0.020125
-0.0421289
-0.0118541
-0.0275879
-0.00587351
-0.014365
-0.00224272
-0.00410079
-0.00048566
0.00239119
4.86517e-05
0.00488798
0.00318866
-0.0801642
-0.102394
0.0811331
-0.0792404
-0.100225
-0.0782273
-0.0983094
-0.0771797
-0.0969816
-0.0759854
-0.0960864
-0.0745129
-0.0954635
-0.0725586
-0.0948582
-0.0698664
-0.0939032
-0.0661369
-0.0921462
-0.0610556
-0.0890421
-0.0543615
-0.0839863
-0.0459755
-0.0763921
-0.0361834
-0.0658673
-0.0257984
-0.052514
-0.0161103
-0.037276
-0.00842969
-0.0220456
-0.00341057
-0.00911992
-0.000830087
-0.000189284
3.18252e-05
0.00402607
0.00322049
-0.0770441
-0.103312
0.077963
-0.0761875
-0.101082
-0.0753257
-0.0991712
-0.0745185
-0.0977888
-0.073699
-0.0969059
-0.0727616
-0.0964009
-0.0715312
-0.0960885
-0.069772
-0.0956624
-0.0671921
-0.0947262
-0.0634531
-0.0927811
-0.0582038
-0.0892356
-0.051163
-0.0834329
-0.0422827
-0.0747476
-0.0319835
-0.0628132
-0.0213412
-0.0479183
-0.0119412
-0.0314456
-0.00516812
-0.015893
-0.00139687
-0.00396054
-2.10501e-05
0.00265026
0.00319944
-0.0742588
-0.104206
0.0751519
-0.0734311
-0.10191
-0.0726415
-0.0999608
-0.0719601
-0.0984702
-0.0713631
-0.0975029
-0.0707778
-0.0969862
-0.0700655
-0.0968008
-0.0690208
-0.0967072
-0.0673766
-0.0963704
-0.064806
-0.0953517
-0.0609325
-0.0931091
-0.0553669
-0.0889985
-0.0478127
-0.0823018
-0.0382798
-0.0723461
-0.0273907
-0.0588075
-0.0165857
-0.0422505
-0.00779253
-0.0246862
-0.00234161
-0.00941145
-0.000131522
0.000440164
0.00306792
-0.0717445
-0.105068
0.0726067
-0.0709314
-0.102723
-0.0701733
-0.100719
-0.0695454
-0.099098
-0.0690631
-0.0979852
-0.0686893
-0.09736
-0.0683257
-0.0971643
-0.0678045
-0.0972285
-0.0668926
-0.0972823
-0.0652927
-0.0969515
-0.0626437
-0.0957581
-0.0585262
-0.0931159
-0.0525058
-0.0883221
-0.0442707
-0.0805813
-0.0339231
-0.069155
-0.0223878
-0.0537858
-0.0116195
-0.0354545
-0.00392647
-0.0171045
-0.000364451
-0.00312186
0.00270347
-0.0694427
-0.105894
0.0702685
-0.0686476
-0.103518
-0.0679034
-0.101463
-0.0672891
-0.0997124
-0.0668504
-0.0984238
-0.0665851
-0.0976253
-0.0664358
-0.0973136
-0.066276
-0.0973883
-0.0659116
-0.0976466
-0.0650831
-0.0977801
-0.0634654
-0.0973757
-0.0606622
-0.0959192
-0.0562033
-0.092781
-0.0495938
-0.0871908
-0.0405016
-0.0782472
-0.0291666
-0.0651208
-0.0169721
-0.047649
-0.00663935
-0.0274373
-0.000891821
-0.00886939
0.00181164
-0.0673162
-0.106657
0.0680791
-0.0665454
-0.104289
-0.065813
-0.102196
-0.0651953
-0.10033
-0.0647601
-0.098859
-0.0645346
-0.0978508
-0.0644998
-0.0973484
-0.0645716
-0.0973166
-0.0645967
-0.0976215
-0.0643543
-0.0980225
-0.0635598
-0.0981703
-0.0618623
-0.0976167
-0.0588288
-0.0958145
-0.0539304
-0.0920891
-0.0465945
-0.0855831
-0.0364552
-0.0752601
-0.0239536
-0.0601507
-0.0112157
-0.0401752
-0.00223194
-0.0178531
-0.000420296
-0.0653328
-0.107328
0.0660044
-0.0645945
-0.105027
-0.0638803
-0.10291
-0.063261
-0.100949
-0.0628148
-0.0993052
-0.0625916
-0.098074
-0.062606
-0.097334
-0.0628158
-0.0971068
-0.0631105
-0.0973268
-0.063308
-0.097825
-0.0631587
-0.0983196
-0.0623508
-0.0984246
-0.0605046
-0.0976607
-0.0571453
-0.0954484
-0.0516752
-0.0910532
-0.0434254
-0.0835099
-0.0319963
-0.0715797
-0.018178
-0.0539935
-0.00543907
-0.0305921
-0.00585937
-0.0634442
-0.107888
0.0640038
-0.0627395
-0.105732
-0.0620602
-0.103589
-0.0614538
-0.101556
-0.0610009
-0.0997582
-0.0607663
-0.0983086
-0.0607932
-0.0973072
-0.0610792
-0.0968208
-0.0615605
-0.0968455
-0.0621007
-0.0972847
-0.0624885
-0.0979319
-0.0624427
-0.0984703
-0.0616123
-0.0984911
-0.0595507
-0.09751
-0.0557126
-0.0948914
-0.049414
-0.0898085
-0.0399299
-0.0810638
-0.026839
-0.0670844
-0.0113765
-0.0460546
-0.0172358
-0.0616993
0.0620275
-0.0610735
-0.0604108
-0.0597955
-0.059315
-0.0590537
-0.0590783
-0.0594211
-0.0600587
-0.060895
-0.0617488
-0.0623541
-0.0623831
-0.0614829
-0.0592179
-0.0549897
-0.04786
-0.0365596
-0.0198943
-0.171876
-0.760006
0.761572
-0.173933
-0.75373
0.755787
-0.176851
-0.770023
0.772941
-0.182196
-0.759037
0.764382
-0.186782
-0.77432
0.778905
-0.190956
-0.776055
0.78023
-0.197585
-0.765417
0.772046
-0.204493
-0.779865
0.786772
-0.212242
-0.764487
0.772237
-0.220279
-0.776705
0.784742
-0.227234
-0.758893
0.765848
-0.237046
-0.765785
0.775596
-0.247239
-0.742864
0.753057
-0.254862
-0.743151
0.750774
-0.265372
-0.728641
0.739151
-0.274914
-0.701755
0.711297
-0.28329
-0.680624
0.689
-0.288329
-0.651378
0.656417
-0.285786
-0.616278
0.613735
-0.578683
0.573742
-0.1647
-0.755206
-0.162856
-0.755574
-0.170079
-0.7628
-0.169274
-0.759842
-0.175922
-0.767671
-0.183215
-0.768762
-0.184728
-0.763904
-0.195487
-0.769107
-0.197333
-0.76264
-0.208978
-0.76506
-0.211535
-0.756336
-0.223364
-0.753955
-0.225754
-0.740475
-0.234414
-0.73449
-0.242684
-0.720371
-0.246162
-0.698277
-0.249657
-0.677129
-0.248961
-0.652074
-0.241121
-0.624118
-0.594037
-0.155137
-0.75227
-0.155132
-0.755579
-0.16009
-0.757842
-0.160058
-0.759875
-0.165927
-0.761802
-0.171902
-0.762787
-0.173564
-0.762242
-0.181671
-0.760999
-0.184649
-0.759662
-0.193279
-0.75643
-0.197175
-0.752441
-0.205302
-0.745827
-0.207651
-0.738126
-0.214277
-0.727865
-0.219754
-0.714894
-0.220065
-0.697966
-0.219481
-0.677713
-0.216519
-0.655037
-0.210694
-0.629943
-0.602098
-0.152998
-0.751457
-0.154026
-0.754551
-0.15631
-0.755559
-0.157947
-0.758237
-0.160493
-0.759256
-0.164041
-0.75924
-0.166946
-0.759337
-0.170498
-0.757448
-0.174037
-0.756123
-0.178206
-0.752261
-0.182548
-0.748099
-0.18682
-0.741555
-0.190379
-0.734568
-0.193249
-0.724995
-0.195445
-0.712697
-0.195359
-0.698053
-0.191578
-0.681494
-0.183594
-0.663021
-0.170088
-0.643449
-0.621881
-0.149351
-0.751533
-0.150227
-0.753676
-0.150939
-0.754847
-0.152728
-0.756448
-0.155421
-0.756563
-0.157599
-0.757061
-0.160057
-0.756879
-0.162377
-0.755128
-0.165001
-0.753498
-0.16735
-0.749912
-0.169819
-0.74563
-0.171489
-0.739886
-0.173339
-0.732717
-0.174939
-0.723395
-0.174861
-0.712774
-0.172618
-0.700296
-0.168844
-0.685269
-0.162959
-0.668905
-0.155258
-0.65115
-0.632459
-0.135759
-0.751319
-0.136666
-0.752768
-0.137916
-0.753596
-0.140007
-0.754357
-0.141757
-0.754814
-0.144378
-0.754439
-0.147437
-0.753821
-0.149849
-0.752716
-0.152758
-0.75059
-0.15486
-0.74781
-0.156661
-0.743829
-0.157852
-0.738694
-0.158288
-0.732281
-0.157345
-0.724338
-0.155494
-0.714625
-0.152058
-0.703732
-0.145173
-0.692154
-0.134685
-0.679393
-0.119936
-0.665898
-0.651846
-0.123515
-0.750713
-0.124602
-0.751682
-0.125741
-0.752457
-0.127314
-0.752783
-0.129386
-0.752742
-0.131047
-0.752778
-0.13294
-0.751928
-0.135279
-0.750377
-0.137423
-0.748445
-0.139633
-0.7456
-0.141319
-0.742143
-0.142266
-0.737748
-0.142474
-0.732072
-0.141609
-0.725204
-0.138846
-0.717388
-0.134507
-0.708072
-0.129237
-0.697423
-0.122425
-0.686205
-0.113987
-0.674337
-0.662681
-0.11819
-0.750345
-0.11885
-0.751022
-0.119739
-0.751568
-0.120628
-0.751894
-0.121334
-0.752036
-0.122691
-0.751421
-0.123938
-0.750681
-0.124804
-0.749511
-0.125731
-0.747518
-0.126248
-0.745083
-0.126749
-0.741641
-0.127004
-0.737494
-0.126418
-0.732659
-0.124585
-0.727036
-0.121783
-0.72019
-0.116996
-0.712859
-0.109243
-0.705176
-0.098779
-0.696669
-0.0851442
-0.687971
-0.679076
-0.111411
-0.750259
-0.111732
-0.750702
-0.112244
-0.751055
-0.11297
-0.751168
-0.114108
-0.750898
-0.114807
-0.750723
-0.115567
-0.749921
-0.116365
-0.748713
-0.116714
-0.747169
-0.116878
-0.744919
-0.11623
-0.742289
-0.114978
-0.738746
-0.113272
-0.734364
-0.111004
-0.729305
-0.107376
-0.723818
-0.102892
-0.717343
-0.0977642
-0.710304
-0.091383
-0.70305
-0.0837612
-0.695593
-0.688862
-0.101954
-0.750284
-0.102095
-0.750561
-0.102536
-0.750614
-0.103005
-0.750699
-0.103295
-0.750609
-0.104102
-0.749915
-0.1048
-0.749223
-0.105215
-0.748298
-0.105566
-0.746818
-0.105531
-0.744953
-0.105298
-0.742523
-0.104335
-0.739709
-0.102216
-0.736484
-0.098966
-0.732554
-0.0949348
-0.727849
-0.089342
-0.722936
-0.0816564
-0.71799
-0.0721864
-0.71252
-0.0605919
-0.707188
-0.701857
-0.0915412
-0.750258
-0.0916404
-0.750461
-0.0918095
-0.750445
-0.09229
-0.750218
-0.0928939
-0.750005
-0.0928881
-0.749921
-0.0929782
-0.749133
-0.093244
-0.748032
-0.093195
-0.746867
-0.0929409
-0.745207
-0.0921683
-0.743295
-0.090978
-0.740899
-0.0894781
-0.737984
-0.0872315
-0.734801
-0.0837126
-0.731368
-0.0793624
-0.727286
-0.074572
-0.72278
-0.0687893
-0.718303
-0.062177
-0.7138
-0.710141
-0.0799639
-0.750019
-0.0803648
-0.750061
-0.080688
-0.750122
-0.0808752
-0.750031
-0.0811441
-0.749736
-0.0818144
-0.749251
-0.0820853
-0.748862
-0.0820089
-0.748109
-0.0819078
-0.746968
-0.0812567
-0.745858
-0.0803691
-0.744183
-0.0789885
-0.74228
-0.0767719
-0.7402
-0.0739119
-0.737661
-0.0705824
-0.734697
-0.0659904
-0.731878
-0.0596831
-0.729088
-0.0520446
-0.725941
-0.0428556
-0.722989
-0.719972
-0.0719021
-0.749867
-0.0721361
-0.749827
-0.0723851
-0.749873
-0.0726017
-0.749814
-0.0727282
-0.749609
-0.0726536
-0.749325
-0.072747
-0.748769
-0.0726228
-0.748233
-0.0722121
-0.747379
-0.0717711
-0.746299
-0.0706138
-0.74534
-0.069057
-0.743837
-0.0671986
-0.742059
-0.0647018
-0.740158
-0.0612374
-0.738162
-0.057545
-0.735571
-0.0537306
-0.732902
-0.0493383
-0.730333
-0.044432
-0.727895
-0.726289
-0.0656063
-0.749997
-0.0654433
-0.74999
-0.0653844
-0.749932
-0.0652795
-0.749919
-0.0650426
-0.749846
-0.0649003
-0.749468
-0.0645937
-0.749075
-0.0641223
-0.748704
-0.0633656
-0.748135
-0.0623603
-0.747305
-0.0614048
-0.746296
-0.0599811
-0.74526
-0.0579124
-0.744127
-0.0553397
-0.74273
-0.0523734
-0.741128
-0.0481602
-0.739784
-0.0427915
-0.738271
-0.0364874
-0.736637
-0.0292929
-0.73509
-0.733473
-0.0539116
-0.750057
-0.0538465
-0.750055
-0.0537992
-0.749979
-0.0538731
-0.749845
-0.0540008
-0.749718
-0.0537753
-0.749693
-0.0535471
-0.749304
-0.0533719
-0.748879
-0.0529572
-0.74855
-0.0522828
-0.747979
-0.0510925
-0.747486
-0.0496415
-0.746711
-0.0481077
-0.745661
-0.0461118
-0.744726
-0.0435466
-0.743693
-0.0410072
-0.742323
-0.0383558
-0.740922
-0.0353382
-0.739655
-0.0318893
-0.738539
-0.738094
-0.0424977
-0.750019
-0.0425873
-0.749965
-0.0427204
-0.749846
-0.0427139
-0.749852
-0.0426029
-0.749829
-0.0427199
-0.749576
-0.0425976
-0.749426
-0.0422472
-0.74923
-0.0418637
-0.748934
-0.0411979
-0.748645
-0.0405969
-0.748087
-0.0396023
-0.747706
-0.0379851
-0.747278
-0.0361125
-0.746599
-0.0338302
-0.745975
-0.0307377
-0.745416
-0.0268374
-0.744822
-0.0223813
-0.744111
-0.017458
-0.743462
-0.742699
-0.0349586
-0.750012
-0.0348691
-0.750055
-0.0347543
-0.749961
-0.034831
-0.749775
-0.034827
-0.749833
-0.0344015
-0.750002
-0.0341066
-0.749721
-0.0338195
-0.749517
-0.0333174
-0.749436
-0.032712
-0.74925
-0.0316725
-0.749126
-0.0307007
-0.748678
-0.0296788
-0.7483
-0.0283581
-0.74792
-0.026796
-0.747538
-0.025231
-0.746981
-0.02374
-0.746313
-0.0219852
-0.745866
-0.0199853
-0.745462
-0.745527
-0.0249668
-0.749973
-0.0250166
-0.750005
-0.0248949
-0.750082
-0.0246467
-0.750023
-0.0246569
-0.749823
-0.0248686
-0.74979
-0.024652
-0.749937
-0.0243539
-0.749815
-0.0241038
-0.749686
-0.0236983
-0.749656
-0.0232939
-0.749531
-0.022553
-0.749419
-0.0214965
-0.749357
-0.0202098
-0.749206
-0.0188065
-0.748941
-0.0169075
-0.74888
-0.014398
-0.748823
-0.0116018
-0.748662
-0.00848444
-0.748579
-0.748163
-0.0142904
-0.749975
-0.0143497
-0.749945
-0.0144663
-0.749966
-0.0144821
-0.750007
-0.0143469
-0.749959
-0.0141814
-0.749955
-0.0142133
-0.749905
-0.0141317
-0.749897
-0.0139509
-0.749867
-0.0138147
-0.749792
-0.0134564
-0.749889
-0.0130444
-0.749831
-0.0127328
-0.749668
-0.0122749
-0.749664
-0.0115744
-0.749641
-0.0111218
-0.749332
-0.01088
-0.749065
-0.0106466
-0.748896
-0.0103186
-0.748907
-0.749346
-0.00524704
-0.00519252
-0.00515816
-0.00516565
-0.00512416
-0.00507963
-0.00498507
-0.00488169
-0.00474838
-0.00454037
-0.00442945
-0.00426018
-0.00392865
-0.00359269
-0.00323391
-0.00256634
-0.00163108
-0.00052668
0.000566294
-0.036678
-0.762668
0.763181
-0.0375407
-0.774475
0.775338
-0.0385077
-0.781398
0.782365
-0.0397677
-0.789286
0.790546
-0.0411801
-0.796348
0.797761
-0.0428935
-0.803371
0.805085
-0.0449121
-0.809025
0.811044
-0.0471769
-0.814432
0.816696
-0.0497711
-0.818552
0.821146
-0.0526855
-0.821349
0.824263
-0.055904
-0.822641
0.825859
-0.0594368
-0.821768
0.825301
-0.0633947
-0.818752
0.82271
-0.0677845
-0.813044
0.817434
-0.0729982
-0.805969
0.811183
-0.0798489
-0.79627
0.803121
-0.0899337
-0.787694
0.797779
-0.107035
-0.770495
0.787597
-0.12154
-0.721854
0.73636
-0.68337
0.674021
-0.0366179
-0.762167
-0.0374499
-0.773643
-0.0384269
-0.780421
-0.0396258
-0.788087
-0.0410592
-0.794915
-0.0427465
-0.801684
-0.0447244
-0.807047
-0.0470097
-0.812146
-0.0495956
-0.815966
-0.0525195
-0.818425
-0.0557436
-0.819417
-0.0592678
-0.818244
-0.0631124
-0.814907
-0.0674802
-0.808676
-0.0723935
-0.801056
-0.0777123
-0.790952
-0.0850848
-0.780322
-0.0988631
-0.756717
-0.11271
-0.708008
-0.656556
-0.0366536
-0.76167
-0.0374766
-0.77282
-0.0384349
-0.779463
-0.0396093
-0.786913
-0.0410049
-0.793519
-0.0426402
-0.800049
-0.0445557
-0.805131
-0.046766
-0.809936
-0.0492619
-0.81347
-0.0520831
-0.815604
-0.0552078
-0.816292
-0.058658
-0.814794
-0.0624789
-0.811087
-0.0668468
-0.804309
-0.0718991
-0.796003
-0.0781936
-0.784657
-0.0878772
-0.770638
-0.101901
-0.742693
-0.112385
-0.697524
-0.63457
-0.0366472
-0.761197
-0.0374458
-0.772022
-0.0383815
-0.778527
-0.0395311
-0.785763
-0.0408977
-0.792153
-0.0424997
-0.798447
-0.0443878
-0.803243
-0.0465673
-0.807757
-0.0490393
-0.810998
-0.0518397
-0.812803
-0.0549418
-0.81319
-0.0583424
-0.811393
-0.0620731
-0.807356
-0.066264
-0.800118
-0.0708827
-0.791385
-0.0762334
-0.779306
-0.0838936
-0.762978
-0.0946843
-0.731903
-0.106397
-0.685811
-0.613381
-0.0366809
-0.760735
-0.0374642
-0.771238
-0.0383804
-0.777611
-0.0395041
-0.78464
-0.0408349
-0.790822
-0.0423878
-0.796894
-0.0442184
-0.801413
-0.0463304
-0.805645
-0.0487211
-0.808608
-0.0514314
-0.810093
-0.054445
-0.810176
-0.0577756
-0.808062
-0.061459
-0.803672
-0.0656212
-0.795955
-0.07038
-0.786626
-0.0764683
-0.773218
-0.0851051
-0.754341
-0.0949911
-0.722017
-0.104008
-0.676794
-0.597268
-0.0367035
-0.760296
-0.0374596
-0.770482
-0.0383515
-0.776719
-0.0394449
-0.783546
-0.0407428
-0.789524
-0.0422558
-0.795381
-0.0440473
-0.799621
-0.0461181
-0.803574
-0.0484667
-0.806259
-0.0511357
-0.807424
-0.0541042
-0.807208
-0.0573722
-0.804795
-0.0609516
-0.800093
-0.0649224
-0.791985
-0.0693032
-0.782245
-0.074578
-0.767943
-0.0815505
-0.747369
-0.0894477
-0.71412
-0.0992959
-0.666946
-0.584024
-0.0367317
-0.759873
-0.0374674
-0.769747
-0.038339
-0.775848
-0.0394053
-0.78248
-0.0406686
-0.788261
-0.0421344
-0.793915
-0.0438724
-0.797883
-0.0458818
-0.801565
-0.0481544
-0.803986
-0.0507396
-0.804839
-0.0536241
-0.804323
-0.0568192
-0.801599
-0.0603311
-0.796581
-0.0642587
-0.788057
-0.0687638
-0.77774
-0.0744595
-0.762248
-0.081666
-0.740162
-0.0887314
-0.707054
-0.0963385
-0.659339
-0.574837
-0.0367567
-0.759473
-0.0374662
-0.769037
-0.0383113
-0.775002
-0.0393492
-0.781442
-0.0405763
-0.787034
-0.0419983
-0.792493
-0.0436954
-0.796186
-0.0456566
-0.799603
-0.0478784
-0.801765
-0.0504075
-0.80231
-0.0532332
-0.801497
-0.0563525
-0.79848
-0.059753
-0.793181
-0.0634928
-0.784317
-0.0676654
-0.773567
-0.072666
-0.757247
-0.0786948
-0.734133
-0.0851189
-0.70063
-0.0926295
-0.651828
-0.568239
-0.0367662
-0.759094
-0.0374572
-0.768346
-0.0382757
-0.774184
-0.0392939
-0.780424
-0.0404834
-0.785844
-0.0418579
-0.791119
-0.0435131
-0.794531
-0.0454121
-0.797704
-0.0475674
-0.799609
-0.0500113
-0.799866
-0.0527592
-0.798749
-0.0557947
-0.795445
-0.0591215
-0.789854
-0.0628052
-0.780633
-0.0670318
-0.769341
-0.0721895
-0.752089
-0.0781209
-0.728202
-0.0838887
-0.694862
-0.0897315
-0.645985
-0.564275
-0.0367681
-0.758743
-0.0374416
-0.767673
-0.038225
-0.773401
-0.0392268
-0.779422
-0.0403759
-0.784695
-0.0417036
-0.789791
-0.043328
-0.792906
-0.0451682
-0.795864
-0.0472772
-0.7975
-0.0496485
-0.797495
-0.0523366
-0.796061
-0.0552776
-0.792504
-0.0584989
-0.786633
-0.0620033
-0.777129
-0.0659218
-0.765422
-0.0705092
-0.747502
-0.07569
-0.723021
-0.0811244
-0.689428
-0.0866952
-0.640415
-0.56207
-0.0367433
-0.758421
-0.0374046
-0.767011
-0.0381551
-0.77265
-0.0391428
-0.778434
-0.0402567
-0.783581
-0.0415406
-0.788507
-0.0431312
-0.791316
-0.0449078
-0.794088
-0.0469618
-0.795446
-0.049245
-0.795211
-0.0518624
-0.793444
-0.0547067
-0.789659
-0.0578514
-0.783488
-0.0612853
-0.773695
-0.0651832
-0.761524
-0.0697552
-0.74293
-0.0747291
-0.718047
-0.0795539
-0.684603
-0.084021
-0.635948
-0.561353
-0.0367103
-0.758119
-0.0373463
-0.766375
-0.038081
-0.771915
-0.0390308
-0.777485
-0.0401236
-0.782488
-0.0413766
-0.787254
-0.0429137
-0.789779
-0.0446522
-0.792349
-0.0466456
-0.793453
-0.0488681
-0.792989
-0.051407
-0.790905
-0.0541644
-0.786902
-0.0571831
-0.780469
-0.0604586
-0.77042
-0.064086
-0.757897
-0.0681935
-0.738822
-0.0726745
-0.713566
-0.0772491
-0.680028
-0.0813878
-0.631809
-0.561607
-0.0366634
-0.757804
-0.0372362
-0.765803
-0.0380096
-0.771142
-0.0388714
-0.776623
-0.0399735
-0.781386
-0.0412204
-0.786007
-0.0426511
-0.788348
-0.0444059
-0.790594
-0.0462839
-0.791575
-0.0484894
-0.790783
-0.0508952
-0.788499
-0.0536167
-0.78418
-0.0564853
-0.777601
-0.0597047
-0.7672
-0.0632828
-0.754319
-0.0672411
-0.734864
-0.0714655
-0.709342
-0.075519
-0.675975
-0.0788318
-0.628496
-0.562476
-0.0366251
-0.75742
-0.0370772
-0.76535
-0.037954
-0.770265
-0.0386706
-0.775906
-0.0398076
-0.780249
-0.0410711
-0.784744
-0.0423396
-0.787079
-0.0441882
-0.788746
-0.0458857
-0.789877
-0.0481562
-0.788513
-0.0503627
-0.786293
-0.0531124
-0.781431
-0.0557467
-0.774966
-0.0588566
-0.76409
-0.062228
-0.750948
-0.0657637
-0.731328
-0.0696522
-0.705453
-0.0734675
-0.67216
-0.0763425
-0.625621
-0.563667
-0.0365631
-0.756935
-0.0368803
-0.765033
-0.0378762
-0.769269
-0.0384507
-0.775332
-0.0396171
-0.779083
-0.040894
-0.783467
-0.0420022
-0.785971
-0.0439605
-0.786787
-0.0454619
-0.788376
-0.0478111
-0.786164
-0.0497968
-0.784307
-0.0525998
-0.778628
-0.0550102
-0.772556
-0.0580642
-0.761036
-0.0613544
-0.747657
-0.0646624
-0.72802
-0.0683131
-0.701803
-0.0716929
-0.66878
-0.0739475
-0.623367
-0.565007
-0.036424
-0.756438
-0.0367232
-0.764734
-0.0377068
-0.768286
-0.0382808
-0.774758
-0.0393996
-0.777964
-0.0406275
-0.782239
-0.0417206
-0.784878
-0.0436431
-0.784865
-0.0451091
-0.78691
-0.0473925
-0.78388
-0.0493001
-0.782399
-0.0520172
-0.77591
-0.0543213
-0.770252
-0.0571964
-0.758161
-0.0602358
-0.744618
-0.0632572
-0.724999
-0.0666645
-0.698395
-0.0698018
-0.665643
-0.0716811
-0.621487
-0.56642
-0.0360275
-0.756341
-0.0367982
-0.763963
-0.0372158
-0.767868
-0.0383153
-0.773658
-0.0391445
-0.777135
-0.0401107
-0.781273
-0.041721
-0.783268
-0.0430112
-0.783575
-0.0450335
-0.784888
-0.0466636
-0.78225
-0.0490662
-0.779997
-0.0511366
-0.77384
-0.0538444
-0.767544
-0.0563702
-0.755635
-0.059098
-0.74189
-0.0621489
-0.721948
-0.0652693
-0.695275
-0.0680332
-0.662879
-0.0695424
-0.619978
-0.567883
-0.0354342
-0.756979
-0.0370266
-0.762371
-0.0365252
-0.76837
-0.0385241
-0.771659
-0.0388576
-0.776801
-0.0393662
-0.780764
-0.0419206
-0.780714
-0.0422108
-0.783285
-0.0451182
-0.78198
-0.0457379
-0.78163
-0.0490697
-0.776665
-0.0500493
-0.772861
-0.0535905
-0.764003
-0.0554892
-0.753737
-0.0576662
-0.739713
-0.061024
-0.71859
-0.0637013
-0.692598
-0.0661881
-0.660392
-0.0675509
-0.618615
-0.56943
-0.0348378
-0.758328
-0.037169
-0.76004
-0.0358739
-0.769665
-0.0385651
-0.768968
-0.0385526
-0.776814
-0.0387391
-0.780578
-0.0420266
-0.777426
-0.0414377
-0.783873
-0.0451482
-0.77827
-0.044845
-0.781934
-0.0490069
-0.772503
-0.0490034
-0.772864
-0.0532266
-0.759779
-0.0546448
-0.752318
-0.0564382
-0.73792
-0.0601234
-0.714905
-0.0622275
-0.690494
-0.0643456
-0.658274
-0.0655992
-0.617362
-0.571025
-0.0336767
-0.0379293
-0.0346529
-0.0392388
-0.0371472
-0.0374946
-0.0428751
-0.0399762
-0.0460092
-0.0432012
-0.0498568
-0.0471246
-0.0538466
-0.0553908
-0.0541598
-0.0577678
-0.0592614
-0.0611179
-0.0647443
-0.0969881
-0.79019
0.790869
-0.0967808
-0.812115
0.811908
-0.0955662
-0.820174
0.818959
-0.0936476
-0.838449
0.83653
-0.0908132
-0.854395
0.85156
-0.0873408
-0.874065
0.870592
-0.0831188
-0.89624
0.892018
-0.0781774
-0.922121
0.91718
-0.072509
-0.952167
0.946498
-0.0659766
-0.988452
0.981919
-0.0580664
-1.03213
1.02422
-0.0477244
-1.0845
1.07415
-0.033433
-1.13742
1.12312
-0.0132762
-1.1604
1.14024
0.012578
-1.07691
1.05106
0.0437712
-0.802358
0.771165
0.0525628
-0.290335
0.281543
0.0288507
0.256362
-0.23265
-0.00157163
0.616351
-0.585929
0.581226
-0.582797
-0.101048
-0.789673
-0.100667
-0.812496
-0.0994546
-0.821386
-0.0978388
-0.840065
-0.0955319
-0.856702
-0.0928321
-0.876765
-0.0898818
-0.899191
-0.0866449
-0.925358
-0.0833549
-0.955456
-0.0802643
-0.991542
-0.0775063
-1.03489
-0.0751984
-1.0868
-0.0727718
-1.13984
-0.0685805
-1.16459
-0.0594236
-1.08607
-0.0439827
-0.817799
-0.0189828
-0.315335
0.000799103
0.23658
-0.00252676
0.619677
0.578699
-0.100773
-0.789112
-0.100816
-0.812453
-0.100273
-0.821929
-0.0994827
-0.840855
-0.0984644
-0.85772
-0.0972297
-0.877999
-0.0961077
-0.900312
-0.0951219
-0.926344
-0.0946169
-0.955961
-0.0948801
-0.991279
-0.0963348
-1.03343
-0.0992593
-1.08388
-0.102704
-1.1364
-0.103846
-1.16345
-0.0984893
-1.09142
-0.0861189
-0.83017
-0.0696763
-0.331777
-0.0405953
0.207499
-0.015331
0.594413
0.563368
-0.102347
-0.788393
-0.102681
-0.812119
-0.1026
-0.82201
-0.102463
-0.840992
-0.102174
-0.858009
-0.102021
-0.878153
-0.10226
-0.900073
-0.103097
-0.925507
-0.10497
-0.954089
-0.108598
-0.987651
-0.114958
-1.02707
-0.125621
-1.07322
-0.140927
-1.12109
-0.157489
-1.14688
-0.166893
-1.08202
-0.16135
-0.835713
-0.133112
-0.360015
-0.0877407
0.162128
-0.0387136
0.545386
0.524654
-0.102084
-0.787743
-0.102589
-0.811614
-0.102929
-0.82167
-0.103575
-0.840346
-0.104427
-0.857158
-0.10554
-0.877039
-0.107368
-0.898245
-0.110121
-0.922755
-0.114229
-0.94998
-0.120273
-0.981607
-0.129372
-1.01798
-0.142879
-1.05971
-0.160937
-1.10303
-0.180805
-1.12702
-0.195344
-1.06748
-0.199357
-0.831701
-0.181415
-0.377957
-0.129066
0.109779
-0.0618889
0.478209
0.462765
-0.100942
-0.786431
-0.102295
-0.81026
-0.103379
-0.820586
-0.104902
-0.838823
-0.106734
-0.855325
-0.109106
-0.874668
-0.112248
-0.895102
-0.116646
-0.918357
-0.122743
-0.943883
-0.131509
-0.972842
-0.144378
-1.00511
-0.163605
-1.04048
-0.190227
-1.07641
-0.220764
-1.09648
-0.243187
-1.04506
-0.24451
-0.830378
-0.220968
-0.401499
-0.161418
0.0502284
-0.0797143
0.396505
0.383051
-0.101931
-0.785086
-0.103611
-0.808581
-0.105124
-0.819073
-0.107126
-0.836822
-0.109571
-0.852879
-0.112717
-0.871522
-0.116847
-0.890971
-0.122364
-0.91284
-0.129674
-0.936573
-0.13944
-0.963076
-0.152927
-0.991618
-0.171543
-1.02187
-0.196182
-1.05177
-0.225549
-1.06711
-0.250847
-1.01976
-0.260119
-0.821107
-0.240302
-0.421315
-0.182056
-0.00801729
-0.0915682
0.306017
0.291483
-0.10046
-0.783295
-0.102696
-0.806345
-0.104954
-0.816815
-0.107823
-0.833953
-0.111139
-0.849563
-0.115282
-0.867379
-0.120445
-0.885809
-0.127169
-0.906116
-0.135885
-0.927857
-0.147567
-0.951394
-0.163522
-0.975662
-0.185584
-0.999806
-0.214819
-1.02254
-0.24835
-1.03358
-0.272072
-0.996036
-0.269058
-0.824121
-0.24258
-0.447794
-0.186968
-0.063629
-0.0955162
0.214565
0.195966
-0.103286
-0.781326
-0.105836
-0.803796
-0.108267
-0.814384
-0.111347
-0.830873
-0.114905
-0.846005
-0.119353
-0.862931
-0.124872
-0.880291
-0.131855
-0.899132
-0.140719
-0.918994
-0.152102
-0.940011
-0.16677
-0.960995
-0.185338
-0.981237
-0.208977
-0.998899
-0.238393
-1.00416
-0.264404
-0.970024
-0.262377
-0.826148
-0.219116
-0.491055
-0.168074
-0.11467
-0.0935647
0.140056
0.102402
-0.10404
-0.779324
-0.106729
-0.801107
-0.109512
-0.811601
-0.112887
-0.827499
-0.116831
-0.842061
-0.121737
-0.858025
-0.127829
-0.874198
-0.135464
-0.891497
-0.145171
-0.909287
-0.15777
-0.927412
-0.173985
-0.94478
-0.19462
-0.960602
-0.220107
-0.973412
-0.247777
-0.976495
-0.267488
-0.950313
-0.255305
-0.838331
-0.1833
-0.56306
-0.12465
-0.173321
-0.0870483
0.102454
0.0153534
-0.107182
-0.777247
-0.110037
-0.798252
-0.112978
-0.80866
-0.116564
-0.823912
-0.120653
-0.837972
-0.125651
-0.853027
-0.131706
-0.868143
-0.139094
-0.884109
-0.148294
-0.900086
-0.159704
-0.916002
-0.173431
-0.931053
-0.189613
-0.94442
-0.209551
-0.953474
-0.23346
-0.952587
-0.255576
-0.928197
-0.245423
-0.848484
-0.152629
-0.655854
-0.0775211
-0.248429
-0.0734764
0.0984097
-0.0581231
-0.110121
-0.775442
-0.112715
-0.795657
-0.115511
-0.805865
-0.118939
-0.820483
-0.123048
-0.833863
-0.12809
-0.847985
-0.134358
-0.861874
-0.14203
-0.876437
-0.151707
-0.89041
-0.163829
-0.90388
-0.178662
-0.916219
-0.196488
-0.926594
-0.216975
-0.932988
-0.2377
-0.931862
-0.252744
-0.913153
-0.240813
-0.860415
-0.158066
-0.7386
-0.0535311
-0.352965
-0.035024
0.0799026
-0.093147
-0.112082
-0.773681
-0.114748
-0.792992
-0.117696
-0.802917
-0.121334
-0.816846
-0.125595
-0.829602
-0.130694
-0.842887
-0.136856
-0.855712
-0.144239
-0.869055
-0.153167
-0.881481
-0.163753
-0.893295
-0.175925
-0.904048
-0.189867
-0.912652
-0.206056
-0.916799
-0.224767
-0.913151
-0.239862
-0.898058
-0.235625
-0.864652
-0.194278
-0.779947
-0.0453075
-0.501935
0.0463911
-0.011796
-0.0467559
-0.114483
-0.772157
-0.116922
-0.790552
-0.119708
-0.800132
-0.123229
-0.813324
-0.127527
-0.825304
-0.132664
-0.83775
-0.13894
-0.849436
-0.146514
-0.86148
-0.155756
-0.87224
-0.166887
-0.882164
-0.180174
-0.890761
-0.195542
-0.897284
-0.211738
-0.900603
-0.226157
-0.898731
-0.234208
-0.890007
-0.229823
-0.869037
-0.201135
-0.808635
-0.0449303
-0.65814
0.113961
-0.170688
0.0672055
-0.114795
-0.770748
-0.11717
-0.788178
-0.119957
-0.797345
-0.123581
-0.8097
-0.127987
-0.820897
-0.133211
-0.832526
-0.139481
-0.843166
-0.146879
-0.854082
-0.155436
-0.863683
-0.165204
-0.872395
-0.176243
-0.879721
-0.188783
-0.884744
-0.20294
-0.886446
-0.218146
-0.883525
-0.230731
-0.877423
-0.232725
-0.867042
-0.201789
-0.839571
-0.129057
-0.730872
0.0447402
-0.344485
0.111946
-0.114644
-0.769257
-0.117201
-0.785621
-0.120165
-0.794381
-0.123953
-0.805912
-0.128557
-0.816293
-0.133974
-0.827109
-0.140411
-0.836729
-0.148056
-0.846437
-0.156977
-0.854762
-0.167373
-0.862
-0.179457
-0.867637
-0.193019
-0.871182
-0.206906
-0.872559
-0.218938
-0.871493
-0.227436
-0.868925
-0.231348
-0.86313
-0.221282
-0.849638
-0.181173
-0.770981
0.0212806
-0.546938
0.133226
-0.113929
-0.767884
-0.116316
-0.783235
-0.119157
-0.791539
-0.122909
-0.80216
-0.127469
-0.811733
-0.132927
-0.821651
-0.139346
-0.83031
-0.146752
-0.839031
-0.155089
-0.846426
-0.164368
-0.852721
-0.174671
-0.857334
-0.186319
-0.859534
-0.199792
-0.859086
-0.214718
-0.856567
-0.227268
-0.856374
-0.232051
-0.858348
-0.221991
-0.859698
-0.178381
-0.814591
-0.00114218
-0.724177
0.132084
-0.111956
-0.766297
-0.114643
-0.780548
-0.117755
-0.788427
-0.121771
-0.798143
-0.12655
-0.806955
-0.132204
-0.815996
-0.138838
-0.823676
-0.146544
-0.831325
-0.15537
-0.837599
-0.165387
-0.842704
-0.176542
-0.846179
-0.188531
-0.847544
-0.200684
-0.846933
-0.213264
-0.843988
-0.229242
-0.840396
-0.250604
-0.836986
-0.269296
-0.841006
-0.239265
-0.844622
-0.103946
-0.859495
0.0281382
-0.111465
-0.764727
-0.114067
-0.777946
-0.117079
-0.785416
-0.120816
-0.794406
-0.125449
-0.802322
-0.13089
-0.810556
-0.137108
-0.817458
-0.144367
-0.824066
-0.152406
-0.82956
-0.161364
-0.833746
-0.171286
-0.836257
-0.182379
-0.836452
-0.194728
-0.834584
-0.207948
-0.830767
-0.222206
-0.826138
-0.242318
-0.816873
-0.276512
-0.806812
-0.303134
-0.818
-0.378361
-0.784269
-0.350222
-0.109759
-0.112366
-0.115416
-0.119276
-0.123837
-0.129308
-0.135723
-0.143092
-0.151506
-0.160989
-0.171387
-0.182538
-0.194412
-0.207746
-0.222701
-0.236453
-0.245487
-0.27589
-0.323799
-0.0243277
-0.00354091
-0.0239546
-0.0072376
-0.0235446
-0.0112198
-0.0231031
-0.015143
-0.0226186
-0.0189521
-0.0220799
-0.0226326
-0.0214786
-0.026176
-0.0208099
-0.029575
-0.0200719
-0.032823
-0.0192649
-0.035914
-0.01839
-0.0388422
-0.0174489
-0.0416026
-0.0164436
-0.0441906
-0.0153772
-0.0466022
-0.0142527
-0.0488336
-0.0130738
-0.0508817
-0.0118445
-0.0527438
-0.0105689
-0.0544174
-0.00925151
-0.0559004
-0.057194
-0.00789669
-0.0686166
-0.00416241
-0.0675373
-0.0083169
-0.0662878
-0.0124693
-0.0648826
-0.0165482
-0.0633139
-0.0205209
-0.0615742
-0.0243723
-0.0596599
-0.0280903
-0.0575707
-0.0316643
-0.0553087
-0.035085
-0.0528786
-0.0383441
-0.0502863
-0.0414345
-0.0475393
-0.0443496
-0.0446458
-0.0470841
-0.041615
-0.049633
-0.0384563
-0.0519922
-0.0351798
-0.0541582
-0.0317958
-0.0561279
-0.0283145
-0.0578986
-0.0247468
-0.0594681
-0.0608384
-0.0211025
-0.114262
-0.00520634
-0.112437
-0.0101418
-0.110269
-0.0146382
-0.107756
-0.0190604
-0.104916
-0.0233614
-0.101761
-0.0275276
-0.0983052
-0.0315457
-0.0945654
-0.035404
-0.0905579
-0.0390926
-0.0862995
-0.0426025
-0.0818075
-0.0459264
-0.0770994
-0.0490578
-0.0721921
-0.0519914
-0.0671025
-0.0547226
-0.061847
-0.0572477
-0.0564415
-0.0595638
-0.0509011
-0.0616683
-0.0452406
-0.0635591
-0.0394741
-0.0652346
-0.066698
-0.0336146
-0.164068
-0.00683229
-0.161285
-0.0129243
-0.158032
-0.0178917
-0.154245
-0.0228473
-0.149967
-0.0276388
-0.14523
-0.0322647
-0.140066
-0.0367104
-0.134505
-0.0409647
-0.128579
-0.045018
-0.122319
-0.0488624
-0.115755
-0.0524913
-0.108913
-0.0558996
-0.101821
-0.0590832
-0.0945043
-0.0620392
-0.0869867
-0.0647654
-0.0792901
-0.0672604
-0.071435
-0.0695233
-0.0634405
-0.0715536
-0.0553242
-0.073351
-0.0749209
-0.0471012
-0.220227
-0.00932216
-0.216112
-0.0170397
-0.211463
-0.0225405
-0.206062
-0.0282484
-0.20001
-0.0336908
-0.193352
-0.0389224
-0.186141
-0.0439212
-0.178428
-0.0486785
-0.170259
-0.0531863
-0.161683
-0.057439
-0.152742
-0.0614325
-0.143477
-0.0651645
-0.133926
-0.068634
-0.124124
-0.0718412
-0.114102
-0.0747871
-0.103889
-0.0774735
-0.0935098
-0.0799026
-0.0829866
-0.0820767
-0.0723392
-0.0839984
-0.0856762
-0.0615839
-0.285234
-0.0131592
-0.279172
-0.0231011
-0.272623
-0.0290895
-0.265032
-0.0358392
-0.25665
-0.0420728
-0.24752
-0.0480529
-0.237725
-0.0537159
-0.227339
-0.059065
-0.216431
-0.0640942
-0.205067
-0.0688026
-0.193309
-0.073191
-0.181211
-0.0772622
-0.168824
-0.0810207
-0.156193
-0.0844721
-0.143358
-0.087623
-0.13035
-0.0904806
-0.117201
-0.0930525
-0.103931
-0.0953461
-0.0905614
-0.0973683
-0.0991324
-0.0771051
-0.361786
-0.0191388
-0.352841
-0.0320456
-0.343636
-0.0382947
-0.332952
-0.0465229
-0.321413
-0.0536117
-0.308985
-0.0604815
-0.295818
-0.0668826
-0.282008
-0.0728751
-0.267655
-0.0784469
-0.252849
-0.083609
-0.237671
-0.0883687
-0.222195
-0.0927384
-0.206485
-0.0967308
-0.190596
-0.100361
-0.174574
-0.103645
-0.158457
-0.106598
-0.142273
-0.109236
-0.126043
-0.111576
-0.10978
-0.113631
-0.115422
-0.0934902
-0.452937
-0.0285636
-0.4397
-0.0452819
-0.426695
-0.0512998
-0.411508
-0.0617099
-0.395628
-0.0694916
-0.378687
-0.0774229
-0.361032
-0.0845378
-0.342743
-0.0911634
-0.323977
-0.0972135
-0.304843
-0.102742
-0.285454
-0.107758
-0.2659
-0.112292
-0.246263
-0.116368
-0.226607
-0.120017
-0.206985
-0.123267
-0.187433
-0.126149
-0.167978
-0.128692
-0.148628
-0.130926
-0.129384
-0.132876
-0.13457
-0.110236
-0.56201
-0.0435453
-0.542391
-0.0649009
-0.523806
-0.0698852
-0.501954
-0.083561
-0.480119
-0.0913269
-0.456879
-0.100663
-0.433221
-0.108195
-0.409
-0.115384
-0.384533
-0.121681
-0.359909
-0.127367
-0.335296
-0.132371
-0.310793
-0.136795
-0.28651
-0.140652
-0.262513
-0.144014
-0.238865
-0.146915
-0.215596
-0.149418
-0.192722
-0.151566
-0.170235
-0.153413
-0.14811
-0.155001
-0.156368
-0.126312
-0.692122
-0.0674484
-0.663066
-0.0939577
-0.63609
-0.0968607
-0.604491
-0.11516
-0.574613
-0.121205
-0.542456
-0.13282
-0.510921
-0.13973
-0.478768
-0.147537
-0.446992
-0.153457
-0.415363
-0.158995
-0.384286
-0.163448
-0.353765
-0.167316
-0.324011
-0.170406
-0.29505
-0.172974
-0.266991
-0.174974
-0.239826
-0.176582
-0.213584
-0.177809
-0.188219
-0.178778
-0.163668
-0.179551
-0.180195
-0.139841
-0.844591
-0.10543
-0.801863
-0.136686
-0.762304
-0.13642
-0.717215
-0.160249
-0.676607
-0.161814
-0.631969
-0.177458
-0.590579
-0.18112
-0.547711
-0.190406
-0.506876
-0.194293
-0.466221
-0.19965
-0.427274
-0.202395
-0.389368
-0.205223
-0.353251
-0.206524
-0.318621
-0.207604
-0.285869
-0.207727
-0.254796
-0.207656
-0.225561
-0.207044
-0.198041
-0.206298
-0.17211
-0.205483
-0.204719
-0.147586
-1.01514
-0.164532
-0.953842
-0.197982
-0.896334
-0.193929
-0.834414
-0.222168
-0.779435
-0.216793
-0.718812
-0.238081
-0.66566
-0.234271
-0.608526
-0.247539
-0.55719
-0.245629
-0.504619
-0.252221
-0.456474
-0.250539
-0.409158
-0.252539
-0.365801
-0.24988
-0.324469
-0.248936
-0.2869
-0.245295
-0.251958
-0.242598
-0.220495
-0.238507
-0.192223
-0.23457
-0.166892
-0.230814
-0.227445
-0.144166
-1.18808
-0.251699
-1.10483
-0.281227
-1.02435
-0.274414
-0.944416
-0.302098
-0.870691
-0.290518
-0.79346
-0.315311
-0.725881
-0.301851
-0.652043
-0.321377
-0.588908
-0.308764
-0.520883
-0.320246
-0.462489
-0.308934
-0.402479
-0.312549
-0.351053
-0.301307
-0.300919
-0.299069
-0.258455
-0.287759
-0.219208
-0.281845
-0.186255
-0.271459
-0.159392
-0.261433
-0.137934
-0.252273
-0.244232
-0.121146
-1.33151
-0.368382
-1.22757
-0.38516
-1.12311
-0.378879
-1.02816
-0.397046
-0.93361
-0.38507
-0.844163
-0.404758
-0.758507
-0.387507
-0.670955
-0.408929
-0.593158
-0.386561
-0.508868
-0.404536
-0.438373
-0.379429
-0.362121
-0.388801
-0.300906
-0.362522
-0.238058
-0.361917
-0.189669
-0.336148
-0.144134
-0.32738
-0.108407
-0.307187
-0.0849064
-0.284933
-0.072004
-0.265175
-0.248969
-0.0672673
-1.39586
-0.503914
-1.27956
-0.501465
-1.15975
-0.498689
-1.05695
-0.499842
-0.947711
-0.494312
-0.853242
-0.499226
-0.7518
-0.48895
-0.659714
-0.501014
-0.564998
-0.481278
-0.472476
-0.497058
-0.38629
-0.465615
-0.295901
-0.479189
-0.220149
-0.438274
-0.140546
-0.44152
-0.0808859
-0.395809
-0.0250679
-0.383198
0.0202323
-0.352487
0.0435403
-0.308241
0.0441704
-0.265805
-0.234112
0.0293136
-1.32316
-0.634197
-1.20963
-0.614999
-1.09353
-0.614788
-0.99192
-0.601449
-0.884308
-0.601924
-0.790403
-0.593131
-0.687298
-0.592055
-0.597994
-0.590318
-0.495693
-0.583579
-0.407207
-0.585544
-0.307055
-0.565767
-0.214781
-0.571463
-0.119341
-0.533714
-0.0257183
-0.535143
0.0561719
-0.477699
0.125838
-0.452864
0.186585
-0.413234
0.220541
-0.342197
0.21381
-0.259075
-0.195217
0.174915
-1.08788
-0.730813
-0.995059
-0.707818
-0.903663
-0.706184
-0.812907
-0.692205
-0.723406
-0.691424
-0.633881
-0.682656
-0.542924
-0.683013
-0.456359
-0.676883
-0.3614
-0.678537
-0.276349
-0.670594
-0.173447
-0.66867
-0.0834311
-0.661479
0.0274378
-0.644582
0.128447
-0.636152
0.241143
-0.590395
0.327505
-0.539226
0.387343
-0.473071
0.418711
-0.373565
0.408211
-0.248575
-0.13413
0.347125
-0.775322
-0.77851
-0.715088
-0.768052
-0.656979
-0.764293
-0.585703
-0.763481
-0.516278
-0.760849
-0.435724
-0.76321
-0.354764
-0.763973
-0.266347
-0.7653
-0.17557
-0.769315
-0.077653
-0.768511
0.0288824
-0.775205
0.138083
-0.770679
0.267904
-0.774404
0.388646
-0.756894
0.524245
-0.725994
0.623106
-0.638087
0.649706
-0.499671
0.616315
-0.340175
0.588283
-0.220543
-0.0587779
0.512931
-0.564299
-0.790637
-0.532507
-0.799844
-0.497992
-0.798808
-0.450293
-0.811181
-0.39522
-0.815922
-0.329954
-0.828476
-0.255067
-0.83886
-0.167056
-0.853311
-0.0687362
-0.867634
0.0487491
-0.885996
0.17872
-0.905176
0.333799
-0.925758
0.50633
-0.946934
0.696336
-0.9469
0.878279
-0.907937
0.997384
-0.757193
0.968034
-0.470322
0.738021
-0.110161
0.440463
0.0770155
0.10113
0.280555
-0.512894
-0.50083
-0.480679
-0.455329
-0.419691
-0.377574
-0.324416
-0.260547
-0.181683
-0.0857603
0.0332849
0.181681
0.357872
0.55121
0.694329
0.708302
0.519523
0.176713
-0.332201
-0.813868
-0.00734689
-0.0231973
-0.00679296
-0.023363
-0.00623458
-0.0235135
-0.0056721
-0.0236514
-0.00510585
-0.0237768
-0.00453617
-0.0238896
-0.00396341
-0.0239897
-0.00338792
-0.0240772
-0.00281005
-0.024152
-0.00223016
-0.0242141
-0.00164859
-0.0242635
-0.0010657
-0.0243002
-0.000481866
-0.0243241
0.000102563
-0.0243353
0.00068722
-0.0243337
0.00127174
-0.0243194
0.00185575
-0.0242922
0.00243889
-0.0242523
0.00302079
-0.0241996
-0.0241308
0.00360193
-0.019624
-0.0246758
-0.0181353
-0.0248517
-0.0166376
-0.0250112
-0.0151314
-0.0251576
-0.0136175
-0.0252907
-0.0120965
-0.0254106
-0.0105691
-0.0255171
-0.00903598
-0.0256103
-0.0074978
-0.0256902
-0.00595524
-0.0257566
-0.00440899
-0.0258097
-0.00285973
-0.0258494
-0.00130814
-0.0258757
0.000245086
-0.0258885
0.00179925
-0.0258879
0.00335367
-0.0258738
0.00490765
-0.0258462
0.00646048
-0.0258051
0.00801147
-0.0257506
-0.0256786
0.00955929
-0.0312488
-0.0270415
-0.0288717
-0.0272288
-0.0264835
-0.0273994
-0.024085
-0.0275561
-0.021677
-0.0276987
-0.0192603
-0.0278273
-0.0168357
-0.0279417
-0.0144039
-0.0280421
-0.0119657
-0.0281283
-0.00952192
-0.0282004
-0.0070733
-0.0282584
-0.00462061
-0.0283021
-0.00216463
-0.0283317
0.000293866
-0.028347
0.00275409
-0.0283481
0.00521526
-0.028335
0.00767659
-0.0283075
0.0101373
-0.0282658
0.0125965
-0.0282098
-0.028136
0.0150539
-0.0437861
-0.0303567
-0.0404577
-0.0305572
-0.0371165
-0.0307406
-0.0337636
-0.0309091
-0.0303996
-0.0310627
-0.0270255
-0.0312014
-0.023642
-0.0313252
-0.02025
-0.0314341
-0.0168503
-0.0315281
-0.0134436
-0.0316071
-0.0100307
-0.0316712
-0.00661248
-0.0317204
-0.00318965
-0.0317545
0.000236969
-0.0317736
0.00366658
-0.0317777
0.00709837
-0.0317667
0.0105315
-0.0317407
0.0139652
-0.0316995
0.0173985
-0.0316431
-0.0315683
0.0208308
-0.0572566
-0.034684
-0.052916
-0.0348978
-0.0485623
-0.0350942
-0.0441965
-0.0352749
-0.0398191
-0.03544
-0.035431
-0.0355895
-0.0310327
-0.0357234
-0.0266251
-0.0358417
-0.0222087
-0.0359445
-0.0177842
-0.0360316
-0.0133522
-0.0361032
-0.00891338
-0.0361592
-0.00446839
-0.0361995
-1.78637e-05
-0.0362242
0.00443752
-0.0362331
0.0088971
-0.0362263
0.0133602
-0.0362037
0.017826
-0.0361653
0.0222939
-0.036111
-0.0360381
0.0267636
-0.0717036
-0.0400855
-0.0662915
-0.0403099
-0.0608686
-0.0405171
-0.0554352
-0.0407083
-0.0499918
-0.0408834
-0.0445386
-0.0410427
-0.039076
-0.0411861
-0.0336041
-0.0413136
-0.0281231
-0.0414254
-0.0226333
-0.0415214
-0.0171349
-0.0416017
-0.0116279
-0.0416661
-0.00611262
-0.0417148
-0.000589257
-0.0417475
0.00494198
-0.0417643
0.0104808
-0.0417652
0.016027
-0.0417499
0.0215802
-0.0417185
0.0271401
-0.0416708
-0.0416051
0.0327071
-0.0869722
-0.0466035
-0.080451
-0.0468312
-0.0739253
-0.0470429
-0.0673946
-0.0472389
-0.0608586
-0.0474195
-0.0543165
-0.0475848
-0.0477677
-0.0477349
-0.0412114
-0.0478699
-0.034647
-0.0479899
-0.0280736
-0.0480949
-0.0214904
-0.0481849
-0.0148966
-0.0482599
-0.00829156
-0.0483198
-0.00167439
-0.0483647
0.00495556
-0.0483943
0.011599
-0.0484086
0.0182564
-0.0484073
0.0249283
-0.0483905
0.0316153
-0.0483578
-0.0483091
0.0383194
-0.102608
-0.0542311
-0.0949922
-0.0544474
-0.0873844
-0.0546506
-0.0797832
-0.0548402
-0.0721861
-0.0550166
-0.0645908
-0.05518
-0.0569949
-0.0553308
-0.0493959
-0.0554689
-0.0417911
-0.0555947
-0.0341779
-0.055708
-0.0265538
-0.055809
-0.018916
-0.0558976
-0.0112621
-0.0559738
-0.00358949
-0.0560373
0.00410424
-0.056088
0.0118214
-0.0561257
0.0195642
-0.0561502
0.0273348
-0.056161
0.035135
-0.0561581
-0.0561432
0.042969
-0.117679
-0.0628636
-0.109084
-0.0630426
-0.100521
-0.0632137
-0.0919845
-0.0633764
-0.0834699
-0.0635313
-0.0749713
-0.0636787
-0.066483
-0.063819
-0.0579994
-0.0639526
-0.0495145
-0.0640796
-0.0410224
-0.0642001
-0.0325173
-0.0643142
-0.0239931
-0.0644218
-0.0154442
-0.0645227
-0.0068647
-0.0646168
0.00175086
-0.0647036
0.0104079
-0.0647827
0.0191114
-0.0648537
0.0278662
-0.0649158
0.0366769
-0.0649687
-0.0650163
0.04555
-0.130486
-0.0722185
-0.121214
-0.0723146
-0.112014
-0.0724132
-0.102877
-0.0725139
-0.0937905
-0.0726176
-0.0847442
-0.0727249
-0.0757268
-0.0728364
-0.0667268
-0.0729526
-0.0577325
-0.0730738
-0.0487323
-0.0732003
-0.0397142
-0.0733322
-0.0306666
-0.0734694
-0.0215774
-0.0736119
-0.012435
-0.0737591
-0.00322805
-0.0739106
0.00605444
-0.0740652
0.0154228
-0.0742221
0.0248866
-0.0743796
0.0344544
-0.0745366
-0.0746988
0.0441369
-0.138106
-0.0816985
-0.128787
-0.081633
-0.11961
-0.0815905
-0.110553
-0.0815706
-0.101597
-0.0815741
-0.0927197
-0.0816019
-0.0839016
-0.0816545
-0.0751214
-0.0817328
-0.0663578
-0.0818374
-0.0575889
-0.0819693
-0.0487919
-0.0821292
-0.0399435
-0.0823178
-0.0310197
-0.0825356
-0.0219965
-0.0827823
-0.0128504
-0.0830567
-0.00355945
-0.0833562
0.00589596
-0.0836775
0.0155331
-0.0840167
0.0253666
-0.0843701
-0.0847436
0.0354115
-0.135686
-0.0901789
-0.127506
-0.0898131
-0.119584
-0.0895121
-0.111881
-0.0892738
-0.104358
-0.0890971
-0.0969784
-0.0889811
-0.0897073
-0.0889257
-0.0825085
-0.0889316
-0.0753447
-0.0890011
-0.0681761
-0.0891379
-0.0609588
-0.0893465
-0.0536445
-0.0896321
-0.0461818
-0.0899984
-0.0385181
-0.0904461
-0.0306038
-0.0909709
-0.0223963
-0.0915637
-0.013862
-0.0922118
-0.00497688
-0.0929019
0.00427517
-0.0936221
-0.0943774
0.013909
-0.115577
-0.0957483
-0.110563
-0.0948268
-0.106017
-0.0940582
-0.101858
-0.0934333
-0.0980109
-0.092944
-0.0944113
-0.0925807
-0.0910004
-0.0923366
-0.0877208
-0.0922111
-0.0845108
-0.0922112
-0.0812971
-0.0923517
-0.0779899
-0.0926537
-0.0744823
-0.0931397
-0.0706556
-0.093825
-0.066394
-0.0947077
-0.061601
-0.0957639
-0.0562124
-0.0969523
-0.0501967
-0.0982276
-0.0435461
-0.0995524
-0.0362654
-0.100903
-0.102294
-0.0283484
-0.0673855
-0.09563
-0.0685262
-0.0936861
-0.0705236
-0.0920608
-0.0732168
-0.0907401
-0.076453
-0.0897078
-0.0801043
-0.0889294
-0.0840698
-0.0883711
-0.0882614
-0.0880196
-0.0925788
-0.0878937
-0.0968844
-0.088046
-0.100985
-0.0885526
-0.104638
-0.0894875
-0.10758
-0.0908824
-0.109596
-0.0926918
-0.110568
-0.0947926
-0.110486
-0.0970342
-0.10941
-0.0993027
-0.107411
-0.101552
-0.104523
-0.103791
-0.106123
-0.100694
0.0201448
-0.0864612
0.00927651
-0.0828178
-0.00308829
-0.079696
-0.0167131
-0.0771153
-0.0313084
-0.0751125
-0.0465978
-0.07364
-0.0623722
-0.0725966
-0.0784797
-0.0719121
-0.0947567
-0.0716167
-0.110946
-0.071857
-0.126648
-0.0728503
-0.141362
-0.0747731
-0.154629
-0.0776154
-0.166218
-0.0811028
-0.17621
-0.0848011
-0.184881
-0.0883634
-0.192481
-0.0917029
-0.199071
-0.0949614
-0.20449
-0.0983709
-0.102255
-0.208359
0.153749
-0.0652958
0.130042
-0.0591108
0.10416
-0.0538136
0.0762735
-0.0492287
0.0466803
-0.0455193
0.0158666
-0.0428264
-0.0156985
-0.0410315
-0.0476938
-0.0399168
-0.0798448
-0.0394658
-0.111715
-0.0399872
-0.142595
-0.0419702
-0.171654
-0.0457142
-0.198341
-0.0509276
-0.222745
-0.0566992
-0.245485
-0.0620614
-0.267173
-0.0666753
-0.287924
-0.0709514
-0.307266
-0.0756195
-0.324344
-0.0812937
-0.0884398
-0.338159
0.313137
-0.0313087
0.275231
-0.021204
0.234798
-0.0133806
0.192392
-0.00682339
0.147885
-0.00101166
0.101571
0.00348783
0.0542996
0.00623946
0.00695609
0.0074267
-0.0399075
0.00739784
-0.0858238
0.00592912
-0.130076
0.00228233
-0.1718
-0.00399069
-0.21097
-0.011757
-0.248249
-0.0194206
-0.284346
-0.0259647
-0.319406
-0.0316152
-0.352847
-0.0375101
-0.383544
-0.0449228
-0.410173
-0.0546649
-0.0671102
-0.431502
0.465014
0.0166076
0.411504
0.0323067
0.356546
0.0415768
0.302732
0.0469908
0.250086
0.0516341
0.197027
0.0565468
0.142392
0.0608751
0.086234
0.0635844
0.0293006
0.0643312
-0.02763
0.0628597
-0.0837829
0.0584352
-0.138056
0.0502825
-0.188302
0.0384888
-0.232163
0.0244407
-0.268432
0.0103038
-0.298009
-0.00203745
-0.32377
-0.0117491
-0.347327
-0.021366
-0.369394
-0.0325975
-0.0468263
-0.389678
0.256334
0.0408285
0.224498
0.064142
0.199282
0.0667933
0.175899
0.0703741
0.155773
0.0717595
0.138505
0.0738147
0.123321
0.0760591
0.109338
0.0775676
0.096021
0.0776484
0.0829021
0.0759787
0.0690043
0.0723329
0.0529306
0.0663562
0.0340738
0.0573456
0.0125971
0.0459173
-0.01129
0.0341909
-0.0377492
0.0244218
-0.0668155
0.0173173
-0.0996485
0.011467
-0.135273
0.00302693
-0.0151331
-0.166966
-0.773039
-0.708897
-0.642104
-0.57173
-0.49997
-0.426155
-0.350096
-0.272529
-0.19488
-0.118902
-0.0465689
0.0197874
0.0771329
0.12305
0.157241
0.181663
0.19898
0.210447
0.213474
0.198341
0.00525171
-0.0683035
0.00687697
-0.0673687
0.00846977
-0.0661416
0.0100222
-0.0646199
0.0115265
-0.0628051
0.012975
-0.0606993
0.0143606
-0.0583051
0.0156764
-0.0556259
0.0169163
-0.0526661
0.0180747
-0.0494308
0.0191471
-0.0459264
0.0201299
-0.0421601
0.0210208
-0.0381403
0.0218188
-0.0338768
0.0225257
-0.0293802
0.0231489
-0.0246623
0.0237024
-0.0197367
0.0242039
-0.0146215
0.0246574
-0.00937155
-0.00434775
0.013946
-0.0726903
0.0182885
-0.0717112
0.0225697
-0.0704228
0.026772
-0.0688221
0.0308774
-0.0669106
0.0348682
-0.0646901
0.0387266
-0.0621634
0.0424349
-0.0593342
0.045976
-0.0562073
0.0493337
-0.0527885
0.0524926
-0.0490853
0.0554389
-0.0451064
0.058161
-0.0408625
0.0606502
-0.036366
0.0629015
-0.0316315
0.064915
-0.0266758
0.0666966
-0.0215183
0.0682572
-0.0161821
0.0695945
-0.0107088
-0.00508931
0.0220414
-0.0796778
0.0289833
-0.0786531
0.0358591
-0.0772986
0.0426469
-0.0756099
0.0493234
-0.0735871
0.0558643
-0.0712309
0.0622437
-0.0685429
0.068435
-0.0655255
0.0744103
-0.0621825
0.0801408
-0.058519
0.0855973
-0.0545418
0.0907503
-0.0502594
0.0955705
-0.0456826
0.100029
-0.0408244
0.104098
-0.0357004
0.107751
-0.0303288
0.110964
-0.0247316
0.113712
-0.0189304
0.116005
-0.0130016
-0.00635004
0.0306
-0.0894469
0.0403291
-0.0883822
0.0499944
-0.0869639
0.0595695
-0.085185
0.0690255
-0.0830431
0.0783309
-0.0805363
0.0874514
-0.0776634
0.09635
-0.0744241
0.104987
-0.0708195
0.11332
-0.066852
0.121304
-0.0625261
0.128893
-0.0578482
0.136038
-0.0528272
0.142688
-0.0474746
0.148792
-0.0418051
0.1543
-0.0358361
0.159159
-0.0295911
0.163303
-0.0230744
0.166817
-0.0165157
-0.00832274
0.0395065
-0.10219
0.0522302
-0.101106
0.0649103
-0.099644
0.0775177
-0.0977924
0.0900193
-0.0955448
0.102377
-0.0928944
0.114549
-0.0898353
0.126487
-0.0863621
0.138139
-0.0824708
0.149446
-0.0781591
0.160346
-0.0734265
0.170773
-0.068275
0.180655
-0.0627092
0.189917
-0.0567368
0.198482
-0.0503696
0.206266
-0.0436207
0.213199
-0.0365235
0.219128
-0.0290037
0.224338
-0.0217255
-0.0113523
0.0486102
-0.118093
0.0645428
-0.117039
0.0804834
-0.115585
0.0964043
-0.113713
0.112271
-0.111411
0.128041
-0.108664
0.143664
-0.105458
0.159082
-0.10178
0.174228
-0.0976176
0.18903
-0.0929603
0.203403
-0.0877999
0.217259
-0.0821305
0.230499
-0.0759497
0.24302
-0.0692576
0.254712
-0.0620621
0.26545
-0.0543588
0.275162
-0.0462355
0.283498
-0.0373398
0.291178
-0.029405
-0.0160325
0.0575269
-0.137301
0.0768573
-0.136369
0.0962991
-0.135026
0.115831
-0.133245
0.135421
-0.131002
0.155026
-0.128269
0.174589
-0.125022
0.194043
-0.121234
0.213307
-0.116881
0.232288
-0.111942
0.250884
-0.106395
0.268976
-0.100223
0.28644
-0.0934139
0.303133
-0.08595
0.318918
-0.0778477
0.333584
-0.0690244
0.347157
-0.0598086
0.358799
-0.0489813
0.370118
-0.0407244
-0.0233395
0.065512
-0.159844
0.0883454
-0.159202
0.111477
-0.158158
0.134899
-0.156667
0.158587
-0.15469
0.182498
-0.15218
0.206575
-0.149098
0.230737
-0.145395
0.254891
-0.141035
0.278923
-0.135974
0.30271
-0.130182
0.3261
-0.123614
0.348948
-0.116262
0.371046
-0.108047
0.392283
-0.0990854
0.412201
-0.0889423
0.431272
-0.0788798
0.447503
-0.0652124
0.464168
-0.0573889
-0.0348562
0.0712372
-0.185531
0.0975043
-0.185469
0.124395
-0.185048
0.151923
-0.184195
0.180072
-0.182839
0.208796
-0.180904
0.238044
-0.178346
0.267705
-0.175057
0.297686
-0.171016
0.32783
-0.166118
0.358022
-0.160374
0.388037
-0.153629
0.417783
-0.146008
0.446845
-0.137109
0.475435
-0.127676
0.502266
-0.115773
0.529253
-0.105867
0.551941
-0.0879003
0.576321
-0.0817686
-0.053074
0.072434
-0.213828
0.101781
-0.214817
0.132307
-0.215574
0.16405
-0.215938
0.196992
-0.215781
0.23105
-0.214962
0.266248
-0.213544
0.302322
-0.211131
0.339259
-0.207953
0.376737
-0.203595
0.414825
-0.198463
0.452983
-0.191787
0.491591
-0.184616
0.529347
-0.174864
0.567958
-0.166287
0.603572
-0.151388
0.641744
-0.144039
0.673686
-0.119843
0.708882
-0.116965
-0.0817173
0.0652767
-0.243693
0.0969243
-0.246464
0.130717
-0.249366
0.166723
-0.251945
0.204818
-0.253876
0.244738
-0.254882
0.286999
-0.255805
0.330507
-0.254639
0.375839
-0.253285
0.421842
-0.249598
0.469713
-0.246334
0.517375
-0.239449
0.567494
-0.234734
0.615368
-0.222739
0.667503
-0.218422
0.713969
-0.197853
0.766801
-0.196871
0.812056
-0.165098
0.86181
-0.166719
-0.12593
0.0434912
-0.273275
0.0760176
-0.278991
0.112525
-0.285874
0.153081
-0.292501
0.196914
-0.297709
0.243205
-0.301173
0.294772
-0.307371
0.346794
-0.306661
0.402628
-0.309119
0.457769
-0.304739
0.517978
-0.306544
0.575667
-0.297138
0.640675
-0.299742
0.699544
-0.281608
0.768309
-0.287188
0.828454
-0.257998
0.897966
-0.266383
0.961363
-0.228495
1.02939
-0.234745
-0.191887
-0.00236082
-0.299263
0.0287592
-0.310111
0.067807
-0.324921
0.114372
-0.339066
0.165036
-0.348373
0.218229
-0.354367
0.284072
-0.373214
0.345636
-0.368225
0.414935
-0.378417
0.47848
-0.368284
0.553782
-0.381846
0.621319
-0.364675
0.703402
-0.381825
0.775217
-0.353423
0.8601
-0.372071
0.938018
-0.335915
1.02346
-0.351825
1.10862
-0.313656
1.19645
-0.322576
-0.284617
-0.0843515
-0.315606
-0.0567806
-0.337681
-0.0125625
-0.36914
0.0443159
-0.395945
0.10378
-0.407837
0.165536
-0.416123
0.252842
-0.46052
0.32547
-0.440852
0.409847
-0.462795
0.480867
-0.439304
0.570447
-0.471426
0.649834
-0.444063
0.744841
-0.476832
0.834436
-0.443018
0.929458
-0.467093
1.0275
-0.433955
1.125
-0.449324
1.23146
-0.420119
1.33612
-0.427238
-0.403601
-0.208597
-0.315368
-0.182208
-0.36407
-0.123614
-0.427734
-0.0497843
-0.469774
0.0231564
-0.480777
0.0988085
-0.491775
0.206961
-0.568673
0.292545
-0.526436
0.386719
-0.556968
0.468454
-0.52104
0.562661
-0.565633
0.659227
-0.540629
0.755513
-0.573118
0.863042
-0.550547
0.960408
-0.564458
1.07286
-0.546406
1.17572
-0.552183
1.29542
-0.539822
1.40936
-0.541179
-0.53909
-0.354535
-0.298992
-0.319428
-0.399177
-0.23578
-0.511383
-0.14223
-0.563324
-0.0456302
-0.577377
0.0508765
-0.588282
0.154972
-0.672768
0.253437
-0.624901
0.344138
-0.647669
0.443814
-0.620716
0.531057
-0.652876
0.638876
-0.648448
0.727451
-0.661692
0.836339
-0.659435
0.928942
-0.657062
1.03974
-0.6572
1.13959
-0.652033
1.25653
-0.656768
1.36925
-0.653899
-0.672387
-0.457618
-0.272876
-0.414982
-0.441814
-0.313726
-0.612638
-0.208229
-0.668822
-0.0876864
-0.697919
0.0257983
-0.701767
0.0998378
-0.746808
0.201022
-0.726085
0.284352
-0.730999
0.392487
-0.72885
0.473689
-0.734079
0.569355
-0.744114
0.647289
-0.739626
0.735005
-0.747151
0.816348
-0.738405
0.906555
-0.747407
0.994629
-0.740107
1.09142
-0.753561
1.18954
-0.752013
-0.779328
-0.429811
-0.232743
-0.421454
-0.450171
-0.344873
-0.689218
-0.246267
-0.767428
-0.130906
-0.813281
-0.0172792
-0.815393
0.0472695
-0.811357
0.140157
-0.818972
0.222652
-0.813494
0.314492
-0.820689
0.39167
-0.811257
0.461667
-0.814111
0.528635
-0.806594
0.590822
-0.809338
0.657827
-0.80541
0.720643
-0.810223
0.789438
-0.808902
0.854805
-0.818928
0.922999
-0.820207
-0.840446
-0.27464
-0.125069
-0.367264
-0.357548
-0.330331
-0.726151
-0.23538
-0.862379
-0.139886
-0.908775
-0.0429208
-0.912358
0.0428642
-0.897142
0.120271
-0.89638
0.196155
-0.889378
0.259806
-0.88434
0.324747
-0.876198
0.379051
-0.868415
0.43566
-0.863204
0.484414
-0.858092
0.535126
-0.856122
0.577923
-0.853019
0.623004
-0.853983
0.658014
-0.853938
0.693967
-0.85616
-0.862132
0.0167338
0.0565385
-0.0918055
-0.249008
-0.0872123
-0.730744
-0.0491165
-0.900475
-0.00154427
-0.956347
0.0468207
-0.960723
0.104284
-0.954605
0.154925
-0.947021
0.205641
-0.940094
0.25315
-0.931849
0.300376
-0.923424
0.345879
-0.913918
0.387961
-0.905286
0.426889
-0.897021
0.460619
-0.889852
0.491425
-0.883825
0.517193
-0.879751
0.537917
-0.874661
0.55676
-0.875004
-0.870122
-0.0355931
0.0921316
-0.051866
-0.232735
-0.0413567
-0.741253
-0.0241744
-0.917657
-0.00608332
-0.974438
0.0106671
-0.977474
0.0248408
-0.968778
0.0385193
-0.9607
0.0509503
-0.952525
0.0621359
-0.943035
0.0719674
-0.933255
0.0806751
-0.922625
0.0882326
-0.912843
0.0949771
-0.903765
0.100954
-0.895828
0.106119
-0.88899
0.110071
-0.883703
0.112835
-0.877425
0.114448
-0.876617
-0.870304
-0.0309173
0.123049
-0.0446257
-0.219027
-0.034008
-0.751871
-0.0172289
-0.934436
0.000163855
-0.991831
0.0156092
-0.992919
0.0301492
-0.983318
0.0435641
-0.974115
0.0553516
-0.964313
0.0662585
-0.953942
0.0757388
-0.942735
0.0845498
-0.931436
0.0921681
-0.920462
0.0991188
-0.910716
0.104855
-0.901564
0.109541
-0.893677
0.112439
-0.886601
0.114326
-0.879313
0.115192
-0.877483
-0.869843
-0.0353702
0.158419
-0.0510619
-0.203335
-0.0389674
-0.763966
-0.0192167
-0.954187
0.000604598
-1.01165
0.0176172
-1.00993
0.0320967
-0.997798
0.0448969
-0.986915
0.0563674
-0.975783
0.0669192
-0.964494
0.0763518
-0.952168
0.0850035
-0.940088
0.0927259
-0.928184
0.0994008
-0.917391
0.105
-0.907164
0.109458
-0.898135
0.113193
-0.890336
0.116855
-0.882975
0.11952
-0.880148
-0.8708
-0.0338376
0.192257
-0.0476308
-0.189542
-0.0339165
-0.77768
-0.0132326
-0.974871
0.00593444
-1.03082
0.0223314
-1.02633
0.0365608
-1.01203
0.0483981
-0.998752
0.0588641
-0.986249
0.0680013
-0.973631
0.0761384
-0.960305
0.0834355
-0.947385
0.0898963
-0.934645
0.0951828
-0.922677
0.0995999
-0.911581
0.103388
-0.901922
0.107257
-0.894205
0.11057
-0.886289
0.112419
-0.881996
-0.871136
-0.0356322
0.227889
-0.0488492
-0.176325
-0.0339882
-0.792541
-0.0117431
-0.997116
0.00928028
-1.05184
0.0263739
-1.04342
0.0404943
-1.02615
0.0523088
-1.01057
0.0622265
-0.996167
0.0703479
-0.981752
0.0773254
-0.967283
0.0832791
-0.953339
0.0885933
-0.939959
0.0935528
-0.927637
0.098401
-0.916429
0.103099
-0.906621
0.107102
-0.898208
0.109621
-0.888807
0.110728
-0.883103
-0.87157
-0.0386753
0.266564
-0.0455655
-0.169435
-0.0268362
-0.81127
-0.00350283
-1.02045
0.0166856
-1.07203
0.0332352
-1.05997
0.0463594
-1.03927
0.0561193
-1.02033
0.0642459
-1.00429
0.0709146
-0.988421
0.0765197
-0.972888
0.0811009
-0.95792
0.085267
-0.944125
0.0891316
-0.931501
0.0930591
-0.920356
0.0963443
-0.909906
0.098695
-0.900559
0.10019
-0.890302
0.101857
-0.88477
-0.872625
-0.0373635
0.303928
-0.0427372
-0.164061
-0.0215438
-0.832464
0.00284146
-1.04483
0.0240914
-1.09328
0.0406722
-1.07655
0.0523323
-1.05093
0.0617763
-1.02977
0.0691806
-1.0117
0.0753465
-0.994587
0.0804323
-0.977973
0.0843776
-0.961865
0.0873699
-0.947117
0.089647
-0.933778
0.0911826
-0.921892
0.092047
-0.91077
0.0923916
-0.900903
0.0933373
-0.891248
0.0940657
-0.885499
-0.872485
-0.0455631
0.349491
-0.0372644
-0.17236
-0.0092828
-0.860445
0.0165515
-1.07067
0.0357843
-1.11251
0.0499941
-1.09076
0.0606956
-1.06163
0.0689363
-1.03801
0.0752754
-1.01804
0.0800315
-0.999343
0.0837598
-0.981702
0.0870409
-0.965146
0.0897868
-0.949863
0.0919073
-0.935899
0.0934322
-0.923417
0.0943445
-0.911683
0.0949417
-0.9015
0.0954633
-0.891769
0.094752
-0.884788
-0.871313
-0.0429726
0.392463
-0.0283806
-0.186952
0.00440137
-0.893227
0.0300615
-1.09633
0.04817
-1.13062
0.0609633
-1.10356
0.0698739
-1.07054
0.0764096
-1.04455
0.0813116
-1.02294
0.0850074
-1.00304
0.0877126
-0.984407
0.0897879
-0.967222
0.0916285
-0.951704
0.0931877
-0.937458
0.0940278
-0.924257
0.0945817
-0.912237
0.0946775
-0.901596
0.0942744
-0.891366
0.0929627
-0.883476
-0.870079
-0.04654
0.439003
-0.0151164
-0.218376
0.0229211
-0.931265
0.0504597
-1.12387
0.0656767
-1.14584
0.0751837
-1.11306
0.0815891
-1.07695
0.0862388
-1.0492
0.0898644
-1.02656
0.0928784
-1.00605
0.0950676
-0.986596
0.0965773
-0.968731
0.0974509
-0.952578
0.0977518
-0.937759
0.0978167
-0.924322
0.0978676
-0.912287
0.0974583
-0.901187
0.0965778
-0.890486
0.0951717
-0.88207
-0.868734
-0.0430357
0.482039
0.00386538
-0.265277
0.0459926
-0.973392
0.0721007
-1.14998
0.0835952
-1.15733
0.0890014
-1.11847
0.0926172
-1.08057
0.0949828
-1.05156
0.0963003
-1.02788
0.0972517
-1.007
0.0982077
-0.987552
0.0990179
-0.969542
0.0994342
-0.952994
0.0998391
-0.938164
0.100313
-0.924796
0.100829
-0.912802
0.100974
-0.901332
0.100935
-0.890447
0.100654
-0.881788
-0.868304
-0.0312902
0.513329
0.0366512
-0.333218
0.075974
-1.01271
0.09884
-1.17284
0.104743
-1.16324
0.106022
-1.11975
0.105579
-1.08012
0.104741
-1.05072
0.103817
-1.02696
0.102429
-1.00562
0.101194
-0.986317
0.100237
-0.968585
0.0996547
-0.952411
0.0991501
-0.937659
0.0986261
-0.924272
0.0979392
-0.912116
0.0974942
-0.900887
0.0971623
-0.890115
0.0968103
-0.881436
-0.868068
-0.0170405
0.53037
0.0780172
-0.428276
0.113201
-1.0479
0.128053
-1.18769
0.127799
-1.16298
0.122662
-1.11461
0.118058
-1.07552
0.114175
-1.04684
0.110727
-1.02351
0.107885
-1.00277
0.10514
-0.983572
0.10293
-0.966375
0.101164
-0.950646
0.0999012
-0.936396
0.0989819
-0.923353
0.0982947
-0.911428
0.0978544
-0.900447
0.0976181
-0.889879
0.0973898
-0.881208
-0.867829
0.0159197
0.51445
0.126031
-0.538387
0.154697
-1.07656
0.157881
-1.19088
0.149546
-1.15465
0.138888
-1.10395
0.129922
-1.06655
0.122327
-1.03925
0.116167
-1.01735
0.110743
-0.997349
0.106168
-0.978996
0.101967
-0.962175
0.0986421
-0.947321
0.0963065
-0.934061
0.0947797
-0.921826
0.0936625
-0.910311
0.0928912
-0.899675
0.0921811
-0.889169
0.091441
-0.880467
-0.867565
0.0349292
0.479521
0.176595
-0.680053
0.193694
-1.09366
0.185608
-1.18279
0.170466
-1.13951
0.154277
-1.08776
0.14126
-1.05354
0.131242
-1.02923
0.122586
-1.00869
0.115591
-0.990354
0.109961
-0.973366
0.10556
-0.957774
0.101897
-0.943658
0.098531
-0.930694
0.0954607
-0.918756
0.0927781
-0.907629
0.0905039
-0.897401
0.0887489
-0.887414
0.0873174
-0.879036
-0.866615
0.0914918
0.388029
0.226464
-0.815025
0.234806
-1.10201
0.213225
-1.16121
0.189112
-1.11539
0.167571
-1.06622
0.150511
-1.03648
0.137518
-1.01623
0.127511
-0.998688
0.119265
-0.982108
0.112635
-0.966736
0.107259
-0.952399
0.102787
-0.939186
0.0991623
-0.927069
0.0962215
-0.915815
0.0938337
-0.905241
0.0918195
-0.895387
0.0903009
-0.885895
0.0886088
-0.877344
-0.865468
0.118392
0.269637
0.277014
-0.973648
0.279938
-1.10493
0.241119
-1.12239
0.203179
-1.07745
0.177484
-1.04053
0.158645
-1.01764
0.144205
-1.00179
0.132703
-0.987185
0.123281
-0.972686
0.11561
-0.959065
0.109598
-0.946386
0.104919
-0.934507
0.10091
-0.92306
0.0974028
-0.912308
0.0943517
-0.90219
0.0916543
-0.89269
0.0892166
-0.883458
0.0869481
-0.875075
-0.86405
0.326004
-0.0563663
0.343683
-0.991327
0.326513
-1.08776
0.259356
-1.05524
0.213752
-1.03185
0.185477
-1.01225
0.16451
-0.99667
0.14834
-0.985624
0.13594
-0.974786
0.12665
-0.963396
0.119287
-0.951702
0.113293
-0.940393
0.108194
-0.929408
0.103986
-0.918852
0.100521
-0.908843
0.0977982
-0.899467
0.0954868
-0.890378
0.0936949
-0.881666
0.0921784
-0.873559
-0.86308
0.486445
-0.542811
0.390486
-0.895368
0.30397
-1.00124
0.254213
-1.00548
0.219225
-0.996862
0.188869
-0.981895
0.166822
-0.974623
0.15037
-0.969173
0.137556
-0.961972
0.127216
-0.953056
0.118937
-0.943423
0.112173
-0.933628
0.106723
-0.923959
0.102364
-0.914493
0.0989675
-0.905446
0.0962589
-0.896758
0.0940843
-0.888204
0.0922981
-0.87988
0.0909907
-0.872251
-0.862459
0.302127
0.313037
0.294479
0.263692
0.222848
0.189484
0.16723
0.151006
0.138098
0.12766
0.119159
0.112441
0.107037
0.102554
0.0987646
0.0957995
0.0935299
0.0919947
0.0910734
)
;

boundaryField
{
    inlet
    {
        type            calculated;
        value           nonuniform List<scalar> 
80
(
-0.855
-0.855
-0.855
-0.855
-0.855
-0.855
-0.855
-0.855
-0.855
-0.855
-0.855
-0.855
-0.855
-0.855
-0.855
-0.855
-0.855
-0.855
-0.855
-0.855
-0.15
-0.15
-0.15
-0.15
-0.15
-0.15
-0.15
-0.15
-0.15
-0.15
-0.15
-0.15
-0.15
-0.15
-0.15
-0.15
-0.15
-0.15
-0.15
-0.15
-0.15
-0.15
-0.15
-0.15
-0.15
-0.15
-0.15
-0.15
-0.15
-0.15
-0.15
-0.15
-0.15
-0.15
-0.15
-0.15
-0.15
-0.15
-0.15
-0.15
-0.75
-0.75
-0.75
-0.75
-0.75
-0.75
-0.75
-0.75
-0.75
-0.75
-0.75
-0.75
-0.75
-0.75
-0.75
-0.75
-0.75
-0.75
-0.75
-0.75
)
;
    }
    outlet
    {
        type            calculated;
        value           nonuniform List<scalar> 
200
(
0.0666537
0.0657435
0.0645488
0.0630674
0.0613009
0.0592508
0.0569195
0.0543101
0.0514262
0.0482724
0.044854
0.0411773
0.0372494
0.0330788
0.0286734
0.0240391
0.0191831
0.01412
0.00891811
0.00408955
0.0226475
0.0228091
0.0229551
0.023089
0.0232106
0.0233199
0.0234169
0.0235017
0.0235741
0.0236342
0.0236819
0.0237173
0.0237403
0.0237509
0.0237491
0.0237348
0.0237082
0.0236692
0.0236177
0.0235497
0.00332096
0.00686448
0.0108099
0.0147015
0.0184676
0.0220938
0.0255747
0.0289063
0.032085
0.035107
0.0379673
0.0406614
0.0431854
0.0455357
0.0477091
0.0497029
0.0515145
0.0531418
0.054583
0.0558392
0.107409
0.0992421
0.0960978
0.098555
0.0994868
0.088836
0.0805079
0.0785553
0.0765817
0.0706113
0.0628002
0.0548616
0.0504007
0.0465605
0.0381333
0.0295837
0.0243685
0.0179281
0.0102152
0.00347094
0.11463
0.114731
0.120477
0.112755
0.111162
0.102912
0.0939257
0.0935796
0.0917293
0.0938265
0.100224
0.0965739
0.0971512
0.0911764
0.0863671
0.087462
0.0855302
0.0912082
0.0903699
0.0907173
0.0249156
0.070336
0.117266
0.16879
0.227367
0.295858
0.377425
0.475685
0.594538
0.737526
0.906023
1.09535
1.28918
1.4551
1.54485
1.50255
1.29648
0.984117
0.715654
0.56475
0.17031
0.1599
0.152201
0.152185
0.149426
0.135545
0.122909
0.117822
0.111324
0.101979
0.0915158
0.0797241
0.0717504
0.0657368
0.0539714
0.0424596
0.0349515
0.024928
0.0142919
0.00527228
0.036165
0.0361164
0.0361569
0.036174
0.0362185
0.0362648
0.0363083
0.0363571
0.0363874
0.0364175
0.0364203
0.0364085
0.0363489
0.0362406
0.036078
0.0359273
0.0359303
0.0360728
0.0361865
0.0369206
0.0963091
0.100531
0.100212
0.101628
0.101433
0.0996304
0.100586
0.098669
0.101318
0.102038
0.105105
0.108316
0.110321
0.112959
0.113386
0.113153
0.112556
0.110369
0.109895
0.108213
0.0245476
0.0692381
0.115306
0.165694
0.222717
0.289071
0.367765
0.462361
0.576992
0.716025
0.882573
1.07424
1.27524
1.44819
1.5314
1.45344
1.18449
0.82302
0.576426
0.513125
)
;
    }
    upAndBottom
    {
        type            empty;
        value           nonuniform 0();
    }
    obstacle
    {
        type            calculated;
        value           uniform 0;
    }
}


// ************************************************************************* //
