/*--------------------------------*- C++ -*----------------------------------*\
| =========                 |                                                 |
| \\      /  F ield         | OpenFOAM: The Open Source CFD Toolbox           |
|  \\    /   O peration     | Version:  v1806                                 |
|   \\  /    A nd           | Web:      www.OpenFOAM.com                      |
|    \\/     M anipulation  |                                                 |
\*---------------------------------------------------------------------------*/
FoamFile
{
    version     2.0;
    format      ascii;
    class       volScalarField;
    location    "490";
    object      p;
}
// * * * * * * * * * * * * * * * * * * * * * * * * * * * * * * * * * * * * * //

dimensions      [0 2 -2 0 0 0 0];


internalField   nonuniform List<scalar> 
5004
(
-0.00408139
-0.0040826
-0.0040826
-0.00408139
-0.00412184
-0.00412155
-0.00412155
-0.00412184
-0.00411251
-0.00411198
-0.00411198
-0.00411251
-0.00407829
-0.00407807
-0.00407807
-0.00407829
-0.00403956
-0.00403917
-0.00403917
-0.00403956
-0.00422259
-0.00422338
-0.00422338
-0.00422259
-0.00420017
-0.00420071
-0.00420071
-0.00420017
-0.00420661
-0.00420825
-0.00420825
-0.00420661
0.0210557
0.0210513
0.0210513
0.0210557
0.0216865
0.0216809
0.0216809
0.0216865
0.0220331
0.0220349
0.0220349
0.0220331
-0.00403387
-0.00403384
-0.00403384
-0.00403387
-0.00414929
-0.00414806
-0.00414806
-0.00414929
0.0156199
0.0156141
0.0156141
0.0156199
0.0174542
0.0174506
0.0174506
0.0174542
0.0136378
0.0136309
0.0136309
0.0136378
0.0338767
0.0338988
0.0338988
0.0338767
0.0390746
0.0390919
0.0390919
0.0390746
-0.00438305
-0.00438079
-0.00438079
-0.00438305
-0.00452409
-0.00452562
-0.00452562
-0.00452409
-0.00459992
-0.00459836
-0.00459836
-0.00459992
-0.00442257
-0.00441633
-0.00441633
-0.00442257
0.0176641
0.017672
0.017672
0.0176641
-0.00649777
-0.00650541
-0.00650541
-0.00649777
-0.00464857
-0.00464571
-0.00464571
-0.00464857
-0.0045399
-0.00453828
-0.00453828
-0.0045399
-0.00462349
-0.00462457
-0.00462457
-0.00462349
-0.00440781
-0.0044052
-0.0044052
-0.00440781
-0.00416806
-0.00416589
-0.00416589
-0.00416806
-0.00492113
-0.00492373
-0.00492373
-0.00492113
-0.00469866
-0.00469362
-0.00469362
-0.00469866
-0.00520727
-0.00519995
-0.00519995
-0.00520727
0.0211765
0.0211796
0.0211796
0.0211765
0.0235202
0.0234899
0.0234899
0.0235202
0.0259291
0.0259545
0.0259545
0.0259291
0.021602
0.0215978
0.0215978
0.021602
0.0196192
0.0196381
0.0196381
0.0196192
-0.004461
-0.00446298
-0.00446298
-0.004461
-0.00482573
-0.00482953
-0.00482953
-0.00482573
-0.011741
-0.0117943
-0.0117943
-0.011741
0.0246981
0.0247124
0.0247124
0.0246981
-0.00610527
-0.00610472
-0.00610472
-0.00610527
-0.0067889
-0.00678327
-0.00678327
-0.0067889
-0.00751185
-0.00750593
-0.00750593
-0.00751185
-0.0083055
-0.00829935
-0.00829935
-0.0083055
-0.00917317
-0.00916528
-0.00916528
-0.00917317
-0.0102498
-0.0102406
-0.0102406
-0.0102498
-0.0117232
-0.0117156
-0.0117156
-0.0117232
-0.0134253
-0.0134144
-0.0134144
-0.0134253
-0.0159555
-0.0159458
-0.0159458
-0.0159555
-0.0183567
-0.0183417
-0.0183417
-0.0183567
-0.0218532
-0.0219022
-0.0219022
-0.0218532
-0.0167815
-0.0167427
-0.0167427
-0.0167815
-0.0205325
-0.0205681
-0.0205681
-0.0205325
-0.00223054
-0.00222655
-0.00222655
-0.00223054
0.0130714
0.0131079
0.0131079
0.0130714
0.0163575
0.0163474
0.0163474
0.0163575
0.0192248
0.0192394
0.0192394
0.0192248
0.0179375
0.0179314
0.0179314
0.0179375
-0.00432606
-0.00432656
-0.00432656
-0.00432606
0.018977
0.0189812
0.0189812
0.018977
0.0250895
0.0250972
0.0250972
0.0250895
0.0272734
0.0272682
0.0272682
0.0272734
-0.00557063
-0.00557817
-0.00557817
-0.00557063
-0.00474425
-0.004739
-0.004739
-0.00474425
-0.00470775
-0.00471214
-0.00471214
-0.00470775
-0.00450159
-0.00449929
-0.00449929
-0.00450159
-0.00444023
-0.00444492
-0.00444492
-0.00444023
-0.00414146
-0.00413997
-0.00413998
-0.00414146
-0.00421875
-0.00421716
-0.00421716
-0.00421875
-0.00409978
-0.00409838
-0.00409838
-0.00409978
-0.00410283
-0.00410059
-0.00410059
-0.00410283
0.0171266
0.0171393
0.0171393
0.0171266
0.0160412
0.0160484
0.0160484
0.0160412
0.028487
0.0284845
0.0284845
0.028487
0.0346209
0.0346641
0.0346641
0.0346209
0.0365889
0.0365758
0.0365758
0.0365889
0.0499144
0.0499671
0.0499671
0.0499144
0.0145486
0.0145544
0.0145544
0.0145486
0.0191244
0.0191229
0.0191229
0.0191244
0.0168305
0.0168345
0.0168345
0.0168305
0.0166266
0.0166294
0.0166294
0.0166266
0.0158546
0.015858
0.015858
0.0158546
0.0146571
0.014662
0.014662
0.0146571
0.0133355
0.0133354
0.0133354
0.0133355
0.0255293
0.0255306
0.0255306
0.0255293
-0.00432296
-0.00432339
-0.00432339
-0.00432296
0.0144526
0.0144592
0.0144592
0.0144526
0.0144685
0.0144686
0.0144686
0.0144685
0.0142466
0.014259
0.014259
0.0142466
0.0120955
0.0120952
0.0120952
0.0120955
0.00694972
0.00692419
0.00692419
0.00694972
-2.59595e-05
-3.12315e-05
-3.12314e-05
-2.59595e-05
-0.0149285
-0.0149981
-0.0149981
-0.0149285
-0.0144113
-0.0143927
-0.0143927
-0.0144113
-0.0165516
-0.0165917
-0.0165917
-0.0165516
-0.0158692
-0.0158619
-0.0158619
-0.0158692
-0.0145231
-0.0145151
-0.0145151
-0.0145231
-0.0126968
-0.0126899
-0.0126899
-0.0126968
-0.0112382
-0.0112344
-0.0112344
-0.0112382
-0.00988294
-0.00987708
-0.00987708
-0.00988294
-0.00875395
-0.00874582
-0.00874582
-0.00875395
-0.00792901
-0.00792599
-0.00792599
-0.00792901
-0.00718063
-0.00717586
-0.00717586
-0.00718063
-0.00652013
-0.00651636
-0.00651636
-0.00652013
-0.00590596
-0.005903
-0.005903
-0.00590596
-0.00533006
-0.00532242
-0.00532242
-0.00533006
-0.00547628
-0.005487
-0.005487
-0.00547628
-0.00442484
-0.00441468
-0.00441468
-0.00442484
-0.0044557
-0.00445755
-0.00445755
-0.0044557
-0.00457892
-0.00458458
-0.00458458
-0.00457892
-0.00438516
-0.00438151
-0.00438151
-0.00438516
-0.00422529
-0.00422559
-0.00422559
-0.00422529
-0.00399911
-0.00399894
-0.00399894
-0.00399911
-0.00373842
-0.00374105
-0.00374105
-0.00373842
-0.00388564
-0.00388785
-0.00388785
-0.00388564
-0.00398436
-0.00398561
-0.00398561
-0.00398436
-0.00412595
-0.00412841
-0.00412841
-0.00412595
-0.00408247
-0.0040839
-0.0040839
-0.00408247
-0.00407296
-0.00407442
-0.00407442
-0.00407296
-0.00418083
-0.00417905
-0.00417905
-0.00418083
-0.00452733
-0.00452984
-0.00452984
-0.00452733
-0.00439391
-0.00439184
-0.00439184
-0.00439391
-0.0044035
-0.00440272
-0.00440272
-0.0044035
-0.00436611
-0.0043666
-0.0043666
-0.00436611
0.0299564
0.0299657
0.0299657
0.0299564
0.0340487
0.0340397
0.0340397
0.0340487
0.0129625
0.0129638
0.0129638
0.0129625
0.0382485
0.0382298
0.0382298
0.0382485
0.0120477
0.0120436
0.0120436
0.0120477
0.0434847
0.0434699
0.0434699
0.0434847
-0.00423094
-0.00423164
-0.00423164
-0.00423094
-0.00430485
-0.00430442
-0.00430442
-0.00430485
-0.00437296
-0.00437476
-0.00437476
-0.00437296
-0.00431133
-0.00431145
-0.00431145
-0.00431133
-0.0041908
-0.00418922
-0.00418922
-0.0041908
-0.00409531
-0.0040958
-0.0040958
-0.00409531
0.0453866
0.0454191
0.0454191
0.0453866
0.0292842
0.0292823
0.0292823
0.0292842
0.0253402
0.0253516
0.0253516
0.0253402
0.0217446
0.0217428
0.0217428
0.0217446
0.0189463
0.0189502
0.0189502
0.0189463
0.0165448
0.0165475
0.0165475
0.0165448
0.0145864
0.0145902
0.0145902
0.0145864
0.0148445
0.0148474
0.0148474
0.0148445
0.0147335
0.014739
0.014739
0.0147335
0.0142312
0.0142348
0.0142348
0.0142312
0.0133705
0.0133772
0.0133772
0.0133705
0.0123397
0.0123458
0.0123458
0.0123397
0.0112457
0.0112513
0.0112513
0.0112457
0.010099
0.0101046
0.0101046
0.010099
0.0107305
0.0107275
0.0107275
0.0107305
0.0114326
0.0114317
0.0114317
0.0114326
0.0118521
0.0118487
0.0118487
0.0118521
0.0119875
0.0119915
0.0119915
0.0119875
0.0116746
0.0116815
0.0116815
0.0116746
0.0106842
0.0106903
0.0106903
0.0106842
0.00895691
0.00896097
0.00896097
0.00895691
0.00455962
0.00453604
0.00453604
0.00455962
0.000375079
0.000386148
0.000386148
0.000375079
-0.0084445
-0.00848467
-0.00848467
-0.0084445
-0.0099554
-0.00992428
-0.00992428
-0.0099554
-0.0115501
-0.0115474
-0.0115474
-0.0115501
-0.0120992
-0.0120889
-0.0120889
-0.0120992
-0.0115529
-0.0115389
-0.0115389
-0.0115529
-0.0105567
-0.0105453
-0.0105453
-0.0105567
-0.00966256
-0.00965416
-0.00965416
-0.00966256
-0.00880285
-0.00879512
-0.00879512
-0.00880285
-0.00799115
-0.00798205
-0.00798205
-0.00799115
-0.00733606
-0.00733292
-0.00733292
-0.00733606
-0.00668126
-0.00667465
-0.00667465
-0.00668126
-0.00615878
-0.00615649
-0.00615649
-0.00615878
-0.00561642
-0.00561081
-0.00561081
-0.00561642
-0.00519952
-0.00519573
-0.00519573
-0.00519952
-0.0048438
-0.00484264
-0.00484264
-0.0048438
-0.00458083
-0.00458388
-0.00458388
-0.00458083
-0.00437777
-0.00437613
-0.00437613
-0.00437777
-0.00433979
-0.00434486
-0.00434486
-0.00433979
-0.00418679
-0.0041864
-0.0041864
-0.00418679
-0.0040138
-0.00401544
-0.00401544
-0.0040138
-0.00375239
-0.0037506
-0.0037506
-0.00375239
-0.00351204
-0.00351489
-0.00351489
-0.00351204
-0.00317731
-0.00317819
-0.00317819
-0.00317731
-0.00339319
-0.00339312
-0.00339312
-0.00339319
-0.00354726
-0.00354712
-0.00354712
-0.00354726
-0.00367453
-0.00367495
-0.00367495
-0.00367453
-0.00375419
-0.00375407
-0.00375407
-0.00375419
-0.00379518
-0.00379468
-0.00379468
-0.00379518
-0.00384947
-0.00384919
-0.00384919
-0.00384947
-0.00392258
-0.00392206
-0.00392206
-0.00392258
-0.00404165
-0.00404089
-0.00404089
-0.00404165
-0.00416308
-0.00416289
-0.00416289
-0.00416308
-0.00422758
-0.00422644
-0.00422644
-0.00422758
-0.00428256
-0.00428257
-0.00428257
-0.00428256
-0.0042837
-0.00428349
-0.00428349
-0.0042837
-0.00423407
-0.00423336
-0.00423336
-0.00423407
-0.00417489
-0.0041744
-0.0041744
-0.00417489
-0.00400992
-0.0040092
-0.0040092
-0.00400992
-0.00403538
-0.00403599
-0.00403599
-0.00403538
-0.00281621
-0.00281558
-0.00281558
-0.00281621
-0.00302897
-0.00302912
-0.00302912
-0.00302897
-0.00318914
-0.00318951
-0.00318951
-0.00318914
-0.00331101
-0.00331089
-0.00331089
-0.00331101
-0.00341892
-0.00341974
-0.00341974
-0.00341892
-0.00348509
-0.00348524
-0.00348524
-0.00348509
-0.00358222
-0.00358236
-0.00358236
-0.00358222
-0.00370879
-0.00370887
-0.00370887
-0.00370879
-0.00388221
-0.00388201
-0.00388201
-0.00388221
0.00898049
0.00898445
0.00898445
0.00898049
0.00950234
0.00950114
0.00950114
0.00950234
0.00989745
0.00989459
0.00989459
0.00989745
0.0100144
0.0100151
0.0100151
0.0100144
0.00979292
0.00979531
0.00979531
0.00979292
0.00936104
0.00937062
0.00937062
0.00936104
0.00824313
0.00824042
0.00824042
0.00824313
0.00680858
0.00681481
0.00681481
0.00680858
0.00333887
0.00331237
0.00331237
0.00333887
0.00038335
0.00039149
0.000391491
0.00038335
-0.00482091
-0.00486461
-0.00486461
-0.00482091
-0.0072183
-0.00721077
-0.00721077
-0.0072183
-0.00860878
-0.0086009
-0.0086009
-0.00860878
-0.00916287
-0.00916167
-0.00916167
-0.00916287
-0.00925911
-0.00925876
-0.00925876
-0.00925911
-0.00892197
-0.00891984
-0.00891984
-0.00892197
-0.00837169
-0.00836668
-0.00836668
-0.00837169
-0.00777489
-0.00776886
-0.00776886
-0.00777489
-0.00715339
-0.00714654
-0.00714654
-0.00715339
-0.00660155
-0.00659796
-0.00659796
-0.00660155
-0.00607574
-0.00607087
-0.00607087
-0.00607574
-0.0056299
-0.00562839
-0.00562839
-0.0056299
-0.00520525
-0.00520238
-0.00520238
-0.00520525
-0.00483326
-0.0048313
-0.0048313
-0.00483326
-0.00453426
-0.00453635
-0.00453635
-0.00453426
-0.00432184
-0.00432571
-0.00432571
-0.00432184
-0.00408629
-0.004083
-0.004083
-0.00408629
-0.00395897
-0.00396153
-0.00396153
-0.00395897
-0.00382431
-0.00382664
-0.00382664
-0.00382431
-0.0036491
-0.0036495
-0.0036495
-0.0036491
-0.00342083
-0.00341914
-0.00341914
-0.00342083
-0.00319584
-0.00319762
-0.00319762
-0.00319584
-0.00289998
-0.00290042
-0.00290042
-0.00289998
-0.00256508
-0.00256428
-0.00256428
-0.00256508
0.0357987
0.0357975
0.0357975
0.0357987
0.0334257
0.0334269
0.0334269
0.0334257
0.0129754
0.0129787
0.0129787
0.0129754
0.0132191
0.0132226
0.0132226
0.0132191
0.0131568
0.0131599
0.0131599
0.0131568
0.012811
0.012812
0.012812
0.012811
0.0121796
0.0121816
0.0121816
0.0121796
0.0113519
0.0113546
0.0113546
0.0113519
0.0104139
0.0104177
0.0104177
0.0104139
0.00942964
0.00943381
0.00943381
0.00942964
0.00844294
0.00844637
0.00844637
0.00844294
0.0297696
0.0297736
0.0297736
0.0297696
0.0266163
0.0266199
0.0266199
0.0266163
0.0235572
0.0235591
0.0235591
0.0235572
0.0206389
0.0206401
0.0206401
0.0206389
0.0180887
0.0180895
0.0180895
0.0180887
0.015942
0.015941
0.015941
0.015942
0.0140963
0.0140988
0.0140988
0.0140963
0.0124593
0.0124626
0.0124626
0.0124593
0.0233778
0.023412
0.023412
0.0233778
0.0282852
0.0283092
0.0283092
0.0282852
0.0272938
0.0273039
0.0273039
0.0272938
0.0257475
0.025754
0.025754
0.0257475
0.0235664
0.0235674
0.0235674
0.0235664
0.021275
0.0212747
0.0212747
0.021275
0.0189397
0.0189397
0.0189397
0.0189397
0.0167879
0.0167889
0.0167889
0.0167879
0.0148751
0.0148751
0.0148751
0.0148751
0.0131879
0.0131911
0.0131911
0.0131879
0.0117163
0.0117187
0.0117187
0.0117163
0.0104775
0.0104784
0.0104784
0.0104775
0.0111593
0.0111604
0.0111604
0.0111593
0.0116451
0.0116455
0.0116455
0.0116451
0.0118779
0.011879
0.011879
0.0118779
0.0118792
0.0118815
0.0118815
0.0118792
0.0116358
0.0116375
0.0116375
0.0116358
0.0111648
0.0111667
0.0111667
0.0111648
0.0105177
0.0105206
0.0105206
0.0105177
0.00972512
0.00972986
0.00972986
0.00972512
0.00886368
0.00886849
0.00886849
0.00886368
0.00797459
0.00797855
0.00797855
0.00797459
0.00707016
0.00707333
0.00707333
0.00707016
0.00747799
0.00748028
0.00748028
0.00747799
0.00784326
0.00784418
0.00784418
0.00784326
0.00815792
0.00816016
0.00816016
0.00815792
0.00829595
0.00829891
0.00829891
0.00829595
0.00836762
0.00837297
0.00837297
0.00836762
0.0079774
0.00797383
0.00797383
0.0079774
0.0074414
0.00744797
0.00744797
0.0074414
0.00635269
0.00634568
0.00634568
0.00635269
0.00503113
0.00503542
0.00503542
0.00503113
0.00256147
0.00253956
0.00253956
0.00256147
0.000248528
0.000252467
0.000252467
0.000248528
-0.00292039
-0.00294675
-0.00294675
-0.00292039
-0.00510488
-0.00511143
-0.00511143
-0.00510488
-0.00635712
-0.00634909
-0.00634909
-0.00635712
-0.00700581
-0.00699916
-0.00699916
-0.00700581
-0.00724772
-0.00724615
-0.00724615
-0.00724772
-0.00724894
-0.0072451
-0.0072451
-0.00724894
-0.0069747
-0.00696559
-0.00696559
-0.0069747
-0.00658563
-0.00657543
-0.00657543
-0.00658563
-0.00614237
-0.00613333
-0.00613333
-0.00614237
-0.00571233
-0.00570712
-0.00570712
-0.00571233
-0.00531534
-0.00531198
-0.00531198
-0.00531534
-0.00496265
-0.00496139
-0.00496139
-0.00496265
-0.00463594
-0.00463474
-0.00463474
-0.00463594
-0.00433842
-0.00433731
-0.00433731
-0.00433842
-0.00408659
-0.00408766
-0.00408766
-0.00408659
-0.00387644
-0.00387784
-0.00387784
-0.00387644
-0.00369218
-0.00369109
-0.00369109
-0.00369218
-0.00353885
-0.00353955
-0.00353955
-0.00353885
-0.0033993
-0.00340166
-0.00340166
-0.0033993
-0.00324212
-0.00324336
-0.00324336
-0.00324212
-0.00304676
-0.00304627
-0.00304627
-0.00304676
-0.00283357
-0.00283584
-0.00283584
-0.00283357
-0.00259088
-0.00259172
-0.00259172
-0.00259088
-0.00228357
-0.00228061
-0.00228061
-0.00228357
-0.00222031
-0.00221863
-0.00221863
-0.00222031
-0.00243068
-0.00242946
-0.00242946
-0.00243068
-0.00263634
-0.0026372
-0.0026372
-0.00263634
-0.00280067
-0.00280242
-0.00280242
-0.00280067
-0.00292161
-0.00292271
-0.00292271
-0.00292161
-0.00303746
-0.00303846
-0.00303846
-0.00303746
-0.00313612
-0.00313686
-0.00313686
-0.00313612
-0.00327033
-0.00327079
-0.00327079
-0.00327033
-0.0034402
-0.00344002
-0.00344002
-0.0034402
-0.003669
-0.00366907
-0.00366907
-0.003669
-0.00389983
-0.00389944
-0.00389944
-0.00389983
-0.00410513
-0.00410613
-0.00410613
-0.00410513
-0.00421608
-0.00421571
-0.00421571
-0.00421608
-0.00429011
-0.00428985
-0.00428985
-0.00429011
-0.00432346
-0.00432304
-0.00432304
-0.00432346
-0.00432959
-0.00432955
-0.00432955
-0.00432959
-0.00431768
-0.004318
-0.004318
-0.00431768
-0.00427986
-0.00428002
-0.00428002
-0.00427986
-0.00423667
-0.00423654
-0.00423654
-0.00423667
-0.00400625
-0.00400659
-0.00400659
-0.00400625
-0.00197223
-0.00196952
-0.00196952
-0.00197223
-0.00417417
-0.00417418
-0.00417418
-0.00417417
-0.00412517
-0.00412453
-0.00412453
-0.00412517
-0.00432722
-0.00432827
-0.00432827
-0.00432722
-0.00440932
-0.00440916
-0.00440916
-0.00440932
-0.00445017
-0.00445018
-0.00445018
-0.00445017
-0.00444933
-0.0044491
-0.0044491
-0.00444933
-0.00442528
-0.00442488
-0.00442488
-0.00442528
-0.00439818
-0.00439819
-0.00439819
-0.00439818
-0.00435724
-0.00435768
-0.00435768
-0.00435724
-0.00430123
-0.004301
-0.004301
-0.00430123
-0.00428427
-0.00428518
-0.00428518
-0.00428427
-0.00425026
-0.00424996
-0.00424996
-0.00425026
-0.00429059
-0.00429195
-0.00429195
-0.00429059
-0.00423857
-0.00424064
-0.00424064
-0.00423857
-0.00428395
-0.00428419
-0.00428419
-0.00428395
-0.00167079
-0.00166999
-0.00166999
-0.00167079
-0.00187918
-0.00187874
-0.00187874
-0.00187918
-0.00204737
-0.00204672
-0.00204672
-0.00204737
-0.00219964
-0.00219855
-0.00219855
-0.00219964
-0.00234448
-0.00234416
-0.00234416
-0.00234448
-0.00247316
-0.00247336
-0.00247336
-0.00247316
-0.00259269
-0.00259301
-0.00259301
-0.00259269
-0.00272494
-0.00272517
-0.00272517
-0.00272494
-0.0028994
-0.00289956
-0.00289956
-0.0028994
-0.00312527
-0.00312527
-0.00312527
-0.00312527
-0.00339738
-0.00339743
-0.00339743
-0.00339738
-0.0036753
-0.00367542
-0.00367542
-0.0036753
-0.00395055
-0.00395134
-0.00395134
-0.00395055
0.00613141
0.00613368
0.00613368
0.00613141
0.0064293
0.00643178
0.00643178
0.0064293
0.00663988
0.00664083
0.00664083
0.00663988
0.00681426
0.00681828
0.00681828
0.00681426
0.0068568
0.00685969
0.00685969
0.0068568
0.00681103
0.00681571
0.00681571
0.00681103
0.00642621
0.00642205
0.00642205
0.00642621
0.00587482
0.00587872
0.00587872
0.00587482
0.0048728
0.0048676
0.0048676
0.0048728
0.00375429
0.00376011
0.00376011
0.00375429
0.00202677
0.00201354
0.00201354
0.00202677
0.000220627
0.000220028
0.000220028
0.000220627
-0.00179175
-0.00180647
-0.00180647
-0.00179175
-0.00351267
-0.00352231
-0.00352231
-0.00351267
-0.00466351
-0.00465836
-0.00465836
-0.00466351
-0.0052826
-0.00527334
-0.00527334
-0.0052826
-0.00560096
-0.00559615
-0.00559615
-0.00560096
-0.00571273
-0.00570954
-0.00570954
-0.00571273
-0.00564651
-0.00564007
-0.00564007
-0.00564651
-0.00543741
-0.00542874
-0.00542874
-0.00543741
-0.00515014
-0.00514225
-0.00514225
-0.00515014
-0.00484494
-0.00484027
-0.00484027
-0.00484494
-0.00454571
-0.00454346
-0.00454346
-0.00454571
-0.00426557
-0.00426494
-0.00426494
-0.00426557
-0.00400768
-0.00400789
-0.00400789
-0.00400768
-0.00377423
-0.00377479
-0.00377479
-0.00377423
-0.00356659
-0.00356669
-0.00356669
-0.00356659
-0.00338181
-0.00338185
-0.00338185
-0.00338181
-0.00321986
-0.00321936
-0.00321936
-0.00321986
-0.00307256
-0.00307237
-0.00307237
-0.00307256
-0.00292595
-0.0029274
-0.0029274
-0.00292595
-0.00277645
-0.00277874
-0.00277874
-0.00277645
-0.00260787
-0.00260906
-0.00260906
-0.00260787
-0.00241735
-0.0024179
-0.0024179
-0.00241735
-0.00220676
-0.00220602
-0.00220602
-0.00220676
-0.00197538
-0.00197319
-0.00197319
-0.00197538
-0.00171596
-0.00171334
-0.00171334
-0.00171596
-0.00145508
-0.00145374
-0.00145374
-0.00145508
0.00945553
0.00945464
0.00945464
0.00945553
0.0101076
0.0101069
0.0101069
0.0101076
0.010562
0.0105616
0.0105616
0.010562
0.0107966
0.010797
0.010797
0.0107966
0.0108162
0.0108171
0.0108171
0.0108162
0.0106398
0.0106402
0.0106402
0.0106398
0.0102729
0.0102722
0.0102722
0.0102729
0.0097461
0.00974525
0.00974525
0.0097461
0.00908557
0.00908596
0.00908596
0.00908557
0.00833679
0.00833817
0.00833817
0.00833679
0.00753479
0.0075365
0.0075365
0.00753479
0.00670196
0.00670356
0.00670356
0.00670196
0.00584596
0.00584738
0.00584738
0.00584596
0.0190286
0.0190449
0.0190449
0.0190286
0.0220917
0.0221155
0.0221155
0.0220917
0.0220618
0.0220782
0.0220782
0.0220618
0.0215666
0.0215754
0.0215754
0.0215666
0.0202469
0.0202466
0.0202466
0.0202469
0.0185902
0.018591
0.018591
0.0185902
0.0167898
0.0167893
0.0167893
0.0167898
0.0150461
0.0150471
0.0150471
0.0150461
0.0134345
0.0134364
0.0134364
0.0134345
0.0119686
0.0119718
0.0119718
0.0119686
0.010663
0.0106646
0.0106646
0.010663
0.00956564
0.00956698
0.00956698
0.00956564
0.00861678
0.00861571
0.00861571
0.00861678
0.0123049
0.0122989
0.0122989
0.0123049
0.000931686
0.000915259
0.000915259
0.000931686
-0.00651776
-0.00650808
-0.00650808
-0.00651776
-0.00438606
-0.00438575
-0.00438575
-0.00438606
-0.00411163
-0.00411266
-0.00411266
-0.00411163
-0.00431141
-0.00431088
-0.00431088
-0.00431141
-0.00449913
-0.00450015
-0.00450015
-0.00449913
-0.00459147
-0.0045917
-0.0045917
-0.00459147
-0.00461019
-0.00461047
-0.00461047
-0.00461019
-0.00457237
-0.00457231
-0.00457231
-0.00457237
-0.00453513
-0.00453546
-0.00453546
-0.00453513
-0.00447093
-0.00447098
-0.00447098
-0.00447093
-0.00442634
-0.00442733
-0.00442733
-0.00442634
-0.00433979
-0.00433943
-0.00433943
-0.00433979
-0.00430758
-0.00430855
-0.00430855
-0.00430758
-0.00422966
-0.00422829
-0.00422829
-0.00422966
-0.00430655
-0.00430789
-0.00430789
-0.00430655
-0.00421722
-0.00421425
-0.00421425
-0.00421722
0.00234269
0.00234723
0.00234723
0.00234269
0.00893563
0.00891172
0.00891172
0.00893563
0.0145035
0.0145103
0.0145103
0.0145035
0.0168761
0.0168932
0.0168932
0.0168761
0.0175328
0.0175488
0.0175488
0.0175328
0.0175109
0.0175198
0.0175198
0.0175109
0.0168037
0.0168054
0.0168054
0.0168037
0.0157029
0.0157034
0.0157034
0.0157029
0.0143782
0.0143776
0.0143776
0.0143782
0.0130123
0.0130128
0.0130128
0.0130123
0.0116882
0.0116892
0.0116892
0.0116882
0.0104727
0.0104744
0.0104744
0.0104727
0.00939388
0.00939495
0.00939495
0.00939388
0.00843957
0.00844095
0.00844095
0.00843957
0.00761303
0.00761233
0.00761233
0.00761303
0.00694263
0.00693998
0.00693998
0.00694263
0.00785788
0.0078551
0.0078551
0.00785788
0.00862841
0.00862618
0.00862618
0.00862841
0.00923687
0.00923488
0.00923488
0.00923687
0.00966304
0.00966227
0.00966227
0.00966304
0.00990085
0.00990074
0.00990074
0.00990085
0.00995025
0.0099507
0.0099507
0.00995025
0.0098256
0.00982607
0.00982607
0.0098256
0.00953875
0.00953889
0.00953889
0.00953875
0.0091049
0.00910493
0.00910493
0.0091049
0.00854756
0.00854747
0.00854747
0.00854756
0.00789559
0.00789531
0.00789531
0.00789559
0.0071696
0.00716938
0.00716938
0.0071696
0.00639858
0.00639811
0.00639811
0.00639858
0.00559636
0.00559574
0.00559574
0.00559636
0.00476757
0.00476728
0.00476728
0.00476757
0.00496899
0.00497098
0.00497098
0.00496899
0.00517276
0.0051747
0.0051747
0.00517276
0.00537109
0.00537336
0.00537336
0.00537109
0.00549083
0.00549183
0.00549183
0.00549083
0.00557797
0.00558192
0.00558192
0.00557797
0.00554831
0.00555036
0.00555036
0.00554831
0.00542793
0.005432
0.005432
0.00542793
0.00508631
0.00508454
0.00508454
0.00508631
0.00457524
0.00457791
0.00457791
0.00457524
0.00376706
0.00376451
0.00376451
0.00376706
0.00282586
0.00283022
0.00283022
0.00282586
0.00158729
0.00158134
0.00158134
0.00158729
0.000271547
0.00026634
0.00026634
0.000271547
-0.00113536
-0.00114637
-0.00114637
-0.00113536
-0.00241465
-0.00242485
-0.00242485
-0.00241465
-0.00337536
-0.00337684
-0.00337684
-0.00337536
-0.0039734
-0.00396708
-0.00396708
-0.0039734
-0.00428966
-0.00428373
-0.00428373
-0.00428966
-0.00445504
-0.00445141
-0.00445141
-0.00445504
-0.00447215
-0.00446735
-0.00446735
-0.00447215
-0.00437645
-0.00437044
-0.00437044
-0.00437645
-0.00420958
-0.00420354
-0.00420354
-0.00420958
-0.00400078
-0.00399666
-0.00399666
-0.00400078
-0.00377969
-0.00377761
-0.00377761
-0.00377969
-0.0035582
-0.00355772
-0.00355772
-0.0035582
-0.00335663
-0.00335747
-0.00335747
-0.00335663
-0.00317951
-0.00318028
-0.00318028
-0.00317951
-0.00300939
-0.00300875
-0.00300875
-0.00300939
-0.00285037
-0.00284927
-0.00284927
-0.00285037
-0.00270469
-0.00270381
-0.00270381
-0.00270469
-0.00256831
-0.00256838
-0.00256838
-0.00256831
-0.00243707
-0.00243838
-0.00243838
-0.00243707
-0.00230573
-0.00230772
-0.00230772
-0.00230573
-0.00216359
-0.00216475
-0.00216475
-0.00216359
-0.00200735
-0.00200765
-0.00200765
-0.00200735
-0.00183384
-0.00183354
-0.00183354
-0.00183383
-0.00164851
-0.00164729
-0.00164729
-0.00164851
-0.00144374
-0.00144174
-0.00144174
-0.00144374
-0.00123297
-0.00123141
-0.00123141
-0.00123297
-0.00102083
-0.00101953
-0.00101953
-0.00102083
-0.00119695
-0.00119611
-0.00119611
-0.00119695
-0.00137255
-0.00137213
-0.00137213
-0.00137255
-0.00153185
-0.00153124
-0.00153124
-0.00153185
-0.0016636
-0.00166327
-0.00166327
-0.0016636
-0.0017823
-0.00178239
-0.00178239
-0.0017823
-0.00189038
-0.00189025
-0.00189025
-0.00189038
-0.00200191
-0.00200187
-0.00200187
-0.00200191
-0.00212594
-0.0021261
-0.0021261
-0.00212594
-0.00227962
-0.00227986
-0.00227986
-0.00227962
-0.00248952
-0.00248978
-0.00248978
-0.00248952
-0.00276637
-0.00276671
-0.00276671
-0.00276637
-0.0030839
-0.00308429
-0.00308429
-0.0030839
-0.00339181
-0.00339244
-0.00339244
-0.00339181
-0.003648
-0.00364847
-0.00364847
-0.003648
-0.00378239
-0.00378265
-0.00378265
-0.00378239
-0.00376199
-0.00376266
-0.00376266
-0.00376199
-0.00411421
-0.00411567
-0.00411567
-0.00411421
-0.00434905
-0.00434833
-0.00434833
-0.00434905
-0.00454629
-0.00454729
-0.00454729
-0.00454629
-0.00463877
-0.00463912
-0.00463912
-0.00463877
-0.00465952
-0.00465976
-0.00465976
-0.00465952
-0.00462239
-0.00462178
-0.00462178
-0.00462239
-0.00457032
-0.00457043
-0.00457043
-0.00457032
-0.00448809
-0.00448726
-0.00448726
-0.00448809
-0.00441842
-0.0044184
-0.0044184
-0.00441842
-0.00433193
-0.00433071
-0.00433071
-0.00433193
-0.00428673
-0.00428761
-0.00428761
-0.00428673
-0.00421076
-0.00420967
-0.00420967
-0.00421076
-0.00431904
-0.00432294
-0.00432294
-0.00431904
-0.00434452
-0.00434379
-0.00434379
-0.00434452
-0.00480579
-0.00480863
-0.00480863
-0.00480579
-0.00485718
-0.00486556
-0.00486556
-0.00485718
-0.00443484
-0.004428
-0.004428
-0.00443484
-0.00502978
-0.00502436
-0.00502436
-0.00502978
-0.00664095
-0.00664657
-0.00664657
-0.00664095
-0.00693916
-0.00695742
-0.00695742
-0.00693916
-0.00599778
-0.00598554
-0.00598554
-0.00599778
0.00392112
0.00392115
0.00392115
0.00392112
0.00406874
0.00407131
0.00407131
0.00406874
0.00421278
0.00421496
0.00421496
0.00421278
0.00433797
0.00434
0.00434
0.00433797
0.00440395
0.00440465
0.00440465
0.00440395
0.00443034
0.00443318
0.00443318
0.00443034
0.0043665
0.00436805
0.00436805
0.0043665
0.00421877
0.00422228
0.00422228
0.00421877
0.00392615
0.00392655
0.00392655
0.00392615
0.00349578
0.00349747
0.00349747
0.00349578
0.00287263
0.00287108
0.00287108
0.00287263
0.00212585
0.00212686
0.00212686
0.00212585
0.00123674
0.00123325
0.00123325
0.00123674
0.000262472
0.000255735
0.000255735
0.000262472
-0.000742141
-0.000751261
-0.000751261
-0.000742141
-0.00166998
-0.00167844
-0.00167844
-0.00166998
-0.00241364
-0.00241681
-0.00241681
-0.00241364
-0.00292758
-0.00292414
-0.00292414
-0.00292758
-0.0032335
-0.00322767
-0.00322767
-0.0032335
-0.00339769
-0.00339298
-0.00339298
-0.00339769
-0.00344835
-0.00344407
-0.00344407
-0.00344835
-0.00341374
-0.00340944
-0.00340944
-0.00341374
-0.00331559
-0.00331135
-0.00331135
-0.00331559
-0.00318061
-0.00317742
-0.00317742
-0.00318061
-0.00302747
-0.00302564
-0.00302564
-0.00302747
-0.00286548
-0.00286491
-0.00286491
-0.00286548
-0.00271268
-0.00271303
-0.00271303
-0.00271268
-0.0025725
-0.00257249
-0.00257249
-0.0025725
-0.00243773
-0.00243686
-0.00243686
-0.00243773
-0.00230962
-0.00230851
-0.00230851
-0.00230962
-0.00218628
-0.00218558
-0.00218558
-0.00218628
-0.00207192
-0.00207233
-0.00207233
-0.00207192
-0.00196302
-0.0019642
-0.0019642
-0.00196302
-0.00185429
-0.0018557
-0.0018557
-0.00185429
-0.00173795
-0.00173869
-0.00173869
-0.00173795
-0.00160949
-0.00160966
-0.00160966
-0.00160949
-0.00147331
-0.00147314
-0.00147314
-0.00147331
-0.0013257
-0.00132508
-0.00132508
-0.0013257
-0.00116966
-0.00116846
-0.00116846
-0.00116966
-0.00100525
-0.00100389
-0.00100389
-0.00100525
-0.000834494
-0.000833164
-0.000833164
-0.000834494
-0.000670341
-0.000669573
-0.000669573
-0.000670341
-0.000816302
-0.000815809
-0.000815809
-0.000816302
-0.00095578
-0.000955727
-0.000955727
-0.00095578
-0.00108815
-0.00108818
-0.00108818
-0.00108815
-0.00120131
-0.0012014
-0.0012014
-0.00120131
-0.00129071
-0.00129068
-0.00129068
-0.00129071
-0.00136749
-0.00136735
-0.00136735
-0.00136749
-0.0014417
-0.00144145
-0.00144145
-0.0014417
-0.00153091
-0.00153071
-0.00153071
-0.00153091
-0.00164626
-0.00164614
-0.00164614
-0.00164626
-0.00180989
-0.00180993
-0.00180993
-0.00180989
-0.00204439
-0.00204468
-0.00204468
-0.00204439
-0.00235323
-0.00235389
-0.00235389
-0.00235323
-0.00269696
-0.00269752
-0.00269752
-0.00269696
-0.00300719
-0.00300732
-0.00300732
-0.00300719
-0.00323292
-0.00323297
-0.00323297
-0.00323292
-0.00334501
-0.00334539
-0.00334539
-0.00334501
-0.00329246
-0.00329296
-0.00329296
-0.00329246
-0.00918759
-0.00919915
-0.00919915
-0.00918759
-0.010988
-0.0109877
-0.0109877
-0.010988
-0.0129618
-0.0129666
-0.0129666
-0.0129618
-0.0127739
-0.0127778
-0.0127778
-0.0127739
-0.00893381
-0.00893442
-0.00893442
-0.00893381
-0.00324634
-0.00325562
-0.00325562
-0.00324634
0.002334
0.00233041
0.00233041
0.002334
0.0068207
0.00682124
0.00682124
0.0068207
0.0104776
0.0104783
0.0104783
0.0104776
0.0126347
0.0126479
0.0126479
0.0126347
0.0135304
0.0135428
0.0135428
0.0135304
0.0137906
0.0138004
0.0138004
0.0137906
0.0134536
0.0134572
0.0134572
0.0134536
0.012743
0.0127451
0.0127451
0.012743
0.0118031
0.0118031
0.0118031
0.0118031
0.0107909
0.0107906
0.0107906
0.0107909
0.00977353
0.00977266
0.00977266
0.00977353
0.00881342
0.00881349
0.00881349
0.00881342
0.00792551
0.00792661
0.00792661
0.00792551
0.00714358
0.00714516
0.00714516
0.00714358
0.00645464
0.00645421
0.00645421
0.00645464
0.00589752
0.00589529
0.00589529
0.00589752
0.00543463
0.0054319
0.0054319
0.00543463
0.00639759
0.00639427
0.00639427
0.00639759
0.00725183
0.00724834
0.00724834
0.00725183
0.00797001
0.007967
0.007967
0.00797001
0.00853641
0.00853433
0.00853433
0.00853641
0.00894013
0.00893899
0.00893899
0.00894013
0.00917872
0.00917818
0.00917818
0.00917872
0.00925037
0.00925003
0.00925003
0.00925037
0.00916309
0.00916257
0.00916257
0.00916309
0.00892887
0.00892767
0.00892767
0.00892887
0.00856093
0.00855916
0.00855916
0.00856093
0.00808054
0.0080782
0.0080782
0.00808054
0.00750721
0.00750443
0.00750443
0.00750721
0.0068573
0.00685441
0.00685441
0.0068573
0.00614682
0.00614407
0.00614407
0.00614682
0.00539123
0.00538883
0.00538883
0.00539123
0.00460999
0.00460801
0.00460801
0.00460999
0.00380139
0.00379981
0.00379981
0.00380139
0.00297876
0.00297762
0.00297762
0.00297876
0.00305713
0.0030576
0.0030576
0.00305713
0.00315755
0.00316019
0.00316019
0.00315755
0.00325976
0.00326188
0.00326188
0.00325976
0.00333888
0.00334032
0.00334032
0.00333888
0.00337022
0.00337036
0.00337036
0.00337022
0.00336382
0.00336532
0.00336532
0.00336382
0.00329056
0.00329194
0.00329194
0.00329056
0.00315545
0.00315848
0.00315848
0.00315545
0.00291946
0.00292058
0.00292058
0.00291946
0.00257958
0.00258058
0.00258058
0.00257958
0.00211448
0.00211324
0.00211324
0.00211448
0.00155825
0.00155736
0.00155736
0.00155825
0.000921333
0.000918156
0.000918156
0.000921333
0.000222289
0.000216605
0.000216605
0.000222289
-0.000485035
-0.00049171
-0.00049171
-0.000485035
-0.00113982
-0.0011456
-0.0011456
-0.00113982
-0.0016852
-0.00168779
-0.00168779
-0.0016852
-0.00208695
-0.00208525
-0.00208525
-0.00208695
-0.0023456
-0.00234113
-0.00234113
-0.0023456
-0.00249127
-0.00248688
-0.00248688
-0.00249127
-0.00255097
-0.00254751
-0.00254751
-0.00255097
-0.00254519
-0.00254225
-0.00254225
-0.00254519
-0.00249191
-0.00248917
-0.00248917
-0.00249191
-0.00240712
-0.00240479
-0.00240479
-0.00240712
-0.00230399
-0.00230237
-0.00230237
-0.00230399
-0.00219289
-0.00219205
-0.00219205
-0.00219289
-0.00208286
-0.00208241
-0.00208241
-0.00208286
-0.00197711
-0.00197663
-0.00197663
-0.00197711
-0.00187509
-0.00187442
-0.00187442
-0.00187509
-0.00177731
-0.00177669
-0.00177669
-0.00177731
-0.00168328
-0.00168307
-0.00168307
-0.00168328
-0.0015942
-0.00159465
-0.00159465
-0.0015942
-0.00150831
-0.0015091
-0.0015091
-0.00150831
-0.00142218
-0.00142299
-0.00142299
-0.00142218
-0.00133072
-0.00133114
-0.00133114
-0.00133072
-0.00123252
-0.00123267
-0.00123267
-0.00123252
-0.00112714
-0.00112699
-0.00112699
-0.00112714
-0.00101585
-0.00101555
-0.00101555
-0.00101585
-0.000898871
-0.00089819
-0.00089819
-0.000898871
-0.000778023
-0.000776991
-0.000776991
-0.000778023
-0.000651798
-0.000650512
-0.000650512
-0.000651798
-0.000523509
-0.000522575
-0.000522575
-0.000523509
-0.000397686
-0.000397206
-0.000397206
-0.000397686
-0.000507801
-0.000507252
-0.000507252
-0.000507801
-0.000616925
-0.000616411
-0.000616411
-0.000616925
-0.000718894
-0.000718369
-0.000718369
-0.000718894
-0.000808953
-0.000808246
-0.000808246
-0.000808953
-0.000879465
-0.000878556
-0.000878557
-0.000879465
-0.000929994
-0.000928856
-0.000928856
-0.000929994
-0.000971082
-0.000970007
-0.000970007
-0.000971082
-0.00101546
-0.00101467
-0.00101467
-0.00101546
-0.00107923
-0.00107871
-0.00107871
-0.00107923
-0.00117865
-0.0011784
-0.0011784
-0.00117865
-0.00133371
-0.00133339
-0.00133339
-0.00133371
-0.00157024
-0.00157015
-0.00157015
-0.00157024
-0.00188072
-0.00188106
-0.00188106
-0.00188072
-0.00222971
-0.0022312
-0.0022312
-0.00222971
-0.00253209
-0.00253386
-0.00253386
-0.00253209
-0.00272477
-0.00272666
-0.00272666
-0.00272477
-0.00278956
-0.00279103
-0.00279103
-0.00278956
-0.00271731
-0.00271853
-0.00271853
-0.00271731
-0.00247368
-0.00247523
-0.00247523
-0.00247368
-0.00303302
-0.0030327
-0.0030327
-0.00303302
-0.00351287
-0.00351427
-0.00351427
-0.00351287
-0.00389241
-0.00389416
-0.00389416
-0.00389241
-0.00416408
-0.00416361
-0.00416361
-0.00416408
-0.00439129
-0.00439256
-0.00439256
-0.00439129
-0.00452108
-0.00452144
-0.00452144
-0.00452108
-0.00458146
-0.00458225
-0.00458225
-0.00458146
-0.00457521
-0.00457608
-0.00457608
-0.00457521
-0.00452636
-0.0045272
-0.0045272
-0.00452636
-0.00445685
-0.0044574
-0.0044574
-0.00445685
-0.00438476
-0.0043857
-0.0043857
-0.00438476
-0.00429796
-0.00429802
-0.00429802
-0.00429796
-0.00422819
-0.00422992
-0.00422992
-0.00422819
-0.00412631
-0.00412485
-0.00412485
-0.00412631
-0.00412092
-0.00412344
-0.00412344
-0.00412092
-0.00404465
-0.00404278
-0.00404278
-0.00404465
-0.00427103
-0.00427305
-0.00427305
-0.00427103
-0.00468745
-0.00467748
-0.00467748
-0.00468745
-0.00593373
-0.00594106
-0.00594106
-0.00593373
-0.00653759
-0.00652922
-0.00652922
-0.00653759
-0.0077957
-0.00781069
-0.00781069
-0.0077957
-0.00862493
-0.00864057
-0.00864057
-0.00862493
-0.0088703
-0.00887136
-0.00887136
-0.0088703
-0.00816501
-0.00816101
-0.00816101
-0.00816501
-0.00585421
-0.0058449
-0.0058449
-0.00585421
-0.00253848
-0.00253821
-0.00253821
-0.00253848
0.00146164
0.00145434
0.00145434
0.00146164
0.00501148
0.00500905
0.00500905
0.00501148
0.00749493
0.00749738
0.00749738
0.00749493
0.00917258
0.00918384
0.00918384
0.00917258
0.010034
0.0100449
0.0100449
0.010034
0.0103881
0.0103983
0.0103983
0.0103881
0.0102668
0.0102719
0.0102719
0.0102668
0.00984135
0.00984436
0.00984436
0.00984135
0.00920262
0.00920297
0.00920297
0.00920262
0.00848057
0.0084799
0.0084799
0.00848057
0.00773249
0.00773086
0.00773086
0.00773249
0.00700673
0.00700613
0.00700613
0.00700673
0.00632077
0.00632141
0.00632141
0.00632077
0.0057023
0.00570354
0.00570354
0.0057023
0.00517305
0.00517241
0.00517241
0.00517305
0.0047383
0.00473661
0.00473661
0.0047383
0.0043734
0.00437195
0.00437195
0.0043734
0.00405449
0.0040531
0.0040531
0.00405449
0.00505833
0.00505555
0.00505555
0.00505833
0.00597027
0.00596699
0.00596699
0.00597027
0.00677804
0.00677483
0.00677483
0.00677804
0.00745506
0.00745227
0.00745227
0.00745506
0.00799057
0.00798857
0.00798857
0.00799057
0.0083802
0.00837901
0.00837901
0.0083802
0.00861906
0.00861829
0.00861829
0.00861906
0.00870819
0.00870761
0.00870761
0.00870819
0.00865114
0.00865055
0.00865055
0.00865114
0.00845921
0.00845829
0.00845829
0.00845921
0.00814241
0.00814104
0.00814104
0.00814241
0.0077165
0.00771448
0.00771448
0.0077165
0.00719711
0.00719437
0.00719437
0.00719711
0.00660021
0.00659676
0.00659676
0.00660021
0.00593818
0.00593438
0.00593438
0.00593818
0.00522598
0.00522202
0.00522202
0.00522598
0.00447434
0.00447072
0.00447072
0.00447434
0.00369804
0.00369491
0.00369491
0.00369804
0.00290621
0.00290378
0.00290378
0.00290621
0.00209293
0.00209189
0.00209189
0.00209293
0.00214417
0.00214396
0.00214396
0.00214417
0.00219199
0.0021929
0.0021929
0.00219199
0.00226057
0.00226255
0.00226255
0.00226057
0.00232325
0.00232443
0.00232443
0.00232325
0.00236753
0.00236813
0.00236813
0.00236753
0.00238002
0.00237995
0.00237995
0.00238002
0.00236218
0.00236308
0.00236308
0.00236218
0.00229926
0.00230041
0.00230041
0.00229926
0.0021905
0.00219249
0.00219249
0.0021905
0.00201553
0.00201655
0.00201655
0.00201553
0.00177186
0.00177249
0.00177249
0.00177186
0.00145057
0.00144976
0.00144976
0.00145057
0.00106734
0.00106607
0.00106607
0.00106734
0.000632437
0.000629938
0.000629938
0.000632437
0.000165137
0.000161295
0.000161295
0.000165137
-0.000303946
-0.000308301
-0.000308301
-0.000303946
-0.000740196
-0.000743974
-0.000743974
-0.000740196
-0.00111063
-0.00111258
-0.00111258
-0.00111063
-0.00139362
-0.00139299
-0.00139299
-0.00139362
-0.00158485
-0.00158214
-0.00158214
-0.00158485
-0.00169762
-0.00169453
-0.00169453
-0.00169762
-0.00175057
-0.00174815
-0.00174815
-0.00175057
-0.00175823
-0.00175637
-0.00175637
-0.00175823
-0.00173192
-0.00173027
-0.00173027
-0.00173192
-0.00168163
-0.00168011
-0.00168011
-0.00168163
-0.00161652
-0.00161531
-0.00161531
-0.00161652
-0.00154427
-0.00154344
-0.00154344
-0.00154427
-0.00146966
-0.00146912
-0.00146912
-0.00146966
-0.00139617
-0.00139585
-0.00139585
-0.00139617
-0.00132517
-0.00132497
-0.00132497
-0.00132517
-0.00125701
-0.00125695
-0.00125695
-0.00125701
-0.00119151
-0.00119164
-0.00119164
-0.00119151
-0.00112842
-0.00112878
-0.00112878
-0.00112842
-0.00106631
-0.00106678
-0.00106678
-0.00106631
-0.00100365
-0.00100415
-0.00100415
-0.00100365
-0.000938061
-0.000938429
-0.000938429
-0.000938061
-0.000868818
-0.000869035
-0.000869035
-0.000868818
-0.000794716
-0.000794711
-0.000794711
-0.000794716
-0.00071704
-0.00071692
-0.000716921
-0.00071704
-0.00063548
-0.000635086
-0.000635087
-0.00063548
-0.000551943
-0.000551381
-0.000551381
-0.000551943
-0.000464588
-0.00046375
-0.00046375
-0.000464588
-0.000374869
-0.0003742
-0.0003742
-0.000374868
-0.000287028
-0.000286709
-0.000286709
-0.000287028
-0.000203722
-0.000203721
-0.000203721
-0.000203722
-0.000281121
-0.000281312
-0.000281312
-0.000281121
-0.000358408
-0.000358694
-0.000358694
-0.000358408
-0.000433741
-0.000434124
-0.000434124
-0.000433741
-0.000502135
-0.000502479
-0.000502479
-0.000502135
-0.000557946
-0.00055814
-0.00055814
-0.000557946
-0.000594728
-0.000594578
-0.000594579
-0.000594728
-0.000612484
-0.000611871
-0.000611871
-0.000612484
-0.000622204
-0.00062131
-0.00062131
-0.000622204
-0.000636432
-0.000635509
-0.000635509
-0.000636432
-0.000669446
-0.000668616
-0.000668616
-0.000669446
-0.000731238
-0.000730106
-0.000730106
-0.000731238
-0.000873325
-0.000872024
-0.000872024
-0.000873325
-0.00108826
-0.00108679
-0.00108679
-0.00108826
-0.00136875
-0.00136686
-0.00136686
-0.00136875
-0.00165345
-0.00165146
-0.00165146
-0.00165345
-0.00187304
-0.00187052
-0.00187052
-0.00187304
-0.00203481
-0.0020324
-0.0020324
-0.00203481
-0.00207989
-0.002077
-0.002077
-0.00207989
-0.0020087
-0.00200623
-0.00200623
-0.0020087
-0.00180773
-0.00180629
-0.00180629
-0.00180773
-0.00145362
-0.00145182
-0.00145182
-0.00145362
-0.00201883
-0.00201881
-0.00201881
-0.00201883
-0.00250833
-0.00250787
-0.00250787
-0.00250833
-0.00294079
-0.00294178
-0.00294178
-0.00294079
-0.00330356
-0.00330493
-0.00330493
-0.00330356
-0.00360147
-0.00360224
-0.00360224
-0.00360147
-0.00382599
-0.00382674
-0.00382674
-0.00382599
-0.00397572
-0.00397634
-0.00397634
-0.00397572
-0.00405484
-0.00405527
-0.00405527
-0.00405484
-0.00407419
-0.00407315
-0.00407315
-0.00407419
-0.00406556
-0.00406403
-0.00406403
-0.00406556
-0.00403195
-0.00403081
-0.00403081
-0.00403195
-0.003974
-0.00397329
-0.00397329
-0.003974
-0.00390126
-0.00390021
-0.00390021
-0.00390126
-0.00383576
-0.00383578
-0.00383578
-0.00383576
-0.00377272
-0.00377215
-0.00377215
-0.00377272
-0.00374181
-0.00374327
-0.00374327
-0.00374181
-0.00372704
-0.00372845
-0.00372845
-0.00372704
-0.00384141
-0.00384832
-0.00384832
-0.00384141
-0.00405163
-0.00405856
-0.00405856
-0.00405163
-0.00451568
-0.00452419
-0.00452419
-0.00451568
-0.00491447
-0.00490158
-0.00490158
-0.00491447
-0.00562575
-0.00562431
-0.00562431
-0.00562575
-0.00593132
-0.00593734
-0.00593734
-0.00593132
-0.00574763
-0.00575783
-0.00575783
-0.00574763
-0.00488171
-0.00488625
-0.00488625
-0.00488171
-0.0033884
-0.00338003
-0.00338003
-0.0033884
-0.00143772
-0.00143175
-0.00143175
-0.00143772
0.000967194
0.000963712
0.000963712
0.000967194
0.00327238
0.00326748
0.00326748
0.00327238
0.0050434
0.00504484
0.00504484
0.0050434
0.00623898
0.00624748
0.00624748
0.00623898
0.00694338
0.00695197
0.00695197
0.00694338
0.00726925
0.00727797
0.00727797
0.00726925
0.00725302
0.00725877
0.00725877
0.00725302
0.00701348
0.00701744
0.00701744
0.00701348
0.00660845
0.00660959
0.00660959
0.00660845
0.00612678
0.00612662
0.00612662
0.00612678
0.00560958
0.0056082
0.0056082
0.00560958
0.00510023
0.00509922
0.00509922
0.00510023
0.00461455
0.00461421
0.00461421
0.00461455
0.0041694
0.00416974
0.00416974
0.0041694
0.0037797
0.00377942
0.00377942
0.0037797
0.00346492
0.00346473
0.00346473
0.00346492
0.00319072
0.00319093
0.00319093
0.00319072
0.00298181
0.00298168
0.00298168
0.00298181
0.00279834
0.00279674
0.00279674
0.00279834
0.00382856
0.00382606
0.00382606
0.00382856
0.00478787
0.00478475
0.00478475
0.00478787
0.00566206
0.0056588
0.0056588
0.00566206
0.00642951
0.00642652
0.00642652
0.00642951
0.00707659
0.00707414
0.00707414
0.00707659
0.00759263
0.00759089
0.00759089
0.00759263
0.0079717
0.00797051
0.00797051
0.0079717
0.0082112
0.00821032
0.00821032
0.0082112
0.00831102
0.00831011
0.00831011
0.00831102
0.00827362
0.00827253
0.00827253
0.00827362
0.00810887
0.00810727
0.00810727
0.00810887
0.00782577
0.00782353
0.00782353
0.00782577
0.00743738
0.00743446
0.00743446
0.00743738
0.00695716
0.00695362
0.00695362
0.00695716
0.00639874
0.0063947
0.0063947
0.00639874
0.00577395
0.00576965
0.00576965
0.00577395
0.00509596
0.00509151
0.00509151
0.00509596
0.00437353
0.00436928
0.00436928
0.00437353
0.00361849
0.00361466
0.00361466
0.00361849
0.00284551
0.00284266
0.00284266
0.00284551
0.0020493
0.00204779
0.00204779
0.0020493
-0.000957753
-0.000955843
-0.000955843
-0.000957753
-0.00133975
-0.00133958
-0.00133958
-0.00133975
-0.00168272
-0.00168322
-0.00168322
-0.00168272
-0.00200824
-0.00200946
-0.00200946
-0.00200824
-0.00229828
-0.00230007
-0.00230007
-0.00229828
-0.00255218
-0.00255446
-0.00255446
-0.00255218
-0.00276762
-0.00277056
-0.00277056
-0.00276762
-0.00294115
-0.00294338
-0.00294338
-0.00294115
-0.00308461
-0.00308588
-0.00308588
-0.00308461
-0.00319825
-0.00319986
-0.00319986
-0.00319825
-0.00324817
-0.00325078
-0.00325078
-0.00324817
-0.00322745
-0.00322983
-0.00322983
-0.00322745
-0.00315643
-0.00315878
-0.00315878
-0.00315643
-0.00305095
-0.00305347
-0.00305347
-0.00305095
-0.00292648
-0.00292971
-0.00292971
-0.00292648
-0.0027952
-0.00279846
-0.00279846
-0.0027952
-0.00268091
-0.00268363
-0.00268363
-0.00268091
-0.00260637
-0.00260681
-0.00260681
-0.00260637
-0.00261869
-0.00262149
-0.00262149
-0.00261869
-0.00268863
-0.00269524
-0.00269524
-0.00268863
-0.00282858
-0.00283603
-0.00283603
-0.00282858
-0.003
-0.00299083
-0.00299083
-0.003
-0.00329764
-0.00329022
-0.00329022
-0.00329764
-0.00337952
-0.00337612
-0.00337612
-0.00337952
-0.00319658
-0.00320313
-0.00320313
-0.00319658
-0.00264545
-0.00265047
-0.00265047
-0.00264545
-0.00176312
-0.00176361
-0.00176361
-0.00176312
-0.000680619
-0.000680288
-0.000680288
-0.000680619
0.000590629
0.000589697
0.000589697
0.000590629
0.00184845
0.00184654
0.00184654
0.00184845
0.00289123
0.00289168
0.00289168
0.00289123
0.00364024
0.00364435
0.00364435
0.00364024
0.00409928
0.00410405
0.00410405
0.00409928
0.0043276
0.00433338
0.00433338
0.0043276
0.00434612
0.00435061
0.00435061
0.00434612
0.00422532
0.00422905
0.00422905
0.00422532
0.00399874
0.00400048
0.00400048
0.00399874
0.00372083
0.00372145
0.00372145
0.00372083
0.00341458
0.00341405
0.00341405
0.00341458
0.00310984
0.00310919
0.00310919
0.00310984
0.00281764
0.00281682
0.00281682
0.00281764
0.00255212
0.00255136
0.00255136
0.00255212
0.00231777
0.00231728
0.00231728
0.00231777
0.00211458
0.00211517
0.00211517
0.00211458
0.00194189
0.00194345
0.00194345
0.00194189
0.00179711
0.00179893
0.00179893
0.00179711
0.00170152
0.001701
0.001701
0.00170152
0.00164506
0.00164179
0.00164179
0.00164506
0.00269505
0.00269176
0.00269176
0.00269505
0.00369187
0.00368874
0.00368874
0.00369187
0.00462033
0.00461737
0.00461737
0.00462033
0.00546324
0.00546057
0.00546057
0.00546324
0.00620472
0.00620244
0.00620244
0.00620472
0.00683145
0.00682963
0.00682963
0.00683145
0.00733409
0.00733277
0.00733277
0.00733409
0.00770687
0.00770601
0.00770601
0.00770687
0.00794665
0.00794601
0.00794601
0.00794665
0.00805385
0.00805326
0.00805326
0.00805385
0.00802999
0.00802933
0.00802933
0.00802999
0.00788393
0.00788296
0.00788296
0.00788393
0.00762313
0.00762165
0.00762165
0.00762313
0.00725856
0.00725643
0.00725643
0.00725856
0.00680222
0.00679936
0.00679936
0.00680222
0.00626655
0.00626297
0.00626297
0.00626655
0.00566388
0.00565974
0.00565974
0.00566388
0.00500606
0.00500154
0.00500154
0.00500606
0.00430287
0.00429829
0.00429829
0.00430287
0.00356439
0.00356008
0.00356008
0.00356439
0.00279832
0.00279505
0.00279505
0.00279832
0.00202114
0.00201818
0.00201818
0.00202114
0.00122255
0.00122038
0.00122038
0.00122255
0.00124024
0.00123971
0.00123971
0.00124024
0.00126334
0.00126347
0.00126347
0.00126334
0.00129048
0.00129112
0.00129112
0.00129048
0.00132463
0.00132544
0.00132544
0.00132463
0.00136116
0.00136196
0.00136196
0.00136116
0.00139221
0.00139248
0.00139248
0.00139221
0.00141308
0.00141319
0.00141319
0.00141308
0.00141655
0.00141651
0.00141651
0.00141655
0.00140138
0.00140192
0.00140192
0.00140138
0.00136016
0.0013609
0.0013609
0.00136016
0.00128986
0.00129093
0.00129093
0.00128986
0.00118171
0.00118233
0.00118233
0.00118171
0.00103432
0.00103461
0.00103461
0.00103432
0.000845051
0.00084456
0.00084456
0.000845051
0.000619649
0.000618637
0.000618637
0.000619649
0.000366627
0.000365087
0.000365087
0.000366627
9.87813e-05
9.66305e-05
9.66305e-05
9.87813e-05
-0.00016833
-0.000170763
-0.000170763
-0.00016833
-0.000417213
-0.000419327
-0.000419327
-0.000417213
-0.000630577
-0.000631668
-0.000631668
-0.000630577
-0.000796713
-0.000796353
-0.000796353
-0.000796713
-0.000912213
-0.000910564
-0.000910564
-0.000912213
-0.000982645
-0.000980546
-0.000980546
-0.000982645
-0.00101788
-0.00101603
-0.00101603
-0.00101788
-0.00102652
-0.00102498
-0.00102498
-0.00102652
-0.00101498
-0.00101348
-0.00101348
-0.00101498
-0.000988748
-0.000987235
-0.000987235
-0.000988748
-0.000953049
-0.000951663
-0.000951663
-0.000953049
-0.000912296
-0.00091117
-0.00091117
-0.000912296
-0.000869492
-0.000868652
-0.000868652
-0.000869492
-0.000826969
-0.000826394
-0.000826394
-0.000826969
-0.000785752
-0.000785338
-0.000785338
-0.000785752
-0.000746095
-0.000745771
-0.000745771
-0.000746095
-0.000707662
-0.000707388
-0.000707388
-0.000707662
-0.000670121
-0.000669936
-0.000669936
-0.000670121
-0.000632803
-0.000632714
-0.000632714
-0.000632803
-0.000595161
-0.000595167
-0.000595167
-0.000595161
-0.00055615
-0.000556154
-0.000556154
-0.00055615
-0.00051519
-0.000515132
-0.000515132
-0.00051519
-0.000471592
-0.000471407
-0.000471407
-0.000471592
-0.000425802
-0.000425529
-0.000425529
-0.000425802
-0.000377765
-0.000377359
-0.000377359
-0.000377765
-0.000328294
-0.000327816
-0.000327816
-0.000328294
-0.000276606
-0.000276044
-0.000276044
-0.000276606
-0.000224582
-0.000224155
-0.000224155
-0.000224582
-0.000174041
-0.000173687
-0.000173687
-0.000174041
-0.000123637
-0.000123344
-0.000123344
-0.000123637
-7.28554e-05
-7.25355e-05
-7.25355e-05
-7.28554e-05
-0.000120436
-0.000120294
-0.000120294
-0.000120436
-0.000166198
-0.000166105
-0.000166105
-0.000166198
-0.000211307
-0.000211154
-0.000211155
-0.000211307
-0.00025347
-0.000253106
-0.000253106
-0.00025347
-0.000289834
-0.000289106
-0.000289106
-0.000289834
-0.00031666
-0.000315579
-0.000315579
-0.00031666
-0.000329777
-0.000328422
-0.000328421
-0.000329778
-0.000329824
-0.000328405
-0.000328405
-0.000329824
-0.000324162
-0.000322913
-0.000322912
-0.000324162
-0.000319091
-0.000318333
-0.000318333
-0.000319091
-0.000324389
-0.000324281
-0.000324281
-0.000324389
-0.000384685
-0.000385471
-0.000385471
-0.000384685
-0.000463091
-0.000464807
-0.000464807
-0.000463091
-0.000626244
-0.000629159
-0.000629159
-0.000626244
-0.000856457
-0.000860042
-0.000860042
-0.000856457
-0.00110932
-0.00111301
-0.00111301
-0.00110932
-0.00134258
-0.0013472
-0.0013472
-0.00134258
-0.0014123
-0.00141662
-0.00141662
-0.0014123
-0.00140355
-0.0014087
-0.0014087
-0.00140355
-0.00130716
-0.00131214
-0.00131214
-0.00130716
-0.00113183
-0.00113527
-0.00113527
-0.00113183
-0.000882621
-0.000883476
-0.000883476
-0.000882621
-0.000572273
-0.000571505
-0.000571505
-0.000572273
-0.0489823
-0.0490378
-0.0490378
-0.0489823
-0.0215705
-0.0215492
-0.0215492
-0.0215705
-0.0274623
-0.0275043
-0.0275043
-0.0274623
-0.021205
-0.0211982
-0.0211982
-0.021205
-0.0188939
-0.0189003
-0.0189003
-0.0188939
-0.0153132
-0.0153034
-0.0153034
-0.0153132
-0.0130152
-0.0130102
-0.0130102
-0.0130152
-0.0111182
-0.0111107
-0.0111107
-0.0111182
-0.0097554
-0.00974815
-0.00974815
-0.0097554
-0.00868363
-0.00867762
-0.00867762
-0.00868363
-0.00781327
-0.00780821
-0.00780821
-0.00781327
-0.00707361
-0.00706841
-0.00706841
-0.00707361
-0.00648821
-0.00648783
-0.00648783
-0.00648821
-0.00582001
-0.00581274
-0.00581274
-0.00582001
-0.00504001
-0.00503895
-0.00503895
-0.00504001
-0.00429819
-0.0042988
-0.0042988
-0.00429819
-0.0039043
-0.00390438
-0.00390438
-0.0039043
-0.00385557
-0.00385522
-0.00385522
-0.00385557
-0.00414091
-0.00414205
-0.00414205
-0.00414091
-0.00448022
-0.00447959
-0.00447959
-0.00448022
-0.00507762
-0.00508104
-0.00508104
-0.00507762
-0.0055088
-0.00550523
-0.00550523
-0.0055088
-0.00817281
-0.00818025
-0.00818025
-0.00817281
-0.0102648
-0.0102698
-0.0102698
-0.0102648
-0.0136168
-0.0136207
-0.0136207
-0.0136168
-0.015362
-0.0153687
-0.0153687
-0.015362
-0.0152097
-0.0152096
-0.0152096
-0.0152097
-0.014255
-0.0142441
-0.0142441
-0.014255
-0.0125909
-0.0126062
-0.0126062
-0.0125909
-0.00192016
-0.00194287
-0.00194287
-0.00192016
0.0126246
0.0126341
0.0126341
0.0126246
0.025226
0.0252452
0.0252452
0.025226
0.0366033
0.0366084
0.0366084
0.0366033
0.0485016
0.0485247
0.0485247
0.0485016
0.0495141
0.0495092
0.0495092
0.0495141
0.0312327
0.0312357
0.0312357
0.0312327
0.0016238
0.00162008
0.00162008
0.0016238
0.0026525
0.00264879
0.00264879
0.0026525
0.00362863
0.00362545
0.00362545
0.00362863
0.00453877
0.00453605
0.00453605
0.00453877
0.00536575
0.00536345
0.00536345
0.00536575
0.00609452
0.00609267
0.00609267
0.00609452
0.00671246
0.00671107
0.00671107
0.00671246
0.00720947
0.00720854
0.00720854
0.00720947
0.00757898
0.0075784
0.0075784
0.00757898
0.00781871
0.00781831
0.00781831
0.00781871
0.00792814
0.00792769
0.00792769
0.00792814
0.00790881
0.00790822
0.00790822
0.00790881
0.00776915
0.00776817
0.00776817
0.00776915
0.00751699
0.00751545
0.00751545
0.00751699
0.0071633
0.0071611
0.0071611
0.0071633
0.00671962
0.00671673
0.00671673
0.00671962
0.00619754
0.00619402
0.00619402
0.00619754
0.00560816
0.00560413
0.00560413
0.00560816
0.0049621
0.00495776
0.00495776
0.0049621
0.00426944
0.00426504
0.00426504
0.00426944
0.00353944
0.00353531
0.00353531
0.00353944
0.00278096
0.00277739
0.00277739
0.00278096
0.00200894
0.00200524
0.00200524
0.00200894
0.00121865
0.00121548
0.00121548
0.00121865
0.00040747
0.000406327
0.000406327
0.00040747
0.000410403
0.000409635
0.000409635
0.000410403
0.000414098
0.000414099
0.000414099
0.000414098
0.000423293
0.000423664
0.000423664
0.000423293
0.000433142
0.000433538
0.000433538
0.000433142
0.000443985
0.000444281
0.000444281
0.000443985
0.000455236
0.000455442
0.000455442
0.000455236
0.000464381
0.000464459
0.000464459
0.000464381
0.000470496
0.000470576
0.000470576
0.000470496
0.000471094
0.000471166
0.000471166
0.000471094
0.000465278
0.000465516
0.000465516
0.000465278
0.000450601
0.000450873
0.000450873
0.000450601
0.000425762
0.000426075
0.000426075
0.000425762
0.000388419
0.000388551
0.000388551
0.000388419
0.00033807
0.000337994
0.000337994
0.00033807
0.000274296
0.000273862
0.000273862
0.000274296
0.000198751
0.00019795
0.00019795
0.000198751
0.000114671
0.0001135
0.0001135
0.000114671
2.59673e-05
2.44343e-05
2.44343e-05
2.59673e-05
-6.25315e-05
-6.4274e-05
-6.4274e-05
-6.25315e-05
-0.000145118
-0.000146816
-0.000146816
-0.000145118
-0.000216075
-0.000217456
-0.000217456
-0.000216075
-0.000271497
-0.000272406
-0.000272406
-0.000271497
-0.000310207
-0.000310682
-0.000310682
-0.000310207
-0.000333881
-0.000334167
-0.000334167
-0.000333881
-0.00034567
-0.000345992
-0.000345992
-0.00034567
-0.000348499
-0.00034889
-0.00034889
-0.000348499
-0.000344568
-0.00034495
-0.00034495
-0.000344568
-0.000335736
-0.000336087
-0.000336087
-0.000335736
-0.000323705
-0.000324068
-0.000324068
-0.000323705
-0.000309951
-0.000310379
-0.000310379
-0.000309951
-0.000295529
-0.000296029
-0.000296029
-0.000295529
-0.000281201
-0.000281755
-0.000281755
-0.000281201
-0.000267285
-0.000267847
-0.000267847
-0.000267285
-0.000253853
-0.000254391
-0.000254391
-0.000253853
-0.000240761
-0.000241264
-0.000241264
-0.000240761
-0.000227917
-0.000228409
-0.000228409
-0.000227917
-0.00021514
-0.000215634
-0.000215634
-0.00021514
-0.000202283
-0.000202781
-0.000202781
-0.000202283
-0.000189014
-0.000189477
-0.000189477
-0.000189014
-0.000175117
-0.000175522
-0.000175522
-0.000175117
-0.000160376
-0.000160698
-0.000160698
-0.000160376
-0.000144876
-0.000145132
-0.000145132
-0.000144876
-0.000128619
-0.000128807
-0.000128807
-0.000128619
-0.000111815
-0.000111962
-0.000111962
-0.000111815
-9.45793e-05
-9.46926e-05
-9.46927e-05
-9.45793e-05
-7.7412e-05
-7.753e-05
-7.753e-05
-7.7412e-05
-6.02921e-05
-6.03859e-05
-6.03859e-05
-6.02921e-05
-4.34491e-05
-4.35223e-05
-4.35224e-05
-4.34491e-05
-2.66164e-05
-2.66493e-05
-2.66493e-05
-2.66164e-05
-9.20631e-06
-9.24699e-06
-9.24699e-06
-9.20631e-06
-2.38758e-05
-2.38164e-05
-2.38164e-05
-2.38758e-05
-4.11475e-05
-4.12616e-05
-4.12616e-05
-4.11475e-05
-5.79917e-05
-5.8206e-05
-5.82061e-05
-5.79917e-05
-7.47993e-05
-7.51721e-05
-7.51721e-05
-7.47993e-05
-9.12855e-05
-9.1837e-05
-9.1837e-05
-9.12855e-05
-0.000106185
-0.00010693
-0.00010693
-0.000106185
-0.000117038
-0.000117947
-0.000117947
-0.000117038
-0.000119202
-0.000120045
-0.000120045
-0.000119202
-0.000110775
-0.000111107
-0.000111106
-0.000110775
-9.43985e-05
-9.37204e-05
-9.37204e-05
-9.43985e-05
-7.08569e-05
-6.89353e-05
-6.89353e-05
-7.08569e-05
-4.15312e-05
-3.89043e-05
-3.89043e-05
-4.15312e-05
2.44493e-05
2.69294e-05
2.69294e-05
2.44493e-05
1.27503e-05
1.59405e-05
1.59405e-05
1.27502e-05
-2.2859e-06
1.71022e-06
1.71021e-06
-2.28589e-06
-4.2377e-05
-3.81678e-05
-3.81678e-05
-4.2377e-05
-8.44034e-05
-8.08569e-05
-8.08569e-05
-8.44034e-05
-7.84959e-05
-7.36733e-05
-7.36733e-05
-7.84959e-05
-0.000155212
-0.000149979
-0.000149979
-0.000155212
-0.00022755
-0.000220789
-0.000220789
-0.00022755
-0.00027823
-0.000271222
-0.000271222
-0.00027823
-0.000285682
-0.000280023
-0.000280023
-0.000285682
-0.000244367
-0.000240593
-0.000240593
-0.000244367
-0.000168035
-0.000166003
-0.000166003
-0.000168035
-6.6964e-05
-6.64155e-05
-6.64155e-05
-6.6964e-05
-0.00020821
-0.000207671
-0.000207671
-0.00020821
-0.00033884
-0.000338514
-0.000338514
-0.00033884
-0.00046799
-0.000468338
-0.000468338
-0.00046799
-0.000591312
-0.000591465
-0.000591465
-0.000591311
-0.000705668
-0.000705948
-0.000705948
-0.000705668
-0.000804337
-0.000804362
-0.000804362
-0.000804337
-0.00088644
-0.0008862
-0.0008862
-0.00088644
-0.000948486
-0.000948102
-0.000948102
-0.000948486
-0.000986377
-0.000986713
-0.000986713
-0.000986377
-0.000986227
-0.00098766
-0.00098766
-0.000986227
-0.000939544
-0.000938894
-0.000938894
-0.000939544
-0.000905531
-0.000902771
-0.000902771
-0.000905531
-0.000892878
-0.000889708
-0.000889708
-0.000892878
-0.000889878
-0.0008866
-0.0008866
-0.000889878
-0.00088569
-0.00088219
-0.00088219
-0.00088569
-0.000875094
-0.000871637
-0.000871637
-0.000875094
-0.000856359
-0.000852948
-0.000852948
-0.000856359
-0.00083681
-0.000833213
-0.000833213
-0.00083681
-0.000830234
-0.000825918
-0.000825918
-0.000830234
-0.00085484
-0.000851925
-0.000851925
-0.00085484
-0.00090169
-0.000902259
-0.000902259
-0.00090169
-0.000953709
-0.000955983
-0.000955983
-0.000953709
-0.00100605
-0.00100381
-0.00100381
-0.00100605
-0.00109623
-0.00109495
-0.00109495
-0.00109623
-0.00111425
-0.00111367
-0.00111367
-0.00111425
-0.00106473
-0.00106795
-0.00106795
-0.00106473
-0.000878055
-0.000881374
-0.000881374
-0.000878055
-0.000587471
-0.000589927
-0.000589927
-0.000587471
-0.0002095
-0.000210999
-0.000210999
-0.0002095
0.000208912
0.000208923
0.000208923
0.000208912
0.000618511
0.000619352
0.000619352
0.000618511
0.000967776
0.000969589
0.000969589
0.000967776
0.00122822
0.00123159
0.00123159
0.00122822
0.00139066
0.00139453
0.00139453
0.00139066
0.00147244
0.00147689
0.00147689
0.00147244
0.00148006
0.00148403
0.00148403
0.00148006
0.00143974
0.00144339
0.00144339
0.00143974
0.00136201
0.0013647
0.0013647
0.00136201
0.00126716
0.00126915
0.00126915
0.00126716
0.00116206
0.00116319
0.00116319
0.00116206
0.00105785
0.00105849
0.00105849
0.00105785
0.000958122
0.000958194
0.000958194
0.000958122
0.000868434
0.000868177
0.000868177
0.000868434
0.000788913
0.000788671
0.000788671
0.000788913
0.000718987
0.00071946
0.00071946
0.000718987
0.00065564
0.000656998
0.000656998
0.00065564
0.000599536
0.000600857
0.000600857
0.000599536
0.000566072
0.000566121
0.000566121
0.000566072
0.000555106
0.000553565
0.000553565
0.000555106
0.000544554
0.000542873
0.000542873
0.000544554
-0.00435506
-0.00435401
-0.00435401
-0.00435506
0.0190668
0.0190774
0.0190774
0.0190668
0.0127659
0.0127483
0.0127483
0.0127659
-0.0104645
-0.0104521
-0.0104521
-0.0104645
-0.00472411
-0.00472669
-0.00472669
-0.00472411
-0.00351335
-0.0035154
-0.0035154
-0.00351335
)
;

boundaryField
{
    inlet
    {
        type            zeroGradient;
    }
    outlet
    {
        type            fixedValue;
        value           uniform 0;
    }
    obstacle
    {
        type            zeroGradient;
    }
    topbottomsurface
    {
        type            empty;
    }
}


// ************************************************************************* //
