/*--------------------------------*- C++ -*----------------------------------*\
| =========                 |                                                 |
| \\      /  F ield         | OpenFOAM: The Open Source CFD Toolbox           |
|  \\    /   O peration     | Version:  v1806                                 |
|   \\  /    A nd           | Web:      www.OpenFOAM.com                      |
|    \\/     M anipulation  |                                                 |
\*---------------------------------------------------------------------------*/
FoamFile
{
    version     2.0;
    format      ascii;
    class       volScalarField;
    location    "20";
    object      p;
}
// * * * * * * * * * * * * * * * * * * * * * * * * * * * * * * * * * * * * * //

dimensions      [0 2 -2 0 0 0 0];


internalField   nonuniform List<scalar> 
5220
(
0.00154823
0.00154895
0.00154895
0.00154823
0.00169308
0.00169313
0.00169313
0.00169308
0.00141713
0.00141771
0.00141771
0.00141713
0.00274096
0.00274197
0.00274197
0.00274096
0.00286434
0.00286547
0.00286547
0.00286433
0.00260778
0.0026089
0.0026089
0.00260778
0.00250481
0.00250544
0.00250544
0.00250481
0.00250002
0.00250063
0.00250063
0.00250002
0.00207812
0.00207863
0.00207863
0.00207811
0.00211077
0.00211139
0.00211139
0.00211077
0.00228944
0.00229013
0.00229013
0.00228943
0.00150523
0.00150571
0.00150571
0.00150523
0.0414854
0.0414803
0.0414803
0.0414854
0.0432201
0.0432213
0.0432213
0.0432201
0.00926116
0.00926025
0.00926025
0.00926116
0.0113983
0.0114075
0.0114075
0.0113983
0.00126418
0.00126453
0.00126453
0.00126418
0.0013116
0.00131173
0.00131173
0.0013116
0.00139888
0.00139933
0.00139933
0.00139888
0.0445502
0.0445475
0.0445475
0.0445502
0.0435996
0.0435997
0.0435997
0.0435996
0.0459018
0.0459071
0.0459071
0.0459018
0.00135137
0.00135036
0.00135036
0.00135137
0.00146943
0.00147061
0.00147061
0.00146943
0.00163433
0.00163433
0.00163433
0.00163433
0.00189091
0.00189152
0.00189152
0.00189091
0.00161006
0.00161058
0.00161058
0.00161006
0.00164257
0.00164309
0.00164309
0.00164257
0.00167263
0.00167272
0.00167272
0.00167263
0.00131684
0.00131721
0.00131721
0.00131684
0.00115682
0.0011571
0.0011571
0.00115682
0.00130951
0.0013099
0.0013099
0.00130951
0.00114966
0.00115001
0.00115001
0.00114966
0.00219503
0.00219571
0.00219571
0.00219503
0.00193454
0.00193532
0.00193532
0.00193454
0.00235899
0.0023598
0.0023598
0.00235899
0.00245867
0.00245974
0.00245974
0.00245867
0.0025328
0.00253369
0.00253369
0.0025328
0.00148818
0.0014884
0.0014884
0.00148818
0.00167786
0.00167843
0.00167843
0.00167785
0.00187309
0.00187354
0.00187354
0.00187309
0.00101005
0.00101031
0.00101031
0.00101005
0.00101618
0.00101641
0.00101641
0.00101618
0.00088744
0.00088764
0.00088764
0.00088744
0.000891914
0.000892075
0.000892075
0.000891914
0.00220636
0.00220745
0.00220745
0.00220636
0.00194706
0.00194772
0.00194772
0.00194705
0.0012618
0.00126217
0.00126217
0.0012618
0.00111846
0.00111867
0.00111867
0.00111846
0.0009893
0.00098947
0.00098947
0.0009893
0.000872312
0.000872459
0.000872458
0.000872312
0.000766599
0.000766735
0.000766735
0.000766599
0.000778548
0.000778709
0.000778709
0.000778547
0.000782571
0.000782693
0.000782693
0.000782571
0.00114496
0.00114529
0.00114529
0.00114496
0.0013018
0.00130221
0.00130221
0.0013018
0.00272309
0.00272447
0.00272447
0.00272309
0.00244003
0.00244129
0.00244129
0.00244003
0.00213114
0.00213162
0.00213162
0.00213114
0.00235243
0.0023538
0.0023538
0.00235243
0.00262461
0.00262665
0.00262665
0.00262461
0.00254942
0.00255121
0.00255121
0.00254942
0.00277562
0.00277687
0.00277687
0.00277562
0.00272046
0.00272167
0.00272167
0.00272046
0.00271048
0.00271183
0.00271183
0.00271048
0.00280913
0.00281082
0.00281082
0.00280913
0.00294464
0.00294702
0.00294702
0.00294463
0.00297113
0.00297406
0.00297406
0.00297112
0.00293069
0.00293393
0.00293393
0.00293069
0.00228754
0.00228821
0.00228821
0.00228754
0.00207714
0.00207787
0.00207787
0.00207714
0.00186309
0.00186372
0.00186372
0.00186309
0.00147316
0.00147366
0.00147366
0.00147316
0.00166159
0.0016621
0.0016621
0.00166159
0.00193108
0.00193212
0.00193212
0.00193108
0.00100541
0.00100563
0.00100563
0.00100541
0.000883601
0.000883747
0.000883747
0.000883601
0.000776545
0.000776671
0.000776671
0.000776545
0.00173169
0.00173204
0.00173204
0.00173169
0.00120041
0.00120049
0.00120049
0.00120041
0.00107875
0.00107884
0.00107884
0.00107875
0.000959853
0.000960005
0.000960005
0.000959853
0.000849142
0.000849296
0.000849296
0.000849141
0.000747268
0.0007474
0.0007474
0.000747268
0.00065391
0.000654012
0.000654012
0.000653909
0.000670498
0.000670613
0.000670613
0.000670498
0.000680863
0.000681
0.000681
0.000680863
0.000685314
0.00068541
0.00068541
0.000685313
0.000681134
0.000681251
0.000681251
0.000681134
0.0012687
0.00126907
0.00126907
0.0012687
0.00111609
0.00111638
0.00111638
0.00111609
0.00298939
0.00299087
0.00299087
0.00298939
0.00309285
0.00309435
0.00309435
0.00309285
0.00318828
0.00319048
0.00319048
0.00318828
0.00312093
0.00312131
0.00312131
0.00312093
0.00307512
0.00307566
0.00307566
0.00307513
0.00284238
0.00284349
0.00284349
0.00284237
0.00311129
0.00311281
0.00311281
0.00311128
0.0462949
0.0462944
0.0462944
0.0462949
0.044774
0.0447757
0.0447757
0.044774
0.0426287
0.0426193
0.0426193
0.0426287
0.00258505
0.00258592
0.00258592
0.00258505
0.00186541
0.00186604
0.00186604
0.00186541
0.00235204
0.00235279
0.00235279
0.00235204
0.00210171
0.00210236
0.00210236
0.00210171
0.000979723
0.000979933
0.000979933
0.000979723
0.000860323
0.000860445
0.000860445
0.000860323
0.000757154
0.000757245
0.000757245
0.000757154
0.00066715
0.00066723
0.000667229
0.000667149
0.00144414
0.00144457
0.00144457
0.00144414
0.00122934
0.00122972
0.00122972
0.00122934
0.00107343
0.00107371
0.00107371
0.00107343
0.000569097
0.000569179
0.000569179
0.000569097
0.000583338
0.000583431
0.000583431
0.000583338
0.000593418
0.000593536
0.000593536
0.000593418
0.000598307
0.000598376
0.000598376
0.000598306
0.000595961
0.00059607
0.00059607
0.000595961
0.000583566
0.000583568
0.000583568
0.000583566
0.00115151
0.00115181
0.00115181
0.00115151
0.00103573
0.00103597
0.00103597
0.00103573
0.000925368
0.000925578
0.000925578
0.000925368
0.000819225
0.000819394
0.000819394
0.000819225
0.000721397
0.00072154
0.00072154
0.000721397
0.000631512
0.00063163
0.00063163
0.000631511
0.000550398
0.000550497
0.000550497
0.000550398
0.00154723
0.00154784
0.00154784
0.00154723
0.00173185
0.00173226
0.00173226
0.00173185
0.0032867
0.00328882
0.00328882
0.0032867
0.00341122
0.00341417
0.00341417
0.00341122
0.00349078
0.00349591
0.00349591
0.00349077
0.00338581
0.00339045
0.00339045
0.00338582
0.00342807
0.00343462
0.00343462
0.00342807
0.00184085
0.00184149
0.00184149
0.00184085
0.00140726
0.00140772
0.00140772
0.00140726
0.000940614
0.000940827
0.000940827
0.000940615
0.000823213
0.000823364
0.000823364
0.000823213
0.000723299
0.000723409
0.000723409
0.000723298
0.00064001
0.000640092
0.000640092
0.00064001
0.000571515
0.00057168
0.00057168
0.000571515
0.00209956
0.00210026
0.00210026
0.00209956
0.00238307
0.00238369
0.00238369
0.00238307
0.00269566
0.00269637
0.00269637
0.00269566
0.00300213
0.00300318
0.00300318
0.00300213
0.00331563
0.00331685
0.00331685
0.00331563
0.00356847
0.00357
0.00357
0.00356847
0.00371619
0.00371718
0.00371718
0.00371619
0.00370667
0.00370819
0.00370819
0.00370667
0.00322388
0.00322165
0.00322165
0.00322389
0.00283033
0.0028294
0.0028294
0.00283033
0.0015489
0.00154957
0.00154957
0.0015489
0.00136317
0.0013631
0.0013631
0.00136317
0.0446441
0.044637
0.044637
0.0446441
0.0437532
0.0437493
0.0437493
0.0437532
0.0424453
0.0424435
0.0424435
0.0424453
0.0408468
0.0408466
0.0408466
0.0408468
0.0390349
0.0390402
0.0390402
0.0390349
0.0394314
0.0394337
0.0394337
0.0394314
0.00123391
0.00123444
0.00123444
0.00123391
0.00110029
0.00110066
0.00110066
0.00110029
0.000985807
0.000986055
0.000986055
0.000985807
0.000880244
0.000880458
0.000880458
0.000880244
0.0007813
0.000781464
0.000781464
0.000781299
0.000689196
0.000689343
0.000689343
0.000689196
0.000603369
0.0006035
0.0006035
0.000603369
0.000525844
0.000525959
0.000525959
0.000525844
0.000456574
0.000456673
0.000456673
0.000456574
0.000476898
0.000476993
0.000476993
0.000476898
0.000492312
0.000492378
0.000492378
0.000492312
0.000505673
0.000505764
0.000505764
0.000505673
0.000515463
0.000515562
0.000515562
0.000515462
0.000520789
0.000520849
0.000520849
0.000520789
0.000520141
0.000520261
0.000520261
0.000520141
0.000509221
0.000509291
0.000509291
0.000509221
0.0477653
0.0477682
0.0477683
0.0477653
0.0455425
0.0455373
0.0455373
0.0455425
0.00049819
0.000498246
0.000498246
0.00049819
0.0487989
0.0487985
0.0487985
0.0487989
0.0427307
0.0427289
0.0427289
0.0427307
0.0454707
0.0454625
0.0454625
0.0454707
0.0385248
0.0385215
0.0385215
0.0385248
0.0403859
0.0403876
0.0403876
0.0403859
0.041521
0.0415175
0.0415175
0.041521
0.0413153
0.0413159
0.0413159
0.0413153
0.0401476
0.0401512
0.0401512
0.0401476
0.0417853
0.0417872
0.0417872
0.0417854
0.0368173
0.0368221
0.0368221
0.0368173
0.0370934
0.0370934
0.0370934
0.0370934
0.0364678
0.0364656
0.0364656
0.0364678
0.0420358
0.0420346
0.0420346
0.0420358
0.04182
0.0418197
0.0418197
0.04182
0.0409085
0.0409077
0.0409077
0.0409085
0.0395633
0.0395671
0.0395671
0.0395633
0.0378754
0.0378822
0.0378822
0.0378754
0.035889
0.035896
0.035896
0.035889
0.0422977
0.0422995
0.0422995
0.0422977
0.0455522
0.0455458
0.0455458
0.0455522
0.0446054
0.0446128
0.0446128
0.0446054
0.0370103
0.0369973
0.0369973
0.0370103
0.0370811
0.037068
0.037068
0.0370811
0.037823
0.0378154
0.0378154
0.037823
0.0385537
0.0385468
0.0385468
0.0385538
0.038642
0.0386373
0.0386373
0.038642
0.0379892
0.0379889
0.0379889
0.0379892
0.0367336
0.0367303
0.0367303
0.0367336
0.0351255
0.0351237
0.0351237
0.0351255
0.0336125
0.0336185
0.0336185
0.0336125
0.0343858
0.0343911
0.0343911
0.0343858
0.0346081
0.0346112
0.0346112
0.0346081
0.0341406
0.0341399
0.0341399
0.0341406
0.0330638
0.0330629
0.0330629
0.0330638
0.0381522
0.0381435
0.0381435
0.0381522
0.0386612
0.0386572
0.0386572
0.0386612
0.0382999
0.0382968
0.0382968
0.0383
0.0374647
0.0374656
0.0374656
0.0374647
0.0361133
0.0361187
0.0361187
0.0361133
0.0344025
0.0344111
0.0344111
0.0344025
0.0323518
0.03236
0.03236
0.0323518
0.0373145
0.0373059
0.0373059
0.0373145
0.0402098
0.0402032
0.0402032
0.0402098
0.00136083
0.00136099
0.00136099
0.00136083
0.000509485
0.00050928
0.00050928
0.000509485
0.0005883
0.000588345
0.000588345
0.0005883
0.000673333
0.000673401
0.000673401
0.000673333
0.000772418
0.000772532
0.000772532
0.000772418
0.000887773
0.00088796
0.00088796
0.000887773
0.00102222
0.00102247
0.00102247
0.00102222
0.00117688
0.0011772
0.0011772
0.00117688
0.00135461
0.00135501
0.00135501
0.00135461
0.00156297
0.00156348
0.00156348
0.00156297
0.00179745
0.00179806
0.00179806
0.00179745
0.00206804
0.00206873
0.00206873
0.00206804
0.00238816
0.00238906
0.00238906
0.00238816
0.00274467
0.00274565
0.00274565
0.00274467
0.00313588
0.00313703
0.00313703
0.00313588
0.00352616
0.00352759
0.00352759
0.00352616
0.00389729
0.00389964
0.00389964
0.00389729
0.00414383
0.00414692
0.00414692
0.00414383
0.00424524
0.00425243
0.00425243
0.00424524
0.00386972
0.00387476
0.00387476
0.00386972
0.00380877
0.00381902
0.00381902
0.00380877
0.00113395
0.00113419
0.00113419
0.00113395
0.00102433
0.0010245
0.0010245
0.00102433
0.000921054
0.000921264
0.000921264
0.000921054
0.000823464
0.000823674
0.000823673
0.000823464
0.00073165
0.000731796
0.000731795
0.00073165
0.000647065
0.000647206
0.000647206
0.000647065
0.000568484
0.000568616
0.000568616
0.000568484
0.000496229
0.000496349
0.000496349
0.000496229
0.000431298
0.000431411
0.000431411
0.000431298
0.00037244
0.000372551
0.000372551
0.00037244
0.000394276
0.000394369
0.000394369
0.000394276
0.00041118
0.000411271
0.000411271
0.00041118
0.000424868
0.000424922
0.000424922
0.000424868
0.00043686
0.000436938
0.000436938
0.00043686
0.000446254
0.000446332
0.000446332
0.000446254
0.000451441
0.000451469
0.000451469
0.00045144
0.000451259
0.000451312
0.000451312
0.000451259
0.00044022
0.000440133
0.000440133
0.00044022
0.000432434
0.000432483
0.000432483
0.000432434
0.0314559
0.0314542
0.0314542
0.0314559
0.0332039
0.0332025
0.0332025
0.0332039
0.0344837
0.0344817
0.0344817
0.0344837
0.0353227
0.0353215
0.0353215
0.0353227
0.0356615
0.0356571
0.0356571
0.0356615
0.0351899
0.035184
0.035184
0.0351899
0.0345892
0.0345826
0.0345826
0.0345892
0.0337888
0.0337835
0.0337835
0.0337888
0.0336667
0.0336619
0.0336619
0.0336668
0.0364711
0.0364735
0.0364735
0.0364711
0.0375544
0.0375413
0.0375413
0.0375544
0.0301261
0.0301344
0.0301344
0.0301261
0.0311982
0.0312046
0.0312046
0.0311982
0.0318304
0.0318365
0.0318365
0.0318304
0.0319973
0.0320022
0.0320022
0.0319973
0.0316486
0.0316515
0.0316515
0.0316486
0.0307651
0.0307675
0.0307675
0.0307651
0.0294233
0.0294245
0.0294245
0.0294233
0.0344677
0.0344477
0.0344477
0.0344677
0.0300778
0.0300741
0.0300741
0.0300778
0.0287142
0.0287102
0.0287102
0.0287142
0.0326949
0.0326895
0.0326895
0.0326949
0.0339327
0.0339257
0.0339257
0.0339327
0.0350018
0.0349972
0.0349972
0.0350018
0.0351975
0.0351936
0.0351936
0.0351976
0.0348371
0.0348359
0.0348359
0.0348371
0.0339074
0.0339098
0.0339098
0.0339074
0.0324916
0.0324982
0.0324982
0.0324916
0.0306889
0.0306952
0.0306952
0.0306889
0.0286687
0.028675
0.028675
0.0286687
0.0210297
0.0210151
0.0210151
0.0210297
0.0244584
0.0244393
0.0244393
0.0244584
0.027542
0.027531
0.027531
0.027542
0.029597
0.0295875
0.0295875
0.029597
0.0310805
0.0310746
0.0310746
0.0310805
0.0317772
0.0317726
0.0317726
0.0317772
0.0318838
0.0318818
0.0318818
0.0318838
0.0313552
0.0313561
0.0313561
0.0313552
0.0303139
0.0303189
0.0303189
0.0303139
0.0287924
0.0287999
0.0287999
0.0287924
0.0269701
0.0269793
0.0269793
0.0269701
0.0250456
0.0250547
0.0250547
0.0250456
0.0266153
0.0266217
0.0266217
0.0266153
0.0278793
0.027887
0.027887
0.0278793
0.0288173
0.0288246
0.0288246
0.0288173
0.0293408
0.0293485
0.0293485
0.0293408
0.0294718
0.0294805
0.0294805
0.0294718
0.0291769
0.0291849
0.0291849
0.0291769
0.0284073
0.0284157
0.0284157
0.0284073
0.0272596
0.0272669
0.0272669
0.0272596
0.0257394
0.0257498
0.0257498
0.0257394
0.0277545
0.027759
0.027759
0.0277545
0.0295587
0.0295598
0.0295598
0.0295587
0.0310458
0.0310472
0.0310472
0.0310458
0.0320463
0.0320457
0.0320457
0.0320463
0.0324674
0.0324668
0.0324668
0.0324674
0.0326102
0.0326065
0.0326065
0.0326102
0.0320944
0.0320889
0.0320889
0.0320944
0.031217
0.0312102
0.0312102
0.031217
0.0303566
0.0303502
0.0303502
0.0303566
0.0298597
0.0298445
0.0298445
0.0298597
0.0306149
0.0305991
0.0305991
0.0306149
0.030927
0.0309174
0.0309174
0.030927
0.0238809
0.0238873
0.0238873
0.0238809
0.0256937
0.0256935
0.0256935
0.0256937
0.0272934
0.0272888
0.0272888
0.0272934
0.0285689
0.0285655
0.0285655
0.0285689
0.0293616
0.0293589
0.0293589
0.0293616
0.0297036
0.0297015
0.0297015
0.0297036
0.029513
0.0295076
0.0295076
0.029513
0.0287967
0.0287895
0.0287895
0.0287967
0.0277005
0.0276914
0.0276914
0.0277005
0.0266016
0.0265903
0.0265903
0.0266017
0.0254253
0.025409
0.025409
0.0254253
0.0246201
0.0246068
0.0246068
0.0246201
0.0238716
0.0238541
0.0238541
0.0238716
0.0232316
0.0232378
0.0232378
0.0232316
0.0246838
0.0246888
0.0246888
0.0246838
0.0258324
0.0258373
0.0258373
0.0258324
0.0266496
0.0266545
0.0266545
0.0266496
0.0271049
0.0271102
0.0271102
0.0271049
0.0271913
0.0271979
0.0271979
0.0271913
0.0269158
0.0269232
0.0269232
0.0269158
0.0262136
0.0262222
0.0262222
0.0262136
0.0251697
0.0251779
0.0251779
0.0251697
0.0237873
0.0237967
0.0237967
0.0237873
0.0221035
0.0221099
0.0221099
0.0221035
0.0155447
0.0155444
0.0155444
0.0155447
0.0191714
0.0191527
0.0191527
0.0191714
0.0228488
0.0228381
0.0228381
0.0228488
0.0253451
0.0253339
0.0253339
0.0253451
0.0272223
0.0272145
0.0272145
0.0272223
0.0282734
0.028267
0.028267
0.0282734
0.0287037
0.0286992
0.0286992
0.0287037
0.0285228
0.0285192
0.0285192
0.0285228
0.0277567
0.0277549
0.0277549
0.0277567
0.0265074
0.0265076
0.0265076
0.0265074
0.0249189
0.0249218
0.0249218
0.0249189
0.0231875
0.0231923
0.0231923
0.0231875
0.0215217
0.0215256
0.0215256
0.0215217
0.000403047
0.00040308
0.00040308
0.000403046
0.000469702
0.00046972
0.00046972
0.000469701
0.000537305
0.000537219
0.000537219
0.000537304
0.000621439
0.000621483
0.000621483
0.000621439
0.000718716
0.000718801
0.000718801
0.000718716
0.000832028
0.00083218
0.00083218
0.000832028
0.000963646
0.000963867
0.000963867
0.000963646
0.00111726
0.00111756
0.00111756
0.00111726
0.00129161
0.00129197
0.00129197
0.00129161
0.00149534
0.00149582
0.00149582
0.00149534
0.00173528
0.00173588
0.00173588
0.00173528
0.00202007
0.00202065
0.00202065
0.00202007
0.00235998
0.0023607
0.0023607
0.00235998
0.00275348
0.00275439
0.00275439
0.00275348
0.00320164
0.00320272
0.00320272
0.00320163
0.00368847
0.00368944
0.00368944
0.00368847
0.00417735
0.00417845
0.00417845
0.00417734
0.00454792
0.00454831
0.00454831
0.00454792
0.00455686
0.0045591
0.0045591
0.00455686
0.00360073
0.0035977
0.0035977
0.00360073
0.00204334
0.00204335
0.00204335
0.00204334
0.000318446
0.000318549
0.000318549
0.000318445
0.000338321
0.000338404
0.000338404
0.00033832
0.000353732
0.000353806
0.000353806
0.000353732
0.000365887
0.000365945
0.000365945
0.000365887
0.000376037
0.000376091
0.000376091
0.000376037
0.000384155
0.000384213
0.000384213
0.000384155
0.000388309
0.000388335
0.000388335
0.000388308
0.000387733
0.000387778
0.000387777
0.000387732
0.000378274
0.000378287
0.000378287
0.000378274
0.000364789
0.000364841
0.000364841
0.000364789
0.000340356
0.000340399
0.000340399
0.000340356
0.00122136
0.00122163
0.00122163
0.00122136
0.00112195
0.00112217
0.00112217
0.00112195
0.00104222
0.00104247
0.00104247
0.00104222
0.00094549
0.000945665
0.000945665
0.00094549
0.000848565
0.000848761
0.000848761
0.000848565
0.000757734
0.0007579
0.0007579
0.000757734
0.000673464
0.000673559
0.000673559
0.000673464
0.00059611
0.000596257
0.000596257
0.000596109
0.000524197
0.000524368
0.000524368
0.000524197
0.000459852
0.000459993
0.000459993
0.000459853
0.000399765
0.000399908
0.000399908
0.000399765
0.00034465
0.000344786
0.000344786
0.00034465
0.000294071
0.000294195
0.000294195
0.000294071
0.00121965
0.00121976
0.00121976
0.00121965
0.00119727
0.0011981
0.0011981
0.00119727
0.00104369
0.00104359
0.00104359
0.00104369
0.000956809
0.000957184
0.000957184
0.000956809
0.000861789
0.000861939
0.000861939
0.000861789
0.000768679
0.000768807
0.000768807
0.000768678
0.00068397
0.000684047
0.000684047
0.00068397
0.000606124
0.00060621
0.00060621
0.000606123
0.000536024
0.000536169
0.000536169
0.000536024
0.00047191
0.000472048
0.000472048
0.00047191
0.000412977
0.000413108
0.000413108
0.000412978
0.000359248
0.000359393
0.000359393
0.000359248
0.000309697
0.000309834
0.000309834
0.000309697
0.000264087
0.000264208
0.000264208
0.000264087
0.000222201
0.000222303
0.000222303
0.000222201
0.000247514
0.000247625
0.000247625
0.000247514
0.000269274
0.000269367
0.000269367
0.000269273
0.000287157
0.000287234
0.000287234
0.000287157
0.000301547
0.000301607
0.000301607
0.000301547
0.000313116
0.000313163
0.000313163
0.000313116
0.000320918
0.000320956
0.000320956
0.000320918
0.000327026
0.000327068
0.000327068
0.000327026
0.000328961
0.000328989
0.000328989
0.000328961
0.00032692
0.000326965
0.000326964
0.00032692
0.000318127
0.000318159
0.000318159
0.000318127
0.000304563
0.000304611
0.000304611
0.000304562
0.000284032
0.000284078
0.000284078
0.000284032
0.00025777
0.000257815
0.000257816
0.00025777
0.000308379
0.000308417
0.000308417
0.000308379
0.000362408
0.000362432
0.000362432
0.000362408
0.00042159
0.000421599
0.000421599
0.00042159
0.000490323
0.000490229
0.000490229
0.000490322
0.000569167
0.000569168
0.000569168
0.000569167
0.000661814
0.00066188
0.00066188
0.000661814
0.000770063
0.000770184
0.000770184
0.000770063
0.000896039
0.000896226
0.000896226
0.000896039
0.00104187
0.00104213
0.00104213
0.00104187
0.00121217
0.00121248
0.00121248
0.00121217
0.00142012
0.00142059
0.00142059
0.00142012
0.00166479
0.00166539
0.00166539
0.00166479
0.00195454
0.00195517
0.00195517
0.00195454
0.0023015
0.0023022
0.0023022
0.00230149
0.00272108
0.00272204
0.00272204
0.00272108
0.00322487
0.00322618
0.00322618
0.00322487
0.00380008
0.00380154
0.00380154
0.00380008
0.00447389
0.00447617
0.00447617
0.00447388
0.00517187
0.00517564
0.00517564
0.00517187
0.0056956
0.0057015
0.0057015
0.0056956
0.0058022
0.00580263
0.00580263
0.0058022
0.00536879
0.00537852
0.00537852
0.00536879
0.00197598
0.00198603
0.00198603
0.00197598
0.00383254
0.0038266
0.0038266
0.00383255
0.0117286
0.0117393
0.0117393
0.0117286
0.0153724
0.0153539
0.0153539
0.0153724
0.0191504
0.0191396
0.0191396
0.0191504
0.0216619
0.0216499
0.0216499
0.0216619
0.0236521
0.0236446
0.0236446
0.0236521
0.0249116
0.0249058
0.0249058
0.0249116
0.0255855
0.0255824
0.0255824
0.0255855
0.0256618
0.0256619
0.0256619
0.0256618
0.0252035
0.025207
0.025207
0.0252035
0.0242149
0.0242208
0.0242208
0.0242149
0.0228044
0.0228145
0.0228145
0.0228044
0.0211627
0.0211748
0.0211748
0.0211627
0.0195487
0.0195581
0.0195581
0.0195487
0.0181365
0.0181418
0.0181418
0.0181365
0.0200224
0.0200258
0.0200258
0.0200224
0.0216287
0.0216322
0.0216322
0.0216287
0.0229865
0.0229899
0.0229899
0.0229865
0.0240516
0.0240546
0.0240546
0.0240516
0.0247987
0.024802
0.024802
0.0247987
0.0252062
0.02521
0.02521
0.0252062
0.0252682
0.0252731
0.0252731
0.0252682
0.0249775
0.0249833
0.0249833
0.0249775
0.0243319
0.0243385
0.0243385
0.0243319
0.023354
0.0233613
0.0233613
0.023354
0.0220693
0.0220761
0.0220761
0.0220693
0.020517
0.020522
0.020522
0.020517
0.018644
0.0186496
0.0186496
0.018644
0.0201318
0.0201411
0.0201411
0.0201318
0.0218344
0.0218478
0.0218478
0.0218344
0.023586
0.0235941
0.0235941
0.023586
0.0250546
0.0250585
0.0250585
0.0250546
0.0261211
0.0261251
0.0261251
0.0261211
0.0267343
0.0267368
0.0267368
0.0267343
0.0268652
0.0268638
0.0268638
0.0268652
0.0264347
0.0264297
0.0264297
0.0264347
0.0254971
0.0254903
0.0254903
0.0254971
0.0241861
0.0241778
0.0241778
0.0241861
0.0227581
0.0227491
0.0227491
0.0227581
0.0213747
0.0213665
0.0213665
0.0213747
0.0198558
0.0198509
0.0198509
0.0198558
0.0185711
0.0185676
0.0185676
0.0185711
0.0139698
0.0139691
0.0139691
0.0139698
0.0160232
0.0160228
0.0160228
0.0160232
0.0177345
0.0177291
0.0177291
0.0177345
0.0193172
0.0193098
0.0193098
0.0193172
0.0208835
0.0208765
0.0208765
0.0208835
0.0222406
0.0222335
0.0222335
0.0222406
0.0232509
0.0232448
0.0232448
0.0232509
0.0237722
0.023768
0.023768
0.0237722
0.0237205
0.0237173
0.0237173
0.0237205
0.0231663
0.0231618
0.0231618
0.0231663
0.0222132
0.0222071
0.0222071
0.0222132
0.0209121
0.0209102
0.0209102
0.0209121
0.0193973
0.0194007
0.0194007
0.0193973
0.0178971
0.017899
0.017899
0.0178971
0.016532
0.0165353
0.0165353
0.016532
0.00123713
0.00123706
0.00123706
0.00123713
0.00122168
0.00122151
0.00122151
0.00122168
0.00110758
0.0011076
0.0011076
0.00110758
0.000981823
0.000981716
0.000981716
0.000981823
0.000872202
0.000872376
0.000872376
0.000872202
0.000773622
0.000773746
0.000773746
0.000773622
0.000684416
0.000684484
0.000684484
0.000684416
0.000603863
0.000603948
0.000603948
0.000603863
0.000532976
0.000533089
0.000533089
0.000532976
0.000469583
0.000469719
0.000469719
0.000469583
0.000412873
0.000412996
0.000412996
0.000412874
0.000361283
0.000361395
0.000361395
0.000361283
0.000314225
0.000314339
0.000314339
0.000314225
0.000270851
0.000270956
0.000270956
0.000270851
0.000230759
0.000230852
0.000230852
0.000230759
0.000193829
0.000193904
0.000193904
0.000193829
0.000159797
0.000159854
0.000159854
0.000159797
0.000183249
0.00018332
0.00018332
0.000183249
0.000204387
0.000204476
0.000204476
0.000204386
0.000223043
0.000223131
0.000223131
0.000223043
0.000238784
0.000238843
0.000238843
0.000238784
0.00025206
0.000252105
0.000252105
0.00025206
0.000262142
0.000262191
0.000262191
0.000262142
0.000268367
0.000268398
0.000268398
0.000268367
0.000272542
0.000272579
0.000272579
0.000272542
0.000272746
0.000272777
0.000272777
0.000272746
0.000269591
0.000269634
0.000269634
0.000269591
0.00026154
0.000261578
0.000261578
0.00026154
0.000249341
0.00024939
0.00024939
0.000249341
0.000232313
0.00023236
0.00023236
0.000232313
0.000211171
0.000211214
0.000211214
0.000211171
0.000186254
0.000186299
0.000186299
0.000186254
0.000227182
0.000227232
0.000227232
0.000227182
0.000271697
0.000271741
0.000271741
0.000271697
0.000319803
0.000319834
0.000319834
0.000319803
0.000375078
0.000375114
0.000375114
0.000375077
0.00043831
0.000438289
0.000438289
0.00043831
0.000511471
0.000511438
0.000511438
0.000511471
0.000596166
0.000596197
0.000596197
0.000596166
0.000695886
0.000695968
0.000695968
0.000695886
0.00081342
0.000813561
0.000813561
0.00081342
0.000952071
0.00095227
0.000952271
0.000952072
0.00111916
0.0011194
0.0011194
0.00111916
0.00131927
0.0013196
0.0013196
0.00131927
0.00155955
0.00156001
0.00156001
0.00155955
0.00185239
0.00185292
0.00185292
0.00185239
0.00220159
0.00220213
0.00220213
0.00220159
0.0026273
0.00262806
0.00262806
0.0026273
0.00314475
0.00314544
0.00314544
0.00314475
0.00375928
0.00375964
0.00375964
0.00375929
0.00452102
0.00452207
0.00452207
0.00452102
0.00533908
0.00533982
0.00533982
0.00533907
0.00621908
0.00622238
0.00622237
0.00621908
0.006878
0.00687961
0.00687961
0.006878
0.00726605
0.00727106
0.00727106
0.00726605
0.00724131
0.00723302
0.00723302
0.00724131
0.0097329
0.00974124
0.00974124
0.0097329
0.0120409
0.0120546
0.0120546
0.0120409
0.0139923
0.0139926
0.0139926
0.0139923
0.0166446
0.0166417
0.0166417
0.0166446
0.0186891
0.0186807
0.0186807
0.0186891
0.0204594
0.0204535
0.0204535
0.0204594
0.0216545
0.0216487
0.0216487
0.0216545
0.0223501
0.0223448
0.0223448
0.0223501
0.0224969
0.0224909
0.0224909
0.0224969
0.0221179
0.0221107
0.0221107
0.0221179
0.0212796
0.021272
0.021272
0.0212796
0.0201083
0.0201044
0.0201044
0.0201083
0.0187404
0.0187415
0.0187415
0.0187404
0.0173396
0.017342
0.017342
0.0173396
0.0160494
0.0160517
0.0160517
0.0160494
0.0149307
0.0149356
0.0149356
0.0149307
0.0169266
0.0169318
0.0169318
0.0169266
0.018708
0.0187136
0.0187136
0.018708
0.0202414
0.0202466
0.0202466
0.0202414
0.0215207
0.0215261
0.0215261
0.0215207
0.0225149
0.0225201
0.0225201
0.0225149
0.023205
0.0232107
0.0232107
0.023205
0.0235786
0.0235851
0.0235851
0.0235786
0.023624
0.0236314
0.0236314
0.023624
0.0233386
0.0233469
0.0233469
0.0233386
0.022732
0.0227409
0.0227409
0.022732
0.0218097
0.0218194
0.0218194
0.0218097
0.0205959
0.020605
0.020605
0.0205959
0.019115
0.0191241
0.0191241
0.019115
0.017348
0.0173569
0.0173569
0.017348
0.0153192
0.0153268
0.0153268
0.0153192
0.0130448
0.013051
0.013051
0.0130448
0.0141446
0.0141506
0.0141506
0.0141446
0.0154441
0.0154515
0.0154515
0.0154441
0.01689
0.0169005
0.0169005
0.01689
0.0183394
0.0183512
0.0183512
0.0183394
0.0195168
0.0195258
0.0195258
0.0195168
0.0203085
0.0203172
0.0203172
0.0203085
0.0206147
0.0206207
0.0206207
0.0206147
0.0205168
0.0205184
0.0205184
0.0205168
0.0199549
0.0199527
0.0199527
0.0199549
0.0189953
0.0189911
0.0189911
0.0189953
0.0177488
0.0177444
0.0177444
0.0177488
0.0162766
0.0162701
0.0162701
0.0162766
0.0147761
0.0147739
0.0147739
0.0147761
0.01318
0.0131821
0.0131821
0.01318
0.00741042
0.00740928
0.00740928
0.00741042
0.00593134
0.00593045
0.00593045
0.00593134
0.00481041
0.0048126
0.0048126
0.00481041
0.00390972
0.00391189
0.00391189
0.00390972
0.00308479
0.00308564
0.00308564
0.00308479
0.00234414
0.00234304
0.00234304
0.00234414
0.00202663
0.00202852
0.00202852
0.00202663
0.00156743
0.00156741
0.00156741
0.00156743
0.00126768
0.00126786
0.00126786
0.00126768
0.00107138
0.00107168
0.00107168
0.00107138
0.000909057
0.000909235
0.000909235
0.000909056
0.000785358
0.000785622
0.000785622
0.000785358
0.000679874
0.000680091
0.000680091
0.000679874
0.000592311
0.00059249
0.00059249
0.000592311
0.00051806
0.000518221
0.000518221
0.00051806
0.000454274
0.00045442
0.00045442
0.000454274
0.000398438
0.000398578
0.000398578
0.000398438
0.00034906
0.000349191
0.000349191
0.00034906
0.000304805
0.000304926
0.000304926
0.000304805
0.000264799
0.000264909
0.000264909
0.000264799
0.000228189
0.000228285
0.000228285
0.000228189
0.000194398
0.000194477
0.000194477
0.000194398
0.000163089
0.000163153
0.000163152
0.000163089
0.000134178
0.000134228
0.000134228
0.000134178
0.000107351
0.000107388
0.000107388
0.000107351
0.000127759
0.000127801
0.000127801
0.000127759
0.000146722
0.000146773
0.000146773
0.000146722
0.000163909
0.000163967
0.000163967
0.000163909
0.000179139
0.000179201
0.000179201
0.000179139
0.000192141
0.000192193
0.000192193
0.000192141
0.000202806
0.000202851
0.000202851
0.000202806
0.000210881
0.000210921
0.000210921
0.000210881
0.000216191
0.000216224
0.000216224
0.000216191
0.00021884
0.000218872
0.000218872
0.000218839
0.000218543
0.000218574
0.000218574
0.000218543
0.000215179
0.000215216
0.000215216
0.000215179
0.000208342
0.000208379
0.000208379
0.000208342
0.000198187
0.000198228
0.000198228
0.000198187
0.000184701
0.000184742
0.000184742
0.000184701
0.00016812
0.00016816
0.00016816
0.00016812
0.000148453
0.000148496
0.000148496
0.000148453
0.000125565
0.000125606
0.000125606
0.000125565
0.000157681
0.000157729
0.000157729
0.000157681
0.000192515
0.000192566
0.000192566
0.000192515
0.000230528
0.000230586
0.000230586
0.000230528
0.000273446
0.000273497
0.000273497
0.000273446
0.000322485
0.000322556
0.000322556
0.000322484
0.000379826
0.000379877
0.000379876
0.000379825
0.000444524
0.000444511
0.000444511
0.000444523
0.000520882
0.000520905
0.000520905
0.000520882
0.000610774
0.000610834
0.000610834
0.000610774
0.000717597
0.000717707
0.000717708
0.000717598
0.00084463
0.000844798
0.000844798
0.00084463
0.000997628
0.000997817
0.000997817
0.000997628
0.00118574
0.00118598
0.00118597
0.00118574
0.00141573
0.00141613
0.00141613
0.00141573
0.00169328
0.00169372
0.00169372
0.00169328
0.00203266
0.00203303
0.00203303
0.00203266
0.00245378
0.00245451
0.00245451
0.00245378
0.00296249
0.00296309
0.00296309
0.00296249
0.00359964
0.00360001
0.00360001
0.00359964
0.0043771
0.00437788
0.00437788
0.0043771
0.00531877
0.00531994
0.00531994
0.00531877
0.006353
0.00635475
0.00635475
0.006353
0.00736908
0.00737188
0.00737188
0.00736907
0.00818991
0.00819706
0.00819706
0.00818992
0.00879469
0.00878902
0.00878902
0.00879469
0.0102091
0.0102112
0.0102112
0.0102091
0.0114473
0.0114524
0.0114524
0.0114473
0.0128224
0.0128234
0.0128234
0.0128224
0.0145141
0.0145174
0.0145174
0.0145141
0.0160263
0.0160262
0.0160262
0.0160263
0.0174512
0.0174525
0.0174525
0.0174512
0.0185057
0.0185074
0.0185074
0.0185057
0.0191968
0.0192006
0.0192006
0.0191968
0.0194663
0.0194723
0.0194723
0.0194663
0.019292
0.019299
0.019299
0.019292
0.0186659
0.0186724
0.0186724
0.0186659
0.0176264
0.0176343
0.0176343
0.0176264
0.0163003
0.016311
0.016311
0.0163003
0.0149258
0.0149347
0.0149347
0.0149258
0.0136999
0.0137055
0.0137055
0.0136999
0.0126777
0.0126833
0.0126833
0.0126777
0.0118574
0.0118617
0.0118617
0.0118574
0.0139913
0.0139959
0.0139959
0.0139913
0.0159111
0.0159152
0.0159152
0.0159111
0.0176095
0.017614
0.017614
0.0176095
0.0190762
0.0190804
0.0190804
0.0190762
0.0202874
0.0202919
0.0202919
0.0202874
0.0212234
0.0212283
0.0212283
0.0212234
0.021869
0.0218745
0.0218745
0.021869
0.0222143
0.0222205
0.0222205
0.0222143
0.0222499
0.0222569
0.0222569
0.0222499
0.0219769
0.0219847
0.0219847
0.0219769
0.0213976
0.021406
0.021406
0.0213976
0.0205177
0.0205264
0.0205264
0.0205177
0.0193578
0.0193666
0.0193666
0.0193578
0.017925
0.0179347
0.0179347
0.017925
0.016243
0.0162517
0.0162517
0.016243
0.0143281
0.0143354
0.0143354
0.0143281
0.0121703
0.0121754
0.0121754
0.0121703
0.00978435
0.00978845
0.00978845
0.00978435
0.0105474
0.0105509
0.0105509
0.0105474
0.0115199
0.0115227
0.0115227
0.0115199
0.0127119
0.0127146
0.0127146
0.0127119
0.0139843
0.0139842
0.0139842
0.0139843
0.0151736
0.0151727
0.0151727
0.0151736
0.0160856
0.01608
0.01608
0.0160856
0.0166574
0.0166521
0.0166521
0.0166574
0.0169201
0.016917
0.016917
0.0169201
0.0168301
0.0168285
0.0168285
0.0168301
0.0163786
0.0163776
0.0163776
0.0163786
0.0155851
0.0155841
0.0155841
0.0155851
0.0145692
0.0145693
0.0145693
0.0145692
0.0133505
0.0133493
0.0133493
0.0133505
0.0121864
0.0121914
0.0121914
0.0121864
0.0111183
0.0111268
0.0111268
0.0111183
0.0100325
0.0100429
0.0100429
0.0100325
0.00878116
0.00878677
0.00878677
0.00878116
0.00742325
0.00742385
0.00742385
0.00742325
0.00611291
0.00611283
0.00611283
0.00611291
0.00495814
0.00495777
0.00495777
0.00495814
0.0039609
0.00395925
0.00395925
0.0039609
0.00311811
0.00311736
0.00311736
0.00311811
0.00244472
0.00244438
0.00244438
0.00244472
0.00192775
0.00192762
0.00192762
0.00192775
0.00149102
0.00149041
0.00149041
0.00149102
0.0011734
0.0011734
0.0011734
0.0011734
0.000955451
0.000955578
0.000955577
0.00095545
0.000791297
0.000791474
0.000791474
0.000791296
0.000665802
0.000666058
0.000666058
0.000665801
0.000566889
0.000567125
0.000567125
0.000566889
0.000487285
0.000487491
0.000487491
0.000487285
0.000422036
0.000422213
0.000422213
0.000422036
0.000367339
0.000367493
0.000367493
0.000367339
0.000320487
0.000320625
0.000320625
0.000320487
0.000279693
0.000279818
0.000279818
0.000279693
0.000243615
0.000243727
0.000243727
0.000243615
0.000211317
0.000211418
0.000211418
0.000211317
0.000182023
0.000182109
0.000182109
0.000182023
0.000155131
0.000155202
0.000155202
0.000155131
0.000130188
0.000130243
0.000130243
0.000130187
0.000106967
0.000107009
0.000107009
0.000106967
8.53943e-05
8.54261e-05
8.54261e-05
8.53942e-05
6.51908e-05
6.52122e-05
6.52121e-05
6.51907e-05
8.18734e-05
8.18987e-05
8.18987e-05
8.18733e-05
9.75836e-05
9.7615e-05
9.7615e-05
9.75835e-05
0.000112106
0.000112141
0.000112141
0.000112106
0.000125279
0.000125321
0.000125321
0.000125279
0.000136897
0.000136943
0.000136943
0.000136897
0.000146783
0.000146824
0.000146824
0.000146783
0.000154832
0.000154869
0.000154869
0.000154832
0.000160911
0.000160945
0.000160945
0.000160911
0.000164897
0.000164925
0.000164925
0.000164897
0.000166748
0.000166776
0.000166776
0.000166748
0.000166286
0.000166313
0.000166313
0.000166287
0.000163468
0.000163498
0.000163498
0.000163468
0.000158142
0.000158172
0.000158172
0.000158142
0.000150378
0.000150411
0.000150411
0.000150378
0.000140119
0.000140153
0.000140153
0.000140119
0.000127536
0.000127571
0.000127571
0.000127536
0.000112774
0.000112813
0.000112813
0.000112774
9.56711e-05
9.57069e-05
9.57069e-05
9.56711e-05
7.65426e-05
7.6579e-05
7.6579e-05
7.65425e-05
0.000100577
0.00010062
0.00010062
0.000100577
0.000125982
0.000126026
0.000126026
0.000125982
0.000154017
0.000154068
0.000154069
0.000154017
0.000185209
0.000185272
0.000185272
0.000185209
0.000220815
0.000220855
0.000220855
0.000220815
0.000261919
0.000261953
0.000261953
0.000261919
0.000309139
0.000309196
0.000309196
0.000309138
0.000363845
0.000363862
0.000363862
0.000363845
0.000428194
0.000428236
0.000428236
0.000428195
0.00050431
0.000504381
0.000504381
0.00050431
0.000595058
0.00059517
0.00059517
0.000595058
0.000704096
0.000704261
0.000704261
0.000704096
0.000836271
0.000836472
0.000836472
0.00083627
0.000998273
0.000998521
0.000998521
0.000998272
0.0011979
0.00119825
0.00119825
0.0011979
0.00144493
0.00144531
0.00144531
0.00144493
0.00175557
0.00175599
0.00175599
0.00175557
0.00214121
0.0021419
0.0021419
0.00214121
0.00261417
0.00261473
0.00261473
0.00261417
0.00321414
0.00321408
0.00321408
0.00321414
0.00395266
0.00395267
0.00395267
0.00395266
0.00483432
0.0048343
0.0048343
0.00483432
0.00583241
0.00583239
0.00583239
0.00583241
0.00688992
0.0068897
0.0068897
0.00688992
0.00786257
0.00786397
0.00786397
0.00786257
0.00864617
0.00864583
0.00864583
0.00864617
0.00945248
0.00945632
0.00945632
0.00945248
0.0101799
0.0101834
0.0101834
0.0101799
0.0111225
0.0111227
0.0111227
0.0111225
0.0122641
0.0122674
0.0122674
0.0122641
0.0133566
0.0133591
0.0133591
0.0133566
0.0143978
0.0144014
0.0144014
0.0143978
0.0151929
0.0151952
0.0151952
0.0151929
0.0157192
0.01572
0.01572
0.0157192
0.0159104
0.0159077
0.0159077
0.0159104
0.0157665
0.0157603
0.0157603
0.0157665
0.0152987
0.0152898
0.0152898
0.0152987
0.0145114
0.014504
0.014504
0.0145114
0.0134447
0.0134427
0.0134427
0.0134447
0.0122619
0.0122633
0.0122633
0.0122619
0.0111601
0.0111629
0.0111629
0.0111601
0.0102375
0.0102428
0.0102428
0.0102375
0.00951562
0.00952017
0.00952017
0.00951562
0.00898647
0.00898596
0.00898596
0.00898647
0.01122
0.0112194
0.0112194
0.01122
0.013267
0.0132666
0.0132666
0.013267
0.0151201
0.0151191
0.0151191
0.0151201
0.0167597
0.0167586
0.0167586
0.0167597
0.0181681
0.018167
0.018167
0.0181681
0.0193231
0.0193223
0.0193223
0.0193231
0.0202118
0.0202117
0.0202117
0.0202118
0.0208233
0.0208236
0.0208236
0.0208233
0.0211474
0.0211484
0.0211484
0.0211474
0.0211778
0.0211796
0.0211796
0.0211778
0.0209133
0.0209157
0.0209157
0.0209133
0.020356
0.0203589
0.0203589
0.020356
0.0195133
0.0195165
0.0195165
0.0195133
0.0183943
0.018398
0.018398
0.0183943
0.0170107
0.0170148
0.0170148
0.0170107
0.0153902
0.0153937
0.0153937
0.0153902
0.0135468
0.0135496
0.0135496
0.0135468
0.0114865
0.0114879
0.0114879
0.0114865
0.00921414
0.00921492
0.00921492
0.00921414
0.00675149
0.00675217
0.00675217
0.00675149
0.00719521
0.00719777
0.00719777
0.00719522
0.00777636
0.00777659
0.00777659
0.00777636
0.0085354
0.0085351
0.0085351
0.0085354
0.00949192
0.00949696
0.00949696
0.00949192
0.0105397
0.0105501
0.0105501
0.0105397
0.0115888
0.0116044
0.0116044
0.0115888
0.0124846
0.0124998
0.0124998
0.0124846
0.0130485
0.0130619
0.0130619
0.0130485
0.0132659
0.0132799
0.0132799
0.0132659
0.0131216
0.0131357
0.0131357
0.0131216
0.0126611
0.0126753
0.0126753
0.0126611
0.0119682
0.0119801
0.0119801
0.0119682
0.0111501
0.0111609
0.0111609
0.0111501
0.0102407
0.0102478
0.0102478
0.0102407
0.00938138
0.0093896
0.0093896
0.00938138
0.00866216
0.00866995
0.00866995
0.00866216
0.00800779
0.00801306
0.00801306
0.00800779
0.00723744
0.0072394
0.0072394
0.00723744
0.00632929
0.00632873
0.00632872
0.00632929
0.00533973
0.00533893
0.00533893
0.00533973
0.00441261
0.00441224
0.00441224
0.00441261
0.00354932
0.00354931
0.00354931
0.00354932
0.00279205
0.00279334
0.00279334
0.00279205
0.00216159
0.00216268
0.00216268
0.00216159
0.00166477
0.00166594
0.00166594
0.00166476
0.00126938
0.00126996
0.00126996
0.00126938
0.000980071
0.000980732
0.000980732
0.00098007
0.00077472
0.000775262
0.000775262
0.00077472
0.000624777
0.000625175
0.000625174
0.000624776
0.000515008
0.000515313
0.000515313
0.000515008
0.000431145
0.000431355
0.000431355
0.000431145
0.000366134
0.000366302
0.000366302
0.000366134
0.000314233
0.000314371
0.000314371
0.000314233
0.000271642
0.00027176
0.00027176
0.000271643
0.000235808
0.000235911
0.000235911
0.000235808
0.000205034
0.000205125
0.000205125
0.000205034
0.000178122
0.000178204
0.000178204
0.000178122
0.00015424
0.000154314
0.000154314
0.00015424
0.00013275
0.000132815
0.000132815
0.00013275
0.000113155
0.00011321
0.00011321
0.000113155
9.50527e-05
9.50954e-05
9.50954e-05
9.50526e-05
7.81457e-05
7.81776e-05
7.81776e-05
7.81456e-05
6.23014e-05
6.23244e-05
6.23244e-05
6.23014e-05
4.74682e-05
4.74852e-05
4.74852e-05
4.74682e-05
3.34184e-05
3.343e-05
3.343e-05
3.34184e-05
4.5822e-05
4.58391e-05
4.58391e-05
4.5822e-05
5.76396e-05
5.76594e-05
5.76593e-05
5.76396e-05
6.86933e-05
6.87164e-05
6.87164e-05
6.86933e-05
7.89328e-05
7.89628e-05
7.89628e-05
7.89328e-05
8.81903e-05
8.8225e-05
8.8225e-05
8.81903e-05
9.63301e-05
9.63653e-05
9.63653e-05
9.63301e-05
0.000103243
0.000103275
0.000103275
0.000103243
0.000108856
0.000108886
0.000108886
0.000108856
0.00011308
0.000113108
0.000113108
0.00011308
0.000115825
0.000115851
0.000115851
0.000115825
0.000117049
0.000117075
0.000117075
0.000117049
0.000116633
0.000116659
0.000116659
0.000116633
0.000114564
0.000114591
0.000114591
0.000114564
0.000110751
0.000110777
0.000110777
0.000110751
0.000105221
0.000105248
0.000105248
0.000105221
9.79752e-05
9.80033e-05
9.80033e-05
9.79752e-05
8.91162e-05
8.91454e-05
8.91454e-05
8.91162e-05
7.8782e-05
7.88129e-05
7.88129e-05
7.8782e-05
6.70305e-05
6.70625e-05
6.70625e-05
6.70304e-05
5.37693e-05
5.37986e-05
5.37986e-05
5.37692e-05
3.92869e-05
3.93126e-05
3.93126e-05
3.92868e-05
5.5963e-05
5.59939e-05
5.59939e-05
5.59629e-05
7.31318e-05
7.31629e-05
7.31629e-05
7.31318e-05
9.19484e-05
9.19821e-05
9.19821e-05
9.19486e-05
0.000112615
0.000112643
0.000112643
0.000112615
0.000135825
0.000135844
0.000135844
0.000135825
0.000162401
0.000162414
0.000162414
0.000162401
0.000192968
0.000192977
0.000192977
0.000192967
0.000228195
0.000228209
0.000228209
0.000228194
0.000269344
0.000269352
0.000269352
0.000269344
0.000317833
0.000317855
0.000317855
0.000317834
0.000375511
0.000375552
0.000375552
0.000375511
0.000444775
0.000444845
0.000444845
0.000444775
0.000528738
0.000528843
0.000528843
0.000528737
0.0006315
0.000631645
0.000631645
0.0006315
0.000758529
0.000758721
0.000758721
0.000758529
0.000916846
0.00091709
0.00091709
0.000916846
0.00111547
0.00111573
0.00111573
0.00111547
0.00136707
0.00136736
0.00136736
0.00136707
0.00168545
0.00168588
0.00168588
0.00168545
0.00208617
0.00208648
0.00208648
0.00208617
0.00259498
0.00259504
0.00259504
0.00259498
0.00322044
0.00322048
0.00322048
0.00322044
0.00396397
0.00396395
0.00396395
0.00396397
0.0048072
0.00480716
0.00480716
0.0048072
0.00569648
0.00569634
0.00569634
0.00569648
0.0065249
0.00652536
0.00652536
0.0065249
0.00719451
0.00719479
0.00719479
0.00719451
0.00775664
0.00775971
0.00775971
0.00775663
0.00823244
0.0082367
0.0082367
0.00823244
0.00885694
0.0088605
0.0088605
0.00885693
0.00962406
0.00963013
0.00963013
0.00962406
0.0104135
0.0104207
0.0104207
0.0104135
0.0112111
0.0112211
0.0112211
0.0112111
0.0118854
0.0118968
0.0118968
0.0118854
0.0123787
0.0123917
0.0123917
0.0123787
0.0125814
0.0125956
0.0125956
0.0125814
0.0124321
0.012447
0.012447
0.0124321
0.0119266
0.0119397
0.0119397
0.0119266
0.011139
0.0111494
0.0111494
0.011139
0.0101817
0.0101893
0.0101893
0.0101817
0.00919557
0.00919867
0.00919867
0.00919557
0.00830125
0.00830287
0.00830287
0.00830126
0.00756711
0.00757083
0.00757083
0.00756711
0.00700217
0.0070059
0.0070059
0.00700217
0.00658927
0.00658865
0.00658865
0.00658927
0.0062787
0.00627687
0.00627687
0.0062787
0.00858622
0.00858431
0.00858431
0.00858622
0.01074
0.0107382
0.0107382
0.01074
0.0127303
0.012728
0.012728
0.0127303
0.0145305
0.0145276
0.0145276
0.0145305
0.0161202
0.0161172
0.0161172
0.0161202
0.0174801
0.0174774
0.0174774
0.0174801
0.0185952
0.0185928
0.0185928
0.0185952
0.0194516
0.0194498
0.0194498
0.0194516
0.0200389
0.0200377
0.0200377
0.0200389
0.020348
0.0203474
0.0203474
0.020348
0.0203736
0.0203735
0.0203735
0.0203736
0.0201153
0.0201157
0.0201157
0.0201153
0.0195745
0.0195753
0.0195753
0.0195745
0.0187571
0.0187582
0.0187582
0.0187571
0.0176722
0.0176737
0.0176737
0.0176722
0.0163325
0.0163343
0.0163343
0.0163325
0.0147556
0.0147575
0.0147575
0.0147556
0.0129584
0.0129601
0.0129601
0.0129584
0.0109591
0.0109605
0.0109605
0.0109591
0.00877707
0.00877801
0.00877801
0.00877707
0.00642166
0.00642221
0.00642221
0.00642166
0.00391334
0.00391437
0.00391437
0.00391334
0.00413944
0.00414085
0.00414085
0.00413944
0.00439715
0.00440004
0.00440004
0.00439715
0.0047799
0.00478119
0.00478119
0.0047799
0.00533697
0.00533719
0.00533719
0.00533697
0.00607253
0.00607422
0.00607422
0.00607253
0.00679205
0.00678979
0.00678979
0.00679204
0.00734577
0.00733897
0.00733897
0.00734577
0.00775691
0.0077472
0.0077472
0.00775691
0.00800511
0.00799268
0.00799268
0.00800511
0.00811351
0.00810283
0.00810283
0.00811351
0.00805839
0.00805164
0.00805164
0.00805839
0.00785657
0.00785438
0.00785438
0.00785657
0.00750352
0.00750293
0.00750293
0.00750352
0.00705878
0.00706136
0.00706136
0.00705878
0.00655067
0.00655416
0.00655416
0.00655067
0.00605348
0.00605792
0.00605792
0.00605348
0.0056447
0.00564861
0.00564861
0.0056447
0.00529704
0.00529922
0.00529922
0.00529704
0.00491287
0.00491334
0.00491334
0.00491287
0.00442768
0.00442676
0.00442675
0.00442768
0.00380095
0.00379901
0.00379901
0.00380095
0.00317608
0.00317399
0.00317399
0.00317608
0.00255944
0.00255758
0.00255758
0.00255944
0.00199727
0.00199619
0.00199619
0.00199727
0.00153262
0.0015316
0.0015316
0.00153261
0.00115408
0.0011532
0.0011532
0.00115408
0.000868107
0.000867315
0.000867315
0.000868107
0.000661147
0.000660638
0.000660638
0.000661146
0.000514181
0.000513875
0.000513875
0.00051418
0.000407746
0.000407569
0.000407569
0.000407746
0.00033073
0.000330647
0.000330647
0.00033073
0.000273406
0.000273375
0.000273375
0.000273406
0.000229852
0.000229857
0.000229857
0.000229852
0.000195699
0.000195721
0.000195721
0.000195699
0.00016814
0.000168172
0.000168172
0.00016814
0.000145292
0.000145327
0.000145327
0.000145292
0.000125903
0.000125939
0.000125939
0.000125903
0.00010911
0.000109145
0.000109145
0.00010911
9.43202e-05
9.43534e-05
9.43534e-05
9.43201e-05
8.10973e-05
8.11278e-05
8.11277e-05
8.10973e-05
6.91115e-05
6.91381e-05
6.9138e-05
6.91114e-05
5.80963e-05
5.8118e-05
5.8118e-05
5.80962e-05
4.78334e-05
4.78501e-05
4.785e-05
4.78334e-05
3.81676e-05
3.81793e-05
3.81792e-05
3.81676e-05
2.90405e-05
2.90488e-05
2.90488e-05
2.90405e-05
2.04199e-05
2.04271e-05
2.04271e-05
2.04199e-05
1.21081e-05
1.21136e-05
1.21136e-05
1.21081e-05
1.97747e-05
1.97855e-05
1.97855e-05
1.97747e-05
2.71588e-05
2.71728e-05
2.71728e-05
2.71588e-05
3.41339e-05
3.41495e-05
3.41495e-05
3.41339e-05
4.07025e-05
4.07232e-05
4.07232e-05
4.07025e-05
4.67698e-05
4.67951e-05
4.67951e-05
4.67698e-05
5.22363e-05
5.22638e-05
5.22638e-05
5.22363e-05
5.70325e-05
5.70607e-05
5.70607e-05
5.70325e-05
6.11044e-05
6.11322e-05
6.11322e-05
6.11044e-05
6.44036e-05
6.44309e-05
6.44309e-05
6.44036e-05
6.68767e-05
6.69034e-05
6.69034e-05
6.68767e-05
6.84733e-05
6.84993e-05
6.84994e-05
6.84734e-05
6.91619e-05
6.91886e-05
6.91886e-05
6.9162e-05
6.88773e-05
6.89051e-05
6.89051e-05
6.88773e-05
6.76187e-05
6.76471e-05
6.76471e-05
6.76188e-05
6.53326e-05
6.53606e-05
6.53606e-05
6.53326e-05
6.20317e-05
6.20599e-05
6.20599e-05
6.20317e-05
5.77241e-05
5.77519e-05
5.77519e-05
5.77241e-05
5.24653e-05
5.2492e-05
5.2492e-05
5.24653e-05
4.63313e-05
4.63579e-05
4.63579e-05
4.63313e-05
3.941e-05
3.9437e-05
3.9437e-05
3.94099e-05
3.17273e-05
3.17553e-05
3.17553e-05
3.17272e-05
2.32372e-05
2.32565e-05
2.32565e-05
2.32371e-05
1.42184e-05
1.42296e-05
1.42296e-05
1.42183e-05
2.40815e-05
2.40953e-05
2.40952e-05
2.40814e-05
3.40936e-05
3.41055e-05
3.41054e-05
3.40935e-05
4.47033e-05
4.47159e-05
4.47159e-05
4.47033e-05
5.63382e-05
5.63459e-05
5.6346e-05
5.63384e-05
6.90876e-05
6.90841e-05
6.90841e-05
6.90878e-05
8.3593e-05
8.35852e-05
8.35852e-05
8.3593e-05
0.000100072
0.000100057
0.000100057
0.000100071
0.000119009
0.000118986
0.000118986
0.000119009
0.000140953
0.000140923
0.000140923
0.000140953
0.000166666
0.000166628
0.000166628
0.000166667
0.000197105
0.000197062
0.000197062
0.000197105
0.000233496
0.000233449
0.000233449
0.000233496
0.000277458
0.000277407
0.000277407
0.000277458
0.000331113
0.000331055
0.000331055
0.000331113
0.000397296
0.000397224
0.000397224
0.000397296
0.000479785
0.000479692
0.000479692
0.000479785
0.000583522
0.000583395
0.000583395
0.000583522
0.000715049
0.000714848
0.000714849
0.000715049
0.000883201
0.000882892
0.000882892
0.000883201
0.00109855
0.00109811
0.00109811
0.00109855
0.00137325
0.00137253
0.00137253
0.00137325
0.00172237
0.00172141
0.00172141
0.00172237
0.00215557
0.00215438
0.00215438
0.00215557
0.00267544
0.00267403
0.00267403
0.00267544
0.00326714
0.00326557
0.00326557
0.00326714
0.00388992
0.00388835
0.00388835
0.00388992
0.00446809
0.00446691
0.00446691
0.00446809
0.00492578
0.00492404
0.00492404
0.00492578
0.00528972
0.00528995
0.00528995
0.00528972
0.00557145
0.00557188
0.00557188
0.00557145
0.00591886
0.00592034
0.00592034
0.00591886
0.00633088
0.00633241
0.00633241
0.00633088
0.00675513
0.00675441
0.00675441
0.00675513
0.00717634
0.0071734
0.0071734
0.00717634
0.00751693
0.00751055
0.00751055
0.00751693
0.00774685
0.00773762
0.00773762
0.00774685
0.00781677
0.00780544
0.00780544
0.00781677
0.00771818
0.00770624
0.00770624
0.00771818
0.00747663
0.00746495
0.00746495
0.00747663
0.00712362
0.00711384
0.00711384
0.00712362
0.00662438
0.0066187
0.0066187
0.00662438
0.00595706
0.00595583
0.00595583
0.00595706
0.00525816
0.0052595
0.0052595
0.00525816
0.00468813
0.00469322
0.00469322
0.00468813
0.00430154
0.00430604
0.00430604
0.00430154
0.00404362
0.00404296
0.00404296
0.00404362
0.00384383
0.00384198
0.00384198
0.00384383
0.00368592
0.00368663
0.00368663
0.00368592
0.00604894
0.00604924
0.00604924
0.00604894
0.00830069
0.00830058
0.00830058
0.00830069
0.0104139
0.0104131
0.0104131
0.0104139
0.0123647
0.0123629
0.0123629
0.0123647
0.0141276
0.0141256
0.0141256
0.0141276
0.0156822
0.0156803
0.0156803
0.0156822
0.0170113
0.0170097
0.0170097
0.0170113
0.0181003
0.0180991
0.0180991
0.0181003
0.0189358
0.018935
0.018935
0.0189358
0.0195073
0.019507
0.019507
0.0195073
0.0198072
0.0198074
0.0198074
0.0198072
0.0198306
0.0198312
0.0198312
0.0198306
0.0195759
0.0195769
0.0195769
0.0195759
0.0190457
0.019047
0.019047
0.0190457
0.0182456
0.0182471
0.0182471
0.0182456
0.0171831
0.0171849
0.0171849
0.0171831
0.0158705
0.0158725
0.0158725
0.0158705
0.014323
0.0143253
0.0143253
0.014323
0.012557
0.0125597
0.0125597
0.012557
0.0105909
0.0105944
0.0105944
0.0105909
0.00845127
0.00845505
0.00845505
0.00845127
0.00616409
0.0061675
0.00616751
0.00616409
0.00376134
0.0037635
0.0037635
0.00376134
0.00138921
0.00138978
0.00138978
0.00138921
0.00155326
0.00155386
0.00155386
0.00155326
0.00171238
0.00171289
0.00171289
0.00171238
0.00188677
0.00188755
0.00188755
0.00188677
0.00207117
0.00207181
0.00207181
0.00207117
0.00228253
0.00228366
0.00228366
0.00228253
0.00249463
0.00249632
0.00249632
0.00249463
0.00267388
0.00267503
0.00267503
0.00267388
0.0028537
0.00285663
0.00285663
0.0028537
0.00284862
0.00284887
0.00284887
0.00284862
0.00304859
0.00305318
0.00305318
0.00304859
0.00139967
0.00139969
0.00139969
0.00139968
0.00240981
0.00241668
0.00241668
0.00240981
-0.00455435
-0.00455431
-0.00455431
-0.00455435
0.00778009
0.00775644
0.00775644
0.00778009
0.0185899
0.0185779
0.0185779
0.0185899
0.0294845
0.029479
0.029479
0.0294845
0.0392587
0.0392511
0.0392511
0.0392587
0.0461594
0.0461546
0.0461546
0.0461594
0.0491648
0.0491634
0.0491634
0.0491648
0.0475357
0.047539
0.047539
0.0475357
0.0418082
0.0418071
0.0418071
0.0418082
0.0333805
0.0333733
0.0333733
0.0333805
0.0243745
0.0243628
0.0243627
0.0243745
0.0170083
0.0169988
0.0169988
0.0170083
0.012785
0.0127877
0.0127877
0.012785
0.0096297
0.0096348
0.0096348
0.0096297
0.00733169
0.00733536
0.00733536
0.00733169
0.00546123
0.00546016
0.00546016
0.00546123
0.00416151
0.00416215
0.00416215
0.00416151
0.00328584
0.00328687
0.00328687
0.00328584
0.00255241
0.00255148
0.00255148
0.00255241
0.00205305
0.00205299
0.00205299
0.00205305
0.00164114
0.00164091
0.00164091
0.00164114
0.00136224
0.00136253
0.00136253
0.00136224
0.00109469
0.00109443
0.00109443
0.00109469
3.93081e-06
3.92703e-06
3.92703e-06
3.93081e-06
6.43706e-06
6.43144e-06
6.43144e-06
6.43706e-06
8.81944e-06
8.8103e-06
8.8103e-06
8.81944e-06
1.11041e-05
1.10941e-05
1.10941e-05
1.11041e-05
1.32488e-05
1.32372e-05
1.32372e-05
1.32488e-05
1.52193e-05
1.52054e-05
1.52054e-05
1.52193e-05
1.69882e-05
1.69719e-05
1.69719e-05
1.69882e-05
1.85376e-05
1.85188e-05
1.85188e-05
1.85376e-05
1.98495e-05
1.98282e-05
1.98282e-05
1.98495e-05
2.09075e-05
2.0884e-05
2.0884e-05
2.09075e-05
2.1695e-05
2.16694e-05
2.16694e-05
2.1695e-05
2.21962e-05
2.2169e-05
2.2169e-05
2.21962e-05
2.23995e-05
2.23715e-05
2.23715e-05
2.23995e-05
2.22846e-05
2.22566e-05
2.22566e-05
2.22847e-05
2.18587e-05
2.18308e-05
2.18308e-05
2.18587e-05
2.11016e-05
2.10743e-05
2.10743e-05
2.11016e-05
2.00187e-05
1.99927e-05
1.99927e-05
2.00187e-05
1.86119e-05
1.85877e-05
1.85877e-05
1.86119e-05
1.68971e-05
1.68751e-05
1.68751e-05
1.68971e-05
1.4899e-05
1.48799e-05
1.48799e-05
1.4899e-05
1.26534e-05
1.26376e-05
1.26376e-05
1.26534e-05
1.01895e-05
1.01782e-05
1.01782e-05
1.01894e-05
7.48724e-06
7.47919e-06
7.47917e-06
7.4872e-06
4.54289e-06
4.53308e-06
4.53307e-06
4.54286e-06
1.58914e-06
1.58992e-06
1.58992e-06
1.58913e-06
4.94561e-06
4.95767e-06
4.95766e-06
4.94558e-06
8.29443e-06
8.31449e-06
8.31447e-06
8.29439e-06
1.18108e-05
1.18369e-05
1.18369e-05
1.18108e-05
1.53942e-05
1.54195e-05
1.54195e-05
1.53943e-05
1.94679e-05
1.95011e-05
1.95011e-05
1.9468e-05
2.39771e-05
2.40176e-05
2.40177e-05
2.39772e-05
2.90735e-05
2.91235e-05
2.91235e-05
2.90735e-05
3.48679e-05
3.49283e-05
3.49283e-05
3.48678e-05
4.15494e-05
4.16232e-05
4.16231e-05
4.15493e-05
4.93365e-05
4.94269e-05
4.94269e-05
4.93366e-05
5.85196e-05
5.86308e-05
5.86309e-05
5.85198e-05
6.94684e-05
6.96078e-05
6.96078e-05
6.94684e-05
8.26673e-05
8.2843e-05
8.28429e-05
8.26669e-05
9.87611e-05
9.89839e-05
9.89838e-05
9.8761e-05
0.00011861
0.000118894
0.000118894
0.00011861
0.000143375
0.000143736
0.000143736
0.000143375
0.000174628
0.000175089
0.000175089
0.000174628
0.000214479
0.000215069
0.000215069
0.000214479
0.000265734
0.00026649
0.00026649
0.000265734
0.000332163
0.00033313
0.00033313
0.000332162
0.000418482
0.000419727
0.000419726
0.000418482
0.000530197
0.000531781
0.000531781
0.000530197
0.000673843
0.000675881
0.000675881
0.000673843
0.000854138
0.000856764
0.000856764
0.000854138
0.0010726
0.00107597
0.00107597
0.0010726
0.00132287
0.00132712
0.00132712
0.00132287
0.00158714
0.00159238
0.00159238
0.00158714
0.00183481
0.00184126
0.00184126
0.00183481
0.00202955
0.00203684
0.00203684
0.00202955
0.00218044
0.00218895
0.00218895
0.00218044
0.00230575
0.00231523
0.00231523
0.00230575
0.00246187
0.00247327
0.00247327
0.00246187
0.00264362
0.00265687
0.00265687
0.00264362
0.00284113
0.0028561
0.0028561
0.00284113
0.00304658
0.00306383
0.00306383
0.00304658
0.00322138
0.00324066
0.00324066
0.00322138
0.00334741
0.00336859
0.00336859
0.00334741
0.00340014
0.00342231
0.00342231
0.00340014
0.00337887
0.00340094
0.00340094
0.00337887
0.00328466
0.00330491
0.00330491
0.00328466
0.00309011
0.0031069
0.0031069
0.00309011
0.0027324
0.002745
0.002745
0.0027324
0.0022419
0.0022502
0.0022502
0.0022419
0.00182071
0.00182481
0.00182481
0.00182071
0.00160471
0.001607
0.001607
0.00160471
0.0015012
0.00150318
0.00150318
0.0015012
0.0014053
0.0014057
0.0014057
0.0014053
0.00130168
0.00130163
0.00130163
0.00130168
0.00122602
0.00122753
0.00122753
0.00122602
0.00120189
0.00120345
0.00120345
0.00120189
0.00360238
0.00360403
0.00360403
0.00360238
0.00593459
0.00593574
0.00593574
0.00593459
0.00816392
0.00816426
0.00816426
0.00816392
0.0102599
0.0102593
0.0102593
0.0102599
0.0121921
0.0121908
0.0121908
0.0121921
0.0139353
0.0139339
0.0139339
0.0139353
0.0154725
0.0154713
0.0154713
0.0154725
0.0167873
0.0167863
0.0167863
0.0167873
0.017864
0.0178634
0.0178634
0.017864
0.0186897
0.0186895
0.0186895
0.0186897
0.0192542
0.0192545
0.0192545
0.0192542
0.0195498
0.0195504
0.0195504
0.0195498
0.0195717
0.0195727
0.0195727
0.0195717
0.0193192
0.0193206
0.0193206
0.0193192
0.0187942
0.0187958
0.0187958
0.0187942
0.0180018
0.0180035
0.0180035
0.0180018
0.0169504
0.0169523
0.0169523
0.0169504
0.0156516
0.0156537
0.0156537
0.0156516
0.0141188
0.0141211
0.0141211
0.0141188
0.0123678
0.0123708
0.0123708
0.0123678
0.0104186
0.0104225
0.0104225
0.0104186
0.00829774
0.00830205
0.00830205
0.00829774
0.00603706
0.00604105
0.00604105
0.00603706
0.00367253
0.003675
0.003675
0.00367253
0.00123349
0.00123436
0.00123436
0.00123349
0.00124818
0.0012494
0.0012494
0.00124818
0.00132265
0.00132312
0.00132312
0.00132265
0.00142075
0.00142188
0.00142188
0.00142075
0.00152768
0.00152871
0.00152871
0.00152768
0.001618
0.00161874
0.00161874
0.001618
0.00182114
0.00182521
0.00182521
0.00182114
0.00225416
0.0022638
0.0022638
0.00225416
0.00276001
0.00277375
0.00277375
0.00276001
0.00312949
0.00314673
0.00314673
0.00312949
0.00334084
0.00336097
0.00336097
0.00334084
0.00343018
0.00345183
0.00345183
0.00343018
0.00345107
0.00347379
0.00347379
0.00345107
0.00340389
0.00342587
0.00342587
0.00340389
0.0032853
0.00330529
0.00330529
0.0032853
0.00308891
0.00310606
0.00310606
0.00308891
0.00286938
0.00288477
0.00288477
0.00286938
0.00263558
0.00264923
0.00264923
0.00263558
0.00241806
0.00242992
0.00242992
0.00241806
0.00224495
0.00225495
0.00225495
0.00224495
0.00210414
0.00211241
0.00211241
0.00210414
0.00198377
0.00199137
0.00199137
0.00198377
0.00182214
0.00182911
0.00182911
0.00182214
0.00159296
0.00159802
0.00159802
0.00159296
0.001346
0.00135044
0.00135044
0.001346
0.0010962
0.00110019
0.00110019
0.0010962
0.000861144
0.000864346
0.000864346
0.000861144
0.000662927
0.000665623
0.000665623
0.000662927
0.000494867
0.000496973
0.000496973
0.000494867
0.000367512
0.000369131
0.000369131
0.000367512
0.000274457
0.000275712
0.000275712
0.000274457
0.000207593
0.000208534
0.000208534
0.000207593
0.000159727
0.000160421
0.000160421
0.000159727
0.00012577
0.000126283
0.000126283
0.00012577
0.000101291
0.000101669
0.000101669
0.000101291
8.33397e-05
8.36186e-05
8.36186e-05
8.33397e-05
6.9779e-05
6.99873e-05
6.99874e-05
6.9779e-05
5.92147e-05
5.93735e-05
5.93735e-05
5.92147e-05
5.07154e-05
5.08394e-05
5.08394e-05
5.07154e-05
4.36734e-05
4.37726e-05
4.37726e-05
4.36734e-05
3.76851e-05
3.77661e-05
3.77661e-05
3.76851e-05
3.2482e-05
3.25494e-05
3.25494e-05
3.2482e-05
2.78772e-05
2.79339e-05
2.79338e-05
2.78772e-05
2.37363e-05
2.37841e-05
2.37841e-05
2.37363e-05
1.99559e-05
1.99961e-05
1.99961e-05
1.99559e-05
1.64517e-05
1.64851e-05
1.64851e-05
1.64517e-05
1.3154e-05
1.31812e-05
1.31812e-05
1.3154e-05
1.00191e-05
1.00402e-05
1.00402e-05
1.0019e-05
7.0461e-06
7.06222e-06
7.06222e-06
7.0461e-06
4.19078e-06
4.20231e-06
4.20231e-06
4.19078e-06
1.35701e-06
1.35869e-06
1.35869e-06
1.35701e-06
0.044131
0.0441251
0.0441251
0.044131
0.00117793
0.00117825
0.00117825
0.00117793
)
;

boundaryField
{
    inlet
    {
        type            zeroGradient;
    }
    outlet
    {
        type            fixedValue;
        value           uniform 0;
    }
    obstacle
    {
        type            zeroGradient;
    }
    topbottomsurface
    {
        type            empty;
    }
}


// ************************************************************************* //
