/*--------------------------------*- C++ -*----------------------------------*\
| =========                 |                                                 |
| \\      /  F ield         | OpenFOAM: The Open Source CFD Toolbox           |
|  \\    /   O peration     | Version:  v1806                                 |
|   \\  /    A nd           | Web:      www.OpenFOAM.com                      |
|    \\/     M anipulation  |                                                 |
\*---------------------------------------------------------------------------*/
FoamFile
{
    version     2.0;
    format      ascii;
    class       volVectorField;
    location    "370";
    object      U;
}
// * * * * * * * * * * * * * * * * * * * * * * * * * * * * * * * * * * * * * //

dimensions      [0 1 -1 0 0 0 0];


internalField   nonuniform List<vector> 
2400
(
(0.3 -0.00058235 0)
(0.300005 -0.00174579 0)
(0.300015 -0.00290374 0)
(0.30003 -0.00405168 0)
(0.300052 -0.00518521 0)
(0.30008 -0.00630008 0)
(0.300114 -0.00739217 0)
(0.300156 -0.00845745 0)
(0.300205 -0.009492 0)
(0.300262 -0.010492 0)
(0.300326 -0.0114539 0)
(0.300399 -0.0123743 0)
(0.30048 -0.0132498 0)
(0.30057 -0.0140783 0)
(0.300667 -0.014855 0)
(0.300773 -0.0155835 0)
(0.300887 -0.0162475 0)
(0.301007 -0.0168826 0)
(0.301142 -0.0173931 0)
(0.301262 -0.0180217 0)
(0.300001 -0.000590044 0)
(0.300013 -0.00176903 0)
(0.300037 -0.00294297 0)
(0.300073 -0.00410753 0)
(0.300122 -0.00525837 0)
(0.300183 -0.00639126 0)
(0.300257 -0.00750208 0)
(0.300343 -0.00858677 0)
(0.300442 -0.00964133 0)
(0.300553 -0.0106619 0)
(0.300677 -0.0116446 0)
(0.300813 -0.0125862 0)
(0.300961 -0.0134827 0)
(0.30112 -0.0143322 0)
(0.301291 -0.0151293 0)
(0.301472 -0.0158782 0)
(0.301662 -0.01656 0)
(0.301859 -0.0172162 0)
(0.302067 -0.0177365 0)
(0.302268 -0.0183989 0)
(0.300002 -0.000604772 0)
(0.300021 -0.00181321 0)
(0.30006 -0.00301662 0)
(0.300119 -0.00421068 0)
(0.300199 -0.00539105 0)
(0.300298 -0.00655349 0)
(0.300418 -0.00769382 0)
(0.300557 -0.00880789 0)
(0.300716 -0.00989154 0)
(0.300894 -0.0109407 0)
(0.301091 -0.0119514 0)
(0.301307 -0.01292 0)
(0.30154 -0.0138422 0)
(0.30179 -0.014716 0)
(0.302056 -0.0155351 0)
(0.302335 -0.0163046 0)
(0.302627 -0.017002 0)
(0.302929 -0.0176765 0)
(0.303241 -0.0181977 0)
(0.303549 -0.018891 0)
(0.300002 -0.000626622 0)
(0.300029 -0.00187876 0)
(0.300083 -0.00312585 0)
(0.300166 -0.00436358 0)
(0.300277 -0.00558759 0)
(0.300417 -0.0067936 0)
(0.300583 -0.00797733 0)
(0.300778 -0.00913448 0)
(0.300999 -0.0102607 0)
(0.301248 -0.0113516 0)
(0.301524 -0.0124029 0)
(0.301825 -0.0134106 0)
(0.302151 -0.0143698 0)
(0.3025 -0.0152782 0)
(0.30287 -0.0161283 0)
(0.303259 -0.0169266 0)
(0.303665 -0.017645 0)
(0.304085 -0.0183448 0)
(0.304515 -0.0188641 0)
(0.304944 -0.019604 0)
(0.300003 -0.000655695 0)
(0.300037 -0.00196601 0)
(0.300107 -0.00327132 0)
(0.300214 -0.00456737 0)
(0.300357 -0.0058498 0)
(0.300536 -0.00711428 0)
(0.300751 -0.00835642 0)
(0.301002 -0.00957172 0)
(0.301289 -0.0107555 0)
(0.301612 -0.0119031 0)
(0.301969 -0.0130096 0)
(0.302361 -0.0140705 0)
(0.302785 -0.0150801 0)
(0.303241 -0.0160358 0)
(0.303724 -0.016928 0)
(0.304234 -0.0177654 0)
(0.304765 -0.0185119 0)
(0.305316 -0.0192455 0)
(0.305878 -0.0197604 0)
(0.306443 -0.0205631 0)
(0.300003 -0.000692003 0)
(0.300046 -0.00207498 0)
(0.300131 -0.00345314 0)
(0.300261 -0.00482232 0)
(0.300436 -0.00617827 0)
(0.300656 -0.00751665 0)
(0.30092 -0.00883298 0)
(0.301229 -0.0101225 0)
(0.301583 -0.0113803 0)
(0.301982 -0.0126011 0)
(0.302426 -0.0137793 0)
(0.302914 -0.0149098 0)
(0.303444 -0.0159856 0)
(0.304015 -0.0170039 0)
(0.304623 -0.017952 0)
(0.305266 -0.0188416 0)
(0.305937 -0.0196253 0)
(0.306635 -0.0204044 0)
(0.307347 -0.0209125 0)
(0.308067 -0.021799 0)
(0.300004 -0.000735393 0)
(0.300054 -0.00220525 0)
(0.300154 -0.00367067 0)
(0.300307 -0.00512777 0)
(0.300513 -0.00657256 0)
(0.300772 -0.00800082 0)
(0.301085 -0.00940804 0)
(0.301452 -0.0107893 0)
(0.301874 -0.0121393 0)
(0.302353 -0.0134522 0)
(0.302887 -0.0147215 0)
(0.303477 -0.0159413 0)
(0.304121 -0.017103 0)
(0.304818 -0.018203 0)
(0.305564 -0.0192249 0)
(0.306356 -0.0201841 0)
(0.307186 -0.0210177 0)
(0.308053 -0.0218584 0)
(0.308937 -0.0223583 0)
(0.309839 -0.0233565 0)
(0.300004 -0.000785433 0)
(0.300061 -0.00235554 0)
(0.300175 -0.00392191 0)
(0.300349 -0.00548127 0)
(0.300584 -0.00703009 0)
(0.30088 -0.00856454 0)
(0.301239 -0.0100802 0)
(0.301663 -0.0115722 0)
(0.302153 -0.0130348 0)
(0.302711 -0.0144616 0)
(0.303339 -0.0158452 0)
(0.304036 -0.0171783 0)
(0.304802 -0.0184503 0)
(0.305637 -0.019657 0)
(0.306535 -0.0207764 0)
(0.307496 -0.021829 0)
(0.308507 -0.0227307 0)
(0.309572 -0.0236557 0)
(0.310658 -0.0241475 0)
(0.311777 -0.0252954 0)
(0.300005 -0.000841218 0)
(0.300067 -0.00252318 0)
(0.300192 -0.00420262 0)
(0.300384 -0.00587726 0)
(0.300643 -0.00754452 0)
(0.300971 -0.00920125 0)
(0.301371 -0.0108436 0)
(0.301846 -0.0124667 0)
(0.3024 -0.0140647 0)
(0.303035 -0.0156307 0)
(0.303755 -0.0171561 0)
(0.304563 -0.0186324 0)
(0.305458 -0.0200462 0)
(0.306441 -0.0213923 0)
(0.307509 -0.0226411 0)
(0.308662 -0.0238203 0)
(0.309883 -0.0248161 0)
(0.311179 -0.0258589 0)
(0.312507 -0.0263455 0)
(0.313887 -0.0276961 0)
(0.300005 -0.000901102 0)
(0.300071 -0.00270328 0)
(0.300203 -0.00450491 0)
(0.300405 -0.00630533 0)
(0.300681 -0.00810344 0)
(0.301031 -0.00989737 0)
(0.301462 -0.0116842 0)
(0.301977 -0.0134598 0)
(0.302584 -0.0152183 0)
(0.303288 -0.0169527 0)
(0.304095 -0.0186532 0)
(0.30501 -0.0203099 0)
(0.306037 -0.0219059 0)
(0.307179 -0.023435 0)
(0.308432 -0.0248575 0)
(0.309801 -0.0262099 0)
(0.311265 -0.0273383 0)
(0.312837 -0.0285482 0)
(0.314457 -0.0290383 0)
(0.316159 -0.0306675 0)
(0.300005 -0.000962408 0)
(0.300071 -0.00288788 0)
(0.300203 -0.00481579 0)
(0.300406 -0.00674792 0)
(0.300684 -0.00868548 0)
(0.301041 -0.0106286 0)
(0.301484 -0.0125762 0)
(0.302021 -0.0145254 0)
(0.302662 -0.0164713 0)
(0.303416 -0.0184071 0)
(0.304294 -0.0203221 0)
(0.305305 -0.0222055 0)
(0.306458 -0.0240361 0)
(0.30776 -0.0258068 0)
(0.309211 -0.0274639 0)
(0.31082 -0.0290569 0)
(0.312567 -0.0303754 0)
(0.314466 -0.0318268 0)
(0.316449 -0.0323398 0)
(0.318545 -0.0343589 0)
(0.300005 -0.00102111 0)
(0.300065 -0.00306493 0)
(0.300187 -0.00511542 0)
(0.300376 -0.00717785 0)
(0.300635 -0.00925681 0)
(0.300974 -0.0113556 0)
(0.3014 -0.013476 0)
(0.301928 -0.0156176 0)
(0.30257 -0.0177776 0)
(0.303341 -0.0199505 0)
(0.304258 -0.0221257 0)
(0.305338 -0.0242922 0)
(0.306595 -0.0264243 0)
(0.308046 -0.0285151 0)
(0.309699 -0.0304921 0)
(0.311566 -0.0324231 0)
(0.313637 -0.0340189 0)
(0.31592 -0.0358269 0)
(0.318362 -0.0364012 0)
(0.320937 -0.0389799 0)
(0.300004 -0.00107144 0)
(0.300052 -0.00321716 0)
(0.300149 -0.00537515 0)
(0.3003 -0.00755538 0)
(0.300513 -0.00976712 0)
(0.300797 -0.0120183 0)
(0.301165 -0.0143151 0)
(0.301635 -0.0166615 0)
(0.302225 -0.0190585 0)
(0.302958 -0.0215041 0)
(0.303858 -0.0239895 0)
(0.304952 -0.0265057 0)
(0.306266 -0.0290228 0)
(0.307829 -0.031537 0)
(0.309664 -0.0339515 0)
(0.311791 -0.0363622 0)
(0.314225 -0.0383677 0)
(0.316948 -0.0407143 0)
(0.319986 -0.0414234 0)
(0.323127 -0.0448332 0)
(0.300002 -0.00110558 0)
(0.300028 -0.00332113 0)
(0.300082 -0.00555586 0)
(0.300167 -0.00782566 0)
(0.300293 -0.0101459 0)
(0.300473 -0.0125307 0)
(0.300723 -0.0149928 0)
(0.301066 -0.0175431 0)
(0.301526 -0.0201894 0)
(0.302134 -0.0229364 0)
(0.302925 -0.0257809 0)
(0.303939 -0.0287197 0)
(0.30522 -0.0317217 0)
(0.306811 -0.0347911 0)
(0.308768 -0.0378018 0)
(0.311113 -0.0408951 0)
(0.313931 -0.0435087 0)
(0.317128 -0.0466849 0)
(0.320949 -0.0476599 0)
(0.324723 -0.0523618 0)
(0.3 -0.00111375 0)
(0.299992 -0.00334734 0)
(0.299979 -0.00560794 0)
(0.299962 -0.0079182 0)
(0.299953 -0.0103007 0)
(0.299966 -0.0127776 0)
(0.300021 -0.0153703 0)
(0.300142 -0.0180995 0)
(0.300361 -0.0209841 0)
(0.300717 -0.0240412 0)
(0.301259 -0.0272792 0)
(0.302039 -0.0307088 0)
(0.303129 -0.0343044 0)
(0.304591 -0.038089 0)
(0.30653 -0.0419047 0)
(0.308975 -0.0459671 0)
(0.312135 -0.0494838 0)
(0.315783 -0.0539561 0)
(0.3206 -0.0554127 0)
(0.325044 -0.062224 0)
(0.299996 -0.00108472 0)
(0.299943 -0.00326194 0)
(0.299837 -0.00547385 0)
(0.299679 -0.00774995 0)
(0.29948 -0.0101205 0)
(0.299253 -0.0126164 0)
(0.299019 -0.0152699 0)
(0.298803 -0.0181146 0)
(0.298638 -0.021185 0)
(0.298569 -0.0245171 0)
(0.298655 -0.0281409 0)
(0.298966 -0.0320933 0)
(0.299601 -0.0363715 0)
(0.300652 -0.0410363 0)
(0.302295 -0.0459151 0)
(0.304575 -0.0513347 0)
(0.307891 -0.0562129 0)
(0.311861 -0.062738 0)
(0.317807 -0.0650652 0)
(0.322975 -0.0755068 0)
(0.299991 -0.00100731 0)
(0.299881 -0.00303091 0)
(0.299659 -0.00509507 0)
(0.299323 -0.00723468 0)
(0.298881 -0.00948655 0)
(0.298343 -0.01189 0)
(0.297723 -0.0144881 0)
(0.297042 -0.0173292 0)
(0.296329 -0.020467 0)
(0.295623 -0.0239627 0)
(0.294985 -0.0278789 0)
(0.294492 -0.0322932 0)
(0.294266 -0.037253 0)
(0.294425 -0.0428816 0)
(0.295236 -0.0490552 0)
(0.296781 -0.0562374 0)
(0.299728 -0.0631494 0)
(0.303623 -0.0728202 0)
(0.310497 -0.0769484 0)
(0.316719 -0.0938107 0)
(0.299986 -0.000872739 0)
(0.299811 -0.00262747 0)
(0.299459 -0.00442447 0)
(0.298921 -0.00630066 0)
(0.298199 -0.0082959 0)
(0.297295 -0.0104545 0)
(0.296212 -0.0128277 0)
(0.294955 -0.0154765 0)
(0.293536 -0.0184735 0)
(0.291975 -0.0219073 0)
(0.290316 -0.0258809 0)
(0.288614 -0.0305255 0)
(0.286991 -0.0359687 0)
(0.285559 -0.0424213 0)
(0.28465 -0.0499111 0)
(0.284354 -0.0590018 0)
(0.285679 -0.0686101 0)
(0.288158 -0.0822192 0)
(0.294936 -0.0899278 0)
(0.302768 -0.116576 0)
(0.299981 -0.00067796 0)
(0.299743 -0.00204139 0)
(0.299262 -0.00344274 0)
(0.298522 -0.00491531 0)
(0.297519 -0.0064952 0)
(0.29624 -0.00822463 0)
(0.294669 -0.0101551 0)
(0.292786 -0.0123515 0)
(0.29057 -0.0148961 0)
(0.288 -0.0178967 0)
(0.285066 -0.0214914 0)
(0.281769 -0.0258687 0)
(0.278164 -0.0312563 0)
(0.274311 -0.0379958 0)
(0.270536 -0.0463816 0)
(0.266895 -0.0571423 0)
(0.26475 -0.0699542 0)
(0.263175 -0.087872 0)
(0.268402 -0.102392 0)
(0.273686 -0.140618 0)
(0.299977 -0.00043419 0)
(0.29969 -0.00129632 0)
(0.299105 -0.00218655 0)
(0.298204 -0.00312601 0)
(0.296971 -0.0041369 0)
(0.295381 -0.00524935 0)
(0.293394 -0.00650184 0)
(0.290958 -0.00794513 0)
(0.288006 -0.00964678 0)
(0.284454 -0.011704 0)
(0.2802 -0.0142521 0)
(0.275123 -0.017505 0)
(0.269098 -0.0217645 0)
(0.26201 -0.0275662 0)
(0.253883 -0.0356302 0)
(0.2448 -0.0474842 0)
(0.236126 -0.0646595 0)
(0.227605 -0.0921225 0)
(0.226978 -0.128493 0)
(0.208081 -0.191267 0)
(0.302026 -0.0185891 0)
(0.302752 -0.0214349 0)
(0.304203 -0.0213533 0)
(0.30557 -0.018694 0)
(0.306734 -0.0161724 0)
(0.307819 -0.0130472 0)
(0.30884 -0.00979709 0)
(0.309754 -0.00600807 0)
(0.310542 -0.00228984 0)
(0.311187 0.00164453 0)
(0.303307 -0.0188335 0)
(0.304051 -0.0218322 0)
(0.30595 -0.0216887 0)
(0.30738 -0.0190085 0)
(0.30846 -0.0164798 0)
(0.309487 -0.0133165 0)
(0.310446 -0.0100464 0)
(0.311257 -0.00622583 0)
(0.311917 -0.00248869 0)
(0.31239 0.00150209 0)
(0.305016 -0.0190837 0)
(0.305833 -0.0223508 0)
(0.308369 -0.0220474 0)
(0.309988 -0.0193077 0)
(0.311061 -0.0167698 0)
(0.312084 -0.0135561 0)
(0.313026 -0.0102624 0)
(0.313769 -0.00639574 0)
(0.314313 -0.00260986 0)
(0.314594 0.00145688 0)
(0.306921 -0.0193921 0)
(0.30783 -0.0230199 0)
(0.311102 -0.022447 0)
(0.312962 -0.0196114 0)
(0.314094 -0.0170586 0)
(0.315179 -0.0137772 0)
(0.316163 -0.010457 0)
(0.316896 -0.0065317 0)
(0.317379 -0.0026941 0)
(0.317509 0.00147259 0)
(0.308998 -0.0197751 0)
(0.309974 -0.0238681 0)
(0.31406 -0.0229122 0)
(0.316158 -0.0199553 0)
(0.317384 -0.0173794 0)
(0.318571 -0.0140118 0)
(0.319636 -0.0106625 0)
(0.320404 -0.00666488 0)
(0.32087 -0.00276658 0)
(0.320896 0.00153382 0)
(0.311276 -0.0202367 0)
(0.312269 -0.0249081 0)
(0.317246 -0.0234422 0)
(0.31955 -0.020349 0)
(0.320884 -0.0177391 0)
(0.32219 -0.0142675 0)
(0.323348 -0.0108884 0)
(0.324169 -0.00680486 0)
(0.324638 -0.00283436 0)
(0.324581 0.00163654 0)
(0.313804 -0.0207811 0)
(0.314737 -0.0261508 0)
(0.320686 -0.0240296 0)
(0.323147 -0.0207952 0)
(0.324591 -0.0181366 0)
(0.326016 -0.0145431 0)
(0.327251 -0.0111348 0)
(0.328108 -0.0069512 0)
(0.328565 -0.00289785 0)
(0.328409 0.00178114 0)
(0.316636 -0.0214137 0)
(0.317405 -0.0276071 0)
(0.324413 -0.0246657 0)
(0.326966 -0.0212961 0)
(0.32851 -0.0185679 0)
(0.330024 -0.0148333 0)
(0.331278 -0.011395 0)
(0.33211 -0.00709607 0)
(0.332487 -0.00295073 0)
(0.332179 0.00197563 0)
(0.319833 -0.022143 0)
(0.320301 -0.0292876 0)
(0.32846 -0.0253404 0)
(0.331016 -0.0218514 0)
(0.332616 -0.019022 0)
(0.33413 -0.0151227 0)
(0.335269 -0.0116504 0)
(0.335941 -0.00721895 0)
(0.336104 -0.00297578 0)
(0.335539 0.00223683 0)
(0.323466 -0.0229839 0)
(0.323455 -0.0312015 0)
(0.332854 -0.0260393 0)
(0.335268 -0.0224526 0)
(0.33679 -0.0194713 0)
(0.338098 -0.0153765 0)
(0.338857 -0.0118607 0)
(0.339126 -0.00727955 0)
(0.338853 -0.00293992 0)
(0.337886 0.00258938 0)
(0.327639 -0.0239639 0)
(0.326897 -0.0333544 0)
(0.337585 -0.026737 0)
(0.339569 -0.02307 0)
(0.34069 -0.0198539 0)
(0.341378 -0.0155242 0)
(0.341312 -0.0119524 0)
(0.340795 -0.00721144 0)
(0.339781 -0.00279427 0)
(0.338248 0.00306143 0)
(0.332532 -0.0251341 0)
(0.330624 -0.03574 0)
(0.342502 -0.0273778 0)
(0.343446 -0.0236259 0)
(0.343516 -0.0200451 0)
(0.342872 -0.0154424 0)
(0.341336 -0.0118103 0)
(0.339524 -0.00692158 0)
(0.33744 -0.00248333 0)
(0.335214 0.00367558 0)
(0.338474 -0.0265853 0)
(0.334461 -0.0383089 0)
(0.347052 -0.0278386 0)
(0.345752 -0.0239519 0)
(0.343668 -0.0198302 0)
(0.34067 -0.0149468 0)
(0.336907 -0.0112827 0)
(0.333255 -0.00630567 0)
(0.329903 -0.0019652 0)
(0.326982 0.00443038 0)
(0.34599 -0.0284674 0)
(0.33767 -0.0408661 0)
(0.349772 -0.0278515 0)
(0.344162 -0.0237312 0)
(0.338416 -0.0189027 0)
(0.331917 -0.0138172 0)
(0.325319 -0.0102165 0)
(0.31946 -0.00528755 0)
(0.315008 -0.00124843 0)
(0.311596 0.00527256 0)
(0.355573 -0.0309348 0)
(0.338149 -0.0428534 0)
(0.347531 -0.0269092 0)
(0.334701 -0.02248 0)
(0.323837 -0.0169222 0)
(0.313075 -0.0118759 0)
(0.303614 -0.00852866 0)
(0.295672 -0.00388631 0)
(0.290902 -0.000418489 0)
(0.287387 0.00608391 0)
(0.366647 -0.0338043 0)
(0.331199 -0.0431528 0)
(0.334816 -0.0242694 0)
(0.31182 -0.0196552 0)
(0.295467 -0.0136763 0)
(0.280861 -0.00912296 0)
(0.269539 -0.00630503 0)
(0.260401 -0.00227363 0)
(0.256734 0.00030625 0)
(0.253478 0.00668263 0)
(0.375023 -0.0368975 0)
(0.308267 -0.0404147 0)
(0.303841 -0.0192935 0)
(0.269764 -0.0150015 0)
(0.25007 -0.00936155 0)
(0.233877 -0.00589962 0)
(0.222764 -0.00388359 0)
(0.214028 -0.000805759 0)
(0.213039 0.000697701 0)
(0.210028 0.00685762 0)
(0.368306 -0.0411377 0)
(0.257244 -0.0333937 0)
(0.246897 -0.0120877 0)
(0.205913 -0.00904425 0)
(0.188186 -0.00482001 0)
(0.174059 -0.00290537 0)
(0.165507 -0.00179183 0)
(0.158925 0.000125058 0)
(0.161262 0.000664688 0)
(0.15794 0.00640991 0)
(0.318584 -0.0259455 0)
(0.167651 -0.0175305 0)
(0.161948 -0.0033332 0)
(0.125044 -0.00311716 0)
(0.115281 -0.00130109 0)
(0.106268 -0.000810628 0)
(0.101609 -0.000435306 0)
(0.098186 0.000330921 0)
(0.1025 0.000227962 0)
(0.0984229 0.00566475 0)
(0.175147 -0.0278691 0)
(0.0424132 -0.0055995 0)
(0.0568688 0.000419381 0)
(0.0392715 -0.000292664 0)
(0.0384711 -8.91362e-06 0)
(0.0354983 -3.35816e-05 0)
(0.0344278 9.22434e-06 0)
(0.033788 0.000112618 0)
(0.0368041 3.3763e-05 0)
(0.032751 0.00227085 0)
(0.311512 0.00410439 0)
(0.311677 0.00547618 0)
(0.311806 0.00669086 0)
(0.31191 0.00772685 0)
(0.311989 0.00858272 0)
(0.312057 0.00926509 0)
(0.312111 0.00979516 0)
(0.312163 0.0101877 0)
(0.312205 0.0104675 0)
(0.312252 0.0106463 0)
(0.31229 0.0107515 0)
(0.312341 0.0107895 0)
(0.312378 0.0107894 0)
(0.312437 0.0107485 0)
(0.312473 0.010699 0)
(0.312543 0.0106267 0)
(0.312576 0.0105701 0)
(0.312661 0.0105003 0)
(0.312685 0.0104659 0)
(0.312788 0.0104178 0)
(0.31255 0.00400985 0)
(0.312603 0.00540663 0)
(0.312618 0.00664056 0)
(0.312613 0.00769008 0)
(0.312596 0.00855428 0)
(0.312581 0.00924182 0)
(0.312569 0.00977462 0)
(0.312567 0.0101686 0)
(0.312568 0.0104482 0)
(0.312584 0.0106266 0)
(0.312599 0.0107301 0)
(0.312634 0.0107672 0)
(0.312661 0.0107648 0)
(0.312713 0.0107232 0)
(0.312748 0.0106711 0)
(0.312817 0.0105986 0)
(0.312851 0.0105393 0)
(0.312938 0.0104704 0)
(0.312963 0.0104332 0)
(0.31307 0.0103876 0)
(0.314541 0.00400346 0)
(0.314445 0.00542137 0)
(0.3143 0.00666976 0)
(0.314133 0.00772529 0)
(0.313963 0.00858847 0)
(0.313812 0.00927159 0)
(0.313679 0.00979799 0)
(0.313574 0.0101851 0)
(0.313488 0.0104567 0)
(0.313432 0.0106279 0)
(0.313389 0.0107239 0)
(0.313377 0.0107553 0)
(0.313369 0.0107465 0)
(0.313392 0.010701 0)
(0.313407 0.0106435 0)
(0.313459 0.0105693 0)
(0.313485 0.0105054 0)
(0.313562 0.0104371 0)
(0.313583 0.0103963 0)
(0.313683 0.0103554 0)
(0.317253 0.00407982 0)
(0.317008 0.00552887 0)
(0.316695 0.0067962 0)
(0.316353 0.00785584 0)
(0.316014 0.00871177 0)
(0.315704 0.00938222 0)
(0.315429 0.00989334 0)
(0.315195 0.0102643 0)
(0.314996 0.0105191 0)
(0.31484 0.0106748 0)
(0.314714 0.0107558 0)
(0.314628 0.0107748 0)
(0.314562 0.010754 0)
(0.314533 0.0106998 0)
(0.31451 0.0106331 0)
(0.314524 0.0105537 0)
(0.314527 0.0104831 0)
(0.314575 0.0104131 0)
(0.314586 0.0103684 0)
(0.314658 0.0103299 0)
(0.320458 0.00422585 0)
(0.320071 0.00571887 0)
(0.319593 0.00701216 0)
(0.319076 0.00807624 0)
(0.318568 0.00892136 0)
(0.318099 0.00957377 0)
(0.317679 0.0100633 0)
(0.317311 0.0104111 0)
(0.316992 0.0106418 0)
(0.316725 0.0107746 0)
(0.316506 0.010834 0)
(0.316333 0.0108344 0)
(0.316196 0.0107962 0)
(0.316099 0.0107281 0)
(0.316025 0.010648 0)
(0.315984 0.0105593 0)
(0.315954 0.0104793 0)
(0.315953 0.0104046 0)
(0.315949 0.0103548 0)
(0.315971 0.010316 0)
(0.323967 0.00443877 0)
(0.32344 0.00598978 0)
(0.322793 0.0073156 0)
(0.322098 0.00838326 0)
(0.321421 0.00921365 0)
(0.320797 0.00984317 0)
(0.320236 0.0103058 0)
(0.319735 0.0106241 0)
(0.319297 0.0108246 0)
(0.318921 0.0109285 0)
(0.318607 0.0109609 0)
(0.318344 0.0109371 0)
(0.318133 0.010877 0)
(0.31796 0.0107901 0)
(0.317831 0.0106932 0)
(0.317724 0.0105912 0)
(0.317656 0.0104993 0)
(0.317593 0.0104166 0)
(0.317569 0.0103604 0)
(0.317524 0.0103188 0)
(0.327606 0.00472255 0)
(0.326921 0.0063474 0)
(0.326086 0.00771073 0)
(0.325199 0.0087784 0)
(0.324348 0.00958858 0)
(0.323567 0.0101895 0)
(0.322864 0.0106194 0)
(0.322232 0.0109017 0)
(0.321679 0.0110661 0)
(0.321195 0.0111352 0)
(0.320789 0.011136 0)
(0.320436 0.0110831 0)
(0.320152 0.0109973 0)
(0.3199 0.0108875 0)
(0.319715 0.010771 0)
(0.319538 0.010652 0)
(0.319431 0.0105463 0)
(0.319298 0.0104526 0)
(0.319254 0.0103887 0)
(0.319133 0.0103424 0)
(0.331142 0.00509057 0)
(0.330267 0.00680658 0)
(0.329208 0.0082087 0)
(0.328101 0.00926853 0)
(0.32706 0.0100506 0)
(0.326114 0.0106157 0)
(0.325265 0.0110054 0)
(0.324499 0.0112438 0)
(0.32383 0.0113657 0)
(0.323238 0.0113939 0)
(0.322741 0.0113586 0)
(0.3223 0.0112716 0)
(0.321945 0.0111571 0)
(0.321616 0.0110201 0)
(0.321376 0.010882 0)
(0.321127 0.0107424 0)
(0.320982 0.0106217 0)
(0.320778 0.0105138 0)
(0.320713 0.0104417 0)
(0.320514 0.0103884 0)
(0.334203 0.00556761 0)
(0.333088 0.00739196 0)
(0.331752 0.00882695 0)
(0.33039 0.00986525 0)
(0.32914 0.0106084 0)
(0.328016 0.0111276 0)
(0.327013 0.0114672 0)
(0.326109 0.011652 0)
(0.325324 0.011724 0)
(0.324627 0.0117043 0)
(0.324042 0.0116282 0)
(0.323515 0.0115018 0)
(0.323092 0.0113557 0)
(0.32269 0.0111872 0)
(0.322398 0.0110258 0)
(0.322083 0.0108617 0)
(0.3219 0.0107251 0)
(0.321631 0.0105996 0)
(0.321546 0.010519 0)
(0.321277 0.0104563 0)
(0.336169 0.00618948 0)
(0.334753 0.00813574 0)
(0.333081 0.00958544 0)
(0.331433 0.0105815 0)
(0.329962 0.0112716 0)
(0.328656 0.0117313 0)
(0.327498 0.0120074 0)
(0.326462 0.0121267 0)
(0.325566 0.0121403 0)
(0.324775 0.0120649 0)
(0.324111 0.0119427 0)
(0.323511 0.011771 0)
(0.323028 0.0115905 0)
(0.322567 0.0113856 0)
(0.32223 0.0111998 0)
(0.321863 0.0110068 0)
(0.321649 0.0108539 0)
(0.321332 0.0107067 0)
(0.32123 0.0106175 0)
(0.320912 0.0105421 0)
(0.336085 0.00700045 0)
(0.334306 0.00906988 0)
(0.332251 0.0104981 0)
(0.33031 0.0114245 0)
(0.32863 0.0120436 0)
(0.327161 0.0124254 0)
(0.32587 0.0126211 0)
(0.324729 0.0126613 0)
(0.323752 0.0126069 0)
(0.322896 0.0124674 0)
(0.322179 0.0122938 0)
(0.321538 0.0120707 0)
(0.321019 0.0118532 0)
(0.32053 0.0116069 0)
(0.320167 0.011396 0)
(0.319783 0.011169 0)
(0.319551 0.0110004 0)
(0.319226 0.0108261 0)
(0.319114 0.0107289 0)
(0.318795 0.0106363 0)
(0.332608 0.0080519 0)
(0.330431 0.0102126 0)
(0.327987 0.0115602 0)
(0.325799 0.0123858 0)
(0.323971 0.0129116 0)
(0.322402 0.0131913 0)
(0.321043 0.0132868 0)
(0.319865 0.0132338 0)
(0.318871 0.0131018 0)
(0.318017 0.0128901 0)
(0.317306 0.0126602 0)
(0.316685 0.0123803 0)
(0.31618 0.0121241 0)
(0.315725 0.0118317 0)
(0.315379 0.0115962 0)
(0.31504 0.0113297 0)
(0.314822 0.0111471 0)
(0.314558 0.0109394 0)
(0.314454 0.0108359 0)
(0.31422 0.01072 0)
(0.324083 0.00938962 0)
(0.321522 0.0115446 0)
(0.318764 0.0127328 0)
(0.316461 0.0134285 0)
(0.314618 0.0138323 0)
(0.313075 0.0139809 0)
(0.311774 0.0139562 0)
(0.310684 0.0137977 0)
(0.309789 0.0135799 0)
(0.309051 0.0132901 0)
(0.308449 0.0130003 0)
(0.307954 0.0126605 0)
(0.307554 0.0123654 0)
(0.307234 0.0120239 0)
(0.306978 0.0117656 0)
(0.306789 0.0114551 0)
(0.306641 0.011262 0)
(0.306555 0.0110138 0)
(0.306491 0.0109075 0)
(0.30648 0.010761 0)
(0.308791 0.0110253 0)
(0.305915 0.0129818 0)
(0.303033 0.0139319 0)
(0.300851 0.014475 0)
(0.299205 0.0147199 0)
(0.297892 0.0147077 0)
(0.296849 0.0145464 0)
(0.296037 0.0142744 0)
(0.295421 0.0139658 0)
(0.294969 0.0135961 0)
(0.294635 0.0132463 0)
(0.294424 0.0128473 0)
(0.294269 0.0125153 0)
(0.294234 0.0121249 0)
(0.29419 0.0118477 0)
(0.2943 0.0114907 0)
(0.294317 0.0112924 0)
(0.294571 0.0109976 0)
(0.294602 0.0108941 0)
(0.295012 0.0107093 0)
(0.285363 0.0129111 0)
(0.282245 0.0143618 0)
(0.279572 0.0150361 0)
(0.277841 0.0154011 0)
(0.276677 0.0154409 0)
(0.275874 0.0152434 0)
(0.275362 0.0149369 0)
(0.275088 0.0145499 0)
(0.274997 0.0141506 0)
(0.275066 0.0137053 0)
(0.275223 0.0132993 0)
(0.27551 0.0128475 0)
(0.275799 0.0124835 0)
(0.276248 0.0120497 0)
(0.276587 0.0117595 0)
(0.277193 0.0113582 0)
(0.277509 0.0111626 0)
(0.278312 0.0108177 0)
(0.27852 0.0107254 0)
(0.279602 0.0104961 0)
(0.253214 0.0149393 0)
(0.249802 0.0154426 0)
(0.247842 0.0159065 0)
(0.246953 0.0160352 0)
(0.246627 0.0158163 0)
(0.246701 0.0154206 0)
(0.247078 0.014969 0)
(0.24768 0.0144723 0)
(0.248435 0.0139893 0)
(0.249326 0.01348 0)
(0.250259 0.0130277 0)
(0.251311 0.0125367 0)
(0.252296 0.0121507 0)
(0.253469 0.0116867 0)
(0.254408 0.011393 0)
(0.255731 0.0109572 0)
(0.25652 0.0107753 0)
(0.258097 0.0103833 0)
(0.258588 0.010314 0)
(0.260612 0.0100381 0)
(0.212688 0.0170548 0)
(0.208708 0.0160144 0)
(0.208299 0.0164264 0)
(0.208707 0.0161556 0)
(0.209724 0.0156224 0)
(0.211184 0.015027 0)
(0.212916 0.0144383 0)
(0.214816 0.013847 0)
(0.216803 0.0132989 0)
(0.218865 0.0127494 0)
(0.220895 0.0122719 0)
(0.223 0.0117671 0)
(0.224948 0.0113781 0)
(0.227083 0.0109083 0)
(0.228846 0.0106276 0)
(0.23109 0.0101783 0)
(0.232531 0.0100256 0)
(0.235074 0.0095994 0)
(0.235962 0.00956918 0)
(0.239156 0.00925097 0)
(0.164935 0.0192906 0)
(0.160179 0.015988 0)
(0.162884 0.0163886 0)
(0.165245 0.0153853 0)
(0.168411 0.0145438 0)
(0.171918 0.0137736 0)
(0.175536 0.0130835 0)
(0.179171 0.0124425 0)
(0.182755 0.011876 0)
(0.186293 0.0113338 0)
(0.189683 0.0108729 0)
(0.193061 0.0103973 0)
(0.19617 0.0100392 0)
(0.19943 0.00960173 0)
(0.202172 0.00936011 0)
(0.205457 0.00893045 0)
(0.207672 0.00882892 0)
(0.211278 0.00839227 0)
(0.212644 0.00842309 0)
(0.217114 0.00807178 0)
(0.112447 0.018962 0)
(0.107931 0.0140995 0)
(0.116245 0.0148525 0)
(0.121458 0.0129858 0)
(0.127719 0.0121293 0)
(0.133782 0.0113041 0)
(0.139619 0.0106388 0)
(0.145207 0.0100556 0)
(0.150531 0.00956339 0)
(0.155637 0.00910784 0)
(0.160444 0.00873054 0)
(0.165124 0.00834439 0)
(0.169413 0.00806668 0)
(0.173792 0.00770944 0)
(0.177514 0.00754494 0)
(0.181812 0.0071716 0)
(0.184795 0.00715736 0)
(0.189417 0.00672744 0)
(0.191254 0.00686856 0)
(0.196931 0.00647213 0)
(0.0615302 0.0234635 0)
(0.0619291 0.0107925 0)
(0.077155 0.011203 0)
(0.085355 0.0085002 0)
(0.0948817 0.00816215 0)
(0.103265 0.00746395 0)
(0.111092 0.00704515 0)
(0.11837 0.00667036 0)
(0.125165 0.00637191 0)
(0.131574 0.00609749 0)
(0.137541 0.00588047 0)
(0.143279 0.00564928 0)
(0.148513 0.00550521 0)
(0.153788 0.0052772 0)
(0.158281 0.00522854 0)
(0.163387 0.00494754 0)
(0.166958 0.00505804 0)
(0.172394 0.00463606 0)
(0.174561 0.00498 0)
(0.181192 0.00444873 0)
(0.0398352 0.0146037 0)
(0.0441243 0.00658711 0)
(0.0639145 0.00704374 0)
(0.0733759 0.00521963 0)
(0.0841909 0.00514479 0)
(0.0932965 0.00472867 0)
(0.101793 0.00452848 0)
(0.109606 0.00433958 0)
(0.116866 0.0041968 0)
(0.12368 0.00406564 0)
(0.130004 0.0039661 0)
(0.136066 0.00385651 0)
(0.141585 0.00379617 0)
(0.147136 0.00368392 0)
(0.151854 0.00367792 0)
(0.157214 0.00352785 0)
(0.160941 0.00361971 0)
(0.166656 0.00337109 0)
(0.168864 0.00362251 0)
(0.17583 0.00326954 0)
(0.0343905 0.0109415 0)
(0.0396699 0.00529418 0)
(0.0605731 0.00565625 0)
(0.0703609 0.0042182 0)
(0.0814954 0.00418851 0)
(0.0907787 0.00387875 0)
(0.0994399 0.00374386 0)
(0.107383 0.00361468 0)
(0.114756 0.00352059 0)
(0.121668 0.00343463 0)
(0.128078 0.00337158 0)
(0.134219 0.00330056 0)
(0.139807 0.0032654 0)
(0.145424 0.00319095 0)
(0.150197 0.00319542 0)
(0.155619 0.00309092 0)
(0.159383 0.00316927 0)
(0.165166 0.00298768 0)
(0.167383 0.0031896 0)
(0.174432 0.00292503 0)
(0.0302655 0.00749834 0)
(0.0362982 0.00394911 0)
(0.0580071 0.0041967 0)
(0.0680464 0.00319999 0)
(0.0794165 0.00321047 0)
(0.0888306 0.00301693 0)
(0.0976116 0.00294812 0)
(0.105649 0.00288084 0)
(0.113104 0.00283657 0)
(0.120087 0.00279685 0)
(0.126559 0.00277096 0)
(0.132756 0.0027393 0)
(0.138394 0.00272952 0)
(0.144058 0.00269382 0)
(0.14887 0.00270824 0)
(0.154336 0.00265111 0)
(0.158126 0.00271383 0)
(0.163959 0.00260351 0)
(0.166182 0.00275022 0)
(0.173291 0.00258275 0)
(0.0274863 0.00448561 0)
(0.0340264 0.00253853 0)
(0.0562512 0.00269625 0)
(0.0664548 0.00215974 0)
(0.0779727 0.00221814 0)
(0.0874676 0.00214468 0)
(0.0963224 0.00214368 0)
(0.104418 0.00213981 0)
(0.111921 0.00214638 0)
(0.118946 0.00215368 0)
(0.125456 0.00216557 0)
(0.131686 0.00217373 0)
(0.137353 0.00218976 0)
(0.143045 0.00219311 0)
(0.147881 0.0022178 0)
(0.153373 0.00220824 0)
(0.157179 0.00225558 0)
(0.163042 0.00221659 0)
(0.165267 0.00230895 0)
(0.172414 0.00223667 0)
(0.0260668 0.00169777 0)
(0.0328686 0.00108773 0)
(0.0553295 0.0011737 0)
(0.0656013 0.00110722 0)
(0.077177 0.00121842 0)
(0.0867006 0.00126699 0)
(0.0955821 0.00133481 0)
(0.103697 0.00139519 0)
(0.111216 0.00145314 0)
(0.118254 0.00150787 0)
(0.124776 0.00155786 0)
(0.131016 0.00160609 0)
(0.136692 0.00164814 0)
(0.142392 0.00169066 0)
(0.147235 0.00172578 0)
(0.152735 0.00176386 0)
(0.156547 0.00179595 0)
(0.162419 0.00182828 0)
(0.164644 0.00186681 0)
(0.171805 0.00188843 0)
(0.0260156 -0.00102733 0)
(0.0328351 -0.000375016 0)
(0.0552544 -0.000354095 0)
(0.0654941 5.2984e-05 0)
(0.0770366 0.000218041 0)
(0.0865359 0.000389003 0)
(0.0953966 0.000525788 0)
(0.103492 0.000650568 0)
(0.110994 0.00075998 0)
(0.118016 0.000862177 0)
(0.124524 0.000950298 0)
(0.130749 0.00103857 0)
(0.136415 0.00110665 0)
(0.142102 0.0011883 0)
(0.146938 0.00123386 0)
(0.152425 0.00131953 0)
(0.156233 0.00133634 0)
(0.162094 0.00144002 0)
(0.164317 0.00142466 0)
(0.171468 0.00153997 0)
(0.0273347 -0.00380722 0)
(0.0339281 -0.00182363 0)
(0.0560265 -0.00186971 0)
(0.0661344 -0.000993325 0)
(0.0775525 -0.00077623 0)
(0.086975 -0.000484401 0)
(0.0957674 -0.000279272 0)
(0.103805 -9.05953e-05 0)
(0.111257 6.99165e-05 0)
(0.118233 0.000219249 0)
(0.124701 0.000345259 0)
(0.130889 0.000473312 0)
(0.136523 0.000567257 0)
(0.142178 0.000687795 0)
(0.146989 0.000743683 0)
(0.152447 0.000876696 0)
(0.156239 0.000878195 0)
(0.162069 0.00105297 0)
(0.164287 0.00098362 0)
(0.171405 0.00119247 0)
(0.0300196 -0.00680353 0)
(0.0361416 -0.00322884 0)
(0.0576348 -0.00335598 0)
(0.0675157 -0.00202089 0)
(0.0787203 -0.00175759 0)
(0.0880147 -0.00134804 0)
(0.096692 -0.00107604 0)
(0.104634 -0.000824648 0)
(0.112003 -0.000613874 0)
(0.118904 -0.000418108 0)
(0.125307 -0.00025475 0)
(0.131434 -8.74296e-05 0)
(0.137016 3.20026e-05 0)
(0.142618 0.000191005 0)
(0.14739 0.000256965 0)
(0.152799 0.000436957 0)
(0.156566 0.000422948 0)
(0.162343 0.00066861 0)
(0.164555 0.000544616 0)
(0.171615 0.000847763 0)
(0.0340606 -0.010222 0)
(0.0394658 -0.00456416 0)
(0.0600565 -0.00479347 0)
(0.0696247 -0.00301975 0)
(0.0805294 -0.00271908 0)
(0.0896469 -0.0021969 0)
(0.0981638 -0.00186019 0)
(0.105974 -0.00154795 0)
(0.113227 -0.00128821 0)
(0.120026 -0.00104709 0)
(0.126338 -0.000847215 0)
(0.132381 -0.000641385 0)
(0.137891 -0.000497046 0)
(0.143421 -0.000300168 0)
(0.148138 -0.000224555 0)
(0.15348 1.92374e-06 0)
(0.15721 -2.79166e-05 0)
(0.162916 0.0002884 0)
(0.165119 0.000108734 0)
(0.172098 0.000509211 0)
(0.039436 -0.0138566 0)
(0.0438875 -0.00584902 0)
(0.0632575 -0.00615172 0)
(0.0724412 -0.00399763 0)
(0.0829637 -0.00365418 0)
(0.0918591 -0.00303022 0)
(0.100172 -0.00262992 0)
(0.107814 -0.00225926 0)
(0.114921 -0.0019519 0)
(0.121589 -0.00166673 0)
(0.127787 -0.00143119 0)
(0.133724 -0.00118789 0)
(0.139144 -0.00101899 0)
(0.144583 -0.000785455 0)
(0.149229 -0.000699749 0)
(0.154486 -0.000428883 0)
(0.158171 -0.00047245 0)
(0.163785 -8.98391e-05 0)
(0.165978 -0.000319836 0)
(0.172851 0.000174945 0)
(0.0649439 -0.0243223 0)
(0.0649259 -0.0108717 0)
(0.0784205 -0.0109551 0)
(0.0858998 -0.00780144 0)
(0.094664 -0.00713945 0)
(0.102543 -0.00619928 0)
(0.109913 -0.00554773 0)
(0.11678 -0.00496184 0)
(0.123209 -0.00447436 0)
(0.129276 -0.00402441 0)
(0.134945 -0.00365335 0)
(0.140392 -0.00327097 0)
(0.145389 -0.00300554 0)
(0.150408 -0.00264025 0)
(0.154726 -0.00250535 0)
(0.159593 -0.00208553 0)
(0.163059 -0.00215139 0)
(0.168254 -0.0015692 0)
(0.170395 -0.00191215 0)
(0.176774 -0.00118572 0)
(0.128636 -0.017074 0)
(0.12283 -0.0133358 0)
(0.128329 -0.0140283 0)
(0.132057 -0.0124273 0)
(0.136642 -0.0113475 0)
(0.141331 -0.010335 0)
(0.145955 -0.00946104 0)
(0.150445 -0.00867337 0)
(0.154783 -0.00798927 0)
(0.15898 -0.00735444 0)
(0.162978 -0.00681576 0)
(0.166887 -0.00627639 0)
(0.170515 -0.00586586 0)
(0.174221 -0.00537709 0)
(0.17742 -0.00510496 0)
(0.181104 -0.00461743 0)
(0.18371 -0.00451409 0)
(0.187727 -0.00398713 0)
(0.189359 -0.00405062 0)
(0.194385 -0.00356268 0)
(0.191211 -0.0170868 0)
(0.186344 -0.0147475 0)
(0.186253 -0.0147049 0)
(0.186746 -0.0139774 0)
(0.187915 -0.0131209 0)
(0.18954 -0.0122627 0)
(0.191433 -0.0114594 0)
(0.193467 -0.0106937 0)
(0.195584 -0.00999936 0)
(0.197749 -0.00933073 0)
(0.199896 -0.00875005 0)
(0.202085 -0.00816038 0)
(0.20415 -0.00769654 0)
(0.206356 -0.00716192 0)
(0.208243 -0.00682766 0)
(0.210558 -0.00631939 0)
(0.212124 -0.00613296 0)
(0.214766 -0.00563575 0)
(0.215748 -0.00559357 0)
(0.219134 -0.00517639 0)
(0.244743 -0.0134132 0)
(0.240756 -0.0134447 0)
(0.238302 -0.0136149 0)
(0.236961 -0.0135247 0)
(0.236251 -0.0131305 0)
(0.235955 -0.012568 0)
(0.235977 -0.0119595 0)
(0.236227 -0.0113268 0)
(0.236657 -0.0107249 0)
(0.237224 -0.0101172 0)
(0.237875 -0.00957723 0)
(0.238634 -0.0090153 0)
(0.239384 -0.0085636 0)
(0.240291 -0.00804748 0)
(0.241048 -0.00770422 0)
(0.242128 -0.00722583 0)
(0.24279 -0.00700717 0)
(0.244145 -0.00657024 0)
(0.244566 -0.00647902 0)
(0.246388 -0.00614358 0)
(0.285869 -0.0105548 0)
(0.282402 -0.0118404 0)
(0.279178 -0.0122904 0)
(0.276866 -0.0124483 0)
(0.275185 -0.0123449 0)
(0.273878 -0.0120277 0)
(0.272864 -0.0116044 0)
(0.27208 -0.0111139 0)
(0.271503 -0.0106238 0)
(0.271084 -0.0101071 0)
(0.270796 -0.00963694 0)
(0.270625 -0.00913814 0)
(0.27052 -0.00872726 0)
(0.270537 -0.00826434 0)
(0.270544 -0.0079381 0)
(0.270734 -0.00751927 0)
(0.270793 -0.00729451 0)
(0.271176 -0.00693583 0)
(0.271232 -0.00682277 0)
(0.271851 -0.00657327 0)
(0.313835 -0.0080211 0)
(0.310813 -0.00985075 0)
(0.30759 -0.010655 0)
(0.304943 -0.0110195 0)
(0.302855 -0.0111357 0)
(0.301113 -0.0110348 0)
(0.299639 -0.0107932 0)
(0.298373 -0.0104501 0)
(0.297316 -0.0100772 0)
(0.29641 -0.00966148 0)
(0.295662 -0.00926925 0)
(0.295012 -0.00884635 0)
(0.29448 -0.00848524 0)
(0.294014 -0.00808756 0)
(0.293643 -0.00778839 0)
(0.293323 -0.00743636 0)
(0.293082 -0.00721914 0)
(0.292879 -0.00693556 0)
(0.292757 -0.00681724 0)
(0.292639 -0.00664157 0)
(0.330024 -0.00598398 0)
(0.327524 -0.00794056 0)
(0.324705 -0.00900905 0)
(0.322171 -0.00955728 0)
(0.320067 -0.00983658 0)
(0.318266 -0.00990728 0)
(0.316702 -0.00982408 0)
(0.315314 -0.00961907 0)
(0.314123 -0.00935796 0)
(0.313065 -0.0090421 0)
(0.312174 -0.00872714 0)
(0.311359 -0.00838162 0)
(0.310691 -0.00807206 0)
(0.310046 -0.00773968 0)
(0.309556 -0.0074716 0)
(0.309028 -0.00718129 0)
(0.308695 -0.00697913 0)
(0.308236 -0.00675721 0)
(0.308063 -0.00664305 0)
(0.307611 -0.00652205 0)
(0.337304 -0.00447513 0)
(0.33535 -0.00634126 0)
(0.333075 -0.00754468 0)
(0.330892 -0.00823787 0)
(0.329001 -0.00863886 0)
(0.327353 -0.00883721 0)
(0.325909 -0.00888063 0)
(0.324607 -0.00879462 0)
(0.323479 -0.00863308 0)
(0.322463 -0.00840874 0)
(0.321608 -0.00816594 0)
(0.320813 -0.00789281 0)
(0.32017 -0.0076338 0)
(0.319528 -0.00736108 0)
(0.319059 -0.00712603 0)
(0.318516 -0.00688789 0)
(0.318201 -0.00670532 0)
(0.317705 -0.00652984 0)
(0.317545 -0.00642503 0)
(0.317027 -0.00633994 0)
(0.338797 -0.00338645 0)
(0.337323 -0.00509607 0)
(0.335567 -0.0063332 0)
(0.333797 -0.00712294 0)
(0.332205 -0.00761622 0)
(0.330796 -0.00790885 0)
(0.329555 -0.0080498 0)
(0.328429 -0.00806176 0)
(0.327449 -0.00798594 0)
(0.326563 -0.00784166 0)
(0.325821 -0.00766397 0)
(0.32513 -0.007455 0)
(0.324581 -0.00724389 0)
(0.324028 -0.00702304 0)
(0.323636 -0.00682141 0)
(0.323173 -0.00662561 0)
(0.322919 -0.00646494 0)
(0.322495 -0.00632299 0)
(0.322371 -0.00622999 0)
(0.321926 -0.00616619 0)
(0.33704 -0.00260587 0)
(0.335938 -0.00416133 0)
(0.334604 -0.00537382 0)
(0.33321 -0.00621556 0)
(0.331913 -0.0067765 0)
(0.330747 -0.00713994 0)
(0.329715 -0.00735531 0)
(0.328778 -0.00744571 0)
(0.327961 -0.00744235 0)
(0.327224 -0.00736661 0)
(0.32661 -0.00724681 0)
(0.326044 -0.00709332 0)
(0.325599 -0.00692659 0)
(0.325159 -0.00674993 0)
(0.324853 -0.00658083 0)
(0.324497 -0.00641915 0)
(0.324307 -0.00628086 0)
(0.323991 -0.00616302 0)
(0.323904 -0.00608252 0)
(0.323577 -0.0060303 0)
(0.333747 -0.00203939 0)
(0.332912 -0.00346246 0)
(0.331892 -0.00462547 0)
(0.330799 -0.00548735 0)
(0.329754 -0.00609527 0)
(0.328798 -0.00651288 0)
(0.327947 -0.00678608 0)
(0.327177 -0.00693892 0)
(0.326504 -0.00699629 0)
(0.3259 -0.00697881 0)
(0.325399 -0.00691029 0)
(0.324945 -0.00680466 0)
(0.324592 -0.00667854 0)
(0.324253 -0.00653969 0)
(0.324019 -0.00640131 0)
(0.32376 -0.00626771 0)
(0.323624 -0.00615103 0)
(0.323408 -0.0060512 0)
(0.32335 -0.00598279 0)
(0.323135 -0.00593664 0)
(0.329907 -0.00161092 0)
(0.329259 -0.00292808 0)
(0.328466 -0.00403778 0)
(0.327603 -0.0049013 0)
(0.326759 -0.00554038 0)
(0.325974 -0.00599987 0)
(0.32527 -0.00631922 0)
(0.324634 -0.00652223 0)
(0.324078 -0.00663045 0)
(0.323583 -0.00666242 0)
(0.323171 -0.00663911 0)
(0.322808 -0.006575 0)
(0.322524 -0.00648564 0)
(0.322265 -0.00637959 0)
(0.322084 -0.0062696 0)
(0.321901 -0.00615987 0)
(0.321802 -0.00606329 0)
(0.321663 -0.0059779 0)
(0.321626 -0.00592058 0)
(0.321497 -0.00587802 0)
(0.32602 -0.00127857 0)
(0.325506 -0.00251189 0)
(0.324879 -0.00357194 0)
(0.324191 -0.00442704 0)
(0.323505 -0.00508545 0)
(0.322859 -0.00557688 0)
(0.322274 -0.00593343 0)
(0.321746 -0.00617718 0)
(0.321283 -0.00632787 0)
(0.320875 -0.00640173 0)
(0.320533 -0.00641796 0)
(0.320239 -0.00638997 0)
(0.320008 -0.00633346 0)
(0.319808 -0.00625619 0)
(0.319666 -0.00617186 0)
(0.319537 -0.00608306 0)
(0.319463 -0.00600464 0)
(0.319379 -0.00593169 0)
(0.319353 -0.00588424 0)
(0.319285 -0.0058446 0)
(0.322302 -0.0010151 0)
(0.321891 -0.00218214 0)
(0.321391 -0.00319918 0)
(0.320841 -0.00404163 0)
(0.320285 -0.00471122 0)
(0.319755 -0.00522665 0)
(0.319269 -0.00561323 0)
(0.318832 -0.00589024 0)
(0.318447 -0.00607631 0)
(0.318111 -0.00618552 0)
(0.317828 -0.00623592 0)
(0.317591 -0.00623929 0)
(0.317401 -0.00621173 0)
(0.317248 -0.00615976 0)
(0.317135 -0.00609824 0)
(0.317045 -0.006028 0)
(0.31699 -0.00596567 0)
(0.316944 -0.00590392 0)
(0.316927 -0.00586506 0)
(0.316902 -0.00582844 0)
(0.318828 -0.000806037 0)
(0.318504 -0.00192038 0)
(0.318109 -0.00290159 0)
(0.317675 -0.00373049 0)
(0.317231 -0.00440594 0)
(0.316804 -0.00493912 0)
(0.316409 -0.00534973 0)
(0.316055 -0.00565389 0)
(0.315741 -0.00586927 0)
(0.315472 -0.00600806 0)
(0.315243 -0.00608761 0)
(0.315057 -0.00611791 0)
(0.314906 -0.00611548 0)
(0.314794 -0.00608553 0)
(0.314708 -0.00604391 0)
(0.314652 -0.00599002 0)
(0.314614 -0.00594167 0)
(0.314599 -0.00588999 0)
(0.31459 -0.00585851 0)
(0.314598 -0.00582509 0)
(0.315626 -0.000644863 0)
(0.315382 -0.0017175 0)
(0.315083 -0.00266978 0)
(0.314753 -0.00348608 0)
(0.314414 -0.00416421 0)
(0.314086 -0.00471034 0)
(0.313781 -0.00513996 0)
(0.31351 -0.00546607 0)
(0.313269 -0.00570548 0)
(0.313067 -0.00586865 0)
(0.312895 -0.00597257 0)
(0.312762 -0.00602548 0)
(0.312654 -0.00604436 0)
(0.312582 -0.00603304 0)
(0.312525 -0.00600837 0)
(0.312504 -0.00596834 0)
(0.312484 -0.00593185 0)
(0.312499 -0.00588872 0)
(0.312498 -0.00586342 0)
(0.312537 -0.00583298 0)
(0.312726 -0.000531294 0)
(0.312566 -0.00157188 0)
(0.312364 -0.00250159 0)
(0.31214 -0.00330718 0)
(0.311906 -0.00398621 0)
(0.311682 -0.00454158 0)
(0.311472 -0.00498584 0)
(0.311289 -0.00532916 0)
(0.311128 -0.00558767 0)
(0.310998 -0.00577018 0)
(0.310889 -0.00589368 0)
(0.310813 -0.00596466 0)
(0.310752 -0.00600079 0)
(0.310725 -0.00600427 0)
(0.3107 -0.00599331 0)
(0.310713 -0.00596408 0)
(0.310713 -0.00593716 0)
(0.310757 -0.0059004 0)
(0.310766 -0.00587994 0)
(0.310834 -0.00585151 0)
(0.310222 -0.000466233 0)
(0.310156 -0.00148402 0)
(0.31006 -0.00239801 0)
(0.309948 -0.00319598 0)
(0.309827 -0.00387553 0)
(0.309711 -0.0044374 0)
(0.309603 -0.00489232 0)
(0.309514 -0.00524812 0)
(0.309437 -0.00552061 0)
(0.309383 -0.00571703 0)
(0.309338 -0.00585483 0)
(0.30932 -0.00593867 0)
(0.309306 -0.0059874 0)
(0.309321 -0.00600115 0)
(0.309328 -0.00600021 0)
(0.309371 -0.00597806 0)
(0.30939 -0.00595824 0)
(0.309457 -0.00592497 0)
(0.309474 -0.0059081 0)
(0.309564 -0.00587935 0)
(0.308304 -0.000457929 0)
(0.308341 -0.00146062 0)
(0.308356 -0.00236579 0)
(0.308357 -0.00315958 0)
(0.308347 -0.0038394 0)
(0.308337 -0.00440467 0)
(0.308326 -0.00486538 0)
(0.308323 -0.00522773 0)
(0.308322 -0.0055078 0)
(0.308333 -0.0057115 0)
(0.308344 -0.00585722 0)
(0.308372 -0.00594778 0)
(0.308393 -0.00600373 0)
(0.308438 -0.00602267 0)
(0.308467 -0.00602776 0)
(0.308528 -0.00600873 0)
(0.308558 -0.00599363 0)
(0.308636 -0.00596089 0)
(0.308658 -0.00594722 0)
(0.308754 -0.00591486 0)
(0.307251 -0.000559008 0)
(0.30737 -0.00154353 0)
(0.30747 -0.00243044 0)
(0.307556 -0.00320946 0)
(0.307628 -0.00387915 0)
(0.307691 -0.00443775 0)
(0.307743 -0.00489467 0)
(0.307793 -0.00525468 0)
(0.307836 -0.00553416 0)
(0.307882 -0.00573773 0)
(0.30792 -0.0058847 0)
(0.307969 -0.00597614 0)
(0.308005 -0.00603424 0)
(0.308059 -0.00605412 0)
(0.308094 -0.00606171 0)
(0.308158 -0.00604306 0)
(0.30819 -0.00603059 0)
(0.308266 -0.00599703 0)
(0.308288 -0.00598605 0)
(0.308381 -0.00595069 0)
(0.207441 0.0389607 0)
(0.0580253 0.0102111 0)
(0.070489 -0.000401267 0)
(0.0501346 0.000394903 0)
(0.0483253 -4.40039e-05 0)
(0.044676 4.62412e-05 0)
(0.0429443 2.20617e-06 0)
(0.0417279 -0.000155756 0)
(0.0448401 3.9349e-05 0)
(0.038965 -0.00227117 0)
(0.33989 0.0257659 0)
(0.210191 0.0227163 0)
(0.198323 0.00561093 0)
(0.158651 0.0046928 0)
(0.144233 0.0021605 0)
(0.132885 0.0013489 0)
(0.126124 0.000871439 0)
(0.120729 -0.000213322 0)
(0.123662 4.47843e-05 0)
(0.118314 -0.0057297 0)
(0.37086 0.0434832 0)
(0.292472 0.0399902 0)
(0.28501 0.0173499 0)
(0.249325 0.0129405 0)
(0.229206 0.00774934 0)
(0.213255 0.00480308 0)
(0.202377 0.00328603 0)
(0.193305 0.00077726 0)
(0.192723 -8.06004e-05 0)
(0.187685 -0.00549192 0)
(0.364747 0.0327664 0)
(0.328396 0.0416334 0)
(0.33044 0.022997 0)
(0.307613 0.0186052 0)
(0.290702 0.0131825 0)
(0.275858 0.00886864 0)
(0.264282 0.00641028 0)
(0.254274 0.00273383 0)
(0.250187 0.000715555 0)
(0.245255 -0.00531107 0)
(0.352759 0.0307972 0)
(0.338077 0.0416885 0)
(0.347101 0.026424 0)
(0.336289 0.0219543 0)
(0.326106 0.0170925 0)
(0.315966 0.0122719 0)
(0.306879 0.0092402 0)
(0.29859 0.00493838 0)
(0.293314 0.00184463 0)
(0.288555 -0.00417279 0)
(0.342407 0.0274635 0)
(0.337305 0.0388584 0)
(0.349127 0.0271993 0)
(0.346055 0.0230211 0)
(0.341706 0.0190608 0)
(0.336553 0.014384 0)
(0.331089 0.0111594 0)
(0.325683 0.00667052 0)
(0.321227 0.00302314 0)
(0.317151 -0.00292525 0)
(0.334647 0.0251783 0)
(0.333407 0.035458 0)
(0.34534 0.0267566 0)
(0.346286 0.0228556 0)
(0.345548 0.0196286 0)
(0.343988 0.0153496 0)
(0.341665 0.0121418 0)
(0.338944 0.00774232 0)
(0.336095 0.00389614 0)
(0.333072 -0.0017897 0)
(0.328714 0.023451 0)
(0.329122 0.0322723 0)
(0.339973 0.0259005 0)
(0.342691 0.0221937 0)
(0.343709 0.0194247 0)
(0.344162 0.0155581 0)
(0.343911 0.0124394 0)
(0.343083 0.0082393 0)
(0.341712 0.00440961 0)
(0.339744 -0.000889599 0)
(0.323929 0.0220085 0)
(0.32519 0.0294292 0)
(0.334625 0.0249078 0)
(0.338015 0.0213807 0)
(0.339704 0.0188834 0)
(0.341041 0.015364 0)
(0.341885 0.0123377 0)
(0.342143 0.00835778 0)
(0.341774 0.00463372 0)
(0.340623 -0.000230634 0)
(0.319937 0.0207652 0)
(0.321699 0.0269376 0)
(0.329745 0.0238773 0)
(0.333319 0.0205669 0)
(0.335183 0.0182405 0)
(0.336784 0.014999 0)
(0.338072 0.0120515 0)
(0.338836 0.00827471 0)
(0.339008 0.00468211 0)
(0.338384 0.000224359 0)
(0.316563 0.0196705 0)
(0.318604 0.0247813 0)
(0.325391 0.0228589 0)
(0.328928 0.0198123 0)
(0.330779 0.0176027 0)
(0.332366 0.0145848 0)
(0.333749 0.0117068 0)
(0.334681 0.00810804 0)
(0.33508 0.00464756 0)
(0.334751 0.000538484 0)
(0.313697 0.0186977 0)
(0.315853 0.0229377 0)
(0.32153 0.0218785 0)
(0.324902 0.0191343 0)
(0.326677 0.0170103 0)
(0.32815 0.0141746 0)
(0.329471 0.0113636 0)
(0.330406 0.00792195 0)
(0.330862 0.00458326 0)
(0.33068 0.000771433 0)
(0.311254 0.0178336 0)
(0.313401 0.0213819 0)
(0.318106 0.0209534 0)
(0.32123 0.0185331 0)
(0.322903 0.0164763 0)
(0.324232 0.013789 0)
(0.325434 0.0110454 0)
(0.326306 0.00774369 0)
(0.326745 0.00451568 0)
(0.326631 0.000948011 0)
(0.309159 0.0170718 0)
(0.3112 0.0200867 0)
(0.315064 0.0201019 0)
(0.317882 0.0180028 0)
(0.319431 0.0160024 0)
(0.320616 0.013436 0)
(0.321685 0.0107594 0)
(0.32247 0.00758206 0)
(0.322869 0.00445369 0)
(0.322791 0.00108639 0)
(0.307348 0.0164097 0)
(0.30921 0.0190247 0)
(0.312345 0.0193419 0)
(0.314818 0.0175364 0)
(0.316226 0.0155869 0)
(0.317271 0.0131185 0)
(0.31821 0.010506 0)
(0.318907 0.0074382 0)
(0.319264 0.00439873 0)
(0.319215 0.00119494 0)
(0.305763 0.0158469 0)
(0.30739 0.0181706 0)
(0.309892 0.0186837 0)
(0.312 0.0171295 0)
(0.313251 0.0152272 0)
(0.314165 0.0128377 0)
(0.314984 0.0102838 0)
(0.315599 0.00731036 0)
(0.315925 0.00434846 0)
(0.315913 0.00127605 0)
(0.304354 0.0153837 0)
(0.305708 0.0175022 0)
(0.307655 0.0181327 0)
(0.309391 0.0167814 0)
(0.310477 0.0149214 0)
(0.311275 0.0125936 0)
(0.311991 0.0100905 0)
(0.312542 0.00719554 0)
(0.312859 0.00429908 0)
(0.312905 0.00132842 0)
(0.303081 0.015021 0)
(0.304142 0.0169974 0)
(0.305601 0.0176897 0)
(0.306976 0.0164893 0)
(0.307906 0.0146633 0)
(0.308616 0.0123814 0)
(0.309261 0.00991928 0)
(0.309783 0.0070862 0)
(0.310127 0.00424236 0)
(0.310271 0.00134949 0)
(0.301934 0.0147567 0)
(0.302716 0.0166282 0)
(0.303764 0.0173381 0)
(0.304824 0.0162314 0)
(0.305641 0.0144258 0)
(0.306317 0.0121747 0)
(0.306946 0.00974314 0)
(0.307492 0.00695592 0)
(0.307915 0.00415266 0)
(0.308203 0.00132267 0)
(0.301031 0.01455 0)
(0.301625 0.0163591 0)
(0.302392 0.0170546 0)
(0.303257 0.0159831 0)
(0.304051 0.0141804 0)
(0.304765 0.0119462 0)
(0.305437 0.00953548 0)
(0.306052 0.00677779 0)
(0.306584 0.00399923 0)
(0.307021 0.00119616 0)
(0.299977 0.000402925 0)
(0.299695 0.00120476 0)
(0.299123 0.00203745 0)
(0.298245 0.00292529 0)
(0.297046 0.0038939 0)
(0.295505 0.00497687 0)
(0.29359 0.00621679 0)
(0.291257 0.00766945 0)
(0.288457 0.00940854 0)
(0.285127 0.0115383 0)
(0.281205 0.0142027 0)
(0.276623 0.0176242 0)
(0.271346 0.0221125 0)
(0.265368 0.0282093 0)
(0.258931 0.0366071 0)
(0.252291 0.0488063 0)
(0.246786 0.06595 0)
(0.241801 0.0932422 0)
(0.243253 0.12563 0)
(0.229629 0.19033 0)
(0.299983 0.000684747 0)
(0.29977 0.00206293 0)
(0.29934 0.00348179 0)
(0.298683 0.00497651 0)
(0.297795 0.00658512 0)
(0.296673 0.00835093 0)
(0.29531 0.0103253 0)
(0.293698 0.0125706 0)
(0.291834 0.0151631 0)
(0.289718 0.0181986 0)
(0.287364 0.0217926 0)
(0.284802 0.0260965 0)
(0.282108 0.0312733 0)
(0.279358 0.0375772 0)
(0.276807 0.045133 0)
(0.274468 0.0545614 0)
(0.273486 0.0649971 0)
(0.273412 0.0799801 0)
(0.278811 0.0894053 0)
(0.285082 0.121392 0)
(0.299989 0.000883664 0)
(0.299855 0.0026602 0)
(0.299585 0.00447791 0)
(0.299176 0.00637216 0)
(0.298632 0.00838045 0)
(0.297962 0.0105433 0)
(0.297176 0.0129056 0)
(0.296288 0.0155189 0)
(0.295323 0.0184414 0)
(0.294311 0.0217412 0)
(0.293304 0.0254918 0)
(0.292366 0.0297855 0)
(0.291612 0.0346943 0)
(0.291149 0.0403714 0)
(0.291252 0.0467508 0)
(0.29203 0.0543545 0)
(0.294267 0.0620399 0)
(0.297596 0.0729127 0)
(0.304341 0.0785154 0)
(0.311058 0.0981123 0)
(0.299995 0.00099586 0)
(0.299933 0.00299557 0)
(0.299808 0.00503049 0)
(0.299621 0.00713041 0)
(0.299381 0.009326 0)
(0.299103 0.0116489 0)
(0.298803 0.014132 0)
(0.298506 0.0168105 0)
(0.298243 0.0197209 0)
(0.298057 0.0229023 0)
(0.298002 0.0263897 0)
(0.298148 0.0302265 0)
(0.298596 0.0344212 0)
(0.299437 0.0390455 0)
(0.300856 0.0439515 0)
(0.302897 0.0494726 0)
(0.305985 0.0545676 0)
(0.309726 0.0613991 0)
(0.315526 0.0640822 0)
(0.320527 0.0751206 0)
(0.3 0.00103525 0)
(0.299993 0.00311178 0)
(0.29998 0.00521458 0)
(0.299965 0.00736557 0)
(0.299957 0.00958662 0)
(0.299969 0.0118991 0)
(0.30002 0.0143237 0)
(0.300135 0.0168807 0)
(0.300342 0.0195883 0)
(0.300678 0.0224634 0)
(0.301188 0.0255149 0)
(0.301923 0.0287537 0)
(0.302947 0.032158 0)
(0.304319 0.0357489 0)
(0.306136 0.0393834 0)
(0.308426 0.0432554 0)
(0.311389 0.0466455 0)
(0.31482 0.0509204 0)
(0.319367 0.0524406 0)
(0.323597 0.0589056 0)
(0.300003 0.00102127 0)
(0.300034 0.00306783 0)
(0.300098 0.00513167 0)
(0.300198 0.00722698 0)
(0.300343 0.00936743 0)
(0.300543 0.0115655 0)
(0.300815 0.0138323 0)
(0.301178 0.0161768 0)
(0.301653 0.0186054 0)
(0.302269 0.0211215 0)
(0.303054 0.0237211 0)
(0.304042 0.0264001 0)
(0.305273 0.029131 0)
(0.306782 0.0319156 0)
(0.308616 0.0346465 0)
(0.310797 0.0374407 0)
(0.313393 0.0398236 0)
(0.316332 0.0426743 0)
(0.319808 0.0436415 0)
(0.323278 0.0477959 0)
(0.300004 0.000973028 0)
(0.300058 0.00292139 0)
(0.300167 0.00487951 0)
(0.300334 0.00685526 0)
(0.300566 0.00885585 0)
(0.300871 0.0108872 0)
(0.30126 0.0129537 0)
(0.301747 0.0150576 0)
(0.302346 0.0171986 0)
(0.303077 0.0193737 0)
(0.303958 0.0215744 0)
(0.30501 0.0237918 0)
(0.306253 0.0260009 0)
(0.307709 0.0281966 0)
(0.309396 0.0303014 0)
(0.311327 0.0323883 0)
(0.31351 0.0341408 0)
(0.315935 0.0361466 0)
(0.318604 0.0368332 0)
(0.321377 0.039677 0)
(0.300005 0.000906132 0)
(0.300069 0.00271943 0)
(0.300199 0.00453691 0)
(0.300397 0.00636184 0)
(0.300668 0.00819687 0)
(0.301016 0.0100436 0)
(0.30145 0.0119024 0)
(0.301978 0.0137717 0)
(0.30261 0.0156482 0)
(0.303357 0.0175262 0)
(0.30423 0.0193965 0)
(0.30524 0.0212491 0)
(0.306399 0.0230635 0)
(0.307716 0.024833 0)
(0.309194 0.026503 0)
(0.310842 0.0281218 0)
(0.312648 0.0294764 0)
(0.314617 0.030971 0)
(0.316704 0.0315308 0)
(0.318895 0.0335883 0)
(0.300005 0.000831891 0)
(0.300072 0.00249585 0)
(0.300205 0.00416021 0)
(0.30041 0.0058252 0)
(0.300687 0.00749058 0)
(0.30104 0.00915541 0)
(0.301473 0.0108177 0)
(0.301991 0.0124741 0)
(0.3026 0.0141201 0)
(0.303307 0.0157493 0)
(0.304118 0.0173531 0)
(0.305037 0.0189223 0)
(0.306069 0.0204412 0)
(0.307217 0.0219035 0)
(0.308481 0.0232717 0)
(0.309862 0.0245786 0)
(0.311346 0.0256798 0)
(0.312939 0.0268568 0)
(0.314596 0.0273645 0)
(0.316324 0.0289229 0)
(0.300005 0.000757701 0)
(0.300069 0.00227275 0)
(0.300197 0.00378595 0)
(0.300392 0.00529565 0)
(0.300656 0.00679996 0)
(0.30099 0.00829646 0)
(0.301395 0.00978204 0)
(0.301875 0.0112527 0)
(0.302434 0.0127035 0)
(0.303073 0.0141285 0)
(0.303795 0.01552 0)
(0.304603 0.0168706 0)
(0.305498 0.0181683 0)
(0.306479 0.019408 0)
(0.307543 0.020564 0)
(0.30869 0.0216586 0)
(0.309906 0.0225935 0)
(0.311195 0.0235655 0)
(0.312523 0.0240546 0)
(0.313893 0.0252815 0)
(0.300005 0.000688063 0)
(0.300063 0.00206356 0)
(0.300179 0.00343602 0)
(0.300358 0.00480282 0)
(0.300598 0.00616112 0)
(0.300899 0.00750782 0)
(0.301264 0.00883935 0)
(0.301693 0.0101516 0)
(0.302187 0.0114399 0)
(0.302747 0.0126988 0)
(0.303375 0.0139221 0)
(0.30407 0.0151036 0)
(0.304831 0.0162345 0)
(0.305657 0.0173107 0)
(0.306544 0.0183143 0)
(0.30749 0.0192608 0)
(0.308486 0.0200828 0)
(0.30953 0.020918 0)
(0.310601 0.0214026 0)
(0.311694 0.0224025 0)
(0.300004 0.000625415 0)
(0.300055 0.00187549 0)
(0.300158 0.003122 0)
(0.300315 0.00436187 0)
(0.300527 0.00559189 0)
(0.300791 0.00680871 0)
(0.30111 0.00800872 0)
(0.301482 0.00918802 0)
(0.301909 0.0103423 0)
(0.30239 0.011467 0)
(0.302924 0.0125568 0)
(0.303512 0.0136069 0)
(0.304151 0.0146106 0)
(0.304839 0.0155648 0)
(0.305573 0.0164568 0)
(0.306349 0.0172973 0)
(0.307162 0.01804 0)
(0.308008 0.0187809 0)
(0.308874 0.019266 0)
(0.309751 0.0201068 0)
(0.300003 0.000570754 0)
(0.300047 0.00171147 0)
(0.300136 0.00284847 0)
(0.300271 0.00397858 0)
(0.300452 0.00509853 0)
(0.300679 0.006205 0)
(0.30095 0.00729455 0)
(0.301267 0.00836359 0)
(0.301628 0.00940831 0)
(0.302033 0.0104248 0)
(0.302481 0.0114087 0)
(0.30297 0.0123561 0)
(0.3035 0.0132619 0)
(0.304067 0.0141236 0)
(0.30467 0.0149323 0)
(0.305304 0.0156952 0)
(0.305964 0.0163804 0)
(0.306649 0.0170543 0)
(0.307349 0.0175407 0)
(0.308053 0.018268 0)
(0.300003 0.00052425 0)
(0.30004 0.00157196 0)
(0.300114 0.00261604 0)
(0.300228 0.00365338 0)
(0.300379 0.00468081 0)
(0.300569 0.0056952 0)
(0.300796 0.00669335 0)
(0.301059 0.00767202 0)
(0.301359 0.00862786 0)
(0.301694 0.00955749 0)
(0.302063 0.0104574 0)
(0.302465 0.0113243 0)
(0.302898 0.0121542 0)
(0.303361 0.0129451 0)
(0.30385 0.0136907 0)
(0.304363 0.0143955 0)
(0.304897 0.0150377 0)
(0.305447 0.0156629 0)
(0.306011 0.0161496 0)
(0.306575 0.0167949 0)
(0.300002 0.000485634 0)
(0.300033 0.00145615 0)
(0.300093 0.00242321 0)
(0.300186 0.00338386 0)
(0.30031 0.00433514 0)
(0.300465 0.00527411 0)
(0.30065 0.00619787 0)
(0.300865 0.00710349 0)
(0.301108 0.00798803 0)
(0.301379 0.00884856 0)
(0.301678 0.00968212 0)
(0.302002 0.010486 0)
(0.302351 0.011257 0)
(0.302722 0.0119934 0)
(0.303113 0.0126905 0)
(0.303523 0.0133513 0)
(0.303948 0.0139608 0)
(0.304386 0.0145498 0)
(0.304835 0.0150355 0)
(0.305283 0.0156212 0)
(0.300002 0.000454443 0)
(0.300026 0.00136261 0)
(0.300074 0.00226754 0)
(0.300148 0.00316645 0)
(0.300246 0.00405658 0)
(0.300369 0.00493523 0)
(0.300515 0.00579972 0)
(0.300685 0.00664742 0)
(0.300877 0.00747571 0)
(0.301091 0.00828203 0)
(0.301326 0.00906383 0)
(0.301581 0.00981877 0)
(0.301854 0.0105443 0)
(0.302145 0.0112388 0)
(0.302451 0.0118989 0)
(0.302772 0.0125262 0)
(0.303104 0.0131105 0)
(0.303445 0.0136722 0)
(0.303795 0.0141557 0)
(0.304145 0.014698 0)
(0.300001 0.000430166 0)
(0.30002 0.00128982 0)
(0.300056 0.00214642 0)
(0.300112 0.00299738 0)
(0.300187 0.00384011 0)
(0.30028 0.00467208 0)
(0.300391 0.00549084 0)
(0.300519 0.00629397 0)
(0.300664 0.00707912 0)
(0.300826 0.00784399 0)
(0.301004 0.00858632 0)
(0.301196 0.00930407 0)
(0.301402 0.00999508 0)
(0.301621 0.0106579 0)
(0.301852 0.0112898 0)
(0.302093 0.0118918 0)
(0.302343 0.0124567 0)
(0.3026 0.0129979 0)
(0.302864 0.0134782 0)
(0.303128 0.0139892 0)
(0.300001 0.00041233 0)
(0.300014 0.00123635 0)
(0.30004 0.00205748 0)
(0.300079 0.00287328 0)
(0.300131 0.00368129 0)
(0.300197 0.00447913 0)
(0.300275 0.00526448 0)
(0.300365 0.00603511 0)
(0.300467 0.00678883 0)
(0.30058 0.00752351 0)
(0.300705 0.00823712 0)
(0.30084 0.0089278 0)
(0.300985 0.00959366 0)
(0.301139 0.0102333 0)
(0.301302 0.0108446 0)
(0.301472 0.0114279 0)
(0.301648 0.0119781 0)
(0.30183 0.012504 0)
(0.302018 0.0129806 0)
(0.302205 0.0134691 0)
(0.300001 0.000400525 0)
(0.300008 0.00120096 0)
(0.300024 0.00199864 0)
(0.300047 0.00279118 0)
(0.300079 0.00357623 0)
(0.300118 0.00435147 0)
(0.300165 0.00511472 0)
(0.30022 0.00586381 0)
(0.300282 0.00659668 0)
(0.300351 0.00731131 0)
(0.300427 0.00800582 0)
(0.30051 0.00867845 0)
(0.300599 0.00932748 0)
(0.300694 0.00995158 0)
(0.300795 0.010549 0)
(0.3009 0.0111196 0)
(0.301011 0.0116596 0)
(0.301125 0.0121753 0)
(0.301244 0.0126485 0)
(0.301363 0.0131232 0)
(0.3 0.000394433 0)
(0.300003 0.00118263 0)
(0.300009 0.00196788 0)
(0.300019 0.00274778 0)
(0.300032 0.00351995 0)
(0.300049 0.00428213 0)
(0.300069 0.00503213 0)
(0.300093 0.00576785 0)
(0.300121 0.00648726 0)
(0.300153 0.00718843 0)
(0.30019 0.00786954 0)
(0.30023 0.00852891 0)
(0.300274 0.00916492 0)
(0.300322 0.00977628 0)
(0.300375 0.0103614 0)
(0.300431 0.0109201 0)
(0.300491 0.0114494 0)
(0.300553 0.0119536 0)
(0.300622 0.0124195 0)
(0.300687 0.0128794 0)
(0.29998 -0.000271464 0)
(0.299685 -0.000799598 0)
(0.299064 -0.00134744 0)
(0.298114 -0.00192361 0)
(0.296814 -0.00254039 0)
(0.29513 -0.00321661 0)
(0.293014 -0.00397559 0)
(0.290404 -0.00484843 0)
(0.287209 -0.00587736 0)
(0.283315 -0.00712658 0)
(0.278554 -0.00868879 0)
(0.272711 -0.0107229 0)
(0.265449 -0.0134637 0)
(0.256349 -0.0173681 0)
(0.244644 -0.0230814 0)
(0.229472 -0.032053 0)
(0.208705 -0.0459178 0)
(0.180552 -0.0692273 0)
(0.135379 -0.09903 0)
(0.0672943 -0.107417 0)
(0.299981 -0.000217895 0)
(0.299684 -0.000642989 0)
(0.299054 -0.00108363 0)
(0.298092 -0.00154576 0)
(0.296775 -0.00203906 0)
(0.295068 -0.00257814 0)
(0.292921 -0.00318092 0)
(0.290268 -0.00387158 0)
(0.287013 -0.00468307 0)
(0.283034 -0.00566632 0)
(0.278146 -0.00689546 0)
(0.272111 -0.0085004 0)
(0.264537 -0.0106745 0)
(0.254929 -0.0138022 0)
(0.242325 -0.0184239 0)
(0.225659 -0.0257654 0)
(0.202061 -0.0371492 0)
(0.169676 -0.0561255 0)
(0.11628 -0.0788148 0)
(0.0467799 -0.0790934 0)
(0.299981 -0.000163757 0)
(0.299683 -0.000485097 0)
(0.299047 -0.000817026 0)
(0.298076 -0.00116372 0)
(0.296747 -0.00153193 0)
(0.295023 -0.00193168 0)
(0.292853 -0.00237527 0)
(0.290168 -0.00287932 0)
(0.28687 -0.00346665 0)
(0.282827 -0.00417298 0)
(0.277846 -0.00505086 0)
(0.271667 -0.00619438 0)
(0.263857 -0.00774535 0)
(0.253867 -0.00999086 0)
(0.240584 -0.0133371 0)
(0.222812 -0.0187072 0)
(0.197188 -0.0270801 0)
(0.161948 -0.0409525 0)
(0.103853 -0.0567526 0)
(0.0358208 -0.0539012 0)
(0.299981 -0.000109913 0)
(0.299682 -0.000326468 0)
(0.299043 -0.00054883 0)
(0.298066 -0.000779236 0)
(0.296729 -0.00102126 0)
(0.294995 -0.00128026 0)
(0.29281 -0.00156272 0)
(0.290105 -0.00187745 0)
(0.286779 -0.00223655 0)
(0.282697 -0.00265948 0)
(0.277656 -0.00317548 0)
(0.271385 -0.00383915 0)
(0.263421 -0.0047354 0)
(0.253176 -0.00604219 0)
(0.239439 -0.00801945 0)
(0.220926 -0.0112616 0)
(0.19397 -0.0164284 0)
(0.156906 -0.0250983 0)
(0.0962613 -0.0348906 0)
(0.0298662 -0.0322937 0)
(0.299981 -5.61364e-05 0)
(0.299682 -0.000167248 0)
(0.299041 -0.000279619 0)
(0.298062 -0.000393273 0)
(0.296722 -0.000508508 0)
(0.294983 -0.000625976 0)
(0.292793 -0.000746291 0)
(0.29008 -0.000870239 0)
(0.286743 -0.000998906 0)
(0.282645 -0.00113484 0)
(0.27758 -0.00128289 0)
(0.271269 -0.00145587 0)
(0.263236 -0.00167828 0)
(0.252871 -0.00201144 0)
(0.238907 -0.00256082 0)
(0.220011 -0.00357772 0)
(0.192358 -0.00541266 0)
(0.154341 -0.00882281 0)
(0.0924947 -0.0130796 0)
(0.0271144 -0.0125465 0)
(0.299981 -2.3706e-06 0)
(0.299682 -7.88181e-06 0)
(0.299042 -1.01987e-05 0)
(0.298064 -7.03533e-06 0)
(0.296725 4.59905e-06 0)
(0.294988 2.87424e-05 0)
(0.292801 7.06687e-05 0)
(0.290092 0.000137645 0)
(0.286762 0.000239691 0)
(0.282673 0.00039137 0)
(0.277619 0.000612645 0)
(0.271324 0.000933456 0)
(0.263308 0.00139133 0)
(0.25296 0.00204522 0)
(0.239003 0.00294858 0)
(0.220086 0.00420033 0)
(0.192357 0.00575698 0)
(0.15419 0.00764365 0)
(0.0921317 0.00875582 0)
(0.0269086 0.00660207 0)
(0.299981 5.13235e-05 0)
(0.299683 0.000151085 0)
(0.299045 0.000258531 0)
(0.298071 0.000378155 0)
(0.296739 0.000516195 0)
(0.29501 0.000681332 0)
(0.292835 0.000884647 0)
(0.290143 0.00114134 0)
(0.286835 0.00147237 0)
(0.282779 0.00190915 0)
(0.277774 0.00249614 0)
(0.271549 0.00330552 0)
(0.26364 0.00443641 0)
(0.253448 0.00606715 0)
(0.239736 0.00841018 0)
(0.22117 0.0119138 0)
(0.193995 0.0168424 0)
(0.156489 0.0240257 0)
(0.0951825 0.0305836 0)
(0.0292577 0.0261299 0)
(0.299981 0.000105009 0)
(0.299684 0.000309229 0)
(0.299051 0.000525787 0)
(0.298085 0.000761113 0)
(0.296762 0.00102457 0)
(0.295049 0.00132941 0)
(0.292894 0.00169235 0)
(0.29023 0.00213628 0)
(0.286962 0.00269271 0)
(0.282964 0.00340924 0)
(0.278043 0.0043539 0)
(0.271943 0.00563931 0)
(0.264229 0.00742403 0)
(0.254336 0.0100012 0)
(0.241114 0.0137393 0)
(0.223283 0.01943 0)
(0.19733 0.027656 0)
(0.161376 0.0401332 0)
(0.102098 0.0525266 0)
(0.0348399 0.0473257 0)
(0.299981 0.000158921 0)
(0.299686 0.000466451 0)
(0.29906 0.000791033 0)
(0.298104 0.00114092 0)
(0.296796 0.00152833 0)
(0.295103 0.0019709 0)
(0.292977 0.00249082 0)
(0.290354 0.00311825 0)
(0.287143 0.00389462 0)
(0.283225 0.00488263 0)
(0.278424 0.00617229 0)
(0.272504 0.00791353 0)
(0.265075 0.0103205 0)
(0.255627 0.0137927 0)
(0.24315 0.0188496 0)
(0.226473 0.0266162 0)
(0.202502 0.0380289 0)
(0.169183 0.0558226 0)
(0.113954 0.0749199 0)
(0.0454802 0.0720956 0)
(0.29998 0.000212148 0)
(0.299687 0.000622134 0)
(0.299071 0.00105301 0)
(0.298128 0.00151577 0)
(0.29684 0.00202512 0)
(0.295174 0.00260265 0)
(0.293085 0.00327559 0)
(0.290513 0.00408057 0)
(0.287375 0.0050677 0)
(0.283561 0.00631229 0)
(0.278916 0.00792247 0)
(0.273231 0.0100776 0)
(0.266178 0.0130361 0)
(0.257328 0.0172782 0)
(0.245873 0.0234469 0)
(0.230838 0.0329358 0)
(0.209783 0.0470305 0)
(0.180607 0.0695058 0)
(0.132775 0.095657 0)
(0.0657066 0.100072 0)
)
;

boundaryField
{
    inlet
    {
        type            fixedValue;
        value           uniform (0.3 0 0);
    }
    outlet
    {
        type            zeroGradient;
    }
    upAndBottom
    {
        type            empty;
    }
    obstacle
    {
        type            noSlip;
    }
}


// ************************************************************************* //
