/*--------------------------------*- C++ -*----------------------------------*\
| =========                 |                                                 |
| \\      /  F ield         | OpenFOAM: The Open Source CFD Toolbox           |
|  \\    /   O peration     | Version:  v1806                                 |
|   \\  /    A nd           | Web:      www.OpenFOAM.com                      |
|    \\/     M anipulation  |                                                 |
\*---------------------------------------------------------------------------*/
FoamFile
{
    version     2.0;
    format      ascii;
    class       surfaceScalarField;
    location    "4";
    object      phi;
}
// * * * * * * * * * * * * * * * * * * * * * * * * * * * * * * * * * * * * * //

dimensions      [0 3 -1 0 0 0 0];
oriented        oriented;


internalField   nonuniform List<scalar> 
8600
(
0.895685
-0.662417
-0.872334
0.639065
0.801553
-0.66004
0.754173
0.660143
-0.651152
0.792561
0.576717
-0.657041
0.740468
0.512563
-0.688404
0.752557
0.489628
-0.699085
0.722021
0.465013
-0.715368
0.739982
0.443156
-0.723838
0.745695
0.436751
-0.717266
0.723671
0.4393
-0.735131
0.732582
0.441
-0.728803
0.727103
0.443262
-0.735543
0.733282
0.4586
-0.730488
0.71515
0.477966
-0.740667
0.721301
0.502121
-0.735704
0.711549
0.523141
-0.750945
0.729925
0.542791
-0.740276
0.720626
0.566868
-0.757881
0.733803
0.59617
-0.750777
0.721475
-0.77351
0.739951
0.193854
-0.581887
-0.274383
0.147063
-0.61325
0.161465
-0.665554
0.205717
-0.701293
0.234676
-0.717363
0.266573
-0.730982
0.28033
-0.729125
0.293683
-0.73719
0.318056
-0.741639
0.333456
-0.750531
0.34979
-0.745138
0.364317
-0.75007
0.388413
-0.754584
0.406254
-0.758508
0.427294
-0.756745
0.440446
-0.764098
0.459769
-0.759599
0.481735
-0.779846
0.505822
-0.774864
-0.795489
0.395737
-0.643453
-0.334171
0.452365
-0.669877
0.469783
-0.682972
0.455778
-0.687288
0.428692
-0.690277
0.406837
-0.709127
0.389728
-0.712017
0.382016
-0.729478
0.379205
-0.738829
0.370201
-0.741527
0.373587
-0.748524
0.378844
-0.755326
0.38753
-0.763271
0.393065
-0.764043
0.406009
-0.769689
0.417369
-0.775457
0.438972
-0.781203
0.454648
-0.795522
0.470943
-0.791159
-0.810227
0.118876
-0.657885
-0.104444
0.115817
-0.666818
0.107658
-0.674813
0.122177
-0.701807
0.155534
-0.723634
0.189048
-0.742642
0.225426
-0.748394
0.252787
-0.756839
0.275175
-0.761216
0.296209
-0.762561
0.322079
-0.774395
0.341514
-0.774761
0.358038
-0.779795
0.375782
-0.781786
0.396288
-0.790195
0.415583
-0.794753
0.436149
-0.801769
0.448075
-0.807448
0.465742
-0.808825
-0.825568
0.229073
-0.699462
-0.187496
0.275009
-0.712753
0.32436
-0.724164
0.357134
-0.734581
0.365798
-0.732298
0.361738
-0.738581
0.360422
-0.747078
0.355158
-0.751575
0.355312
-0.76137
0.362147
-0.769396
0.366723
-0.778971
0.371974
-0.780012
0.38022
-0.788041
0.394453
-0.796019
0.406653
-0.802394
0.419123
-0.807223
0.430623
-0.813269
0.442519
-0.819343
0.460426
-0.826733
-0.840383
0.0860712
-0.721499
-0.0640351
0.0980566
-0.724739
0.102888
-0.728996
0.104294
-0.735987
0.122372
-0.750376
0.149612
-0.765821
0.178883
-0.776349
0.208481
-0.781173
0.237029
-0.789919
0.261034
-0.7934
0.276911
-0.794848
0.296694
-0.799795
0.314488
-0.805834
0.32972
-0.811251
0.339804
-0.812478
0.350687
-0.818106
0.361811
-0.824393
0.374398
-0.83193
0.384801
-0.837136
-0.848384
0.141997
-0.749312
-0.114183
0.17023
-0.752972
0.204539
-0.763304
0.235683
-0.767132
0.25804
-0.772732
0.265753
-0.773534
0.265592
-0.776189
0.265113
-0.780694
0.261819
-0.786624
0.258642
-0.790223
0.259173
-0.79538
0.263168
-0.80379
0.263716
-0.806382
0.263307
-0.810843
0.2658
-0.81497
0.270104
-0.82241
0.273468
-0.827758
0.274242
-0.832704
0.273277
-0.836172
-0.848801
0.0469732
-0.761601
-0.0346835
0.0596328
-0.765632
0.0620127
-0.765684
0.0637736
-0.768892
0.0658101
-0.774768
0.0733902
-0.781115
0.0878308
-0.79063
0.1054
-0.798263
0.120223
-0.801447
0.136972
-0.806972
0.152913
-0.811321
0.163047
-0.813923
0.172132
-0.815468
0.181225
-0.819936
0.190567
-0.824312
0.195336
-0.827179
0.19699
-0.829411
0.197155
-0.832869
0.198799
-0.837816
-0.846831
0.0925077
-0.781527
-0.0725818
0.11036
-0.783484
0.132935
-0.788259
0.158418
-0.794375
0.179308
-0.795659
0.198849
-0.800655
0.207308
-0.799089
0.209737
-0.800693
0.212397
-0.804107
0.213093
-0.807669
0.210645
-0.808873
0.208511
-0.811789
0.211188
-0.818145
0.212905
-0.821653
0.213294
-0.824701
0.213455
-0.827341
0.215996
-0.831952
0.219761
-0.836634
0.22265
-0.840705
-0.844877
0.0447208
-0.794419
-0.0318295
0.0580168
-0.79678
0.0673825
-0.797625
0.0712933
-0.798286
0.0765101
-0.800876
0.081334
-0.805479
0.0917219
-0.809476
0.107632
-0.816603
0.124628
-0.821103
0.140593
-0.823634
0.158172
-0.826451
0.176981
-0.830598
0.191653
-0.832818
0.20269
-0.83269
0.214017
-0.836027
0.2267
-0.840024
0.237654
-0.842906
0.245696
-0.844676
0.252366
-0.847375
-0.849494
0.0718331
-0.811573
-0.0546788
0.0871988
-0.812146
0.104846
-0.815273
0.124235
-0.817674
0.144975
-0.821616
0.161336
-0.82184
0.175376
-0.823517
0.183205
-0.824432
0.187228
-0.825125
0.190507
-0.826913
0.195017
-0.830961
0.197235
-0.832816
0.198365
-0.833947
0.203507
-0.837832
0.209278
-0.841798
0.213319
-0.844065
0.215849
-0.845436
0.219949
-0.848776
0.225164
-0.85259
-0.855671
0.0273643
-0.818935
-0.0200019
0.0360799
-0.820861
0.0421735
-0.821366
0.0469838
-0.822485
0.0486393
-0.823272
0.0518825
-0.825083
0.0574844
-0.829118
0.0629221
-0.829869
0.0717219
-0.833925
0.0817954
-0.836987
0.0891415
-0.838307
0.0952213
-0.838896
0.103858
-0.842584
0.111882
-0.845855
0.115445
-0.845362
0.117987
-0.846607
0.122808
-0.850258
0.127067
-0.853034
0.128816
-0.854339
-0.857307
0.0390495
-0.828418
-0.0295669
0.0466278
-0.828439
0.0545714
-0.82931
0.0631407
-0.831054
0.0721146
-0.832246
0.0814937
-0.834463
0.086094
-0.833719
0.0920431
-0.835819
0.0948397
-0.836722
0.0944769
-0.836624
0.0938265
-0.837657
0.0947697
-0.839839
0.0939508
-0.841765
0.0891093
-0.841014
0.086123
-0.842375
0.0862321
-0.846716
0.0851735
-0.849199
0.0805942
-0.848455
0.076233
-0.849978
-0.853735
0.0213591
-0.834187
-0.0155904
0.0283499
-0.83543
0.0354036
-0.836364
0.0409419
-0.836592
0.0458155
-0.837119
0.0489226
-0.83757
0.0535714
-0.838367
0.058212
-0.840459
0.061741
-0.840251
0.0677578
-0.842641
0.0741882
-0.844087
0.0794823
-0.845134
0.0825725
-0.844855
0.087001
-0.845442
0.0927841
-0.848159
0.0949602
-0.848892
0.0936035
-0.847842
0.0936455
-0.848497
0.0947145
-0.851047
-0.852017
0.0331289
-0.842793
-0.0245222
0.0401289
-0.84243
0.0464087
-0.842643
0.0531679
-0.843351
0.060727
-0.844678
0.0681609
-0.845004
0.0763492
-0.846556
0.0820258
-0.846136
0.0887693
-0.846994
0.0941904
-0.848062
0.0976443
-0.847541
0.100879
-0.848368
0.105414
-0.849391
0.110681
-0.850709
0.113238
-0.850716
0.11454
-0.850194
0.11765
-0.850952
0.121889
-0.852737
0.124105
-0.853263
-0.853229
0.0159203
-0.847217
-0.0114961
0.0215485
-0.848058
0.0274321
-0.848527
0.0328872
-0.848806
0.0367666
-0.848558
0.0407242
-0.848961
0.043234
-0.849066
0.046306
-0.849208
0.0504228
-0.851111
0.0524141
-0.850053
0.056238
-0.851365
0.0604699
-0.8526
0.0635876
-0.852509
0.0658283
-0.85295
0.0691952
-0.854082
0.0741941
-0.855193
0.078082
-0.85484
0.0802352
-0.85489
0.0828136
-0.855841
-0.856536
0.0128348
-0.850267
-0.00978536
0.0146844
-0.849908
0.0160891
-0.849932
0.0177117
-0.850429
0.0201915
-0.851037
0.0229526
-0.851722
0.0255986
-0.851712
0.0291646
-0.852774
0.0299275
-0.851874
0.032113
-0.852239
0.0345368
-0.853789
0.0340732
-0.852136
0.0334472
-0.851883
0.0342028
-0.853706
0.0346516
-0.854531
0.0327407
-0.853282
0.0312638
-0.853363
0.0318795
-0.855506
0.0324204
-0.856382
-0.855993
0.00798142
-0.852431
-0.00581692
0.0108644
-0.852791
0.0139783
-0.853046
0.0165054
-0.852956
0.018361
-0.852893
0.0193197
-0.852681
0.0204778
-0.85287
0.0205807
-0.852877
0.0213068
-0.8526
0.0231294
-0.854061
0.022379
-0.853038
0.0229867
-0.852744
0.0256446
-0.854541
0.0266538
-0.854715
0.0247717
-0.852649
0.0238665
-0.852377
0.0255994
-0.855096
0.0257098
-0.855616
0.0231425
-0.853814
-0.853479
0.00698769
-0.854207
-0.00521217
0.00814448
-0.853948
0.00905104
-0.853952
0.0103741
-0.854279
0.0121869
-0.854706
0.014461
-0.854955
0.0168485
-0.855257
0.0189146
-0.854943
0.0216488
-0.855334
0.0226155
-0.855028
0.0238137
-0.854237
0.0263069
-0.855237
0.027114
-0.855348
0.0265074
-0.854108
0.0277718
-0.853914
0.0307458
-0.855351
0.0311899
-0.85554
0.0295888
-0.854015
0.029546
-0.853772
-0.854467
0.00209132
-0.00129821
0.0031435
0.0041912
0.00491197
0.0052062
0.00525116
0.00499395
0.00505126
0.00471697
0.00468908
0.00545256
0.00521546
0.00486768
0.00575946
0.00684587
0.00649516
0.00595534
0.00694045
0.00816872
-0.330442
-0.0652022
0.395644
-0.26658
-0.0638622
-0.205194
-0.0613855
-0.145487
-0.0597074
-0.0871432
-0.0583435
-0.0297711
-0.0573721
0.0270201
-0.0567912
0.0836044
-0.0565843
0.140325
-0.0567208
0.197504
-0.0571783
0.255455
-0.0579517
0.314495
-0.0590395
0.374985
-0.0604901
0.437204
-0.062219
0.501749
-0.0645451
0.568606
-0.0668574
0.639138
-0.0705313
0.712315
-0.073177
0.79143
-0.0791157
-0.0809039
-0.0717301
-0.0824758
0.0890036
-0.0543699
-0.0812223
-0.0355296
-0.0802258
-0.0158369
-0.0794
0.00458259
-0.078763
0.0255157
-0.0783052
0.0467453
-0.0780208
0.0680672
-0.0779062
0.0893067
-0.0779603
0.110312
-0.0781841
0.130942
-0.0785816
0.151063
-0.0791602
0.1705
-0.0799275
0.189187
-0.0809057
0.206729
-0.082087
0.223425
-0.0835529
0.238093
-0.0852
0.252246
-0.0873297
0.262578
-0.0894481
-0.0927089
-0.0494716
-0.0989722
0.0659681
-0.0318016
-0.0988923
-0.0131939
-0.0988335
0.00621408
-0.098808
0.0262804
-0.0988293
0.0468857
-0.0989106
0.067926
-0.099061
0.0893072
-0.0992875
0.110942
-0.0995952
0.132745
-0.0999873
0.15463
-0.100466
0.176502
-0.101033
0.198262
-0.101687
0.219782
-0.102426
0.240945
-0.103251
0.26154
-0.104148
0.281468
-0.105128
0.300311
-0.106173
0.318102
-0.107239
-0.108778
-0.0236813
-0.107624
0.0323328
-0.0151704
-0.107403
-0.00678585
-0.107218
0.00148585
-0.10708
0.0096486
-0.106992
0.0176946
-0.106957
0.0256071
-0.106973
0.0333629
-0.107043
0.0409345
-0.107167
0.048292
-0.107345
0.0554045
-0.107579
0.0622413
-0.107869
0.0687729
-0.108218
0.0749743
-0.108627
0.0808202
-0.109097
0.0863032
-0.109631
0.0914055
-0.11023
0.0961394
-0.110907
0.100595
-0.111694
-0.112628
-0.0129293
-0.117394
0.0226994
-0.00288987
-0.117443
0.00740534
-0.117513
0.0179269
-0.117601
0.0286403
-0.117706
0.0395106
-0.117827
0.0505035
-0.117966
0.0615851
-0.118125
0.0727216
-0.118303
0.0838785
-0.118502
0.0950198
-0.11872
0.106108
-0.118957
0.117102
-0.119213
0.127959
-0.119485
0.138634
-0.119772
0.149076
-0.120072
0.159233
-0.120387
0.169046
-0.12072
0.178448
-0.121096
-0.121675
-0.0217998
-0.122918
0.0273236
-0.0163846
-0.122858
-0.0110858
-0.122812
-0.00590266
-0.122784
-0.000831015
-0.122777
0.00413329
-0.122791
0.00899365
-0.122827
0.0137525
-0.122884
0.0184118
-0.122963
0.0229731
-0.123063
0.0274385
-0.123185
0.0318107
-0.123329
0.0360935
-0.123495
0.0402926
-0.123684
0.0444154
-0.123895
0.0484722
-0.124129
0.0524751
-0.124389
0.0564367
-0.124682
0.0603612
-0.125021
-0.125349
-0.00453908
-0.128971
0.0105925
0.00161518
-0.129012
0.00786595
-0.129063
0.0142027
-0.129121
0.0206114
-0.129186
0.0270766
-0.129256
0.0335826
-0.129333
0.0401131
-0.129414
0.046652
-0.129502
0.053183
-0.129594
0.0596894
-0.129692
0.0661538
-0.129794
0.0725584
-0.1299
0.0788847
-0.13001
0.0851132
-0.130123
0.0912237
-0.13024
0.0971953
-0.130361
0.103006
-0.130493
0.10863
-0.130644
-0.130903
-0.0145351
-0.132036
0.0176001
-0.0115339
-0.132013
-0.00859974
-0.131997
-0.00573207
-0.131989
-0.00292805
-0.13199
-0.000183682
-0.132001
0.00250546
-0.132022
0.00514398
-0.132053
0.00773658
-0.132094
0.0102881
-0.132146
0.0128036
-0.132207
0.0152887
-0.132279
0.0177492
-0.132361
0.0201919
-0.132453
0.022624
-0.132555
0.0250532
-0.132669
0.0274865
-0.132794
0.0299285
-0.132935
0.032381
-0.133097
-0.133205
-0.00151592
-0.135871
0.00535058
0.00236704
-0.135896
0.00629621
-0.135926
0.0102666
-0.135959
0.0142716
-0.135995
0.0183031
-0.136032
0.0223528
-0.136071
0.026412
-0.136112
0.0304717
-0.136154
0.0345231
-0.136197
0.0385571
-0.136241
0.0425644
-0.136286
0.0465355
-0.136332
0.0504609
-0.136378
0.0543306
-0.136425
0.0581344
-0.136473
0.0618622
-0.136522
0.0655021
-0.136575
0.0690334
-0.136628
-0.136754
-0.0154601
-0.138564
0.0181535
-0.0128039
-0.138552
-0.0101858
-0.138544
-0.00760468
-0.13854
-0.00505804
-0.138541
-0.00254245
-0.138548
-5.40006e-05
-0.13856
0.00241152
-0.138578
0.00485848
-0.138601
0.00729135
-0.13863
0.00971474
-0.138664
0.0121334
-0.138705
0.0145523
-0.138751
0.0169765
-0.138802
0.0194113
-0.13886
0.0218617
-0.138923
0.024333
-0.138993
0.0268309
-0.139072
0.0293687
-0.139166
-0.139214
-0.00429017
-0.141646
0.00737189
-0.00118106
-0.141662
0.00195407
-0.141679
0.00511238
-0.141699
0.00828998
-0.141719
0.0114823
-0.14174
0.0146842
-0.141762
0.0178905
-0.141784
0.0210957
-0.141806
0.0242943
-0.141828
0.0274807
-0.141851
0.0306492
-0.141873
0.0337941
-0.141896
0.0369095
-0.141918
0.0399894
-0.14194
0.0430275
-0.141961
0.0460168
-0.141983
0.0489476
-0.142003
0.051802
-0.14202
-0.142091
-0.0106789
-0.143375
0.0124074
-0.00897393
-0.143367
-0.00729253
-0.143361
-0.00563383
-0.143357
-0.00399609
-0.143357
-0.00237704
-0.143359
-0.000773995
-0.143365
0.000815943
-0.143374
0.00239583
-0.143386
0.00396884
-0.143401
0.0055382
-0.14342
0.00710725
-0.143442
0.00867937
-0.143468
0.010258
-0.143496
0.0118466
-0.143528
0.0134488
-0.143564
0.0150687
-0.143603
0.0167118
-0.143646
0.0183889
-0.143697
-0.143704
0.000311709
-0.144909
0.00122322
0.001864
-0.144919
0.00343243
-0.144929
0.00501501
-0.14494
0.00660914
-0.144951
0.0082118
-0.144962
0.00981962
-0.144973
0.0114291
-0.144983
0.0130365
-0.144993
0.0146382
-0.145003
0.0162304
-0.145012
0.0178094
-0.145021
0.0193714
-0.14503
0.0209126
-0.145038
0.0224294
-0.145045
0.0239179
-0.145052
0.0253735
-0.145058
0.0267904
-0.145063
0.0281581
-0.145065
-0.145113
-0.00867017
-0.146239
0.00999944
-0.00735538
-0.146234
-0.0060549
-0.14623
-0.0047679
-0.146227
-0.00349311
-0.146226
-0.00222886
-0.146226
-0.000973204
-0.146228
0.000275974
-0.146232
0.00152093
-0.146238
0.00276399
-0.146246
0.00400757
-0.146256
0.0052541
-0.146268
0.00650602
-0.146282
0.00776584
-0.146297
0.00903607
-0.146315
0.0103195
-0.146335
0.0116195
-0.146358
0.0129408
-0.146384
0.0142911
-0.146415
-0.146412
-0.00211767
-0.147644
0.00352287
-0.000702456
-0.147649
0.000722154
-0.147654
0.00215508
-0.14766
0.00359487
-0.147666
0.00503976
-0.147671
0.00648775
-0.147676
0.00793669
-0.147681
0.00938431
-0.147686
0.0108283
-0.14769
0.0122661
-0.147694
0.0136954
-0.147697
0.0151136
-0.1477
0.0165182
-0.147702
0.0179063
-0.147703
0.0192747
-0.147704
0.0206196
-0.147703
0.0219355
-0.1477
0.0232146
-0.147695
-0.14772
-0.00664513
-0.14862
0.00762086
-0.00567709
-0.148617
-0.00471669
-0.148615
-0.00376352
-0.148613
-0.00281688
-0.148612
-0.0018758
-0.148612
-0.000939163
-0.148613
-5.67873e-06
-0.148615
0.000926024
-0.148618
0.00185739
-0.148622
0.00278992
-0.148626
0.00372515
-0.148632
0.00466467
-0.148639
0.00561012
-0.148647
0.00656335
-0.148657
0.00752656
-0.148667
0.00850268
-0.148679
0.00949569
-0.148693
0.0105115
-0.14871
-0.148704
0.000986997
-0.149105
-0.000502118
0.00147597
-0.149106
0.00196869
-0.149107
0.00246454
-0.149109
0.00296268
-0.14911
0.00346207
-0.149112
0.00396151
-0.149112
0.00445971
-0.149113
0.00495526
-0.149113
0.00544671
-0.149113
0.00593255
-0.149112
0.00641126
-0.149111
0.00688122
-0.149109
0.00734075
-0.149107
0.00778799
-0.149104
0.00822073
-0.1491
0.00863615
-0.149095
0.00903065
-0.149088
0.00939923
-0.149079
-0.149091
-0.00350013
-0.14958
0.00397557
-0.00302675
-0.149579
-0.00255539
-0.149579
-0.00208582
-0.149578
-0.00161763
-0.149578
-0.00115025
-0.149579
-0.000683015
-0.14958
-0.000215128
-0.149581
0.000254272
-0.149583
0.000726114
-0.149585
0.00120139
-0.149588
0.00168113
-0.149591
0.00216647
-0.149595
0.0026586
-0.149599
0.00315894
-0.149604
0.00366918
-0.14961
0.00419149
-0.149617
0.00472862
-0.149625
0.00528421
-0.149635
-0.149623
0.000258286
-0.149867
2.89493e-05
0.000545926
-0.149867
0.000833875
-0.149867
0.0011219
-0.149866
0.00140963
-0.149866
0.00169659
-0.149866
0.00198218
-0.149865
0.00226577
-0.149865
0.00254664
-0.149863
0.00282404
-0.149862
0.00309716
-0.149861
0.00336517
-0.149859
0.00362719
-0.149857
0.00388222
-0.149854
0.00412912
-0.149851
0.00436645
-0.149847
0.00459236
-0.149843
0.00480456
-0.149837
0.00500009
-0.14983
-0.149835
-0.00144013
0.00157292
-0.00130704
-0.00117373
-0.00104022
-0.000906447
-0.000772284
-0.00063756
-0.000502062
-0.000365552
-0.000227767
-8.84318e-05
5.2751e-05
0.000196106
0.000342013
0.000490952
0.00064357
0.000800745
0.000963609
0.00113358
-0.450737
-0.0933985
0.0907869
0.453348
-0.449573
-0.0919237
0.0907606
-0.449175
-0.0904834
0.0900844
-0.449758
-0.0891365
0.0897202
-0.451326
-0.0878424
0.0894105
-0.453922
-0.0866307
0.0892261
-0.457503
-0.0855112
0.089092
-0.461978
-0.0844941
0.0889697
-0.467182
-0.0835852
0.0887895
-0.472871
-0.0827833
0.0884721
-0.47871
-0.082079
0.0879176
-0.484259
-0.0814516
0.0870005
-0.488953
-0.0808663
0.0855605
-0.492074
-0.0802697
0.0833905
-0.492704
-0.0795827
0.0802136
-0.489652
-0.0786897
0.0756374
-0.481314
-0.0774202
0.0690819
-0.465456
-0.0755108
0.0596528
-0.43882
-0.0725542
0.0459183
-0.0681738
0.0249977
-0.28413
-0.103126
0.293857
-0.273763
-0.10229
-0.26288
-0.101366
-0.251643
-0.100374
-0.24017
-0.0993153
-0.228614
-0.098186
-0.217137
-0.0969882
-0.205894
-0.0957372
-0.195029
-0.0944508
-0.184663
-0.0931491
-0.174885
-0.091857
-0.165734
-0.0906022
-0.157187
-0.0894136
-0.149139
-0.0883177
-0.141389
-0.0873331
-0.133615
-0.0864637
-0.125345
-0.0856901
-0.115891
-0.0849645
-0.104227
-0.0842185
-0.0833972
-0.273749
-0.107728
0.278351
-0.26882
-0.107219
-0.263438
-0.106748
-0.257513
-0.1063
-0.250956
-0.105871
-0.243681
-0.105462
-0.235605
-0.105064
-0.226673
-0.104669
-0.216851
-0.104273
-0.206133
-0.103867
-0.194544
-0.103446
-0.182144
-0.103002
-0.169027
-0.102531
-0.155315
-0.102029
-0.141148
-0.1015
-0.126659
-0.100953
-0.111938
-0.100411
-0.0969959
-0.0999064
-0.0817349
-0.0994795
-0.099164
-0.165102
-0.114482
0.171856
-0.158372
-0.113949
-0.151703
-0.113417
-0.145114
-0.112889
-0.138616
-0.112369
-0.132214
-0.111864
-0.125899
-0.111379
-0.119647
-0.110921
-0.113424
-0.110496
-0.107183
-0.110108
-0.100869
-0.10976
-0.0944177
-0.109453
-0.0877607
-0.109188
-0.0808306
-0.108959
-0.0735691
-0.108761
-0.065938
-0.108584
-0.0579326
-0.108417
-0.0495945
-0.108245
-0.0410171
-0.108057
-0.107848
-0.183636
-0.120611
0.189765
-0.177183
-0.120402
-0.170398
-0.120203
-0.163278
-0.120009
-0.155828
-0.119819
-0.148061
-0.11963
-0.139999
-0.119442
-0.131667
-0.119253
-0.123102
-0.119061
-0.114342
-0.118867
-0.105432
-0.11867
-0.0964161
-0.11847
-0.087334
-0.11827
-0.0782191
-0.118074
-0.0690922
-0.117888
-0.0599571
-0.11772
-0.0507969
-0.117577
-0.0415729
-0.117469
-0.0322285
-0.117401
-0.117377
-0.124473
-0.125523
0.129384
-0.1196
-0.125274
-0.114776
-0.125028
-0.109991
-0.124794
-0.105235
-0.124575
-0.100492
-0.124372
-0.0957477
-0.124187
-0.0909811
-0.124019
-0.0861718
-0.123871
-0.0812984
-0.123741
-0.0763402
-0.123628
-0.071279
-0.123531
-0.0661013
-0.123448
-0.0608002
-0.123375
-0.0553784
-0.12331
-0.0498496
-0.123248
-0.0442396
-0.123187
-0.0385855
-0.123123
-0.0329316
-0.123055
-0.122985
-0.117441
-0.130351
0.12227
-0.112477
-0.130238
-0.107361
-0.130144
-0.102105
-0.13005
-0.0967232
-0.129957
-0.0912325
-0.129863
-0.0856509
-0.129768
-0.0799973
-0.129673
-0.0742909
-0.129577
-0.0685498
-0.129482
-0.0627905
-0.129387
-0.0570262
-0.129295
-0.0512659
-0.129208
-0.0455131
-0.129128
-0.0397649
-0.129058
-0.0340121
-0.129001
-0.0282391
-0.12896
-0.0224257
-0.128936
-0.0165501
-0.128931
-0.128943
-0.0739043
-0.133124
0.0766767
-0.0711128
-0.13303
-0.0683394
-0.132917
-0.0655772
-0.132812
-0.0628172
-0.132717
-0.0600494
-0.132631
-0.0572638
-0.132554
-0.0544502
-0.132487
-0.0515994
-0.132428
-0.0487033
-0.132378
-0.0457558
-0.132335
-0.0427538
-0.132297
-0.0396971
-0.132265
-0.0365899
-0.132235
-0.0334406
-0.132208
-0.0302617
-0.13218
-0.0270696
-0.132152
-0.0238828
-0.132123
-0.0207205
-0.132093
-0.132063
-0.0750571
-0.13657
0.0785034
-0.0715861
-0.136501
-0.0680528
-0.13645
-0.0644661
-0.136399
-0.0608357
-0.136347
-0.0571715
-0.136295
-0.0534835
-0.136242
-0.0497812
-0.136189
-0.0460731
-0.136136
-0.0423665
-0.136084
-0.0386666
-0.136034
-0.0349766
-0.135987
-0.0312969
-0.135944
-0.0276252
-0.135907
-0.0239565
-0.135876
-0.0202831
-0.135853
-0.0165957
-0.135839
-0.012884
-0.135834
-0.00913829
-0.135839
-0.135851
-0.0689455
-0.139102
0.0714771
-0.0663917
-0.139054
-0.063845
-0.138997
-0.0612981
-0.138946
-0.0587447
-0.138901
-0.0561791
-0.13886
-0.0535959
-0.138825
-0.0509905
-0.138794
-0.048359
-0.138768
-0.0456988
-0.138745
-0.0430088
-0.138724
-0.0402896
-0.138707
-0.0375438
-0.13869
-0.034776
-0.138675
-0.0319928
-0.138659
-0.0292024
-0.138644
-0.0264139
-0.138628
-0.0236371
-0.138611
-0.0208811
-0.138595
-0.138579
-0.0643669
-0.142065
0.0673302
-0.061408
-0.142013
-0.058425
-0.14198
-0.0554248
-0.141946
-0.052413
-0.141912
-0.0493949
-0.141878
-0.0463754
-0.141845
-0.0433584
-0.141811
-0.0403472
-0.141779
-0.0373441
-0.141748
-0.0343499
-0.141719
-0.0313644
-0.141692
-0.0283858
-0.141669
-0.0254112
-0.141649
-0.0224362
-0.141634
-0.0194557
-0.141624
-0.0164641
-0.141619
-0.013456
-0.141619
-0.0104265
-0.141624
-0.141633
-0.0453756
-0.143655
0.0469659
-0.0437423
-0.143647
-0.0421027
-0.14362
-0.0404541
-0.143595
-0.0387941
-0.143572
-0.0371201
-0.143552
-0.0354301
-0.143535
-0.0337224
-0.143519
-0.0319963
-0.143505
-0.0302516
-0.143492
-0.0284893
-0.143481
-0.0267112
-0.14347
-0.0249203
-0.14346
-0.0231203
-0.143449
-0.0213159
-0.143439
-0.0195123
-0.143428
-0.0177147
-0.143417
-0.0159285
-0.143406
-0.0141581
-0.143395
-0.143384
-0.0290311
-0.145137
0.0305132
-0.0275811
-0.145097
-0.0261243
-0.145076
-0.0246629
-0.145056
-0.0231988
-0.145036
-0.0217343
-0.145017
-0.0202712
-0.144998
-0.0188108
-0.144979
-0.0173541
-0.144962
-0.0159012
-0.144945
-0.0144518
-0.14493
-0.0130047
-0.144917
-0.0115582
-0.144906
-0.0101098
-0.144898
-0.00865687
-0.144892
-0.00719633
-0.144889
-0.00572516
-0.144888
-0.00424062
-0.14489
-0.00274047
-0.144895
-0.144901
-0.0353542
-0.146336
0.0365525
-0.0341108
-0.14634
-0.0328565
-0.146331
-0.0315899
-0.146323
-0.03031
-0.146316
-0.0290161
-0.146311
-0.0277077
-0.146306
-0.0263848
-0.146302
-0.0250479
-0.146299
-0.0236979
-0.146295
-0.0223364
-0.146292
-0.0209654
-0.146288
-0.0195874
-0.146284
-0.0182052
-0.14628
-0.0168221
-0.146275
-0.0154412
-0.146269
-0.0140658
-0.146263
-0.0126988
-0.146257
-0.0113427
-0.146251
-0.146245
-0.0299105
-0.147805
0.0313801
-0.0284726
-0.147778
-0.0270397
-0.147764
-0.0256132
-0.147749
-0.0241945
-0.147735
-0.0227842
-0.147721
-0.0213829
-0.147708
-0.0199905
-0.147695
-0.0186066
-0.147682
-0.0172305
-0.147671
-0.0158609
-0.147661
-0.0144965
-0.147653
-0.0131353
-0.147646
-0.0117752
-0.14764
-0.0104142
-0.147636
-0.00904989
-0.147634
-0.00768026
-0.147633
-0.00630344
-0.147634
-0.00491798
-0.147636
-0.14764
-0.02582
-0.148634
0.0266484
-0.0249562
-0.148642
-0.024079
-0.148641
-0.0231878
-0.148641
-0.0222825
-0.14864
-0.021363
-0.148641
-0.0204297
-0.148641
-0.019483
-0.148641
-0.0185238
-0.148642
-0.0175533
-0.148642
-0.0165728
-0.148642
-0.0155842
-0.148641
-0.0145893
-0.14864
-0.0135901
-0.148639
-0.0125889
-0.148637
-0.0115878
-0.148635
-0.0105887
-0.148632
-0.00959363
-0.148629
-0.00860395
-0.148626
-0.148623
-0.00891101
-0.149207
0.00948439
-0.00836267
-0.14919
-0.00782105
-0.149183
-0.00728666
-0.149175
-0.00675987
-0.149167
-0.00624097
-0.149159
-0.00573009
-0.149152
-0.00522711
-0.149144
-0.00473169
-0.149137
-0.00424322
-0.14913
-0.00376089
-0.149124
-0.00328364
-0.149119
-0.00281028
-0.149114
-0.00233948
-0.14911
-0.00186989
-0.149107
-0.00140017
-0.149105
-0.00092906
-0.149103
-0.000455494
-0.149103
2.1374e-05
-0.149103
-0.149103
-0.0124518
-0.14956
0.0128053
-0.0120711
-0.149571
-0.0116822
-0.149571
-0.0112846
-0.149573
-0.0108781
-0.149574
-0.0104625
-0.149575
-0.0100378
-0.149576
-0.00960418
-0.149578
-0.00916195
-0.149579
-0.00871166
-0.149581
-0.00825405
-0.149582
-0.00779001
-0.149583
-0.00732056
-0.149583
-0.00684683
-0.149584
-0.00636997
-0.149584
-0.00589113
-0.149583
-0.00541138
-0.149583
-0.00493171
-0.149582
-0.0044529
-0.149582
-0.149581
-0.0060519
-0.149951
0.00644246
-0.00568269
-0.14994
-0.00531934
-0.149935
-0.0049624
-0.149929
-0.0046122
-0.149924
-0.00426903
-0.149918
-0.00393301
-0.149912
-0.00360412
-0.149907
-0.00328216
-0.149901
-0.00296678
-0.149896
-0.0026575
-0.149891
-0.00235369
-0.149886
-0.00205463
-0.149882
-0.00175953
-0.149879
-0.00146757
-0.149876
-0.00117794
-0.149873
-0.000889881
-0.149871
-0.000602706
-0.14987
-0.000315865
-0.149868
-0.149868
-0.00354618
0.00359518
-0.00348611
-0.00342092
-0.00335037
-0.00327427
-0.00319249
-0.00310499
-0.00301181
-0.0029131
-0.00280909
-0.0027001
-0.00258652
-0.00246882
-0.00234751
-0.00222312
-0.00209619
-0.00196726
-0.0018368
-0.00170524
-0.064057
-0.015207
0.079264
-0.0463534
-0.0177036
-0.0368143
-0.00953903
-0.0272024
-0.00961196
-0.0202686
-0.00693377
-0.014236
-0.0060326
-0.00945543
-0.00478058
-0.00565593
-0.0037995
-0.00276616
-0.00288977
-0.000687181
-0.00207898
0.000694954
-0.00138213
0.00149309
-0.000798139
0.00183116
-0.000338063
0.00183592
-4.75978e-06
0.00161421
0.000221709
0.00125844
0.000355772
0.000841796
0.00041664
0.000432396
0.000409399
0.000115111
0.000317285
0.000115112
-0.0874173
-0.0319953
0.104206
-0.0717477
-0.0333732
-0.0586488
-0.0226379
-0.0463848
-0.0218759
-0.0362428
-0.0170758
-0.027154
-0.0151214
-0.0194703
-0.0124643
-0.0130008
-0.010269
-0.00775273
-0.00813789
-0.00367488
-0.00615682
-0.000698163
-0.00435885
0.00129529
-0.00279159
0.00243342
-0.00147619
0.00287518
-0.000446523
0.00279248
0.000304413
0.00234192
0.00080633
0.00167694
0.00108162
0.000947193
0.00113915
0.000317701
0.000946777
0.000432813
-0.0889429
-0.0463945
0.103342
-0.0775827
-0.0447335
-0.0649415
-0.035279
-0.0539344
-0.0328831
-0.0434886
-0.0275217
-0.0340987
-0.0245112
-0.0257305
-0.0208325
-0.0184112
-0.0175883
-0.0122109
-0.0143381
-0.00714978
-0.011218
-0.00322527
-0.00828336
-0.000393536
-0.00562332
0.00145208
-0.00332181
0.00243115
-0.00142559
0.00271161
2.39544e-05
0.0024569
0.00106104
0.00185476
0.00168376
0.00109409
0.00189982
0.000385918
0.00165495
0.000818732
-0.0891489
-0.0574741
0.100228
-0.0797382
-0.0541442
-0.0686947
-0.0463225
-0.0588899
-0.0426879
-0.0489336
-0.0374779
-0.0398028
-0.033642
-0.0312858
-0.0293495
-0.0236001
-0.025274
-0.0168443
-0.0210939
-0.0111105
-0.0169518
-0.00646103
-0.0129328
-0.00290709
-0.00917726
-0.000406464
-0.00582244
0.00114575
-0.0029778
0.00187726
-0.000707557
0.0019688
0.000969505
0.00160282
0.00204974
0.00098727
0.00251537
0.000355998
0.00228622
0.00117473
-0.0887838
-0.0658
0.0971097
-0.0809662
-0.0619618
-0.0717855
-0.0555032
-0.0630305
-0.0514429
-0.0539582
-0.0465503
-0.0452599
-0.0423402
-0.0368549
-0.0377546
-0.028997
-0.0331318
-0.0218309
-0.0282601
-0.0155186
-0.023264
-0.010193
-0.0182584
-0.00593428
-0.013436
-0.0027554
-0.00900131
-0.00059906
-0.00513414
0.00065246
-0.00195908
0.00116329
0.000458677
0.00112338
0.00208965
0.000747901
0.00289085
0.000278387
0.00275573
0.00145312
-0.0875821
-0.0719342
0.0937164
-0.0812461
-0.0682978
-0.0738351
-0.0629142
-0.0662673
-0.0590108
-0.058276
-0.0545415
-0.0502508
-0.0503654
-0.042227
-0.0457784
-0.0344243
-0.0409346
-0.0270234
-0.035661
-0.0202386
-0.0300488
-0.0142752
-0.0242218
-0.00929796
-0.0184132
-0.00539916
-0.0129001
-0.00258016
-0.00795314
-0.000755477
-0.00378376
0.000226644
-0.000523445
0.000559163
0.00175713
0.000465881
0.00298413
0.000189524
0.00303209
0.00164264
-0.085746
-0.0764772
0.0902889
-0.0807321
-0.0733117
-0.0748218
-0.0688245
-0.0684879
-0.0653446
-0.0616444
-0.0613851
-0.0544947
-0.0575151
-0.0470957
-0.0531774
-0.0396091
-0.0484212
-0.0322089
-0.0430612
-0.0251254
-0.0371323
-0.0186169
-0.0307303
-0.0129343
-0.0240958
-0.00827132
-0.0175631
-0.00472027
-0.0115042
-0.00225547
-0.00624856
-0.000750118
-0.00202879
-8.87323e-06
0.00101588
0.000193433
0.00278183
0.000110236
0.00311529
0.00175288
-0.083557
-0.0798792
0.086959
-0.0796278
-0.0772409
-0.0749445
-0.0735077
-0.069757
-0.0705321
-0.0640256
-0.0671165
-0.0578471
-0.0636936
-0.0512459
-0.0597786
-0.0443138
-0.0553533
-0.0371753
-0.0501997
-0.0300304
-0.0442773
-0.0231465
-0.0376142
-0.016835
-0.0304073
-0.0113951
-0.023003
-0.00704142
-0.0158579
-0.00384997
-0.00944001
-0.00175064
-0.00412812
-0.000564546
-0.000170213
-5.1674e-05
0.00226895
4.80372e-05
0.00301558
0.00180092
-0.0812021
-0.0824426
0.0837655
-0.0781306
-0.0803123
-0.0744278
-0.0772105
-0.0702316
-0.0747284
-0.0655066
-0.0718415
-0.0602905
-0.0689097
-0.0545665
-0.0655025
-0.0483589
-0.0615609
-0.0417202
-0.0568384
-0.0347805
-0.051217
-0.0277627
-0.044632
-0.0209857
-0.0371842
-0.0148241
-0.0291646
-0.00962522
-0.0210568
-0.00561166
-0.0134536
-0.00282161
-0.00691817
-0.00112229
-0.00186954
-0.000275475
0.00142214
1.56756e-06
0.00273853
0.00180248
-0.0787935
-0.0843983
0.0807492
-0.0763936
-0.0827122
-0.0734667
-0.0801374
-0.0700936
-0.0781015
-0.0662365
-0.0756987
-0.0619022
-0.073244
-0.0570464
-0.0703583
-0.0516429
-0.0669643
-0.0456754
-0.0628059
-0.039187
-0.0577054
-0.0323137
-0.0515053
-0.0253178
-0.0441801
-0.0185855
-0.0358969
-0.0125663
-0.0270761
-0.0076526
-0.0183672
-0.00405343
-0.0105173
-0.0017413
-0.00418167
-0.000505058
0.000185897
-3.68256e-05
0.0022703
0.00176566
-0.0763988
-0.0858969
0.0778973
-0.0745214
-0.0845896
-0.0722087
-0.0824501
-0.0695071
-0.0808032
-0.0663772
-0.0788285
-0.0628115
-0.0768097
-0.058754
-0.0744157
-0.0541509
-0.0715675
-0.0489378
-0.068019
-0.0430807
-0.0635625
-0.0366132
-0.0579728
-0.0296922
-0.0511012
-0.0226377
-0.0429514
-0.0159254
-0.0337884
-0.010092
-0.0242006
-0.00556378
-0.0150456
-0.0025018
-0.00724364
-0.000777451
-0.00153845
-7.71886e-05
0.00157004
0.00168847
-0.0740545
-0.0870583
0.0752159
-0.0725857
-0.0860584
-0.0707586
-0.0842772
-0.0686021
-0.0829597
-0.0660739
-0.0813567
-0.0631602
-0.0797234
-0.0598034
-0.0777725
-0.0559402
-0.0754307
-0.0514837
-0.0724755
-0.0463491
-0.0686971
-0.0404828
-0.0638391
-0.0339201
-0.0576639
-0.0268542
-0.0500172
-0.0196898
-0.0409528
-0.0130206
-0.0308698
-0.00748096
-0.0205852
-0.00350269
-0.0112219
-0.00114463
-0.00389651
-0.000132498
0.000557905
0.00155597
-0.0717845
-0.0879639
0.0726902
-0.0706325
-0.0872105
-0.0691904
-0.0857192
-0.0674758
-0.0846743
-0.0654443
-0.0833882
-0.0630781
-0.0820896
-0.0603216
-0.080529
-0.0571123
-0.0786399
-0.0533597
-0.0762282
-0.0489573
-0.0730995
-0.0437964
-0.069
-0.0378098
-0.0636505
-0.0310441
-0.0567829
-0.0237531
-0.0482438
-0.0164634
-0.0381595
-0.00992381
-0.0271248
-0.00486681
-0.0162789
-0.00167274
-0.00709058
-0.000218234
-0.0008966
0.00133774
-0.0695978
-0.0886843
0.0703182
-0.0686915
-0.0881168
-0.0675541
-0.0868567
-0.0661984
-0.08603
-0.0645773
-0.0850093
-0.0626704
-0.0839964
-0.0604247
-0.0827747
-0.0577817
-0.0812829
-0.0546565
-0.0793534
-0.0509415
-0.0768145
-0.0465064
-0.0734351
-0.0412201
-0.0689368
-0.0350046
-0.0629984
-0.0279325
-0.0553159
-0.0203526
-0.0457394
-0.0129694
-0.034508
-0.00673394
-0.0225144
-0.00245541
-0.0113691
-0.000359484
-0.00299252
0.000978251
-0.0674948
-0.089275
0.0680855
-0.0667795
-0.0888321
-0.0658842
-0.087752
-0.0648198
-0.0870944
-0.0635379
-0.0862912
-0.0620165
-0.0855178
-0.0602053
-0.0845859
-0.0580499
-0.0834383
-0.0554736
-0.0819297
-0.0523777
-0.0799104
-0.0486333
-0.0771796
-0.0440849
-0.0734852
-0.0385761
-0.0685073
-0.0320209
-0.0618711
-0.0245382
-0.0532221
-0.0166256
-0.0424206
-0.00925324
-0.0298867
-0.00363794
-0.0169844
-0.000602875
-0.00602759
0.000375375
-0.0654722
-0.0897791
0.0659762
-0.0649091
-0.0893952
-0.0642069
-0.0884542
-0.0633778
-0.0879234
-0.0623749
-0.0872941
-0.0611759
-0.0867168
-0.0597334
-0.0860285
-0.0579965
-0.0851752
-0.0558961
-0.08403
-0.0533449
-0.0824616
-0.0502271
-0.0802973
-0.046392
-0.0773203
-0.0416544
-0.0732449
-0.035827
-0.0676984
-0.0288167
-0.0602324
-0.0208168
-0.0504205
-0.0125646
-0.038139
-0.00545291
-0.0240961
-0.00105612
-0.0104244
-0.000680747
-0.0635385
-0.0902081
0.0639674
-0.063098
-0.0898356
-0.062548
-0.0890042
-0.0619064
-0.088565
-0.0611312
-0.0880693
-0.0602006
-0.0876474
-0.0590699
-0.0871592
-0.0576909
-0.0865542
-0.0560002
-0.0857208
-0.0539199
-0.0845419
-0.0513497
-0.0828674
-0.0481582
-0.0805118
-0.0441709
-0.0772322
-0.0391687
-0.0727006
-0.0329247
-0.0664764
-0.0253366
-0.0580086
-0.0167205
-0.0467551
-0.00822655
-0.03259
-0.00198183
-0.0166691
-0.00266257
-0.0617213
-0.0905349
0.0620481
-0.0613692
-0.0901878
-0.0609328
-0.0894405
-0.0604388
-0.0890589
-0.0598491
-0.088659
-0.0591427
-0.0883538
-0.0582773
-0.0880246
-0.0572071
-0.0876244
-0.0558726
-0.0870553
-0.0542018
-0.0862126
-0.0521051
-0.0849642
-0.0494679
-0.0831489
-0.0461406
-0.0805595
-0.041924
-0.0769173
-0.0365605
-0.07184
-0.0297765
-0.0647925
-0.0214723
-0.0550593
-0.012186
-0.0418763
-0.00384506
-0.0250101
-0.00650764
-0.0600504
-0.0907093
0.0602248
-0.0597196
-0.0905185
-0.0593743
-0.0897859
-0.058995
-0.0894382
-0.0585593
-0.0890947
-0.0580418
-0.0888713
-0.0574065
-0.0886599
-0.05661
-0.088421
-0.0555973
-0.088068
-0.0543015
-0.0875084
-0.0526385
-0.0866272
-0.0505004
-0.085287
-0.0477464
-0.0833134
-0.0442021
-0.0804616
-0.0396364
-0.0764056
-0.0337492
-0.0706797
-0.0262363
-0.0625722
-0.0170215
-0.051091
-0.00700932
-0.0350223
-0.013517
-0.058553
0.0586306
-0.0583109
-0.0580124
-0.0577304
-0.0574146
-0.0570598
-0.0566277
-0.0560789
-0.0553574
-0.0543937
-0.0531034
-0.0513899
-0.0491428
-0.0462139
-0.042406
-0.0374482
-0.0309386
-0.0223768
-0.0114807
-0.635502
-0.676637
0.65656
-0.606868
-0.657019
0.628386
-0.587552
-0.66709
0.647773
-0.567135
-0.644711
0.624295
-0.547221
-0.653706
0.633791
-0.538636
-0.647397
0.638812
-0.520217
-0.646216
0.627798
-0.509426
-0.643241
0.632449
-0.493869
-0.636862
0.621305
-0.489252
-0.635581
0.630965
-0.486992
-0.633236
0.630976
-0.483464
-0.625628
0.622099
-0.480053
-0.622868
0.619458
-0.479869
-0.60481
0.604626
-0.483053
-0.600408
0.603592
-0.480778
-0.580171
0.577896
-0.484364
-0.562257
0.565843
-0.481472
-0.54776
0.544868
-0.46249
-0.512586
0.493604
-0.491069
0.481927
-0.541887
-0.693213
-0.522247
-0.676659
-0.507608
-0.681728
-0.487269
-0.66505
-0.472953
-0.668023
-0.461875
-0.658475
-0.451201
-0.65689
-0.442317
-0.652125
-0.43051
-0.648669
-0.422855
-0.643236
-0.418698
-0.637393
-0.41368
-0.630646
-0.410054
-0.626494
-0.403458
-0.611406
-0.400659
-0.603207
-0.391705
-0.589125
-0.376445
-0.577516
-0.365019
-0.559187
-0.332745
-0.544859
-0.529957
-0.495305
-0.707282
-0.480368
-0.691597
-0.469021
-0.693075
-0.452253
-0.681818
-0.439913
-0.680362
-0.424987
-0.673401
-0.414318
-0.667559
-0.403544
-0.662899
-0.394521
-0.657692
-0.384078
-0.65368
-0.376017
-0.645454
-0.368596
-0.638067
-0.364403
-0.630687
-0.352549
-0.623261
-0.344092
-0.611664
-0.334892
-0.598326
-0.320879
-0.591528
-0.308319
-0.571747
-0.292995
-0.560184
-0.5446
-0.496814
-0.721575
-0.47962
-0.708791
-0.466288
-0.706407
-0.451273
-0.696833
-0.439188
-0.692448
-0.424075
-0.688514
-0.410385
-0.681248
-0.396594
-0.67669
-0.385458
-0.668828
-0.373834
-0.665304
-0.360941
-0.658347
-0.345878
-0.65313
-0.334567
-0.641998
-0.321043
-0.636784
-0.303924
-0.628784
-0.284772
-0.617478
-0.26535
-0.61095
-0.237196
-0.599901
-0.205532
-0.591848
-0.578277
-0.484393
-0.733707
-0.47052
-0.722664
-0.457325
-0.719602
-0.442117
-0.71204
-0.430046
-0.704519
-0.41803
-0.700531
-0.404337
-0.694941
-0.391087
-0.68994
-0.376257
-0.683657
-0.364492
-0.677069
-0.352354
-0.670485
-0.338437
-0.667047
-0.322226
-0.658209
-0.308
-0.65101
-0.292802
-0.643982
-0.27315
-0.63713
-0.25688
-0.62722
-0.237341
-0.61944
-0.216881
-0.612307
-0.605393
-0.409885
-0.741953
-0.402373
-0.730176
-0.395247
-0.726728
-0.385665
-0.721622
-0.37475
-0.715435
-0.365942
-0.709338
-0.356277
-0.704607
-0.347169
-0.699047
-0.335157
-0.69567
-0.322182
-0.690044
-0.309156
-0.683511
-0.297865
-0.678338
-0.28182
-0.674254
-0.264671
-0.668159
-0.247981
-0.660672
-0.228069
-0.657042
-0.205466
-0.649823
-0.180452
-0.644454
-0.15537
-0.637389
-0.631378
-0.29525
-0.74404
-0.292002
-0.733424
-0.290022
-0.728709
-0.288606
-0.723037
-0.284562
-0.719479
-0.278906
-0.714994
-0.272755
-0.710758
-0.266756
-0.705046
-0.261273
-0.701153
-0.254096
-0.697221
-0.243824
-0.693783
-0.235084
-0.687078
-0.226576
-0.682762
-0.215871
-0.678864
-0.203298
-0.673245
-0.192112
-0.668228
-0.178556
-0.66338
-0.163008
-0.660002
-0.145051
-0.655346
-0.65416
-0.222604
-0.741108
-0.222257
-0.733771
-0.220347
-0.730619
-0.218293
-0.725091
-0.217025
-0.720746
-0.214507
-0.717512
-0.21066
-0.714605
-0.204487
-0.711219
-0.198667
-0.706973
-0.19332
-0.702568
-0.187132
-0.69997
-0.177545
-0.696666
-0.168042
-0.692264
-0.158817
-0.68809
-0.146385
-0.685677
-0.132975
-0.681637
-0.118516
-0.677839
-0.104228
-0.67429
-0.0888768
-0.670698
-0.66636
-0.232344
-0.740459
-0.23067
-0.735445
-0.228645
-0.732644
-0.223281
-0.730456
-0.217383
-0.726645
-0.212028
-0.722867
-0.207306
-0.719326
-0.201695
-0.71683
-0.194714
-0.713954
-0.186478
-0.710804
-0.180027
-0.706422
-0.172981
-0.703711
-0.163578
-0.701667
-0.154076
-0.697591
-0.145176
-0.694577
-0.135165
-0.691648
-0.123397
-0.689607
-0.111449
-0.686238
-0.0963239
-0.685822
-0.68418
-0.267788
-0.745418
-0.260477
-0.742756
-0.254608
-0.738513
-0.248796
-0.736268
-0.241153
-0.734288
-0.232462
-0.731558
-0.22331
-0.728478
-0.214859
-0.725281
-0.206739
-0.722074
-0.196749
-0.720794
-0.184824
-0.718346
-0.173833
-0.714702
-0.163057
-0.712443
-0.149988
-0.71066
-0.136621
-0.707945
-0.123278
-0.70499
-0.109663
-0.703222
-0.0952793
-0.700622
-0.0832613
-0.69784
-0.695965
-0.235209
-0.75046
-0.229713
-0.748252
-0.222785
-0.745441
-0.216855
-0.742198
-0.211513
-0.73963
-0.205723
-0.737349
-0.198836
-0.735365
-0.190768
-0.733349
-0.182294
-0.730547
-0.175503
-0.727585
-0.167721
-0.726129
-0.158091
-0.724332
-0.149369
-0.721165
-0.140803
-0.719226
-0.131152
-0.717596
-0.120149
-0.715994
-0.109682
-0.713689
-0.0969626
-0.713341
-0.082894
-0.711909
-0.711529
-0.140129
-0.751762
-0.139964
-0.748417
-0.138975
-0.74643
-0.136743
-0.74443
-0.134041
-0.742332
-0.130873
-0.740517
-0.128134
-0.738104
-0.125512
-0.735971
-0.120814
-0.735246
-0.115134
-0.733265
-0.110833
-0.73043
-0.105722
-0.729443
-0.0986142
-0.728273
-0.0913001
-0.72654
-0.0843092
-0.724587
-0.0764574
-0.723845
-0.0680788
-0.722068
-0.0608868
-0.720533
-0.0534205
-0.719375
-0.717983
-0.083569
-0.74891
-0.0850491
-0.746937
-0.0860651
-0.745414
-0.0873584
-0.743137
-0.0885371
-0.741153
-0.0884091
-0.740645
-0.0866924
-0.73982
-0.0854507
-0.737213
-0.0853893
-0.735308
-0.0832049
-0.735449
-0.0793382
-0.734297
-0.0764061
-0.732375
-0.073196
-0.731483
-0.0689888
-0.730747
-0.0638324
-0.729743
-0.0594388
-0.728239
-0.0532794
-0.728227
-0.0466668
-0.727146
-0.039077
-0.726965
-0.726547
-0.10257
-0.746172
-0.104044
-0.745463
-0.103733
-0.745724
-0.101943
-0.744926
-0.10048
-0.742616
-0.100128
-0.740997
-0.098701
-0.741247
-0.0945852
-0.741328
-0.0904246
-0.739468
-0.0876452
-0.738229
-0.0836478
-0.738294
-0.0784684
-0.737554
-0.0733759
-0.736576
-0.0688188
-0.735304
-0.0632057
-0.735356
-0.0572254
-0.734219
-0.0520484
-0.733404
-0.0463197
-0.732875
-0.0414322
-0.731852
-0.731427
-0.125241
-0.748391
-0.123234
-0.74747
-0.122061
-0.746897
-0.119623
-0.747364
-0.115075
-0.747165
-0.11032
-0.745752
-0.106849
-0.744718
-0.10343
-0.744747
-0.0981492
-0.744749
-0.0927168
-0.743661
-0.0883358
-0.742675
-0.0838305
-0.74206
-0.0784612
-0.741945
-0.0724701
-0.741295
-0.0674151
-0.740411
-0.0609748
-0.74066
-0.0544654
-0.739914
-0.0474084
-0.739931
-0.0395111
-0.73975
-0.739558
-0.0888232
-0.751348
-0.085551
-0.750742
-0.0827922
-0.749656
-0.0808633
-0.749293
-0.0788037
-0.749224
-0.0757217
-0.748834
-0.0719124
-0.748527
-0.068916
-0.747744
-0.0667217
-0.746943
-0.0637991
-0.746584
-0.0600194
-0.746455
-0.0560897
-0.74599
-0.0529565
-0.745078
-0.0487991
-0.745453
-0.0445845
-0.744626
-0.0410285
-0.744215
-0.0369132
-0.744029
-0.0334178
-0.743427
-0.0299816
-0.743186
-0.742891
-0.0338994
-0.750912
-0.0343895
-0.750252
-0.0345309
-0.749515
-0.0341571
-0.749667
-0.0335178
-0.749863
-0.0335621
-0.74879
-0.0342658
-0.747824
-0.033783
-0.748226
-0.0324146
-0.748311
-0.031628
-0.74737
-0.0311029
-0.74698
-0.0294127
-0.74768
-0.0274503
-0.74704
-0.0263913
-0.746512
-0.0240524
-0.746965
-0.0218279
-0.74644
-0.0193138
-0.746543
-0.0162674
-0.746473
-0.0130009
-0.746452
-0.746407
-0.0254711
-0.749674
-0.0260518
-0.749672
-0.0267022
-0.748864
-0.0281676
-0.748201
-0.0289051
-0.749126
-0.0279019
-0.749793
-0.0271967
-0.748529
-0.0276844
-0.747739
-0.0272329
-0.748763
-0.0253511
-0.749252
-0.0240835
-0.748248
-0.0237878
-0.747976
-0.0221163
-0.748712
-0.0205567
-0.748071
-0.0194698
-0.748052
-0.0177927
-0.748117
-0.0164805
-0.747856
-0.0151248
-0.747829
-0.0139479
-0.747629
-0.74755
-0.0320708
-0.749575
-0.0317644
-0.749978
-0.0303685
-0.75026
-0.0290651
-0.749505
-0.0292547
-0.748936
-0.0292788
-0.749769
-0.0273835
-0.750424
-0.0253914
-0.749731
-0.024909
-0.749245
-0.0243581
-0.749803
-0.0225379
-0.750068
-0.0210432
-0.74947
-0.020145
-0.74961
-0.0183478
-0.749868
-0.0167838
-0.749616
-0.015126
-0.749775
-0.0131913
-0.74979
-0.0111573
-0.749863
-0.00883403
-0.749953
-0.749942
-0.00798924
-0.00796735
-0.00822735
-0.00773201
-0.00666826
-0.00643746
-0.0068617
-0.00659254
-0.00583792
-0.00564068
-0.00570849
-0.00517873
-0.00478888
-0.00465718
-0.00427297
-0.00404784
-0.00383807
-0.00370091
-0.00365358
-0.0947811
-0.569814
0.565012
-0.0905407
-0.56774
0.563499
-0.086606
-0.572316
0.568381
-0.0830792
-0.577332
0.573806
-0.0794351
-0.582429
0.578785
-0.0761682
-0.583282
0.580015
-0.0731731
-0.585285
0.58229
-0.0708622
-0.58885
0.586539
-0.0689057
-0.596452
0.594496
-0.0674022
-0.608185
0.606681
-0.0660988
-0.612326
0.611023
-0.0658048
-0.61575
0.615456
-0.0664705
-0.619715
0.620381
-0.0683778
-0.635926
0.637833
-0.07148
-0.635347
0.63845
-0.0776232
-0.635913
0.642057
-0.086487
-0.630605
0.639469
-0.101061
-0.628029
0.642603
-0.110978
-0.556238
0.566155
-0.485454
0.45374
-0.0939629
-0.574776
-0.0899411
-0.571761
-0.0858108
-0.576446
-0.0825432
-0.5806
-0.0787783
-0.586194
-0.075728
-0.586332
-0.0724901
-0.588523
-0.0703945
-0.590945
-0.0681415
-0.598705
-0.0669011
-0.609425
-0.065254
-0.613973
-0.0651071
-0.615897
-0.0653018
-0.61952
-0.0672408
-0.633987
-0.0696609
-0.632927
-0.0744613
-0.631113
-0.0815353
-0.623531
-0.0931105
-0.616454
-0.101361
-0.547987
-0.48261
-0.0933838
-0.57967
-0.0893871
-0.575758
-0.0853462
-0.580487
-0.0821442
-0.583802
-0.0785032
-0.589835
-0.075503
-0.589332
-0.0723721
-0.591654
-0.0703324
-0.592985
-0.0682313
-0.600807
-0.0671055
-0.610551
-0.0656348
-0.615444
-0.0655847
-0.615947
-0.0659722
-0.619133
-0.0680933
-0.631866
-0.0707503
-0.63027
-0.0759604
-0.625903
-0.0838849
-0.615607
-0.0953347
-0.605004
-0.102439
-0.540882
-0.481707
-0.0926205
-0.584492
-0.0886368
-0.579742
-0.0846537
-0.58447
-0.0814968
-0.586959
-0.0779584
-0.593373
-0.0749742
-0.592317
-0.071882
-0.594746
-0.0698082
-0.595059
-0.0677421
-0.602873
-0.0666068
-0.611686
-0.0651546
-0.616896
-0.0649865
-0.616115
-0.0652813
-0.618838
-0.0672081
-0.629939
-0.0694574
-0.628021
-0.0738455
-0.621515
-0.0803963
-0.609056
-0.0890426
-0.596357
-0.0971669
-0.532758
-0.478645
-0.0918976
-0.589245
-0.0879509
-0.583689
-0.0840408
-0.58838
-0.0809475
-0.590052
-0.0775263
-0.596794
-0.0745991
-0.595244
-0.0715905
-0.597755
-0.0695559
-0.597093
-0.0675931
-0.604835
-0.0665439
-0.612736
-0.0652157
-0.618224
-0.0650936
-0.616237
-0.0654864
-0.618445
-0.0675067
-0.627919
-0.0698758
-0.625652
-0.0744514
-0.616939
-0.0810738
-0.602433
-0.0886715
-0.58876
-0.0956438
-0.525786
-0.477179
-0.0910632
-0.593928
-0.0871489
-0.587603
-0.083295
-0.592234
-0.0802568
-0.593091
-0.076939
-0.600112
-0.0740536
-0.598129
-0.0710903
-0.600718
-0.0690517
-0.599132
-0.0671258
-0.606761
-0.0660958
-0.613765
-0.0647999
-0.61952
-0.0646045
-0.616432
-0.0649177
-0.618132
-0.0667929
-0.626044
-0.0688611
-0.623584
-0.0728306
-0.61297
-0.0783247
-0.596939
-0.0845681
-0.582516
-0.0917954
-0.518558
-0.475258
-0.0902255
-0.598538
-0.0863582
-0.59147
-0.0825682
-0.596024
-0.0795924
-0.596066
-0.0763868
-0.603318
-0.0735682
-0.600948
-0.0706742
-0.603612
-0.0686708
-0.601135
-0.0668162
-0.608616
-0.0658557
-0.614726
-0.0646496
-0.620726
-0.0644724
-0.616609
-0.0648174
-0.617787
-0.0667291
-0.624132
-0.0688412
-0.621472
-0.0728096
-0.609001
-0.0780288
-0.59172
-0.0834568
-0.577088
-0.0893203
-0.512695
-0.47429
-0.0893144
-0.603073
-0.0854926
-0.595292
-0.081759
-0.599758
-0.0788402
-0.598985
-0.0757393
-0.606419
-0.0729796
-0.603707
-0.0701363
-0.606455
-0.068146
-0.603126
-0.0663276
-0.610434
-0.0653967
-0.615657
-0.0642293
-0.621893
-0.0640013
-0.616837
-0.0642708
-0.617517
-0.066068
-0.622335
-0.067959
-0.619581
-0.0714615
-0.605499
-0.075876
-0.587306
-0.0805629
-0.572402
-0.0861546
-0.507103
-0.473485
-0.0883821
-0.607529
-0.0846158
-0.599058
-0.0809406
-0.603433
-0.0780824
-0.601843
-0.0750922
-0.609409
-0.0724036
-0.606396
-0.0696263
-0.609232
-0.0676677
-0.605084
-0.0659061
-0.612196
-0.0650277
-0.616535
-0.0639311
-0.62299
-0.0637011
-0.617067
-0.0639603
-0.617258
-0.0657555
-0.62054
-0.0676399
-0.617696
-0.0710198
-0.602119
-0.0750555
-0.58327
-0.0790206
-0.568437
-0.0834992
-0.502625
-0.473219
-0.0873969
-0.611902
-0.0836894
-0.602766
-0.0800646
-0.607058
-0.0772656
-0.604642
-0.0743837
-0.612291
-0.0717577
-0.609022
-0.0690421
-0.611948
-0.0671
-0.607026
-0.0653809
-0.613915
-0.0645277
-0.617389
-0.0634746
-0.624043
-0.0632019
-0.61734
-0.0633858
-0.617074
-0.0650858
-0.61884
-0.0668047
-0.615977
-0.0698187
-0.599105
-0.0732873
-0.579801
-0.0767523
-0.564971
-0.0807266
-0.49865
-0.473196
-0.0863845
-0.616189
-0.0827459
-0.606404
-0.0791677
-0.610636
-0.0764305
-0.607379
-0.0736623
-0.615059
-0.0711007
-0.611584
-0.0684599
-0.614589
-0.0665396
-0.608947
-0.0648782
-0.615577
-0.0640576
-0.618209
-0.0630667
-0.625034
-0.0627777
-0.617629
-0.0629238
-0.616928
-0.0645963
-0.617167
-0.0662755
-0.614298
-0.0691095
-0.596271
-0.0721993
-0.576712
-0.0750906
-0.56208
-0.0781679
-0.495573
-0.473467
-0.085332
-0.620389
-0.0817653
-0.609971
-0.0782342
-0.614167
-0.0755517
-0.610062
-0.072895
-0.617716
-0.0703971
-0.614081
-0.0678261
-0.61716
-0.0659232
-0.610849
-0.0643082
-0.617191
-0.063505
-0.619012
-0.06256
-0.625979
-0.0622332
-0.617956
-0.062305
-0.616856
-0.0638896
-0.615582
-0.0654372
-0.61275
-0.0679793
-0.593729
-0.070656
-0.574035
-0.073174
-0.559562
-0.0756679
-0.493079
-0.473919
-0.0842566
-0.624494
-0.0807542
-0.613474
-0.0772959
-0.617625
-0.0746486
-0.612709
-0.0720972
-0.620267
-0.0696893
-0.616489
-0.0671707
-0.619679
-0.0653116
-0.612709
-0.0637284
-0.618775
-0.0629586
-0.619782
-0.0620612
-0.626877
-0.0617141
-0.618303
-0.0617409
-0.61683
-0.0632664
-0.614057
-0.0647543
-0.611263
-0.0670975
-0.591386
-0.0694544
-0.571678
-0.0715269
-0.55749
-0.073295
-0.491311
-0.474524
-0.0831614
-0.628486
-0.0796896
-0.616945
-0.0763632
-0.620952
-0.0737108
-0.615362
-0.0712429
-0.622735
-0.0689754
-0.618757
-0.0664555
-0.622199
-0.0646879
-0.614476
-0.0630859
-0.620377
-0.06237
-0.620498
-0.0614908
-0.627756
-0.0611132
-0.61868
-0.0610869
-0.616856
-0.0624996
-0.612644
-0.0638895
-0.609873
-0.0659815
-0.589293
-0.0680667
-0.569593
-0.0697999
-0.555756
-0.0710369
-0.490074
-0.475242
-0.0820611
-0.632331
-0.0785718
-0.620435
-0.0754443
-0.624079
-0.0727541
-0.618052
-0.0703481
-0.625141
-0.0682739
-0.620831
-0.0656991
-0.624773
-0.0640802
-0.616095
-0.0624187
-0.622038
-0.0617911
-0.621126
-0.0609068
-0.62864
-0.060504
-0.619083
-0.0604507
-0.616909
-0.0617517
-0.611343
-0.0631067
-0.608518
-0.0649844
-0.587416
-0.0668602
-0.567717
-0.0681863
-0.55443
-0.0688951
-0.489365
-0.476052
-0.0809391
-0.636016
-0.0774448
-0.623929
-0.074477
-0.627047
-0.0717847
-0.620744
-0.0694486
-0.627477
-0.0675344
-0.622745
-0.0649295
-0.627378
-0.0634299
-0.617595
-0.0617442
-0.623724
-0.0611823
-0.621688
-0.0602805
-0.629542
-0.0598324
-0.619531
-0.0597242
-0.617017
-0.0609039
-0.610164
-0.0622272
-0.607194
-0.0638888
-0.585754
-0.0655594
-0.566046
-0.0665813
-0.553408
-0.0668639
-0.489083
-0.47694
-0.0797263
-0.639653
-0.0764723
-0.627183
-0.0733512
-0.630168
-0.0708217
-0.623274
-0.0686442
-0.629655
-0.066655
-0.624735
-0.0642699
-0.629763
-0.0626316
-0.619233
-0.0611715
-0.625184
-0.0605115
-0.622348
-0.0596722
-0.630381
-0.0591575
-0.620046
-0.0589115
-0.617263
-0.0600805
-0.608995
-0.061372
-0.605903
-0.0629212
-0.584205
-0.0642476
-0.56472
-0.0651329
-0.552523
-0.0649204
-0.489295
-0.477893
-0.0783215
-0.643544
-0.0757885
-0.629716
-0.0719108
-0.634046
-0.0698683
-0.625316
-0.0681044
-0.631419
-0.0653801
-0.627459
-0.0639568
-0.631187
-0.0614379
-0.621752
-0.0608791
-0.625743
-0.0596543
-0.623572
-0.059111
-0.630924
-0.0584898
-0.620667
-0.0579432
-0.61781
-0.0592813
-0.607656
-0.0603883
-0.604796
-0.0620502
-0.582543
-0.0626504
-0.56412
-0.0638885
-0.551285
-0.0630754
-0.490108
-0.47892
-0.0767774
-0.647952
-0.0752017
-0.631291
-0.0704281
-0.63882
-0.0689041
-0.62684
-0.0676983
-0.632624
-0.0639472
-0.63121
-0.0637105
-0.631423
-0.0601697
-0.625293
-0.0606343
-0.625278
-0.0586784
-0.625528
-0.0586139
-0.630989
-0.0578794
-0.621402
-0.0569777
-0.618712
-0.0585901
-0.606044
-0.0593121
-0.604074
-0.061416
-0.580439
-0.0608908
-0.564645
-0.0627045
-0.549471
-0.0613198
-0.491493
-0.480015
-0.0735023
-0.0764078
-0.0674546
-0.0699998
-0.0688328
-0.0612306
-0.0648561
-0.0576994
-0.0616723
-0.056236
-0.0562486
-0.0555513
-0.0548054
-0.0562235
-0.0567052
-0.0592478
-0.0580501
-0.0626538
-0.0605429
-0.0489661
-0.0021046
0.00169822
-0.0481693
-0.00430925
0.00351242
-0.0470361
-0.00658309
0.00544989
-0.0455831
-0.00881118
0.00735822
-0.043823
-0.0109708
0.00921075
-0.0417689
-0.0130497
0.0109956
-0.0394347
-0.0150374
0.0127031
-0.0368349
-0.0169248
0.014325
-0.0339851
-0.0187043
0.0158545
-0.030902
-0.0203696
0.0172864
-0.0276038
-0.0219164
0.0186182
-0.0241123
-0.0233423
0.0198508
-0.0204553
-0.024648
0.020991
-0.0166675
-0.0258384
0.0220506
-0.0128053
-0.0269255
0.0230633
-0.00888415
-0.0279193
0.0239981
-0.00513204
-0.0288887
0.0251366
-0.00135493
-0.0296041
0.025827
0.00125955
-0.0294164
0.0268019
-0.0211749
0.0224344
-0.0645564
-0.00266336
-0.063473
-0.00539269
-0.0619645
-0.00809159
-0.0600528
-0.0107229
-0.0577572
-0.0132664
-0.0550982
-0.0157087
-0.0520975
-0.0180381
-0.048778
-0.0202443
-0.0451636
-0.0223186
-0.0412795
-0.0242536
-0.0371524
-0.0260434
-0.0328112
-0.0276835
-0.0282883
-0.0291708
-0.0236234
-0.0305033
-0.0188698
-0.0316791
-0.0140958
-0.0326932
-0.00947135
-0.0335132
-0.00517605
-0.0338994
-0.00199319
-0.0325993
-0.0231681
-0.083107
-0.00344002
-0.08163
-0.00686978
-0.0796309
-0.0100906
-0.0771337
-0.0132202
-0.0741662
-0.0162339
-0.0707579
-0.0191169
-0.0669401
-0.0218558
-0.0627457
-0.0244387
-0.058209
-0.0268554
-0.0533658
-0.0290969
-0.0482534
-0.0311558
-0.0429109
-0.033026
-0.0373797
-0.0347021
-0.0317033
-0.0361797
-0.0259284
-0.037454
-0.0201071
-0.0385145
-0.0143071
-0.0393132
-0.00863002
-0.0395765
-0.00341029
-0.037819
-0.0265783
-0.105306
-0.00453277
-0.103277
-0.00889915
-0.100621
-0.0127464
-0.0973543
-0.016487
-0.0935156
-0.0200726
-0.0891449
-0.0234876
-0.0842836
-0.0267171
-0.0789744
-0.029748
-0.0732605
-0.0325692
-0.0671863
-0.0351712
-0.0607961
-0.037546
-0.0541348
-0.0396873
-0.0472476
-0.0415893
-0.0401799
-0.0432474
-0.0329774
-0.0446564
-0.0256884
-0.0458035
-0.0183732
-0.0466284
-0.0111553
-0.0467944
-0.00446368
-0.0445107
-0.031042
-0.132073
-0.00609475
-0.129257
-0.0117156
-0.125714
-0.0162891
-0.121426
-0.0207749
-0.116452
-0.0250469
-0.110844
-0.0290955
-0.104657
-0.0329041
-0.0979461
-0.0364591
-0.0907656
-0.0397496
-0.0831703
-0.0427665
-0.0752137
-0.0455027
-0.0669481
-0.0479529
-0.0584242
-0.0501131
-0.0496912
-0.0519805
-0.0407962
-0.0535513
-0.0317876
-0.0548121
-0.0227296
-0.0556865
-0.0137742
-0.0557497
-0.00546858
-0.0528163
-0.0365106
-0.164471
-0.00836507
-0.160521
-0.0156653
-0.155775
-0.0210357
-0.150119
-0.0264303
-0.143653
-0.0315131
-0.136443
-0.0363049
-0.128563
-0.040785
-0.12008
-0.0449412
-0.111067
-0.0487635
-0.101588
-0.0522449
-0.0917103
-0.0553805
-0.0814954
-0.0581678
-0.0710023
-0.0606062
-0.0602868
-0.062696
-0.0494018
-0.0644363
-0.0384019
-0.0658121
-0.0273651
-0.0667233
-0.0164889
-0.0666259
-0.00647244
-0.0628328
-0.042983
-0.203767
-0.0117184
-0.198179
-0.0212531
-0.191801
-0.0274141
-0.184302
-0.0339291
-0.175871
-0.0399444
-0.166584
-0.0455912
-0.156538
-0.0508309
-0.145823
-0.055657
-0.134524
-0.0600616
-0.122728
-0.0640414
-0.110513
-0.0675958
-0.0979536
-0.0707269
-0.0851203
-0.0734394
-0.072077
-0.0757393
-0.0588833
-0.07763
-0.0456017
-0.0790937
-0.0323283
-0.0799966
-0.0193198
-0.0796344
-0.00746299
-0.0746896
-0.050446
-0.251401
-0.0167373
-0.243455
-0.0291988
-0.234879
-0.0359908
-0.224878
-0.0439295
-0.213859
-0.0509641
-0.201874
-0.0575761
-0.189058
-0.0636469
-0.175522
-0.069193
-0.161376
-0.0742068
-0.146726
-0.0786915
-0.13167
-0.0826522
-0.116298
-0.0860984
-0.100695
-0.0890423
-0.0849364
-0.0914984
-0.0690894
-0.093477
-0.0532266
-0.0949566
-0.0374674
-0.0957558
-0.0221451
-0.0949567
-0.00837251
-0.0884622
-0.0588185
-0.308933
-0.0243086
-0.297646
-0.0404861
-0.286137
-0.0474994
-0.272723
-0.0573433
-0.258317
-0.0653701
-0.242827
-0.0730666
-0.226472
-0.0800012
-0.209376
-0.086289
-0.191682
-0.0919012
-0.173517
-0.0968562
-0.155007
-0.101163
-0.136263
-0.104841
-0.117392
-0.107913
-0.0984851
-0.110406
-0.079624
-0.112338
-0.0608962
-0.113684
-0.0424515
-0.1142
-0.0247211
-0.112687
-0.00907447
-0.104109
-0.067893
-0.377898
-0.0357232
-0.362012
-0.0563723
-0.346628
-0.0628836
-0.32855
-0.0754209
-0.309795
-0.084125
-0.289758
-0.0931037
-0.268915
-0.100844
-0.247332
-0.107872
-0.225215
-0.114019
-0.20271
-0.119361
-0.179982
-0.12389
-0.157178
-0.127645
-0.13444
-0.130652
-0.111892
-0.132953
-0.0896536
-0.134577
-0.0678432
-0.135495
-0.0466472
-0.135396
-0.0266227
-0.132712
-0.00937801
-0.121354
-0.077271
-0.459554
-0.0527235
-0.437605
-0.0783214
-0.417103
-0.0833858
-0.392741
-0.0997827
-0.36859
-0.108276
-0.342666
-0.119028
-0.316229
-0.12728
-0.288998
-0.135104
-0.261378
-0.141638
-0.233477
-0.147262
-0.205551
-0.151816
-0.177788
-0.155409
-0.150415
-0.158024
-0.12363
-0.159738
-0.0976367
-0.160571
-0.0726401
-0.160491
-0.0488725
-0.159164
-0.0270804
-0.154504
-0.00895088
-0.139483
-0.0862219
-0.554443
-0.0774149
-0.5249
-0.107864
-0.49762
-0.110666
-0.465207
-0.132196
-0.434649
-0.138834
-0.401154
-0.152523
-0.368013
-0.160422
-0.333669
-0.169447
-0.299263
-0.176044
-0.264553
-0.181972
-0.230092
-0.186278
-0.196054
-0.189446
-0.162907
-0.191171
-0.130996
-0.191649
-0.100785
-0.190781
-0.0727006
-0.188576
-0.0469961
-0.184868
-0.0247391
-0.176761
-0.0071756
-0.157047
-0.0933975
-0.661685
-0.111989
-0.623139
-0.146411
-0.587144
-0.14666
-0.545444
-0.173895
-0.507509
-0.17677
-0.464668
-0.195363
-0.424019
-0.201071
-0.380767
-0.212699
-0.338266
-0.218546
-0.29481
-0.225428
-0.251951
-0.229137
-0.209422
-0.231976
-0.168368
-0.232225
-0.129359
-0.230659
-0.0938595
-0.22628
-0.0629922
-0.219443
-0.0372449
-0.210616
-0.0182092
-0.195797
-0.00478014
-0.170476
-0.0981776
-0.778167
-0.158163
-0.729779
-0.194798
-0.683625
-0.192814
-0.63271
-0.22481
-0.58635
-0.223129
-0.533377
-0.248337
-0.484971
-0.249477
-0.431185
-0.266485
-0.379941
-0.269789
-0.325659
-0.27971
-0.272782
-0.282015
-0.21905
-0.285707
-0.167358
-0.283917
-0.117652
-0.280364
-0.0728187
-0.271113
-0.0349858
-0.257276
-0.00707193
-0.23853
0.00633239
-0.209201
0.00853675
-0.17268
-0.0896409
-0.898342
-0.216117
-0.840821
-0.252319
-0.784681
-0.248954
-0.726129
-0.283362
-0.670867
-0.278391
-0.609637
-0.309568
-0.553686
-0.305427
-0.489768
-0.330403
-0.430533
-0.329024
-0.364648
-0.345595
-0.302292
-0.344371
-0.236732
-0.351267
-0.174879
-0.34577
-0.114345
-0.340898
-0.0616699
-0.323789
-0.0183042
-0.300642
0.00952556
-0.266359
0.0151931
-0.214868
0.00740158
-0.164888
-0.0822393
-1.01534
-0.283492
-0.951564
-0.316099
-0.887907
-0.312611
-0.825208
-0.346061
-0.763428
-0.340171
-0.699408
-0.373588
-0.637978
-0.366857
-0.569768
-0.398613
-0.50541
-0.393382
-0.43105
-0.419955
-0.359062
-0.416359
-0.276409
-0.43392
-0.195048
-0.427131
-0.106855
-0.429091
-0.0243973
-0.406246
0.0524162
-0.377455
0.103563
-0.317506
0.10809
-0.219395
0.0616578
-0.118456
-0.0205815
-1.12154
-0.355549
-1.05594
-0.381701
-0.989337
-0.379214
-0.927568
-0.40783
-0.864702
-0.403037
-0.805004
-0.433285
-0.744513
-0.427348
-0.684075
-0.459051
-0.623999
-0.453458
-0.558893
-0.485062
-0.495859
-0.479393
-0.423686
-0.506093
-0.352804
-0.498013
-0.271197
-0.510699
-0.192024
-0.485419
-0.108896
-0.460583
-0.0427952
-0.383607
-0.00320983
-0.25898
-0.0116111
-0.110055
-0.0321927
-1.21035
-0.427129
-1.14653
-0.445522
-1.08068
-0.445062
-1.02206
-0.466447
-0.960739
-0.464363
-0.906698
-0.487326
-0.849084
-0.484962
-0.796596
-0.511539
-0.7388
-0.511255
-0.681456
-0.542405
-0.618716
-0.542133
-0.549565
-0.575244
-0.470873
-0.576705
-0.374148
-0.607424
-0.263876
-0.595691
-0.134611
-0.589847
-0.00351797
-0.514701
0.12686
-0.389358
0.171644
-0.154839
0.139451
-1.26777
-0.497143
-1.20771
-0.505583
-1.14535
-0.507414
-1.09151
-0.520289
-1.03556
-0.520317
-0.991093
-0.531791
-0.944659
-0.531396
-0.909549
-0.546649
-0.871187
-0.549616
-0.84293
-0.570662
-0.813302
-0.571761
-0.794811
-0.593736
-0.771227
-0.600289
-0.744362
-0.634288
-0.69982
-0.640234
-0.631376
-0.658291
-0.515746
-0.630331
-0.337446
-0.567658
-0.137762
-0.354523
0.00168943
-1.26852
-1.2106
-1.14963
-1.09612
-1.03765
-0.989424
-0.938531
-0.898641
-0.853761
-0.817742
-0.778481
-0.756761
-0.736669
-0.733125
-0.734909
-0.751143
-0.742005
-0.667061
-0.455429
-0.000431474
-0.00108393
-0.000427536
-0.00228796
-0.000421289
-0.00367584
-0.000412186
-0.00505338
-0.000399788
-0.00638232
-0.000383816
-0.00765008
-0.000364107
-0.00884755
-0.000340592
-0.00996607
-0.000313292
-0.0109971
-0.00028234
-0.0119326
-0.000248029
-0.0127647
-0.000210873
-0.0134865
-0.000171701
-0.0140922
-0.000131773
-0.014578
-9.28656e-05
-0.0149429
-5.73678e-05
-0.0151914
-2.87654e-05
-0.0153284
-9.69843e-06
-0.0153848
-5.45146e-06
-0.0153684
-0.0153472
-1.71353e-05
-0.000653007
-0.0010876
-0.00064612
-0.00229485
-0.000635852
-0.00368611
-0.000621368
-0.00506786
-0.000601986
-0.0064017
-0.000577282
-0.00767478
-0.000547014
-0.00887782
-0.000511081
-0.010002
-0.000469515
-0.0110387
-0.000422514
-0.0119796
-0.0003705
-0.0128167
-0.00031422
-0.0135428
-0.000254881
-0.0141515
-0.000194324
-0.0146386
-0.000135258
-0.0150019
-8.10401e-05
-0.0152456
-3.74578e-05
-0.015372
-7.81805e-06
-0.0154144
-7.89948e-07
-0.0153754
-0.0153306
-1.74009e-05
-0.000963854
-0.00109412
-0.000951544
-0.00230716
-0.000933845
-0.00370381
-0.000909931
-0.00509178
-0.000879008
-0.00643262
-0.000840573
-0.00771322
-0.000794359
-0.00892403
-0.000740274
-0.0100561
-0.0006784
-0.0111006
-0.00060903
-0.012049
-0.000532748
-0.012893
-0.000450568
-0.0136249
-0.000364131
-0.014238
-0.000275954
-0.0147267
-0.000189857
-0.015088
-0.000110411
-0.0153251
-4.63027e-05
-0.0154361
-2.08554e-06
-0.0154586
9.45394e-06
-0.0153869
-0.0153074
-1.37004e-05
-0.00131004
-0.0011039
-0.00129127
-0.00232593
-0.00126454
-0.00373054
-0.00122925
-0.00512706
-0.00118466
-0.00647722
-0.00113024
-0.00776763
-0.00106576
-0.00898851
-0.000991155
-0.0101307
-0.000906558
-0.0111852
-0.000812351
-0.0121432
-0.000709258
-0.0129961
-0.000598528
-0.0137357
-0.000482192
-0.0143543
-0.000363406
-0.0148455
-0.000247111
-0.0152043
-0.000139047
-0.0154331
-5.12281e-05
-0.015524
1.07644e-05
-0.0155206
2.80538e-05
-0.0154042
-0.0152777
-1.64525e-06
-0.00167037
-0.00111698
-0.00164491
-0.00235139
-0.00160864
-0.00376681
-0.00156128
-0.00517442
-0.00150218
-0.00653632
-0.00143091
-0.0078389
-0.00134726
-0.00907217
-0.0012512
-0.0102268
-0.00114291
-0.0112935
-0.00102285
-0.0122632
-0.000891833
-0.0131271
-0.000751273
-0.0138762
-0.000603512
-0.0145021
-0.000452237
-0.0149968
-0.000303466
-0.0153531
-0.000163948
-0.0155727
-4.94404e-05
-0.0156385
3.36421e-05
-0.0156037
5.86147e-05
-0.0154292
-0.0152432
2.40328e-05
-0.00203723
-0.00113332
-0.00200518
-0.00238345
-0.00195933
-0.00381266
-0.00189973
-0.00523403
-0.00182589
-0.00661016
-0.00173746
-0.00792732
-0.0016343
-0.00917533
-0.00151642
-0.0103446
-0.00138404
-0.0114258
-0.00123763
-0.0124097
-0.00107805
-0.0132867
-0.000906803
-0.0140475
-0.000726427
-0.0146825
-0.000540987
-0.0151822
-0.000357473
-0.0155366
-0.000183421
-0.0157467
-3.86707e-05
-0.0157832
6.95075e-05
-0.0157119
0.000104873
-0.0154645
-0.0152057
6.74264e-05
-0.00240843
-0.0011528
-0.00236994
-0.00242193
-0.00231463
-0.00386797
-0.00224282
-0.00530584
-0.0021542
-0.00669877
-0.00204854
-0.00803298
-0.00192576
-0.00929812
-0.0017859
-0.0104845
-0.0016292
-0.0115825
-0.00145612
-0.0125827
-0.0012675
-0.0134753
-0.00106482
-0.0142502
-0.000850686
-0.0148966
-0.000629329
-0.0154036
-0.000408539
-0.0157574
-0.00019636
-0.0159589
-1.67858e-05
-0.0159628
0.000121511
-0.0158502
0.000170942
-0.015514
-0.0151686
0.000133803
-0.00278378
-0.00117537
-0.002739
-0.00246671
-0.00267436
-0.00393262
-0.00259041
-0.00538979
-0.00248705
-0.00680214
-0.00236414
-0.00815588
-0.00222168
-0.00944059
-0.00205975
-0.0106464
-0.00187857
-0.0117637
-0.00167857
-0.0127827
-0.00146049
-0.0136934
-0.00122568
-0.014485
-0.00097661
-0.0151457
-0.00071746
-0.0156628
-0.000456538
-0.0160183
-0.000202045
-0.0162134
1.76813e-05
-0.0161825
0.000192942
-0.0160254
0.000261445
-0.0155825
-0.0151365
0.000229401
-0.00316384
-0.00120098
-0.00311284
-0.0025177
-0.00303895
-0.00400651
-0.00294293
-0.00548581
-0.00282485
-0.00692022
-0.00268469
-0.00829604
-0.00252251
-0.00960277
-0.00233844
-0.0108305
-0.00213267
-0.0119695
-0.00190554
-0.0130099
-0.00165761
-0.0139413
-0.00139
-0.0147526
-0.00110483
-0.0154308
-0.000805925
-0.0159617
-0.00050171
-0.0163225
-0.000200093
-0.016515
6.57883e-05
-0.0164484
0.000287287
-0.0162469
0.000381681
-0.0156769
-0.0151167
0.000361857
-0.00354933
-0.00122964
-0.00349215
-0.00257489
-0.00340904
-0.00408962
-0.00330098
-0.00559387
-0.00316818
-0.00705302
-0.00301075
-0.00845347
-0.00282883
-0.00978469
-0.00262256
-0.0110368
-0.00239211
-0.0121999
-0.00213767
-0.0132643
-0.0018596
-0.0142194
-0.00155859
-0.0150536
-0.00123622
-0.0157532
-0.000895598
-0.0163023
-0.000544678
-0.0166735
-0.000190597
-0.0168691
0.00012957
-0.0167686
0.000408183
-0.0165256
0.000537887
-0.0158066
-0.0151196
0.000540826
-0.00394106
-0.00126136
-0.00387765
-0.00263829
-0.00378532
-0.00418196
-0.0036652
-0.00571399
-0.00351766
-0.00720056
-0.00334294
-0.00862819
-0.00314123
-0.00998639
-0.00291272
-0.0112653
-0.00265753
-0.0124551
-0.0023757
-0.0135461
-0.00206726
-0.0145278
-0.00173241
-0.0153884
-0.00137189
-0.0161137
-0.000987719
-0.0166865
-0.000586558
-0.0170746
-0.000174291
-0.0172814
0.000209869
-0.0171527
0.000559298
-0.016875
0.000737518
-0.0159848
-0.0151609
0.000778757
-0.00433982
-0.00129618
-0.00427012
-0.00270799
-0.0041685
-0.00428357
-0.00403628
-0.00584621
-0.00387395
-0.00736288
-0.00368187
-0.00882027
-0.00346034
-0.0102079
-0.00320957
-0.0115161
-0.00292961
-0.0127351
-0.00262036
-0.0138554
-0.00228149
-0.0148667
-0.00191254
-0.0157574
-0.0015132
-0.0165131
-0.00108395
-0.0171157
-0.000629095
-0.0175295
-0.00015279
-0.0177577
0.00030689
-0.0176124
0.000744056
-0.0173122
0.000989653
-0.0162304
-0.0152632
0.00109196
-0.00474638
-0.00133419
-0.00467028
-0.00278409
-0.00455929
-0.00439456
-0.00441487
-0.00599064
-0.00423767
-0.00754008
-0.00402818
-0.00902976
-0.00378677
-0.0104493
-0.00351371
-0.0117891
-0.00320903
-0.0130398
-0.00287244
-0.014192
-0.00250323
-0.0152359
-0.00210021
-0.0161604
-0.00166175
-0.0169515
-0.00118642
-0.017591
-0.000674814
-0.0180411
-0.000128904
-0.0183036
0.000419679
-0.018161
0.000965021
-0.0178575
0.00130543
-0.0165708
-0.0154596
0.00150185
-0.00516153
-0.00137544
-0.00507889
-0.00286672
-0.0049584
-0.00451505
-0.00480166
-0.00614738
-0.00460948
-0.00773226
-0.00438247
-0.00925677
-0.00412113
-0.0107107
-0.00382579
-0.0120845
-0.00349645
-0.0133691
-0.0031327
-0.0145557
-0.00273345
-0.0156352
-0.00229672
-0.0165971
-0.00181941
-0.0174288
-0.00129775
-0.0181127
-0.000727209
-0.0186116
-0.000107056
-0.0189237
0.000545298
-0.0188133
0.00122255
-0.0185347
0.0016981
-0.0170464
-0.0157972
0.00203569
-0.00558604
-0.00142004
-0.00549669
-0.00295608
-0.00536652
-0.00464523
-0.0051973
-0.0063166
-0.00498999
-0.00793957
-0.00474535
-0.0095014
-0.00446402
-0.010992
-0.00414639
-0.0124021
-0.00379253
-0.013723
-0.00340191
-0.0149463
-0.00297313
-0.0160639
-0.00250345
-0.0170668
-0.00198823
-0.017944
-0.00142109
-0.0186798
-0.000790983
-0.0192417
-9.38372e-05
-0.0196209
0.000677354
-0.0195845
0.00151194
-0.0193693
0.00218154
-0.017716
-0.0163402
0.00272458
-0.00602069
-0.0014681
-0.00592441
-0.00305236
-0.00578435
-0.00478528
-0.00560245
-0.00649849
-0.00537984
-0.00816218
-0.00511742
-0.00976382
-0.00481599
-0.0112934
-0.00447608
-0.012742
-0.00409785
-0.0141012
-0.00368076
-0.0153634
-0.00322318
-0.0165215
-0.00272177
-0.0175682
-0.00217042
-0.0184954
-0.00156008
-0.0192902
-0.000872295
-0.0199295
-9.87592e-05
-0.0203944
0.000803416
-0.0204867
0.0018178
-0.0203837
0.00276485
-0.018663
-0.0171688
0.00359346
-0.00646624
-0.00151974
-0.00636278
-0.00315582
-0.00621259
-0.00493547
-0.00601778
-0.00669331
-0.00577963
-0.00840033
-0.00549925
-0.0100442
-0.0051776
-0.0116151
-0.00481541
-0.0131042
-0.00441297
-0.0145036
-0.00396987
-0.0158065
-0.00348445
-0.0170069
-0.00295297
-0.0180997
-0.00236825
-0.0190801
-0.00171873
-0.0199397
-0.000978852
-0.0206694
-0.000135065
-0.0212382
0.0009013
-0.0215231
0.00210471
-0.0215871
0.00343739
-0.0199957
-0.0183624
0.00463091
-0.00692345
-0.00157507
-0.00681251
-0.00326677
-0.00665191
-0.00509607
-0.0064439
-0.00690132
-0.00618996
-0.00865427
-0.00589139
-0.0103428
-0.00554937
-0.0119571
-0.00516485
-0.0134887
-0.00473838
-0.0149301
-0.0042698
-0.0162751
-0.00375766
-0.0175191
-0.00319824
-0.0186591
-0.00258391
-0.0196944
-0.00190133
-0.0206223
-0.00111978
-0.0214509
-0.000219996
-0.022138
0.000935998
-0.0226791
0.00230588
-0.022957
0.00413034
-0.0218201
-0.0199356
0.00570357
-0.00739306
-0.00163419
-0.00727426
-0.00338556
-0.00710292
-0.00526741
-0.0068814
-0.00712284
-0.00661137
-0.0089243
-0.00629434
-0.0106598
-0.00593175
-0.0123197
-0.00552483
-0.0138956
-0.0050745
-0.0153804
-0.00458102
-0.0167686
-0.00404348
-0.0180566
-0.00345877
-0.0192438
-0.00281977
-0.0203334
-0.00211283
-0.0213292
-0.0013062
-0.0222576
-0.000374719
-0.0230695
0.00085866
-0.0239124
0.00231796
-0.0244163
0.00465076
-0.0241529
-0.0216371
0.00635228
-0.00787619
-0.00774934
-0.00756686
-0.00733148
-0.00704502
-0.00670924
-0.00632584
-0.00589643
-0.00542237
-0.00490455
-0.00434301
-0.00373604
-0.0030785
-0.00235717
-0.00155145
-0.00062276
0.000601423
0.00201212
0.0046611
0.00545839
-2.66871e-05
-0.00614032
-3.88429e-05
-0.00614634
-5.36328e-05
-0.00615847
-7.08186e-05
-0.00617781
-9.01272e-05
-0.00620546
-0.000111233
-0.00624243
-0.000133763
-0.00628955
-0.0001573
-0.00634749
-0.000181392
-0.0064167
-0.000205557
-0.00649742
-0.00022929
-0.00658961
-0.000252073
-0.00669302
-0.000273384
-0.00680712
-0.000292706
-0.00693114
-0.000309544
-0.00706404
-0.000323438
-0.00720459
-0.000333981
-0.00735134
-0.000340828
-0.00750269
-0.000343707
-0.00765698
-0.00781266
-0.000342495
-3.18459e-05
-0.00612588
-5.05399e-05
-0.00612765
-7.32546e-05
-0.00613575
-9.96849e-05
-0.00615138
-0.000129418
-0.00617573
-0.000161955
-0.00620989
-0.000196723
-0.00625478
-0.000233078
-0.00631113
-0.000270322
-0.00637946
-0.00030771
-0.00646003
-0.00034446
-0.00655286
-0.00037977
-0.00665771
-0.000412827
-0.00677407
-0.000442826
-0.00690114
-0.000468993
-0.00703788
-0.000490603
-0.00718298
-0.000507005
-0.00733494
-0.000517651
-0.00749205
-0.000522106
-0.00765253
-0.00781472
-0.000520048
-3.45835e-05
-0.00610499
-6.17667e-05
-0.00610046
-9.49776e-05
-0.00610254
-0.000133732
-0.00611262
-0.000177404
-0.00613206
-0.000225247
-0.00616205
-0.0002764
-0.00620363
-0.000329906
-0.00625763
-0.000384727
-0.00632464
-0.00043976
-0.006405
-0.000493851
-0.00649877
-0.00054581
-0.00660575
-0.000594435
-0.00672544
-0.000638535
-0.00685704
-0.000676955
-0.00699946
-0.000708618
-0.00715132
-0.000732557
-0.007311
-0.000747958
-0.00747665
-0.000754179
-0.0076463
-0.00781816
-0.000750733
-2.9309e-05
-0.00607733
-6.59143e-05
-0.00606386
-0.000110949
-0.00605751
-0.000163693
-0.00605988
-0.000223266
-0.00607248
-0.000288619
-0.00609669
-0.000358559
-0.00613369
-0.000431764
-0.00618442
-0.000506809
-0.00624959
-0.000582182
-0.00632962
-0.000656304
-0.00642465
-0.000727546
-0.00653451
-0.000794253
-0.00665873
-0.000854778
-0.00679651
-0.000907518
-0.00694671
-0.000950966
-0.00710787
-0.000983757
-0.00727821
-0.00100474
-0.00745567
-0.00101299
-0.00763805
-0.00782333
-0.00100782
-1.10221e-05
-0.00604227
-5.79477e-05
-0.00601693
-0.000116013
-0.00599944
-0.000184293
-0.0059916
-0.000261617
-0.00599516
-0.00034659
-0.00601172
-0.000437638
-0.00604264
-0.000533036
-0.00608902
-0.000630932
-0.00615169
-0.000729366
-0.00623119
-0.000826293
-0.00632772
-0.000919594
-0.00644121
-0.00100711
-0.00657122
-0.00108666
-0.00671696
-0.00115611
-0.00687726
-0.00121343
-0.00705056
-0.00125674
-0.00723491
-0.00128443
-0.00742798
-0.00129521
-0.00762727
-0.00783049
-0.00128805
2.47418e-05
-0.00599959
-3.3313e-05
-0.00595888
-0.00010575
-0.00592701
-0.000191372
-0.00590598
-0.000288632
-0.0058979
-0.000395721
-0.00590463
-0.000510628
-0.00592773
-0.000631174
-0.00596847
-0.000755044
-0.00602782
-0.000879796
-0.00610643
-0.00100288
-0.00620464
-0.00112165
-0.00632244
-0.00123336
-0.0064595
-0.00133525
-0.00661508
-0.00142451
-0.00678799
-0.00149846
-0.00697662
-0.00155454
-0.00717882
-0.00159053
-0.00739199
-0.00160457
-0.00761322
-0.00783988
-0.00159518
8.32306e-05
-0.00594902
1.29907e-05
-0.00588864
-7.54582e-05
-0.00583856
-0.000180712
-0.00580073
-0.00030065
-0.00577796
-0.000432957
-0.00577232
-0.00057511
-0.00578558
-0.000724426
-0.00581916
-0.000878087
-0.00587416
-0.00103315
-0.00595137
-0.00118653
-0.00605126
-0.00133501
-0.00617396
-0.00147522
-0.00631928
-0.00160369
-0.00648661
-0.00171685
-0.00667484
-0.00181112
-0.00688234
-0.00188308
-0.00710687
-0.00192958
-0.00734549
-0.00194796
-0.00759484
-0.00785184
-0.001936
0.000170763
-0.00589038
8.71169e-05
-0.00580499
-1.98187e-05
-0.00573162
-0.000147566
-0.00567298
-0.000293642
-0.00563189
-0.00045503
-0.00561093
-0.000628584
-0.00561202
-0.000811061
-0.00563668
-0.000999119
-0.0056861
-0.0011893
-0.00576119
-0.001378
-0.00586255
-0.00156142
-0.00599055
-0.00173552
-0.00614519
-0.00189601
-0.00632612
-0.00203838
-0.00653247
-0.00215795
-0.00676277
-0.00225004
-0.00701478
-0.00231019
-0.00728534
-0.00233449
-0.00757055
-0.00786676
-0.00231957
0.000294901
-0.00582342
0.000195991
-0.00570608
6.77932e-05
-0.00560342
-8.63628e-05
-0.00551882
-0.00026303
-0.00545522
-0.000458274
-0.00541569
-0.00066825
-0.00540205
-0.000889104
-0.00541583
-0.00111698
-0.00545823
-0.00134795
-0.00553022
-0.00157793
-0.00563257
-0.00180258
-0.0057659
-0.00201718
-0.00593058
-0.00221658
-0.00612672
-0.00239511
-0.00635394
-0.00254667
-0.00661121
-0.00266482
-0.00689663
-0.00274317
-0.00720699
-0.0027758
-0.00753792
-0.00788503
-0.00275753
0.000465144
-0.00574774
0.000348431
-0.00558937
0.000194842
-0.00544983
8.98585e-06
-0.00533297
-0.00020368
-0.00524255
-0.000438617
-0.00518075
-0.000690983
-0.00514968
-0.000956263
-0.00515055
-0.00123015
-0.00518435
-0.00150835
-0.00525201
-0.00178647
-0.00535446
-0.00205973
-0.00549263
-0.00232284
-0.00566748
-0.00256974
-0.00587982
-0.00279346
-0.00613021
-0.00298606
-0.00641862
-0.00313865
-0.00674403
-0.00324191
-0.00710374
-0.00328676
-0.00749307
-0.00790679
-0.003265
0.000693546
-0.00566253
0.000555173
-0.005451
0.000370374
-0.00526504
0.000146343
-0.00510893
-0.000109875
-0.00498633
-0.000391746
-0.00489888
-0.000693467
-0.00484796
-0.00100997
-0.00483404
-0.00133665
-0.00485766
-0.00166913
-0.00491954
-0.00200294
-0.00502066
-0.00233318
-0.00516239
-0.0026542
-0.00534645
-0.00295917
-0.00557485
-0.00323973
-0.00584965
-0.00348563
-0.00617272
-0.00368465
-0.00654501
-0.003823
-0.00696538
-0.00388653
-0.00742954
-0.00793138
-0.00386195
0.000995377
-0.00556595
0.000829144
-0.00528477
0.000604512
-0.0050404
0.000332625
-0.00483705
2.35919e-05
-0.0046773
-0.000313658
-0.00456163
-0.000672573
-0.00448905
-0.00104757
-0.00445904
-0.00143406
-0.00447117
-0.00182798
-0.00452562
-0.00222528
-0.00462335
-0.00262147
-0.0047662
-0.003011
-0.00495692
-0.00338666
-0.00519919
-0.0037388
-0.00549752
-0.00405453
-0.00585699
-0.00431714
-0.0062824
-0.00450628
-0.00677624
-0.00459955
-0.00733627
-0.00795602
-0.00457491
0.00138968
-0.00545378
0.00118526
-0.00508035
0.000907831
-0.00476298
0.000575046
-0.00450426
0.000201637
-0.00430389
-0.000201355
-0.00415864
-0.000625941
-0.00406446
-0.00106659
-0.00401839
-0.00151936
-0.0040184
-0.00198116
-0.00406381
-0.00244914
-0.00415538
-0.00291995
-0.00429539
-0.00338904
-0.00448784
-0.00384959
-0.00473864
-0.00429127
-0.00505584
-0.00469858
-0.00544968
-0.0050492
-0.00593179
-0.00531332
-0.00651211
-0.00545546
-0.00719414
-0.0079731
-0.00543838
0.00189846
-0.00531655
0.00163833
-0.00482022
0.00128857
-0.00441321
0.000877032
-0.00409273
0.00042458
-0.00385144
-5.49914e-05
-0.00367907
-0.000553125
-0.00356633
-0.0010652
-0.00350632
-0.00158876
-0.00349483
-0.00212267
-0.00352991
-0.00266618
-0.00361186
-0.00321827
-0.0037433
-0.0037766
-0.00392951
-0.00433622
-0.00417902
-0.00488753
-0.00450452
-0.0054134
-0.00492381
-0.00588545
-0.00545974
-0.00626125
-0.0061363
-0.00648518
-0.00697021
-0.00796442
-0.00649386
0.00254185
-0.00513382
0.0021967
-0.00447507
0.00174612
-0.00396263
0.00123309
-0.00357969
0.000685806
-0.00330416
0.000119994
-0.00311326
-0.000456912
-0.00298942
-0.00104243
-0.00292081
-0.00163693
-0.00290033
-0.0022423
-0.00292454
-0.0028611
-0.00299306
-0.00349583
-0.00310857
-0.00414803
-0.00327731
-0.00481676
-0.00351029
-0.00549592
-0.00382536
-0.00616963
-0.0042501
-0.00680517
-0.0048242
-0.00734549
-0.00559599
-0.00770622
-0.00660948
-0.0078902
-0.00778044
0.00332252
-0.00486287
0.00284543
-0.00399798
0.0022562
-0.0033734
0.00161735
-0.00294085
0.000963109
-0.00264992
0.000307777
-0.00245792
-0.000345248
-0.0023364
-0.000997901
-0.00226816
-0.00165482
-0.00224342
-0.00232193
-0.00225743
-0.0030059
-0.00230909
-0.0037138
-0.00240067
-0.0044526
-0.0025385
-0.00522799
-0.00273491
-0.00604148
-0.00301187
-0.00688444
-0.00340714
-0.00772661
-0.00398203
-0.00849951
-0.00482309
-0.0090837
-0.00602528
-0.0076684
-0.0093055
0.00418602
-0.00441798
0.00350866
-0.00332062
0.00274111
-0.00260585
0.0019634
-0.00216314
0.00120707
-0.00189359
0.000476954
-0.00172781
-0.000232324
-0.00162712
-0.000929555
-0.00157092
-0.00162463
-0.00154834
-0.00232773
-0.00155433
-0.0030495
-0.00158732
-0.00380147
-0.00164869
-0.00459648
-0.00174349
-0.00544859
-0.0018828
-0.00637151
-0.00208894
-0.00737324
-0.00240541
-0.00844168
-0.00291358
-0.00951449
-0.00375028
-0.0104452
-0.00509459
-0.00713913
-0.0109744
0.00493089
-0.0036453
0.00398017
-0.0023699
0.00302381
-0.00164949
0.00213907
-0.0012784
0.00132919
-0.00108371
0.000577112
-0.000975732
-0.000135926
-0.00091408
-0.000826487
-0.000880363
-0.00150884
-0.000865996
-0.00219587
-0.000867297
-0.00290029
-0.000882902
-0.00363587
-0.000913113
-0.00441901
-0.000960353
-0.00527058
-0.00103123
-0.00621772
-0.0011418
-0.00729377
-0.00132936
-0.00852945
-0.00167791
-0.0099146
-0.00236513
-0.0113181
-0.00369108
-0.00602584
-0.0124314
0.00502861
-0.00232164
0.00380568
-0.00114697
0.00277745
-0.000621255
0.00192828
-0.000429234
0.00119819
-0.000353613
0.000542628
-0.00032017
-6.78961e-05
-0.000303556
-0.000653429
-0.00029483
-0.00122834
-0.000291086
-0.00180447
-0.000291165
-0.00239282
-0.000294555
-0.00300505
-0.000300878
-0.00365548
-0.000309932
-0.00436415
-0.00032255
-0.00516243
-0.000343524
-0.00610198
-0.000389811
-0.00726647
-0.000513415
-0.00876827
-0.000863336
-0.0106466
-0.00181276
-0.0039201
-0.0127523
0.00313675
0.00198978
0.00136852
0.000939289
0.000585677
0.000265507
-3.80493e-05
-0.000332879
-0.000623965
-0.00091513
-0.00120969
-0.00151056
-0.00182049
-0.00214304
-0.00248657
-0.00287638
-0.00338979
-0.00425313
-0.00606589
-0.00998598
-0.000315568
-0.0231185
-0.000262308
-0.0242533
-0.000184884
-0.0252143
-9.65041e-05
-0.025858
-1.68702e-06
-0.026216
9.15262e-05
-0.0262246
0.000180305
-0.0259284
0.000262039
-0.025323
0.000335433
-0.0244339
0.000399971
-0.0232806
0.000455594
-0.0218845
0.000502532
-0.020266
0.000541174
-0.0184449
0.000572005
-0.0164401
0.000595597
-0.0142696
0.00061263
-0.0119507
0.000623987
-0.0095001
0.000630905
-0.00693673
0.000634959
-0.00431139
-0.00193865
-0.000477906
-0.0231606
-0.000398179
-0.024333
-0.000280152
-0.0253323
-0.000147919
-0.0259902
-5.36968e-06
-0.0263586
0.000133856
-0.0263639
0.000266733
-0.0260613
0.000388934
-0.0254452
0.000498897
-0.0245439
0.000595864
-0.0233776
0.000679786
-0.0219684
0.000750988
-0.0203372
0.000810018
-0.0185039
0.000857558
-0.0164876
0.000894417
-0.0143064
0.000921583
-0.0119778
0.000940371
-0.00951889
0.000952702
-0.00694906
0.00096106
-0.00431975
-0.00194334
-0.000686879
-0.0232245
-0.00057147
-0.0244484
-0.000400501
-0.0255033
-0.000211909
-0.0261788
-9.16571e-06
-0.0265613
0.000187806
-0.0265608
0.000375845
-0.0262493
0.000549076
-0.0256185
0.000705754
-0.0247006
0.000845021
-0.0235169
0.000966908
-0.0220903
0.00107187
-0.0204422
0.00116058
-0.0185927
0.00123388
-0.0165609
0.00129271
-0.0143653
0.00133827
-0.0120234
0.00137214
-0.00955276
0.00139666
-0.00697358
0.00141451
-0.0043376
-0.00195295
-0.000917752
-0.0233145
-0.000762025
-0.0246042
-0.000531405
-0.0257339
-0.000280742
-0.0264295
-1.25825e-05
-0.0268295
0.000246501
-0.0268199
0.000493444
-0.0264963
0.000721062
-0.0258461
0.000927609
-0.0249071
0.00111229
-0.0237015
0.00127533
-0.0222533
0.00141737
-0.0205842
0.00153926
-0.0187145
0.00164196
-0.0166636
0.00172654
-0.0144498
0.00179429
-0.0120912
0.00184695
-0.00960542
0.00188693
-0.00701356
0.00191653
-0.0043672
-0.00196842
-0.00116677
-0.0234358
-0.000966605
-0.0248043
-0.00067004
-0.0260305
-0.0003527
-0.0267468
-1.53516e-05
-0.0271668
0.000308513
-0.0271438
0.000616217
-0.026804
0.000899576
-0.0261294
0.00115706
-0.0251646
0.00138812
-0.0239326
0.00159326
-0.0224585
0.0017734
-0.0207643
0.00192958
-0.0188707
0.00206291
-0.0167969
0.00217456
-0.0145615
0.00226588
-0.0121825
0.0023386
-0.00967814
0.00239503
-0.00706999
0.0024368
-0.00440897
-0.00198986
-0.00143599
-0.023595
-0.00118638
-0.0250539
-0.000816449
-0.0264004
-0.000427346
-0.0271359
-1.70359e-05
-0.0275771
0.000374032
-0.0275348
0.000743859
-0.0271738
0.00108371
-0.0264693
0.00139253
-0.0254734
0.00167018
-0.0242102
0.0019176
-0.0227059
0.00213601
-0.0209828
0.00232671
-0.0190614
0.00249095
-0.0169612
0.00262996
-0.0147005
0.00274513
-0.0122976
0.00283811
-0.00977112
0.00291093
-0.00714282
0.00296458
-0.00446261
-0.00201705
-0.00172949
-0.0238015
-0.00142383
-0.0253596
-0.000971344
-0.0268529
-0.000504349
-0.0276029
-1.69496e-05
-0.0280645
0.000443888
-0.0279957
0.000877059
-0.027607
0.00127394
-0.0268662
0.0016342
-0.0258337
0.00195838
-0.0245344
0.00224794
-0.0229954
0.00250451
-0.0212393
0.00272962
-0.0192865
0.00292468
-0.0171562
0.00309097
-0.0148668
0.00322986
-0.0124365
0.00334288
-0.00988414
0.00343174
-0.00723168
0.00349677
-0.00452764
-0.00204973
-0.00205245
-0.0240686
-0.00168179
-0.0257302
-0.00113542
-0.0273993
-0.000583078
-0.0281553
-1.41166e-05
-0.0286335
0.000519279
-0.0285291
0.00101691
-0.0281046
0.00147118
-0.0273204
0.00188283
-0.0262453
0.00225332
-0.0249049
0.00258476
-0.0233269
0.00287921
-0.0215338
0.0031385
-0.0195458
0.00336416
-0.0173819
0.00355753
-0.0150602
0.0037199
-0.0125989
0.00385264
-0.0100169
0.00395713
-0.00733617
0.00403311
-0.00460363
-0.00208768
-0.00241101
-0.0244152
-0.00196308
-0.0261782
-0.00130905
-0.0280533
-0.000662382
-0.0288019
-7.26549e-06
-0.0292886
0.000601726
-0.0291381
0.00116474
-0.0286676
0.00167658
-0.0278323
0.00213937
-0.0267081
0.00255579
-0.0253213
0.00292872
-0.0236998
0.00326073
-0.0218658
0.00355391
-0.019839
0.00380992
-0.0176379
0.00403012
-0.0152804
0.00421572
-0.0127845
0.00436788
-0.010169
0.00448765
-0.00745594
0.00457428
-0.00469026
-0.00213074
-0.00281258
-0.0248676
-0.00227027
-0.0267205
-0.00149208
-0.0288315
-0.000740387
-0.0295536
5.90372e-06
-0.0300349
0.000693095
-0.0298253
0.00132209
-0.0292966
0.00189136
-0.0284016
0.00240483
-0.0272216
0.00286664
-0.0257831
0.00328058
-0.0241137
0.00364974
-0.0222349
0.00397648
-0.0201658
0.00426258
-0.017924
0.00450939
-0.0155272
0.00471798
-0.0129931
0.00488932
-0.0103404
0.00502412
-0.00759074
0.00512121
-0.00478735
-0.00217882
-0.00326625
-0.0254633
-0.00260522
-0.0273815
-0.00168353
-0.0297532
-0.000814214
-0.0304229
2.87032e-05
-0.0308778
0.000795662
-0.0305922
0.00149066
-0.0299916
0.00211684
-0.0290277
0.00268024
-0.027785
0.00318674
-0.0262896
0.0036411
-0.0245681
0.00404695
-0.0226408
0.0044069
-0.0205257
0.00472283
-0.0182399
0.00499601
-0.0158004
0.00522741
-0.0132245
0.00541775
-0.0105307
0.00556742
-0.00774041
0.00567487
-0.0048948
-0.0022319
-0.00378351
-0.0262547
-0.00296841
-0.0281966
-0.00188116
-0.0308404
-0.000879845
-0.0314243
6.34479e-05
-0.0318211
0.000911975
-0.0314407
0.00167234
-0.030752
0.00235441
-0.0297098
0.00296666
-0.0283972
0.00351693
-0.0268399
0.004011
-0.0250622
0.00445302
-0.0230828
0.00484582
-0.0209185
0.00519131
-0.0185854
0.00549069
-0.0160997
0.00574475
-0.0134785
0.00595396
-0.0107399
0.00611841
-0.00790486
0.00623623
-0.00501262
-0.00229
-0.00437878
-0.0273143
-0.00335752
-0.0292179
-0.00208071
-0.0321172
-0.000931657
-0.0325733
0.00011442
-0.0328672
0.00104499
-0.0323713
0.00186916
-0.0315762
0.00260546
-0.0304461
0.0032651
-0.0290569
0.00385802
-0.0274328
0.00439098
-0.0255951
0.0048686
-0.0235604
0.00529388
-0.0213438
0.00566869
-0.0189602
0.00599411
-0.0164252
0.00627072
-0.0137552
0.00649875
-0.0109679
0.00667798
-0.00808408
0.00680624
-0.00514088
-0.00235319
-0.00506876
-0.0287394
-0.0037648
-0.0305218
-0.00227462
-0.0336074
-0.00096197
-0.033886
0.000186839
-0.034016
0.00119802
-0.0333825
0.00208326
-0.0324614
0.00287138
-0.0312342
0.00357654
-0.029762
0.00421075
-0.0280671
0.00478168
-0.0261661
0.00529431
-0.024073
0.00575168
-0.0218012
0.00615559
-0.0193641
0.00650693
-0.0167765
0.00680605
-0.0140543
0.0070529
-0.0112148
0.00724695
-0.00827814
0.00738579
-0.00527972
-0.00242155
-0.00586826
-0.0306515
-0.00417231
-0.0322178
-0.00244977
-0.0353299
-0.000960398
-0.0353753
0.000287153
-0.0352636
0.00137475
-0.0344701
0.00231684
-0.0334035
0.0031535
-0.0320709
0.00390186
-0.0305104
0.00457581
-0.028741
0.00518371
-0.026774
0.00573071
-0.0246201
0.00621982
-0.0222903
0.00665262
-0.0197969
0.00702981
-0.0171537
0.00735144
-0.0143759
0.00761717
-0.0114805
0.00782618
-0.00848715
0.0079758
-0.00542934
-0.00249522
-0.00677783
-0.0331792
-0.00454422
-0.0344514
-0.00258411
-0.0372901
-0.000913179
-0.0370463
0.00042319
-0.0365999
0.00157909
-0.035626
0.00257207
-0.0343965
0.00345299
-0.0329518
0.00424183
-0.0312992
0.00495376
-0.0294529
0.00559756
-0.0274178
0.00617832
-0.0252008
0.00669882
-0.0228108
0.00716039
-0.0202585
0.00756339
-0.0175567
0.00790758
-0.0147201
0.00819232
-0.0117653
0.00841647
-0.00871129
0.00857713
-0.00559
-0.00257433
-0.00775449
-0.0363992
-0.00481805
-0.0373878
-0.00264315
-0.039465
-0.000803196
-0.0388862
0.00060391
-0.038007
0.00181492
-0.036837
0.0028509
-0.0354324
0.00377087
-0.0338718
0.00459704
-0.0321254
0.00534508
-0.030201
0.00602368
-0.0280964
0.0066376
-0.0258147
0.00718921
-0.0233624
0.00767944
-0.0207487
0.00810829
-0.0179855
0.00847517
-0.015087
0.00877909
-0.0120692
0.00901861
-0.00895081
0.00919064
-0.00576203
-0.00265908
-0.00865083
-0.0401798
-0.00490112
-0.0411375
-0.00257946
-0.0417866
-0.000610954
-0.0408547
0.000839095
-0.0394571
0.00208612
-0.038084
0.00315516
-0.0365015
0.00410797
-0.0348246
0.00496797
-0.0329854
0.00575013
-0.0309831
0.00646245
-0.0288087
0.00710897
-0.0264612
0.00769145
-0.0239449
0.0082103
-0.0212676
0.00866509
-0.0184403
0.00905484
-0.0154767
0.0093782
-0.0123925
0.00963339
-0.009206
0.00981718
-0.00594583
-0.00274964
-0.00914227
-0.0437898
-0.00467656
-0.0456033
-0.00233367
-0.0441295
-0.00031449
-0.0428739
0.00114012
-0.0409117
0.00239689
-0.0393408
0.00348664
-0.0375912
0.00446515
-0.0358031
0.00535503
-0.0338753
0.00616923
-0.0317973
0.00691418
-0.0295536
0.00759278
-0.0271398
0.00820595
-0.024558
0.00875345
-0.0218151
0.00923433
-0.0189212
0.00964717
-0.0158896
0.00999025
-0.0127356
0.0102615
-0.00947723
0.0104575
-0.00614187
-0.0028462
-0.00871713
-0.0450587
-0.00401973
-0.0503007
-0.00183174
-0.0463175
0.000101858
-0.0448075
0.00151767
-0.0423275
0.00274782
-0.0405709
0.0038472
-0.0386906
0.00484348
-0.0367994
0.0057595
-0.0347913
0.00660375
-0.0326416
0.00738034
-0.0303302
0.00809057
-0.0278501
0.00873429
-0.0252018
0.0093105
-0.0223913
0.00981764
-0.0194284
0.0102538
-0.0163258
0.0106169
-0.0130987
0.0109046
-0.00976491
0.0111134
-0.00635062
-0.00295041
-0.00432907
-0.0407296
-0.00155077
-0.053079
0.00439918
-0.0522675
0.0100461
-0.0504544
0.0163041
-0.0485855
0.0224611
-0.046728
0.0285317
-0.0447612
0.0343882
-0.0426559
0.0399762
-0.0403793
0.0452514
-0.0379167
0.0501827
-0.0352616
0.0547456
-0.0324129
0.0589182
-0.0293744
0.06268
-0.0261531
0.0660109
-0.0227592
0.0688911
-0.019206
0.0713012
-0.0155089
0.0732221
-0.0116858
0.0746348
-0.00776328
-0.00366433
0.0021083
-0.0428379
0.00607271
-0.0570434
0.0122196
-0.0584143
0.0191855
-0.0574204
0.0264694
-0.0558694
0.0337786
-0.0540372
0.0409901
-0.0519727
0.0480083
-0.0496741
0.0547675
-0.0471385
0.061215
-0.0443642
0.0673055
-0.041352
0.0729976
-0.0381051
0.0782528
-0.0346296
0.0830343
-0.0309345
0.0873063
-0.0270313
0.0910347
-0.0229343
0.0941864
-0.0186605
0.0967288
-0.0142282
0.0986471
-0.00968161
-0.00465088
0.00485457
-0.0476925
0.0124644
-0.0646532
0.0206973
-0.0666473
0.029198
-0.0659211
0.0378157
-0.064487
0.0464508
-0.0626723
0.0550061
-0.0605279
0.0633977
-0.0580657
0.0715504
-0.0552912
0.0793956
-0.0522094
0.0868697
-0.0488262
0.0939134
-0.0451487
0.10047
-0.0411861
0.106485
-0.0369495
0.111906
-0.0324526
0.116683
-0.0277116
0.120768
-0.0227456
0.124111
-0.0175705
0.12672
-0.0122914
-0.00602972
0.00672632
-0.0544188
0.0165082
-0.0744351
0.0270361
-0.0771751
0.0377465
-0.0766315
0.0484813
-0.0752219
0.0591498
-0.0733408
0.0696766
-0.0710548
0.0799896
-0.0683786
0.0900177
-0.0653193
0.0996914
-0.061883
0.108941
-0.0580763
0.1177
-0.053907
0.125898
-0.0493847
0.13347
-0.0445212
0.140348
-0.0393308
0.146467
-0.0338302
0.151763
-0.0280422
0.156157
-0.0219644
0.159728
-0.0158618
-0.00797815
0.00829669
-0.0627155
0.0204975
-0.0866359
0.0335403
-0.0902179
0.046733
-0.0898242
0.0598911
-0.08838
0.0729335
-0.0863832
0.0857935
-0.0839148
0.0984035
-0.0809886
0.110692
-0.0776082
0.122586
-0.0737766
0.134007
-0.0694977
0.144878
-0.0647772
0.155116
-0.059623
0.16464
-0.0540452
0.173366
-0.0480573
0.18121
-0.0416739
0.188095
-0.0349274
0.193881
-0.0277497
0.198801
-0.0207819
-0.0107693
0.00976441
-0.0724799
0.0243874
-0.101259
0.0401168
-0.105947
0.0560614
-0.105769
0.0719814
-0.1043
0.0877807
-0.102182
0.103388
-0.0995221
0.118732
-0.0963323
0.133735
-0.0926118
0.148317
-0.088358
0.162389
-0.0835699
0.17586
-0.0782486
0.188635
-0.0723977
0.200613
-0.0660234
0.211693
-0.0591373
0.221763
-0.0517439
0.230749
-0.0439127
0.238373
-0.0353739
0.245194
-0.0276027
-0.014819
0.0111413
-0.0836212
0.0282942
-0.118412
0.0469285
-0.124582
0.0659099
-0.12475
0.0849252
-0.123315
0.103858
-0.121115
0.122628
-0.118293
0.141159
-0.114863
0.159365
-0.110818
0.177153
-0.106146
0.194424
-0.10084
0.211069
-0.0948942
0.226977
-0.0883052
0.242025
-0.0810715
0.256094
-0.0732068
0.269026
-0.0646762
0.280802
-0.0556882
0.290838
-0.0454103
0.30032
-0.0370841
-0.020755
0.0123415
-0.0959627
0.0320552
-0.138125
0.0537676
-0.146294
0.0760535
-0.147036
0.0985016
-0.145763
0.120966
-0.143579
0.143355
-0.140682
0.165581
-0.137089
0.187547
-0.132783
0.209145
-0.127744
0.23026
-0.121955
0.250763
-0.115398
0.270526
-0.108068
0.289396
-0.0999414
0.307255
-0.0910664
0.323834
-0.0812551
0.339336
-0.0711904
0.352509
-0.0585827
0.365655
-0.0502308
-0.0295045
0.0132085
-0.109171
0.0353715
-0.160288
0.0602259
-0.171148
0.0860222
-0.172832
0.112218
-0.171959
0.138626
-0.169987
0.165133
-0.167189
0.191629
-0.163585
0.217997
-0.159151
0.244105
-0.153853
0.26982
-0.14767
0.294985
-0.140563
0.319465
-0.132548
0.343046
-0.123522
0.365699
-0.11372
0.386831
-0.102387
0.40732
-0.0916788
0.424545
-0.0758075
0.442606
-0.0682926
-0.0423839
0.013507
-0.122678
0.0377286
-0.18451
0.0655401
-0.19896
0.0949101
-0.202202
0.125111
-0.202161
0.15589
-0.200766
0.187082
-0.198381
0.218522
-0.195025
0.250057
-0.190686
0.2815
-0.185296
0.312708
-0.178878
0.343455
-0.171309
0.373678
-0.162771
0.402943
-0.152787
0.43166
-0.142437
0.458286
-0.129014
0.485374
-0.118766
0.50786
-0.0982933
0.532273
-0.0927059
-0.061148
0.0128608
-0.135539
0.038233
-0.209882
0.0683144
-0.229041
0.101068
-0.234956
0.135466
-0.236559
0.171122
-0.236422
0.207748
-0.235007
0.245002
-0.232279
0.282683
-0.228367
0.320442
-0.223054
0.358221
-0.216658
0.395527
-0.208615
0.432722
-0.199965
0.468562
-0.188627
0.504937
-0.178812
0.537916
-0.161994
0.573376
-0.154226
0.602775
-0.127692
0.635064
-0.124994
-0.0879385
0.0105923
-0.146131
0.0351845
-0.234474
0.0659166
-0.259773
0.101543
-0.270583
0.14042
-0.275436
0.181778
-0.27778
0.225074
-0.278303
0.269407
-0.276612
0.314634
-0.273594
0.35985
-0.268269
0.405571
-0.262379
0.450269
-0.253314
0.495955
-0.245651
0.538866
-0.231538
0.584681
-0.224626
0.624835
-0.202148
0.669995
-0.199386
0.708379
-0.166076
0.750058
-0.166674
-0.12511
0.00511835
-0.15125
0.0250323
-0.254388
0.0537474
-0.288489
0.0919811
-0.308816
0.136551
-0.320006
0.185297
-0.326525
0.237525
-0.330532
0.290688
-0.329775
0.345483
-0.32839
0.399167
-0.321953
0.454577
-0.317788
0.506895
-0.305633
0.56276
-0.301516
0.612697
-0.281475
0.66906
-0.280989
0.717502
-0.250591
0.772496
-0.25438
0.821786
-0.215365
0.874123
-0.219011
-0.174893
-0.00645886
-0.144791
0.00411166
-0.264959
0.0290775
-0.313454
0.0714945
-0.351233
0.125124
-0.373636
0.183707
-0.385109
0.24819
-0.395014
0.311686
-0.39327
0.378314
-0.395018
0.4404
-0.38404
0.507058
-0.384446
0.566196
-0.36477
0.632841
-0.368161
0.689732
-0.338366
0.755425
-0.346682
0.813455
-0.308621
0.877163
-0.318088
0.938129
-0.27633
1.00133
-0.282213
-0.238633
-0.0152234
-0.129567
-0.0166245
-0.263558
0.00524923
-0.335328
0.0540767
-0.400061
0.121466
-0.441025
0.191179
-0.454822
0.271156
-0.474991
0.344788
-0.466903
0.423684
-0.473914
0.491766
-0.452122
0.568308
-0.460988
0.632741
-0.429203
0.706741
-0.442161
0.770767
-0.402392
0.841433
-0.417348
0.908917
-0.376105
0.979165
-0.388336
1.05102
-0.348183
1.12348
-0.354674
-0.315629
-0.0587668
-0.0708005
-0.0665752
-0.255749
-0.0223064
-0.379597
0.05538
-0.477747
0.155624
-0.541269
0.242395
-0.541592
0.337069
-0.569665
0.415977
-0.545811
0.499602
-0.557538
0.567661
-0.520181
0.644817
-0.538145
0.712483
-0.496869
0.784979
-0.514656
0.854717
-0.472131
0.924575
-0.487206
0.998393
-0.449923
1.07163
-0.461571
1.15202
-0.428572
1.23073
-0.433391
-0.402627
-0.00925498
-0.0615456
0.0319677
-0.296972
0.113388
-0.461017
0.200888
-0.565248
0.304073
-0.644453
0.380076
-0.617595
0.462792
-0.652381
0.532228
-0.615248
0.602069
-0.627379
0.663741
-0.581853
0.728361
-0.602765
0.797563
-0.566071
0.861324
-0.578418
0.932256
-0.543062
0.996946
-0.551896
1.07284
-0.525814
1.14541
-0.534146
1.23039
-0.513549
1.31146
-0.514464
-0.4943
-0.0697904
0.0082448
0.0272359
-0.393998
0.177197
-0.610978
0.298881
-0.686931
0.414259
-0.759832
0.492691
-0.696027
0.562295
-0.721985
0.62938
-0.682333
0.682019
-0.680018
0.740932
-0.640766
0.792153
-0.653985
0.860704
-0.634622
0.91556
-0.633274
0.983338
-0.610841
1.0411
-0.60966
1.11541
-0.600123
1.18537
-0.604108
1.27001
-0.598182
1.34855
-0.593009
-0.584754
0.248988
-0.240743
0.446117
-0.591127
0.59178
-0.756642
0.660144
-0.755295
0.683405
-0.783092
0.695448
-0.70807
0.699787
-0.726324
0.72701
-0.709556
0.741009
-0.694017
0.781537
-0.681294
0.815128
-0.687577
0.870064
-0.689557
0.91261
-0.675821
0.971749
-0.66998
1.02347
-0.661378
1.0935
-0.67016
1.15855
-0.669159
1.23602
-0.675645
1.30679
-0.663786
-0.66889
0.398322
0.561368
0.597288
0.582461
0.551925
0.565875
0.579533
0.615673
0.645328
0.696616
0.736142
0.779866
0.819195
0.870517
0.920689
0.980453
1.03192
1.09008
1.14777
)
;

boundaryField
{
    inlet
    {
        type            calculated;
        value           nonuniform List<scalar> 
80
(
-0.855
-0.855
-0.855
-0.855
-0.855
-0.855
-0.855
-0.855
-0.855
-0.855
-0.855
-0.855
-0.855
-0.855
-0.855
-0.855
-0.855
-0.855
-0.855
-0.855
-0.15
-0.15
-0.15
-0.15
-0.15
-0.15
-0.15
-0.15
-0.15
-0.15
-0.15
-0.15
-0.15
-0.15
-0.15
-0.15
-0.15
-0.15
-0.15
-0.15
-0.15
-0.15
-0.15
-0.15
-0.15
-0.15
-0.15
-0.15
-0.15
-0.15
-0.15
-0.15
-0.15
-0.15
-0.15
-0.15
-0.15
-0.15
-0.15
-0.15
-0.75
-0.75
-0.75
-0.75
-0.75
-0.75
-0.75
-0.75
-0.75
-0.75
-0.75
-0.75
-0.75
-0.75
-0.75
-0.75
-0.75
-0.75
-0.75
-0.75
)
;
    }
    outlet
    {
        type            calculated;
        value           nonuniform List<scalar> 
200
(
0.0230915
0.0242
0.0251369
0.0257696
0.0261212
0.0261314
0.0258396
0.0252413
0.0243605
0.0232161
0.0218288
0.0202191
0.0184063
0.0164092
0.014246
0.0119336
0.00948875
0.00692981
0.00430734
0.0019366
0.00614987
0.0061585
0.00617326
0.00619499
0.00622477
0.00626353
0.00631208
0.00637102
0.00644079
0.00652158
0.00661335
0.00671581
0.00682843
0.00695046
0.00708088
0.00721849
0.00736189
0.00750954
0.00765986
0.00781145
0.00108203
0.00228403
0.00366959
0.00504427
0.00636992
0.0076341
0.00882784
0.00994255
0.0109698
0.0119016
0.0127304
0.0134493
0.014053
0.0145381
0.014904
0.0151559
0.0152998
0.0153657
0.0153641
0.0153589
0.629729
0.527801
0.485681
0.481083
0.475241
0.392802
0.273694
0.196829
0.220697
0.256983
0.231341
0.130452
0.0726611
0.0929972
0.125316
0.0861212
0.0318768
0.0206287
0.0305342
0.00870159
0.0753487
0.0996336
0.128099
0.161676
0.201592
0.249243
0.306256
0.374405
0.455486
0.551037
0.661854
0.787229
0.923906
1.06507
1.20047
1.31773
1.40314
1.43901
1.39093
1.21883
0.000637004
0.000965748
0.00142413
0.001932
0.00245823
0.00299177
0.00352945
0.00407106
0.00461734
0.00516929
0.00572795
0.00629434
0.00686942
0.00745416
0.00804946
0.00865625
0.00927539
0.00990775
0.0105541
0.0112176
0.655578
0.558463
0.509374
0.511107
0.496525
0.418131
0.297337
0.219672
0.231696
0.272747
0.240251
0.141432
0.0807171
0.0998315
0.12746
0.09178
0.033464
0.0242334
0.0319717
0.00841391
0.0995835
0.0989248
0.0982773
0.0974427
0.0966502
0.0957462
0.0948356
0.0938499
0.0928378
0.0917701
0.0906714
0.0895315
0.0883618
0.0871535
0.085906
0.0846247
0.083363
0.0822123
0.0811859
0.0821102
0.0493725
0.0651152
0.0838837
0.106399
0.133635
0.166741
0.20712
0.25642
0.316504
0.389313
0.476555
0.579134
0.696259
0.824341
0.956296
1.08272
1.1936
1.28193
1.33778
1.33639
0.000433374
0.000656681
0.000970376
0.00131981
0.00168346
0.00205357
0.00242791
0.00280635
0.00318945
0.00357799
0.00397278
0.00437464
0.00478438
0.00520278
0.00563064
0.00606875
0.00651787
0.00697879
0.00745218
0.00794022
)
;
    }
    upAndBottom
    {
        type            empty;
        value           nonuniform 0();
    }
    obstacle
    {
        type            calculated;
        value           uniform 0;
    }
}


// ************************************************************************* //
