/*--------------------------------*- C++ -*----------------------------------*\
| =========                 |                                                 |
| \\      /  F ield         | OpenFOAM: The Open Source CFD Toolbox           |
|  \\    /   O peration     | Version:  v1806                                 |
|   \\  /    A nd           | Web:      www.OpenFOAM.com                      |
|    \\/     M anipulation  |                                                 |
\*---------------------------------------------------------------------------*/
FoamFile
{
    version     2.0;
    format      ascii;
    class       volScalarField;
    location    "90";
    object      p;
}
// * * * * * * * * * * * * * * * * * * * * * * * * * * * * * * * * * * * * * //

dimensions      [0 2 -2 0 0 0 0];


internalField   nonuniform List<scalar> 
4400
(
0.00682365
0.0100787
0.00803719
0.00628899
0.00545976
0.00500363
0.0046776
0.00439485
0.00411034
0.00380686
0.00348255
0.00314076
0.00278569
0.00242115
0.00205033
0.00167582
0.0012997
0.000923829
0.000548845
0.000174111
0.0277385
0.0193946
0.0139129
0.0105349
0.00857941
0.00735189
0.0064784
0.00579274
0.00521011
0.00468391
0.00418957
0.00371452
0.00325217
0.00279892
0.00235277
0.0019126
0.00147778
0.00104794
0.000621926
0.000199506
0.0302469
0.0228113
0.0176245
0.0139181
0.0113592
0.00954257
0.00819088
0.00713813
0.00627768
0.00554027
0.0048827
0.00427864
0.00371181
0.0031718
0.00265176
0.00214701
0.00165428
0.00117111
0.000694905
0.000224635
0.030923
0.024713
0.019755
0.0159644
0.0131682
0.0110934
0.00950253
0.00823674
0.00719247
0.00630036
0.0055139
0.00480213
0.00414434
0.00352634
0.00293822
0.00237288
0.00182506
0.0012907
0.00076601
0.000248949
0.0291895
0.0245434
0.0204717
0.0171126
0.0144237
0.0122878
0.0105716
0.00916542
0.00798684
0.00697451
0.00608333
0.00528094
0.00454438
0.00385721
0.0032075
0.00258642
0.00198726
0.00140472
0.000834016
0.000272199
0.0274346
0.0239735
0.0206263
0.0176611
0.0151468
0.0130587
0.0113244
0.00986631
0.00861976
0.00753436
0.00657131
0.0057012
0.00490199
0.00415719
0.00345431
0.00278379
0.00213813
0.00151128
0.000897791
0.000294033
0.0255357
0.0229274
0.0202454
0.0177375
0.0154978
0.0135456
0.0118594
0.0103993
0.00912355
0.00799538
0.00698392
0.00606411
0.00521608
0.00442427
0.00367645
0.00296295
0.00227601
0.00160916
0.000956595
0.000314212
0.023865
0.0218674
0.0197015
0.0175722
0.015587
0.0137906
0.012189
0.0107659
0.00949638
0.00835493
0.00731846
0.00636711
0.00548427
0.00465631
0.00387206
0.00312238
0.00239967
0.00169747
0.00100987
0.000332534
0.0223463
0.0207814
0.019023
0.0172282
0.0154927
0.0138672
0.0123722
0.0110086
0.00976612
0.00863002
0.0075847
0.00661545
0.00570912
0.00485431
0.0040413
0.00326181
0.00250873
0.00177582
0.00105736
0.000348904
0.0210434
0.0197895
0.0183415
0.0168148
0.0152921
0.0138245
0.0124392
0.0111464
0.00994535
0.0088291
0.00778826
0.00681276
0.00589286
0.00501958
0.00418486
0.00338153
0.00260323
0.00184419
0.00109898
0.000363292
0.0199063
0.01888
0.0176706
0.0163638
0.0150263
0.0137043
0.0124267
0.0112087
0.0100559
0.00896764
0.00793973
0.00696609
0.00604008
0.00515501
0.00430451
0.00348261
0.00268379
0.00190287
0.00113489
0.000375737
0.0189398
0.0180811
0.0170537
0.0159208
0.014736
0.0135396
0.01236
0.0112144
0.0101122
0.00905662
0.00804728
0.00708143
0.00615508
0.00526364
0.00440234
0.00356643
0.0027513
0.00195242
0.00116537
0.000386327
0.0181143
0.0173816
0.0164944
0.0155003
0.0144419
0.0133536
0.0122614
0.0111832
0.0101302
0.00910843
0.00812034
0.00716577
0.00624293
0.00534908
0.00448089
0.00363475
0.00280691
0.00199355
0.0011908
0.000395191
0.0174238
0.0167854
0.0160054
0.0151201
0.0141635
0.013165
0.0121477
0.0111293
0.0101217
0.00913272
0.00816659
0.00722511
0.00630825
0.0054148
0.0045427
0.00368937
0.00285189
0.00202708
0.00121165
0.000402478
0.0168511
0.0162842
0.0155863
0.0147861
0.0139111
0.012986
0.0120318
0.0110649
0.0100976
0.00913858
0.00819341
0.00726528
0.00635556
0.00546424
0.00459034
0.00373217
0.00288753
0.00205387
0.00122839
0.00040835
0.0163897
0.0158759
0.01524
0.0145048
0.0136934
0.0128267
0.0119236
0.0109993
0.0100661
0.00913317
0.0082068
0.00729121
0.00638878
0.00550047
0.00462616
0.00376489
0.0029151
0.00207475
0.00124151
0.000412966
0.0160302
0.0155554
0.0149653
0.0142789
0.0135156
0.0126938
0.0118305
0.01094
0.0100343
0.00912264
0.00821199
0.00730721
0.0064114
0.00552623
0.00465225
0.0037891
0.0029357
0.00209047
0.00125144
0.000416474
0.0157689
0.0153213
0.0147634
0.0141114
0.0133823
0.0125927
0.0117582
0.0108925
0.0100072
0.00911163
0.00821299
0.00731662
0.00642611
0.00554366
0.00467028
0.00380603
0.00295023
0.00210162
0.00125852
0.000418989
0.0156017
0.0151715
0.0146337
0.0140032
0.0132956
0.0125264
0.0117104
0.0108606
0.0099885
0.00910336
0.00821261
0.0073218
0.00643487
0.00555431
0.00468144
0.00381659
0.00295934
0.00210864
0.001263
0.000420588
0.0155255
0.0151023
0.0145734
0.0139527
0.013255
0.0124953
0.0116878
0.0108454
0.00997946
0.00909921
0.00821217
0.007324
0.00643878
0.00555914
0.00468653
0.00382143
0.00296353
0.00211187
0.00126507
0.000421326
0.0343799
0.0417131
0.0470887
0.0512301
0.0544445
0.0568961
0.0587097
0.0599789
0.0607684
0.0611195
0.0610548
0.0605793
0.0596817
0.0583334
0.056485
0.0540634
0.0509717
0.0470822
0.0421213
0.0353772
0.0438954
0.0463464
0.0483835
0.0500934
0.0515193
0.0526769
0.0535749
0.0542203
0.0546181
0.0547711
0.0546804
0.0543454
0.053764
0.0529322
0.0518438
0.0504893
0.0488631
0.0469801
0.0448101
0.0419045
0.0392843
0.0408768
0.0423359
0.0436321
0.0447505
0.0456821
0.0464211
0.0469638
0.047308
0.0474525
0.0473963
0.0471387
0.0466789
0.0460164
0.0451507
0.0440818
0.0428131
0.0413546
0.0397028
0.0377705
0.036945
0.0378289
0.0386346
0.0393506
0.0399682
0.0404803
0.0408817
0.0411683
0.0413368
0.0413852
0.041312
0.0411166
0.040799
0.0403598
0.0398005
0.0391234
0.038333
0.0374373
0.0364355
0.0352841
0.033039
0.0336187
0.0341494
0.0346235
0.0350343
0.0353759
0.0356436
0.0358336
0.035943
0.0359696
0.0359123
0.0357708
0.0355455
0.0352378
0.0348498
0.0343846
0.0338467
0.0332419
0.032575
0.031843
0.0303839
0.0307552
0.0310894
0.0313832
0.0316332
0.0318365
0.0319909
0.0320944
0.0321453
0.0321428
0.0320861
0.0319753
0.0318106
0.031593
0.0313238
0.0310048
0.0306386
0.030229
0.0297779
0.0292767
0.0276372
0.0278917
0.0281195
0.0283185
0.0284866
0.0286221
0.0287234
0.0287892
0.0288187
0.0288111
0.0287662
0.0286839
0.0285645
0.0284087
0.0282174
0.027992
0.027734
0.0274457
0.0271289
0.0267838
0.0255872
0.0257645
0.025921
0.0260555
0.0261671
0.0262547
0.0263175
0.026355
0.0263665
0.0263519
0.0263109
0.0262435
0.0261501
0.026031
0.0258866
0.0257179
0.0255258
0.0253116
0.0250762
0.0248164
0.0236817
0.0238101
0.0239225
0.0240184
0.0240971
0.0241578
0.0242003
0.024224
0.0242287
0.0242142
0.0241804
0.0241273
0.0240551
0.0239641
0.0238546
0.023727
0.0235821
0.0234205
0.0232431
0.0230495
0.0221819
0.0222773
0.0223599
0.0224293
0.0224853
0.0225273
0.0225551
0.0225685
0.0225674
0.0225516
0.0225211
0.0224759
0.0224162
0.022342
0.0222537
0.0221516
0.0220359
0.0219073
0.0217662
0.0216109
0.0208452
0.0209181
0.0209808
0.021033
0.0210744
0.0211049
0.0211243
0.0211324
0.0211291
0.0211144
0.0210882
0.0210506
0.0210016
0.0209414
0.0208701
0.0207879
0.020695
0.0205918
0.0204786
0.0203552
0.0197638
0.019821
0.0198698
0.0199099
0.0199411
0.0199634
0.0199765
0.0199805
0.0199753
0.0199608
0.019937
0.019904
0.0198617
0.0198104
0.01975
0.0196808
0.0196028
0.0195164
0.0194217
0.019318
0.0188266
0.0188727
0.0189117
0.0189434
0.0189678
0.0189847
0.0189941
0.0189959
0.01899
0.0189766
0.0189555
0.0189267
0.0188904
0.0188465
0.0187952
0.0187365
0.0186706
0.0185976
0.0185177
0.0184306
0.0180657
0.0181039
0.0181358
0.0181615
0.0181809
0.0181939
0.0182005
0.0182006
0.0181941
0.0181812
0.0181618
0.0181358
0.0181034
0.0180646
0.0180194
0.017968
0.0179103
0.0178465
0.0177768
0.0177007
0.0174285
0.0174608
0.0174878
0.0175092
0.0175252
0.0175355
0.0175403
0.0175395
0.017533
0.0175208
0.017503
0.0174796
0.0174506
0.017416
0.0173758
0.0173302
0.0172792
0.0172228
0.0171612
0.0170942
0.0169251
0.0169533
0.0169766
0.016995
0.0170084
0.0170169
0.0170203
0.0170187
0.0170121
0.0170005
0.0169837
0.016962
0.0169353
0.0169035
0.0168669
0.0168253
0.0167789
0.0167277
0.0166717
0.0166109
0.0165299
0.0165551
0.0165759
0.0165922
0.0166039
0.0166111
0.0166137
0.0166117
0.0166052
0.016594
0.0165783
0.016558
0.0165331
0.0165036
0.0164697
0.0164313
0.0163884
0.0163412
0.0162896
0.0162336
0.0162467
0.0162699
0.016289
0.0163038
0.0163144
0.0163207
0.0163227
0.0163204
0.0163138
0.016303
0.0162878
0.0162683
0.0162446
0.0162166
0.0161844
0.016148
0.0161074
0.0160628
0.016014
0.015961
0.0160599
0.0160819
0.0160999
0.0161139
0.0161237
0.0161296
0.0161313
0.0161289
0.0161224
0.0161119
0.0160972
0.0160785
0.0160557
0.0160288
0.0159979
0.015963
0.0159242
0.0158815
0.0158349
0.0157844
0.0159832
0.0160047
0.0160222
0.0160358
0.0160453
0.0160509
0.0160525
0.01605
0.0160434
0.0160329
0.0160183
0.0159997
0.0159771
0.0159505
0.0159199
0.0158854
0.0158469
0.0158046
0.0157584
0.0157081
0.0134074
0.0137944
0.0141657
0.0145214
0.0148578
0.0151632
0.0154234
0.0156227
0.0157468
0.0157862
0.0157408
0.0156255
0.0154764
0.0153603
0.0153842
0.0156853
0.0163799
0.0175745
0.0197906
0.0248171
0.0153777
0.0157037
0.0160963
0.0165378
0.0170339
0.0175973
0.0182416
0.0189827
0.0198382
0.0208268
0.0219671
0.0232757
0.0247667
0.0264508
0.0283349
0.0304215
0.0327129
0.03523
0.0380189
0.041034
0.0186673
0.0192187
0.0197848
0.0203794
0.0210066
0.021669
0.0223702
0.0231146
0.0239071
0.0247531
0.0256584
0.0266301
0.0276759
0.0288048
0.0300257
0.0313463
0.0327719
0.0343032
0.0359298
0.0376134
0.0197806
0.0203271
0.0209144
0.0215354
0.0221914
0.0228849
0.0236174
0.0243899
0.0252026
0.0260555
0.0269474
0.0278765
0.0288398
0.0298332
0.0308511
0.0318866
0.0329309
0.0339735
0.0350009
0.0359971
0.0205061
0.0210098
0.0215273
0.0220615
0.0226128
0.0231812
0.0237667
0.0243692
0.0249884
0.0256241
0.0262752
0.0269409
0.0276192
0.0283081
0.0290042
0.0297037
0.0304016
0.0310917
0.0317668
0.0324187
0.0205395
0.0209907
0.0214533
0.0219272
0.0224117
0.0229063
0.0234103
0.0239225
0.0244418
0.0249666
0.0254951
0.0260254
0.0265548
0.0270809
0.0276006
0.0281106
0.0286074
0.0290871
0.0295458
0.0299794
0.0202174
0.0205961
0.020979
0.0213663
0.0217575
0.0221518
0.0225486
0.022947
0.023346
0.0237447
0.0241416
0.0245356
0.0249249
0.0253079
0.0256827
0.0260473
0.0263995
0.026737
0.0270574
0.0273582
0.0197246
0.0200509
0.0203776
0.0207054
0.0210339
0.0213623
0.0216899
0.0220157
0.0223389
0.0226586
0.0229736
0.0232828
0.023585
0.0238788
0.0241631
0.0244363
0.0246971
0.0249441
0.0251757
0.0253905
0.019097
0.0193684
0.0196387
0.019908
0.0201757
0.0204413
0.0207041
0.0209636
0.0212191
0.0214699
0.0217152
0.0219543
0.0221863
0.0224104
0.0226257
0.0228313
0.0230263
0.0232097
0.0233807
0.0235383
0.0184664
0.0186992
0.0189292
0.0191568
0.0193818
0.0196037
0.0198219
0.020036
0.0202454
0.0204496
0.0206479
0.02084
0.021025
0.0212025
0.0213718
0.0215323
0.0216834
0.0218245
0.021955
0.0220743
0.0178251
0.0180221
0.0182161
0.0184072
0.018595
0.0187793
0.0189596
0.0191356
0.0193069
0.019473
0.0196336
0.0197883
0.0199367
0.0200783
0.0202127
0.0203394
0.0204582
0.0205685
0.0206701
0.0207624
0.0172361
0.0174074
0.017575
0.0177394
0.0179004
0.0180576
0.0182108
0.0183596
0.0185038
0.018643
0.0187771
0.0189055
0.0190282
0.0191447
0.0192547
0.019358
0.0194543
0.0195433
0.0196247
0.0196983
0.0166894
0.0168382
0.0169836
0.0171257
0.0172643
0.0173992
0.0175301
0.0176569
0.0177793
0.017897
0.01801
0.0181179
0.0182205
0.0183176
0.018409
0.0184945
0.0185739
0.018647
0.0187136
0.0187735
0.0162118
0.0163442
0.0164731
0.0165987
0.0167208
0.0168393
0.016954
0.0170646
0.0171712
0.0172734
0.0173711
0.0174641
0.0175523
0.0176355
0.0177136
0.0177863
0.0178536
0.0179154
0.0179714
0.0180215
0.0157961
0.0159149
0.0160304
0.0161426
0.0162514
0.0163568
0.0164585
0.0165564
0.0166504
0.0167404
0.0168262
0.0169077
0.0169848
0.0170573
0.0171252
0.0171883
0.0172465
0.0172997
0.0173478
0.0173908
0.0154531
0.015562
0.0156676
0.0157701
0.0158692
0.015965
0.0160573
0.016146
0.0162309
0.016312
0.0163892
0.0164624
0.0165315
0.0165963
0.0166569
0.016713
0.0167647
0.0168118
0.0168543
0.016892
0.0151782
0.0152795
0.0153775
0.0154724
0.0155642
0.0156527
0.0157378
0.0158195
0.0158976
0.0159721
0.0160429
0.0161098
0.0161729
0.0162321
0.0162872
0.0163383
0.0163851
0.0164278
0.0164662
0.0165002
0.0149759
0.015072
0.015165
0.0152549
0.0153417
0.0154252
0.0155056
0.0155825
0.015656
0.0157261
0.0157925
0.0158553
0.0159144
0.0159697
0.0160212
0.0160688
0.0161125
0.0161522
0.0161878
0.0162193
0.0148431
0.0149355
0.0150248
0.0151112
0.0151946
0.0152749
0.0153519
0.0154257
0.0154962
0.0155632
0.0156268
0.0156869
0.0157434
0.0157962
0.0158454
0.0158908
0.0159324
0.0159701
0.016004
0.0160339
0.0147856
0.014877
0.0149653
0.0150506
0.0151328
0.0152119
0.0152878
0.0153605
0.0154299
0.0154958
0.0155584
0.0156174
0.0156729
0.0157248
0.015773
0.0158175
0.0158583
0.0158953
0.0159285
0.0159578
0.00912804
0.0106753
0.0113641
0.0117841
0.012049
0.0121844
0.0122244
0.0122015
0.0121386
0.0120519
0.0119532
0.0118512
0.0117527
0.0116627
0.0115853
0.011523
0.0114754
0.0114465
0.01144
0.0114574
0.00925979
0.00989712
0.0102553
0.0105115
0.0107028
0.0108356
0.0109205
0.0109691
0.0109908
0.0109929
0.0109811
0.01096
0.010933
0.0109027
0.0108708
0.0108387
0.01081
0.0107828
0.0107549
0.0107263
0.0094998
0.00988467
0.0101631
0.0103727
0.0105277
0.0106351
0.0107025
0.0107381
0.0107488
0.010741
0.0107196
0.010689
0.0106525
0.0106128
0.0105718
0.010531
0.0104915
0.0104539
0.0104162
0.0103765
0.00945123
0.00964926
0.00980283
0.00992082
0.0100078
0.0100673
0.0101029
0.0101188
0.0101187
0.0101062
0.0100844
0.0100559
0.010023
0.00998739
0.00995055
0.00991361
0.00987756
0.0098427
0.0098071
0.0097692
0.00915328
0.00927462
0.00937568
0.00945459
0.00951267
0.00955191
0.00957443
0.00958248
0.00957838
0.00956441
0.00954272
0.00951527
0.00948378
0.00944973
0.00941434
0.00937866
0.00934363
0.00930957
0.00927495
0.00923905
0.00872429
0.00879874
0.00886177
0.00890902
0.00894115
0.0089598
0.00896648
0.00896271
0.00895011
0.00893029
0.00890481
0.00887514
0.00884259
0.00880832
0.00877332
0.00873845
0.00870453
0.00867186
0.00863887
0.00860452
0.00819096
0.00823913
0.00828164
0.00831174
0.0083297
0.00833702
0.00833485
0.00832432
0.00830665
0.0082831
0.00825492
0.00822331
0.00818935
0.00815404
0.00811824
0.00808271
0.0080482
0.00801496
0.00798141
0.00794664
0.00759415
0.0076235
0.00765059
0.00766716
0.00767332
0.00767051
0.00765972
0.00764189
0.00761803
0.00758924
0.00755663
0.00752125
0.00748411
0.00744609
0.00740799
0.00737054
0.00733445
0.00729995
0.00726539
0.00722975
0.00694167
0.00695594
0.00697089
0.00697661
0.00697307
0.00696169
0.00694331
0.00691871
0.00688879
0.00685455
0.006817
0.00677714
0.00673592
0.00669421
0.00665279
0.00661237
0.00657368
0.00653692
0.0065004
0.00646309
0.0062473
0.00624655
0.00624862
0.00624244
0.00622794
0.00620648
0.00617884
0.00614567
0.00610781
0.0060662
0.0060218
0.00597561
0.00592855
0.00588151
0.00583527
0.00579058
0.00574819
0.00570832
0.00566918
0.00562968
0.00551842
0.00550035
0.00548656
0.00546548
0.00543706
0.00540266
0.00536296
0.00531855
0.0052702
0.00521879
0.00516527
0.00511058
0.00505566
0.00500139
0.00494858
0.00489799
0.00485043
0.00480613
0.00476322
0.00472056
0.0047671
0.00472546
0.0046885
0.00464534
0.00459614
0.00454221
0.00448422
0.00442276
0.00435854
0.00429239
0.00422522
0.00415793
0.00409144
0.00402663
0.00396432
0.00390533
0.0038505
0.00380011
0.00375214
0.00370525
0.00402104
0.00394727
0.00387677
0.00380144
0.00372183
0.00363927
0.00355451
0.00346818
0.00338098
0.00329367
0.00320704
0.0031219
0.00303905
0.00295931
0.00288343
0.00281225
0.00274664
0.00268687
0.00263075
0.00257705
0.003306
0.00318298
0.00305913
0.00293193
0.0028025
0.00267222
0.00254221
0.00241341
0.00228671
0.00216292
0.00204281
0.0019271
0.00181654
0.00171183
0.00161373
0.00152308
0.0014409
0.00136758
0.00130055
0.0012378
0.00271714
0.00253276
0.002339
0.00214249
0.00194534
0.00174922
0.00155597
0.00136734
0.00118474
0.00100929
0.000841812
0.000682918
0.000533042
0.000392543
0.000261793
0.000141359
3.20993e-05
-6.58038e-05
-0.000155274
-0.000237084
0.00229092
0.00200798
0.00170296
0.00139234
0.00107876
0.000764367
0.00045252
0.000146706
-0.000149914
-0.000434609
-0.000705154
-0.00095986
-0.00119753
-0.00141734
-0.00161862
-0.00180044
-0.0019612
-0.00209972
-0.00221959
-0.00232536
0.00236991
0.00201457
0.00161668
0.00120352
0.000778808
0.000345272
-9.19197e-05
-0.000526782
-0.000953325
-0.00136592
-0.00175967
-0.00213085
-0.00247714
-0.00279771
-0.00309299
-0.00336392
-0.00361119
-0.00383638
-0.00404511
-0.00423413
0.0027546
0.00223629
0.00165638
0.00103867
0.000382642
-0.000310995
-0.00103755
-0.00178999
-0.00255939
-0.00333519
-0.0041056
-0.00485831
-0.00558134
-0.00626407
-0.00689803
-0.00747661
-0.00799357
-0.00844404
-0.00883461
-0.00917374
0.00492006
0.00456326
0.00411779
0.00360813
0.00303423
0.0023931
0.0016849
0.000912732
8.26167e-05
-0.000796309
-0.00171186
-0.00264942
-0.00359329
-0.00452874
-0.00544385
-0.00632935
-0.00718081
-0.00802462
-0.00896933
-0.0100838
0.00645449
0.00583202
0.00514174
0.00434865
0.00343187
0.00237307
0.00115227
-0.000251073
-0.00185693
-0.00368351
-0.00574591
-0.0080547
-0.0106149
-0.0134248
-0.016473
-0.01973
-0.0231522
-0.0267557
-0.0307343
-0.0350066
0.000276862
0.000843752
0.0014144
0.00198887
0.002568
0.00315224
0.00374196
0.00433748
0.004939
0.00554668
0.00616054
0.00678047
0.0074063
0.0080379
0.00867546
0.00932025
0.00997692
0.0106601
0.0114073
0.0123461
0.000291233
0.000885581
0.00148418
0.00208746
0.00269676
0.00331314
0.00393774
0.00457184
0.00521697
0.00587497
0.00654818
0.0072397
0.0079538
0.00869646
0.00947591
0.0103031
0.0111927
0.0121686
0.0132833
0.0145939
0.000305047
0.000925766
0.00155114
0.00218199
0.00282006
0.00346698
0.00412458
0.004795
0.00548085
0.00618539
0.00691286
0.00766885
0.00846107
0.00930035
0.0102024
0.0111907
0.0123021
0.0135912
0.0151296
0.0170396
0.000318102
0.000963717
0.00161428
0.00227095
0.00293583
0.00361102
0.00429887
0.00500221
0.00572447
0.00646994
0.00724414
0.00805427
0.0089099
0.00982392
0.0108139
0.0119042
0.0131289
0.0145377
0.0162117
0.0182735
0.000330227
0.000998929
0.00167274
0.00235311
0.00304239
0.00374301
0.00445773
0.00518979
0.00594315
0.00672271
0.00753466
0.00838698
0.00929011
0.0102579
0.011309
0.0124683
0.0137693
0.015256
0.0169852
0.0190293
0.000341287
0.00103101
0.00172586
0.0024275
0.00313845
0.00386133
0.0045991
0.00535523
0.00613388
0.00694012
0.00778025
0.00866216
0.00959584
0.010594
0.0116728
0.0128527
0.0141598
0.0156282
0.0173006
0.0192201
0.000351192
0.00105969
0.00177321
0.00249354
0.00322325
0.00396503
0.00472187
0.00549727
0.00629531
0.0071209
0.00798001
0.00887993
0.00982963
0.0108402
0.011925
0.0131003
0.014385
0.0158006
0.017367
0.0190921
0.000359893
0.00108484
0.00181458
0.00255096
0.00329648
0.00405379
0.0048258
0.00561579
0.0064276
0.00726568
0.00813531
0.00904271
0.00999525
0.0110015
0.0120715
0.0132161
0.0144474
0.0157773
0.0172122
0.0187469
0.000367389
0.00110647
0.00185
0.00259982
0.0033583
0.00412793
0.0049114
0.0057117
0.00653221
0.00737677
0.00824979
0.00915628
0.0101019
0.0110929
0.0121359
0.0132376
0.0144037
0.0156372
0.0169343
0.0182783
0.000373717
0.00112468
0.00187968
0.00264047
0.00340924
0.00418823
0.00497984
0.00578666
0.00661152
0.00745754
0.00832815
0.00922704
0.0101581
0.0111253
0.0121323
0.013182
0.0142754
0.0154104
0.0165778
0.0177589
0.000378946
0.00113968
0.00190399
0.00267351
0.00345016
0.0042359
0.00503279
0.00584294
0.00666863
0.00751221
0.00837614
0.00926285
0.0101747
0.0111136
0.0120808
0.0130763
0.0140975
0.0151386
0.0161877
0.0172244
0.000383171
0.00115177
0.00192345
0.00269969
0.00348212
0.00427241
0.00507221
0.00588319
0.00670701
0.0075453
0.00839958
0.00927117
0.010161
0.0110693
0.0119955
0.0129372
0.01389
0.0148461
0.0157927
0.0167111
0.000386506
0.00116127
0.00193864
0.00271987
0.00350634
0.00429938
0.00510026
0.00591019
0.00673028
0.00756146
0.00840444
0.00925954
0.0101265
0.0110044
0.0118911
0.0127827
0.0136734
0.0145545
0.0154132
0.0162321
0.000389074
0.00116855
0.00195017
0.00273499
0.00352409
0.00431849
0.00511912
0.00592675
0.00674197
0.00756511
0.00839616
0.00923462
0.0100794
0.0109283
0.0117784
0.0126248
0.0134611
0.0142782
0.015064
0.0158034
0.000390998
0.00117398
0.00195868
0.00274595
0.00353661
0.00433141
0.00513093
0.00593556
0.00674544
0.00756038
0.0083798
0.00920251
0.0100267
0.0108495
0.0116672
0.0124745
0.0132643
0.014028
0.0147541
0.0154291
0.000392399
0.00117791
0.00196477
0.00275363
0.0035451
0.00433967
0.00513763
0.00593904
0.00674367
0.00755092
0.0083597
0.00916834
0.00997445
0.0107747
0.0115649
0.0123393
0.0130911
0.0138116
0.0144905
0.0151158
0.000393387
0.00118066
0.00196897
0.00275882
0.00355062
0.00434465
0.00514097
0.00593937
0.00673933
0.00753991
0.00833965
0.00913651
0.00992771
0.0107096
0.0114776
0.0122259
0.0129476
0.0136345
0.014277
0.0148643
0.000394051
0.0011825
0.00197174
0.00276216
0.00355404
0.00434749
0.00514238
0.00593833
0.00673458
0.00752994
0.00832271
0.00911057
0.00989048
0.0106586
0.01141
0.012139
0.0128387
0.0135013
0.0141175
0.0146778
0.000394456
0.00118361
0.0019734
0.00276414
0.003556
0.004349
0.0051429
0.00593718
0.00673094
0.00752285
0.00831103
0.00909299
0.00986552
0.0106246
0.0113654
0.012082
0.0127677
0.0134146
0.0140142
0.0145568
0.000394637
0.00118411
0.00197415
0.00276501
0.00355686
0.00434963
0.00514306
0.00593654
0.00672912
0.00751939
0.0083054
0.00908459
0.00985369
0.0106086
0.0113444
0.0120553
0.0127344
0.0133743
0.0139663
0.0145017
1.64196e-05
8.98706e-05
0.000157595
0.000224154
0.000287375
0.000345285
0.000395868
0.000436891
0.000465822
0.000479747
0.00047544
0.00044977
0.000400293
0.00032533
0.00022573
0.000124494
0.000135322
0.000504102
0.00117865
0.000354932
2.86338e-05
0.000123942
0.000215978
0.000307912
0.000398729
0.000487391
0.000573082
0.000655212
0.000733539
0.000808399
0.000881204
0.000955272
0.00103701
0.00113856
0.00128769
0.00155669
0.00210478
0.0031205
0.00457062
0.00618722
4.11012e-05
0.000159747
0.000276608
0.000394731
0.000513732
0.000633429
0.000754077
0.000876524
0.00100255
0.00113541
0.00128069
0.00144754
0.00165018
0.00191138
0.00227186
0.00280745
0.00363108
0.00481832
0.00631209
0.00804524
5.36993e-05
0.000196402
0.000338356
0.000482745
0.000629721
0.000779732
0.000933847
0.00109395
0.00126314
0.00144638
0.00165132
0.00188947
0.00217818
0.00254477
0.00303447
0.00371609
0.00466059
0.00588158
0.00729592
0.00873455
6.6323e-05
0.000233199
0.000400136
0.000570372
0.00074446
0.000923264
0.00110837
0.0013023
0.00150895
0.00173422
0.00198673
0.00227886
0.0026283
0.00306102
0.00361513
0.00433875
0.0052679
0.00639042
0.00761435
0.00874418
7.88839e-05
0.000269715
0.000461232
0.000656573
0.000856533
0.00106216
0.00127524
0.00149847
0.00173585
0.0019932
0.00227878
0.0026041
0.0029853
0.00344514
0.00401401
0.004724
0.00558962
0.00658203
0.00760541
0.00848238
9.12872e-05
0.000305695
0.000521215
0.00074076
0.000965194
0.00119555
0.00143353
0.00168167
0.00194363
0.00222462
0.00253179
0.00287483
0.00326676
0.00372481
0.00426983
0.00492081
0.0056815
0.00652168
0.00736002
0.00805061
0.000103512
0.000341085
0.000580013
0.00082287
0.00107044
0.00132355
0.00158359
0.00185258
0.00213346
0.00243029
0.00274858
0.00309567
0.00348119
0.00391724
0.00441713
0.00499066
0.00563504
0.00632263
0.00699107
0.00752646
0.000115582
0.000375979
0.000637822
0.000903254
0.00117286
0.00144714
0.00172697
0.00201372
0.00230933
0.00261646
0.00293871
0.00328074
0.00364845
0.0040488
0.00448856
0.00497116
0.00549162
0.0060294
0.00654062
0.00693516
0.000127572
0.000410611
0.000695075
0.000982614
0.00127354
0.0015679
0.00186599
0.00216833
0.00247574
0.00278935
0.0031107
0.0034418
0.00378508
0.00414308
0.00451723
0.00490609
0.00530349
0.0056954
0.0060515
0.00629907
0.000139585
0.000445302
0.000752357
0.00106188
0.00137386
0.00168787
0.00200357
0.00232061
0.00263861
0.00295715
0.00327572
0.00359366
0.00391007
0.00422333
0.00453023
0.00482544
0.00510237
0.00535148
0.00554847
0.00563192
0.000151742
0.00048042
0.000810332
0.00114209
0.00147535
0.00180925
0.00214278
0.00247475
0.00280365
0.00312754
0.00344397
0.0037498
0.00404098
0.0043121
0.0045556
0.00476235
0.00492423
0.00503209
0.00505949
0.00495345
0.000164162
0.000516329
0.000869653
0.00122426
0.00157955
0.00193421
0.0022867
0.00263504
0.00297671
0.00330841
0.00362589
0.0039237
0.00419486
0.00443026
0.00461811
0.00474519
0.00480003
0.00476874
0.00461457
0.00429277
0.000176951
0.000553344
0.000930884
0.00130929
0.00168774
0.00206463
0.00243796
0.00280515
0.00316283
0.00350656
0.00383057
0.0041274
0.00438737
0.00459791
0.00474301
0.0048046
0.00476527
0.00460111
0.00425797
0.00369167
0.00019018
0.000591683
0.00099442
0.0013978
0.0018009
0.00220193
0.00259863
0.00298802
0.00336614
0.00372774
0.00406588
0.00437144
0.00463245
0.0048332
0.0049536
0.00497014
0.004857
0.00457556
0.00404854
0.0032265
0.000203879
0.000631435
0.00106043
0.00149008
0.00191947
0.00234683
0.00276981
0.00318532
0.00358917
0.00397572
0.00433738
0.004664
0.0049419
0.00515282
0.00527298
0.00527313
0.00511742
0.00474986
0.00406809
0.00300205
0.000218026
0.000672536
0.0011288
0.00158598
0.00204333
0.00249922
0.0029515
0.00339725
0.00383247
0.00425171
0.00464746
0.00500941
0.00532333
0.00556962
0.00572184
0.00574548
0.00559447
0.00519655
0.00442885
0.00320118
0.000232545
0.000714757
0.00119915
0.00168496
0.0021717
0.00265811
0.00314243
0.00362225
0.0040942
0.0045536
0.00499391
0.00540597
0.00577675
0.00608768
0.00631246
0.00641392
0.00633807
0.00600076
0.00526888
0.00397126
0.00024731
0.000757721
0.00127081
0.00178601
0.00230322
0.00282166
0.00334018
0.00385713
0.00437013
0.00487585
0.00536952
0.00584439
0.00629072
0.00669437
0.0070344
0.00727857
0.00737404
0.00723084
0.00670817
0.00568942
0.000262149
0.000800918
0.00134291
0.00188783
0.00243605
0.00298736
0.00354136
0.00409734
0.00465417
0.00521019
0.00576294
0.0063089
0.006843
0.00735806
0.00784362
0.00828293
0.00864447
0.00886405
0.00881105
0.00813215
0.00119985
0.00229956
0.00326356
0.00389666
0.00425358
0.00438122
0.00432774
0.0041454
0.00388461
0.00358938
0.00329307
0.00302143
0.00278536
0.00258839
0.0024295
0.00230513
0.00221217
0.00215
0.0021251
0.00218453
0.000859666
0.0018384
0.00265058
0.00322842
0.00357521
0.00371491
0.00368075
0.00351531
0.00326614
0.00297954
0.00269492
0.00244069
0.00223297
0.0020753
0.00196488
0.00189548
0.00186052
0.00185462
0.00187559
0.00197478
0.00060184
0.0014069
0.0020763
0.0025794
0.00290459
0.00305513
0.00304805
0.0029128
0.00268898
0.00242093
0.00215071
0.00191162
0.00172412
0.00159479
0.00151982
0.00148979
0.00149317
0.00151778
0.00155404
0.00162684
0.000422672
0.00105067
0.00158679
0.0020089
0.00230175
0.00245759
0.00248003
0.00238514
0.00220115
0.00196531
0.00171779
0.00149427
0.00131942
0.00120356
0.00114506
0.00113387
0.00115427
0.00119089
0.00122962
0.00127863
0.000297898
0.000777305
0.00119771
0.0015438
0.00179993
0.00195486
0.00200432
0.00195375
0.00181974
0.00162935
0.00141625
0.00121429
0.00105035
0.000938911
0.000881523
0.000869238
0.000886558
0.00092148
0.000950202
0.000973785
0.000211725
0.000576009
0.000903073
0.00118343
0.00140386
0.00155335
0.00162453
0.00161617
0.0015354
0.00139867
0.00123042
0.00105876
0.000909304
0.000799071
0.00073337
0.000707507
0.000709089
0.000723201
0.000735691
0.000732752
0.000151269
0.000427718
0.000681857
0.000907925
0.00109605
0.00123714
0.0013236
0.001351
0.00132005
0.00123825
0.0011203
0.000986201
0.000857042
0.000749722
0.000672755
0.000625944
0.000601715
0.000589208
0.000579035
0.000552562
0.000108665
0.000318207
0.000515075
0.000696108
0.000854508
0.000983666
0.00107722
0.00112994
0.00113902
0.00110558
0.00103588
0.000941289
0.000836365
0.00073534
0.000648368
0.000579387
0.000526706
0.000485613
0.000451835
0.00040718
7.69125e-05
0.000234438
0.000385045
0.000527643
0.000657695
0.000770816
0.000862335
0.000927576
0.000962416
0.000964253
0.000933216
0.000873159
0.000791668
0.000698672
0.000604043
0.000515189
0.000436094
0.000368681
0.000313658
0.000256098
5.21534e-05
0.000167517
0.000279224
0.000387537
0.000489481
0.000582276
0.000662766
0.000727325
0.00077188
0.000792257
0.000784998
0.000748552
0.000684458
0.000597853
0.000496832
0.000390849
0.000288962
0.000199146
0.000126273
5.8747e-05
3.17916e-05
0.000111514
0.000189208
0.000265876
0.000339467
0.000408167
0.00046988
0.000521984
0.000561068
0.000582828
0.000582361
0.000555102
0.000498385
0.000413111
0.000304775
0.000183157
6.08091e-05
-4.90428e-05
-0.000137878
-0.000216392
1.44813e-05
6.33546e-05
0.000110711
0.000157825
0.000203049
0.000244988
0.000282098
0.000312437
0.000333327
0.000341049
0.000330755
0.000296968
0.000234955
0.00014282
2.34384e-05
-0.000114621
-0.000257543
-0.000388146
-0.000494484
-0.000589102
-3.08899e-07
2.19172e-05
4.24206e-05
6.23702e-05
8.01249e-05
9.42626e-05
0.00010331
0.000105558
9.87909e-05
7.99621e-05
4.49728e-05
-1.11431e-05
-9.32238e-05
-0.000204068
-0.000342355
-0.000501269
-0.00066792
-0.00082335
-0.000952372
-0.00107162
-1.25303e-05
-1.2464e-05
-1.47536e-05
-1.86346e-05
-2.60262e-05
-3.87215e-05
-5.85377e-05
-8.74239e-05
-0.00012763
-0.000181923
-0.000253751
-0.000347118
-0.000465774
-0.000611609
-0.000782919
-0.000973412
-0.0011717
-0.00135959
-0.00152007
-0.00167625
-2.17348e-05
-3.83164e-05
-5.81058e-05
-8.09791e-05
-0.00010934
-0.000145595
-0.000192221
-0.00025183
-0.00032726
-0.000421684
-0.000538655
-0.000681821
-0.000853947
-0.0010552
-0.00128153
-0.00152435
-0.0017712
-0.00200473
-0.00220941
-0.00242279
-2.70526e-05
-5.2994e-05
-8.3027e-05
-0.000117839
-0.000160476
-0.000214126
-0.000282178
-0.000368253
-0.000476273
-0.000610538
-0.000775708
-0.000976411
-0.00121594
-0.00149401
-0.00180455
-0.00213481
-0.00246583
-0.00277242
-0.00303768
-0.00334379
-2.73538e-05
-5.31151e-05
-8.361e-05
-0.000120316
-0.000166963
-0.000227589
-0.000306688
-0.000409247
-0.000540818
-0.000707589
-0.000916349
-0.00117401
-0.00148622
-0.00185494
-0.00227634
-0.00273888
-0.00321807
-0.00366298
-0.0040241
-0.00449832
-2.17749e-05
-3.6223e-05
-5.54176e-05
-8.12312e-05
-0.000117816
-0.00016977
-0.00024249
-0.000342347
-0.000476902
-0.000655133
-0.000887455
-0.0011851
-0.00155833
-0.0020138
-0.00255295
-0.00317163
-0.00385099
-0.00451943
-0.00507994
-0.00601266
-1.05256e-05
-2.66871e-06
1.20034e-06
-4.4564e-07
-1.16015e-05
-3.65849e-05
-8.06213e-05
-0.000150219
-0.000253668
-0.00040172
-0.000608321
-0.000891056
-0.00127057
-0.00176852
-0.00240351
-0.00318197
-0.00407769
-0.00496219
-0.00562147
-0.00673549
3.82397e-06
4.47457e-05
8.1411e-05
0.000114804
0.000141749
0.000159105
0.000163211
0.000149549
0.000112308
4.36175e-05
-6.76712e-05
-0.000237737
-0.000490241
-0.00086079
-0.00140837
-0.002236
-0.00346223
-0.00508293
-0.00699193
-0.0119492
1.94159e-05
4.38435e-05
6.5527e-05
8.4397e-05
9.95247e-05
0.00011121
0.000120012
0.000126445
0.000130983
0.000134054
0.000136022
0.000137192
0.000137811
0.000138077
0.000138144
0.000138121
0.000138071
0.000138034
0.000138009
0.000137411
6.75859e-05
0.000155682
0.000231094
0.000294527
0.00034477
0.000383225
0.000411761
0.000432079
0.000445719
0.000454054
0.000458282
0.000459428
0.000458366
0.000455839
0.000452473
0.000448787
0.000445206
0.000442073
0.00043967
0.000438536
0.000113233
0.000260191
0.000387406
0.000494477
0.000579577
0.00064497
0.000693601
0.000728222
0.000751376
0.000765363
0.000772209
0.000773671
0.000771259
0.000766263
0.000759772
0.000752689
0.000745753
0.000739553
0.000734543
0.000731025
0.000160765
0.000365291
0.000544529
0.000695517
0.000815758
0.00090836
0.000977248
0.00102618
0.00105869
0.00107801
0.00108705
0.00108831
0.00108398
0.00107594
0.00106575
0.00105474
0.001044
0.00103441
0.00102665
0.00102132
0.000213652
0.000477119
0.000710381
0.00090615
0.00106166
0.00118113
0.00126957
0.00133183
0.00137253
0.00139592
0.00140582
0.00140555
0.00139802
0.0013857
0.00137069
0.00135474
0.00133928
0.00132547
0.00131419
0.00130617
0.000275082
0.000600577
0.000891441
0.00113333
0.00132409
0.00146953
0.00157603
0.00164976
0.00169658
0.0017219
0.00173052
0.00172668
0.00171404
0.0016957
0.00167431
0.00165204
0.00163069
0.00161166
0.00159605
0.00158474
0.000348954
0.000740714
0.0010943
0.00138395
0.00160963
0.00177948
0.00190168
0.00198405
0.00203398
0.00205818
0.00206261
0.00205246
0.0020322
0.00200562
0.00197588
0.0019456
0.0019169
0.00189144
0.00187048
0.00185502
0.000440059
0.000902542
0.00132543
0.00166433
0.00192402
0.00211581
0.00225029
0.00233743
0.00238645
0.00240561
0.00240215
0.00238233
0.00235146
0.002314
0.00227367
0.00223348
0.00219585
0.00216267
0.00213532
0.00211487
0.000554259
0.00109071
0.00159089
0.00197978
0.00227155
0.00248161
0.00262371
0.00271057
0.00275364
0.00276298
0.00274726
0.00271387
0.00266901
0.00261781
0.00256448
0.00251244
0.00246434
0.00242222
0.00238751
0.00236128
0.000698475
0.00130875
0.00189566
0.00233365
0.0026542
0.00287731
0.00302096
0.00310127
0.00313234
0.00312628
0.00309335
0.00304213
0.00297968
0.0029118
0.00284315
0.00277746
0.00271754
0.0026655
0.00262273
0.00259018
0.000880086
0.00155779
0.0022425
0.00272599
0.00307024
0.00329946
0.00343711
0.00350342
0.00351555
0.00348792
0.00343248
0.003359
0.00327541
0.00318808
0.00310205
0.00302125
0.0029485
0.00288601
0.00283492
0.00279591
0.001105
0.00183473
0.00262989
0.00315151
0.0035126
0.00373928
0.00386212
0.00390611
0.00389185
0.00383622
0.00375292
0.00365292
0.00354496
0.00343583
0.00333066
0.00323387
0.00314798
0.00307498
0.00301584
0.00297085
0.00137315
0.00213046
0.00304905
0.00359718
0.00396683
0.0041812
0.00427986
0.00429308
0.0042451
0.00415537
0.00403934
0.00390915
0.00377421
0.00364116
0.00351634
0.00340307
0.00330412
0.00322123
0.00315498
0.00310508
0.00167053
0.00242854
0.00347911
0.00403953
0.00440902
0.00460169
0.00466767
0.00464276
0.00455491
0.00442616
0.00427369
0.00411075
0.00394671
0.0037897
0.00364454
0.003515
0.00340366
0.00331197
0.00323999
0.00318672
0.00195901
0.00270395
0.00388122
0.00444229
0.00480425
0.0049688
0.00499658
0.00492908
0.00479786
0.00462754
0.00443699
0.00424011
0.00404761
0.00386633
0.00370138
0.00355635
0.0034336
0.00333431
0.00325813
0.00320337
0.00217347
0.00292207
0.00419683
0.00475685
0.00510773
0.00524364
0.00523322
0.00512351
0.00494964
0.00473888
0.00451116
0.0042827
0.00406317
0.00385946
0.00367642
0.00351727
0.00338409
0.00327802
0.00319869
0.00314393
0.00224375
0.00304372
0.00436193
0.00493159
0.00527344
0.00538722
0.00534518
0.00519934
0.00498861
0.00474347
0.00448172
0.00422711
0.00398517
0.00376319
0.00356549
0.00339464
0.00325234
0.00313982
0.00305732
0.00300402
0.00213997
0.00304072
0.00433813
0.00493194
0.00527108
0.00537392
0.00531153
0.00513967
0.00490087
0.00462788
0.00434517
0.00407031
0.00381274
0.00357887
0.00337199
0.00319365
0.00304507
0.00292736
0.00284121
0.00278544
0.00189333
0.0029086
0.00413042
0.00475394
0.00509766
0.00520148
0.0051315
0.00494529
0.00468907
0.00439882
0.00410209
0.00381726
0.0035537
0.00331689
0.00310856
0.00292872
0.00277783
0.00265746
0.00257237
0.00253892
0.00156853
0.00266824
0.00377577
0.00441978
0.00477201
0.0048859
0.00481994
0.00463082
0.00436767
0.0040706
0.00376855
0.00348462
0.00322704
0.0030002
0.00280363
0.00263389
0.00248606
0.00235332
0.00223623
0.00219416
0.000134724
0.000133954
0.000133845
0.000133884
0.000133979
0.000134141
0.000134367
0.000134643
0.000134962
0.00013532
0.000135714
0.000136148
0.000136627
0.000137159
0.000137758
0.000138442
0.000139219
0.000140071
0.000141118
0.000143081
0.000439841
0.000440401
0.000440807
0.000441328
0.000442018
0.000442879
0.000443917
0.00044514
0.000446554
0.000448163
0.000449967
0.000451965
0.000454153
0.000456523
0.000459067
0.000461772
0.000464628
0.000467635
0.000470718
0.000473522
0.000729592
0.000729114
0.000729054
0.000729376
0.000730072
0.000731142
0.000732588
0.000734413
0.000736616
0.000739199
0.00074216
0.0007455
0.000749218
0.000753313
0.000757783
0.000762627
0.000767842
0.000773426
0.000779395
0.000785791
0.00101985
0.00101943
0.00101944
0.00101995
0.00102096
0.00102249
0.00102454
0.00102712
0.00103024
0.00103389
0.00103807
0.00104279
0.00104804
0.00105381
0.0010601
0.0010669
0.00107419
0.00108198
0.00109024
0.0010989
0.00130336
0.00130232
0.00130194
0.00130224
0.00130325
0.00130496
0.00130739
0.00131054
0.00131441
0.00131902
0.00132435
0.00133041
0.00133719
0.00134469
0.00135291
0.00136182
0.00137143
0.00138172
0.00139267
0.00140425
0.00158055
0.00157889
0.00157805
0.00157809
0.00157901
0.00158084
0.00158357
0.00158722
0.00159178
0.00159727
0.00160369
0.00161102
0.00161927
0.00162843
0.00163849
0.00164944
0.00166128
0.00167398
0.00168754
0.00170188
0.00184885
0.00184625
0.00184466
0.00184417
0.00184477
0.00184649
0.00184932
0.00185329
0.00185838
0.0018646
0.00187196
0.00188045
0.00189007
0.00190082
0.00191267
0.00192564
0.0019397
0.00195484
0.00197105
0.00198826
0.00210628
0.0021025
0.00209994
0.0020987
0.00209877
0.00210018
0.00210291
0.00210699
0.00211242
0.00211919
0.00212731
0.00213677
0.00214758
0.00215973
0.00217322
0.00218804
0.00220417
0.00222163
0.00224038
0.00226034
0.00234982
0.0023446
0.00234082
0.00233858
0.00233788
0.00233873
0.00234112
0.00234507
0.00235057
0.00235762
0.00236622
0.00237639
0.00238811
0.00240139
0.00241624
0.00243264
0.0024506
0.00247012
0.00249119
0.00251372
0.00257557
0.00256874
0.00256356
0.00256013
0.00255845
0.00255851
0.0025603
0.00256383
0.00256908
0.00257607
0.0025848
0.00259526
0.00260748
0.00262146
0.00263721
0.00265475
0.00267408
0.00269523
0.00271819
0.00274286
0.00277813
0.00276964
0.00276297
0.00275823
0.00275541
0.00275448
0.00275541
0.00275821
0.00276285
0.00276935
0.00277772
0.00278795
0.00280009
0.00281414
0.00283015
0.00284815
0.00286817
0.00289026
0.00291446
0.00294062
0.00295014
0.00294013
0.00293206
0.00292604
0.00292203
0.00291998
0.00291983
0.00292158
0.00292521
0.00293071
0.00293811
0.00294743
0.00295871
0.00297201
0.0029874
0.00300493
0.0030247
0.0030468
0.00307127
0.00309801
0.00308222
0.00307105
0.00306186
0.00305476
0.00304965
0.00304645
0.00304508
0.0030455
0.00304769
0.00305164
0.00305738
0.00306496
0.00307446
0.00308596
0.0030996
0.00311549
0.0031338
0.00315468
0.00317825
0.00320439
0.00316282
0.00315105
0.00314119
0.00313333
0.00312736
0.00312311
0.00312045
0.00311932
0.00311967
0.00312149
0.00312484
0.00312979
0.00313646
0.00314501
0.00315564
0.00316857
0.00318405
0.00320237
0.00322372
0.00324801
0.00318009
0.0031686
0.00315884
0.00315093
0.00314463
0.00313971
0.00313596
0.00313325
0.00313152
0.00313075
0.00313101
0.00313241
0.00313513
0.00313944
0.00314563
0.00315406
0.00316515
0.00317935
0.00319701
0.00321808
0.0031221
0.00311121
0.00310195
0.00309442
0.00308826
0.00308303
0.00307842
0.0030742
0.00307026
0.00306655
0.00306313
0.00306016
0.00305793
0.00305682
0.00305731
0.00305997
0.00306547
0.00307456
0.00308785
0.00310531
0.0029883
0.00298082
0.00297458
0.00296975
0.00296576
0.00296197
0.0029579
0.00295322
0.00294773
0.00294134
0.00293411
0.00292623
0.00291805
0.00291007
0.00290296
0.00289755
0.00289481
0.0028959
0.00290186
0.00291291
0.00276228
0.00275279
0.00274928
0.00274938
0.00275067
0.00275159
0.00275108
0.00274832
0.00274272
0.00273389
0.00272178
0.00270662
0.00268897
0.00266969
0.00265
0.00263146
0.00261605
0.00260647
0.00260695
0.00262176
0.00253617
0.0025409
0.00254909
0.0025588
0.00256847
0.00257647
0.0025811
0.00258089
0.0025762
0.0025666
0.00255191
0.00253254
0.00250907
0.00248098
0.00245033
0.00241938
0.00239076
0.00236737
0.0023522
0.00235011
0.00188548
0.00196883
0.00207373
0.00215852
0.00222966
0.002288
0.00233146
0.00235931
0.00236976
0.00236261
0.0023378
0.00229493
0.00223382
0.00215616
0.00206176
0.00195219
0.00183174
0.00169743
0.00153738
0.00142487
0.000149037
0.000152336
0.000155288
0.000158238
0.000161241
0.000164293
0.000167329
0.000170217
0.000172765
0.000174705
0.000175686
0.000175253
0.000172834
0.000167721
0.000159053
0.000145819
0.000126811
0.000100824
6.82703e-05
3.06104e-05
0.000478339
0.000489657
0.000502464
0.000516163
0.000530431
0.000544867
0.000558949
0.000572044
0.000583366
0.000591944
0.000596583
0.000595821
0.000587868
0.000570551
0.000541243
0.000496811
0.000433473
0.000347091
0.00023672
0.000104615
0.000798716
0.000819618
0.000842331
0.000866583
0.000891707
0.00091707
0.000941749
0.000964607
0.000984257
0.000998996
0.00100675
0.00100499
0.000990695
0.000960202
0.000909181
0.00083257
0.000724456
0.000578418
0.000392747
0.000173927
0.00111633
0.00114622
0.0011791
0.00121424
0.00125082
0.00128775
0.00132371
0.00135701
0.0013856
0.001407
0.00141818
0.00141552
0.00139468
0.00135051
0.00127703
0.00116734
0.00101369
0.000807699
0.000546712
0.000244472
0.0014276
0.00146723
0.00151091
0.00155773
0.0016066
0.00165612
0.00170447
0.00174944
0.00178827
0.00181765
0.00183358
0.00183125
0.00180498
0.00174807
0.00165278
0.00151039
0.00131128
0.001045
0.000706779
0.000320998
0.00173086
0.00178052
0.00183558
0.0018949
0.00195708
0.0020205
0.0020827
0.00214102
0.00219197
0.00223138
0.00225422
0.00225447
0.00222498
0.00215741
0.00204216
0.00186845
0.00162454
0.00129763
0.000878582
0.000407295
0.00202309
0.00208318
0.00215023
0.00222293
0.00229962
0.00237824
0.00245617
0.00252993
0.00259542
0.00264759
0.00268033
0.00268633
0.00265692
0.00258195
0.00244972
0.00224708
0.00195966
0.00157195
0.00106697
0.000507443
0.00230088
0.00237151
0.00245097
0.00253782
0.00263016
0.0027255
0.0028213
0.00291283
0.0029957
0.00306393
0.00311029
0.00312614
0.00310114
0.00302316
0.00287811
0.00265002
0.00232114
0.00187318
0.00127571
0.000625844
0.00255962
0.0026406
0.00273262
0.0028342
0.00294326
0.00305703
0.00317216
0.00328438
0.00338782
0.0034759
0.00354027
0.00357085
0.00355557
0.00348006
0.00332753
0.0030787
0.00271133
0.00220499
0.0015071
0.000767125
0.00279339
0.00288402
0.00298836
0.0031049
0.00323145
0.00336495
0.00350142
0.00363734
0.00376454
0.00387654
0.00396378
0.00401467
0.00401524
0.0039487
0.00379519
0.00353163
0.00312974
0.002569
0.00176116
0.000935782
0.00299456
0.00309357
0.00320952
0.00334092
0.0034855
0.00363998
0.00380017
0.00396109
0.00411605
0.00425632
0.00437159
0.0044488
0.00447196
0.00442168
0.00427465
0.00400365
0.0035722
0.00296388
0.00203481
0.00113525
0.00315367
0.00325923
0.00338567
0.00353154
0.00369443
0.00387082
0.00405621
0.00424484
0.00443103
0.00460349
0.00475189
0.00486148
0.00491417
0.00488779
0.00475526
0.00448507
0.00402982
0.00338397
0.00232103
0.00136604
0.00325963
0.00336957
0.00350524
0.00366515
0.00384657
0.0040457
0.00425778
0.00447683
0.00469568
0.00490461
0.00509083
0.00523843
0.00532716
0.00533195
0.00522175
0.00496078
0.00448806
0.00381719
0.00260879
0.00162241
0.00330057
0.00341276
0.00355675
0.00373057
0.00393091
0.00415348
0.00439326
0.00464409
0.00489804
0.00514635
0.00537368
0.0055636
0.00569354
0.00573538
0.005654
0.00540956
0.00492566
0.00424212
0.00288365
0.00188762
0.00326554
0.00337845
0.00353079
0.00371923
0.00393929
0.00418593
0.00445392
0.00473715
0.00502758
0.00531503
0.00558566
0.00582014
0.00599407
0.0060761
0.00602721
0.00580357
0.00531388
0.00462512
0.00312812
0.00212928
0.00314689
0.00326046
0.00342313
0.00362815
0.00386903
0.00413976
0.0044351
0.00474938
0.00507489
0.00540068
0.00571381
0.00599155
0.00620858
0.00632994
0.00631287
0.00610926
0.00561773
0.00492151
0.00332089
0.002301
0.00294486
0.003061
0.00323832
0.00346215
0.00372393
0.00401705
0.00433682
0.00467855
0.0050353
0.00539588
0.00574576
0.00606299
0.00631843
0.00647382
0.00648314
0.00629332
0.00580206
0.00508663
0.00343859
0.00235852
0.00266857
0.00279378
0.00298924
0.00323155
0.00351218
0.00382416
0.00416337
0.0045265
0.00490769
0.00529614
0.00567683
0.00602659
0.00631216
0.00649272
0.00651908
0.00633301
0.00584137
0.00509214
0.00346092
0.00228253
0.00237981
0.00247324
0.00269121
0.00295383
0.003252
0.003578
0.00392894
0.00430415
0.0047001
0.00510698
0.00550903
0.00588182
0.00618718
0.00638122
0.00641179
0.0062173
0.00572037
0.00492691
0.00337279
0.00208015
0.00205167
0.00210077
0.00240054
0.0026977
0.00300213
0.00332231
0.00366432
0.00403258
0.0044263
0.00483634
0.00524698
0.00562846
0.00593937
0.00613201
0.00615208
0.00593866
0.00543241
0.00459663
0.00317392
0.00178132
0.00221058
0.00223267
0.00235031
0.00251483
0.00271486
0.00295061
0.00322594
0.00354387
0.00390203
0.0042899
0.00469323
0.00506358
0.00536223
0.00553555
0.00552857
0.00528803
0.00477312
0.00393672
0.00272371
0.00133931
0.00218022
0.00207578
0.00207358
0.00210751
0.00218051
0.00229831
0.00246822
0.00269572
0.00298007
0.0033345
0.00368957
0.00402432
0.00428568
0.00441974
0.00437904
0.00412845
0.0036497
0.00292619
0.00198807
0.000840357
0.00176302
0.00168196
0.00164133
0.0016123
0.00160848
0.0016463
0.00174194
0.00190713
0.00214387
0.00243806
0.00275198
0.00303748
0.0032427
0.00332255
0.00324618
0.00300049
0.00258567
0.00201593
0.00131775
0.000485539
0.00135831
0.00130546
0.00125521
0.00120328
0.00116915
0.00117202
0.00123777
0.00137379
0.00157727
0.00182593
0.00208014
0.00229351
0.00242435
0.00244416
0.0023409
0.00211665
0.00178269
0.00135856
0.000859207
0.000303017
0.0011137
0.00109812
0.00106231
0.00102182
0.000995269
0.00100331
0.00106342
0.00118008
0.00134377
0.00152808
0.0016973
0.00181709
0.00186293
0.00182367
0.00170001
0.0015001
0.00123693
0.000923769
0.000573815
0.000200258
0.00106141
0.00108202
0.00107686
0.00107031
0.00107458
0.00110385
0.00116587
0.00125793
0.00136603
0.00146741
0.00153854
0.00156195
0.00152941
0.00144108
0.00130232
0.00112122
0.00090636
0.000665702
0.000408193
0.000136292
0.00114572
0.00119163
0.00121972
0.00125207
0.00129154
0.00134075
0.00139732
0.00145287
0.00149438
0.00150904
0.00148833
0.00142958
0.00133499
0.00120941
0.00105856
0.000887872
0.000702093
0.000505917
0.000303056
9.47228e-05
0.00124018
0.00129794
0.00135136
0.00141346
0.00147866
0.00153823
0.00158126
0.00159668
0.00157727
0.00152169
0.00143378
0.00132015
0.00118784
0.0010427
0.000888958
0.000729542
0.000566647
0.00040209
0.000236887
7.38652e-05
0.00123327
0.00129434
0.00136142
0.00144064
0.00151975
0.00158112
0.00160831
0.00159166
0.00153103
0.00143399
0.00131184
0.00117528
0.00103221
0.000887431
0.000743406
0.000601247
0.000461447
0.000324217
0.00019018
5.92555e-05
0.00107215
0.00113664
0.00121105
0.0012997
0.00138555
0.00144499
0.00146025
0.00142583
0.0013475
0.00123837
0.00111239
0.00098023
0.000848381
0.000719991
0.000596151
0.000476962
0.000362165
0.000251712
0.000145404
4.13513e-05
0.000750653
0.00082428
0.000907184
0.00100483
0.00109592
0.00115391
0.00116438
0.00112714
0.00105257
0.000955484
0.000848674
0.000740517
0.000635356
0.000534864
0.000439328
0.000348486
0.000262036
0.000179863
0.000100979
2.55321e-05
0.000273572
0.000362716
0.000458915
0.000569095
0.000667244
0.000728695
0.000745647
0.000722762
0.000672427
0.000607646
0.000537832
0.000468249
0.00040117
0.000337233
0.000276392
0.000218446
0.000163309
0.00011086
6.06889e-05
1.4192e-05
-0.000369108
-0.000259386
-0.000143968
-1.59004e-05
9.64345e-05
0.000175614
0.000219756
0.000235382
0.000232497
0.000219672
0.000202158
0.000182408
0.000161314
0.000139165
0.000116149
9.25631e-05
6.88247e-05
4.54328e-05
2.29314e-05
1.74736e-06
-0.00120736
-0.00106889
-0.000926836
-0.000771595
-0.000624386
-0.000495865
-0.000388913
-0.000302453
-0.00023286
-0.000176367
-0.000130497
-9.3905e-05
-6.5691e-05
-4.4948e-05
-3.06203e-05
-2.15199e-05
-1.63572e-05
-1.36526e-05
-1.24988e-05
-1.20625e-05
-0.00228669
-0.002123
-0.00194216
-0.00172487
-0.00149012
-0.00125683
-0.00104102
-0.000851162
-0.000688391
-0.000550212
-0.000433759
-0.000336818
-0.00025752
-0.000193965
-0.000144089
-0.000105682
-7.63673e-05
-5.36915e-05
-3.60547e-05
-2.02222e-05
-0.00384307
-0.00354829
-0.00321994
-0.0028395
-0.00244625
-0.00205877
-0.00169702
-0.00137461
-0.00109523
-0.000857075
-0.000657049
-0.000492268
-0.000359831
-0.000256402
-0.000178153
-0.000120923
-8.03883e-05
-5.23815e-05
-3.33839e-05
-1.80163e-05
-0.00508136
-0.0047504
-0.00450921
-0.00404799
-0.00346924
-0.00285525
-0.00226482
-0.00173698
-0.00128885
-0.000922721
-0.000633403
-0.000412047
-0.000248663
-0.000133421
-5.72137e-05
-1.18235e-05
1.00699e-05
1.49087e-05
8.12619e-06
-3.95318e-06
-0.0106549
-0.0091737
-0.00780096
-0.00597971
-0.00440156
-0.00311804
-0.00211409
-0.00135627
-0.00079949
-0.0003988
-0.000117978
7.03422e-05
0.000187132
0.000248682
0.000267711
0.00025432
0.000216775
0.000162056
9.5866e-05
2.48809e-05
-0.00705256
-0.00575259
-0.00488019
-0.00327798
-0.0020123
-0.0010769
-0.000375259
0.000134499
0.000486939
0.000717299
0.00085334
0.000914748
0.000916308
0.000870086
0.000786298
0.000673697
0.000539753
0.000390896
0.000232506
7.11193e-05
-0.039973
-0.0191601
-0.0129185
-0.00667912
-0.00272379
-0.000519572
0.000776589
0.00152917
0.00193242
0.00210763
0.0021319
0.00205446
0.00190737
0.00171218
0.00148378
0.00123271
0.000966677
0.000691528
0.000411497
0.000130536
)
;

boundaryField
{
    inlet
    {
        type            zeroGradient;
    }
    outlet
    {
        type            fixedValue;
        value           uniform 0;
    }
    upAndBottom
    {
        type            empty;
    }
    obstacle
    {
        type            zeroGradient;
    }
}


// ************************************************************************* //
