/*--------------------------------*- C++ -*----------------------------------*\
| =========                 |                                                 |
| \\      /  F ield         | OpenFOAM: The Open Source CFD Toolbox           |
|  \\    /   O peration     | Version:  v1806                                 |
|   \\  /    A nd           | Web:      www.OpenFOAM.com                      |
|    \\/     M anipulation  |                                                 |
\*---------------------------------------------------------------------------*/
FoamFile
{
    version     2.0;
    format      ascii;
    class       volVectorField;
    location    "130";
    object      U;
}
// * * * * * * * * * * * * * * * * * * * * * * * * * * * * * * * * * * * * * //

dimensions      [0 1 -1 0 0 0 0];


internalField   nonuniform List<vector> 
2400
(
(0.300011 -0.000142615 0)
(0.299982 -0.000903183 0)
(0.299995 -0.00109424 0)
(0.299957 -0.00206205 0)
(0.299949 -0.00234282 0)
(0.299876 -0.00360959 0)
(0.299858 -0.00379293 0)
(0.299748 -0.00556193 0)
(0.299706 -0.00616275 0)
(0.299494 -0.00858683 0)
(0.29941 -0.00912608 0)
(0.299133 -0.0122813 0)
(0.299024 -0.0138835 0)
(0.298551 -0.0181055 0)
(0.298319 -0.0200082 0)
(0.297808 -0.0245641 0)
(0.297621 -0.0278605 0)
(0.297085 -0.0326174 0)
(0.296841 -0.0358558 0)
(0.296688 -0.03859 0)
(0.300009 -0.000140913 0)
(0.299978 -0.000899919 0)
(0.299978 -0.00108766 0)
(0.299933 -0.0020549 0)
(0.299903 -0.00232401 0)
(0.299814 -0.0035957 0)
(0.299764 -0.0037619 0)
(0.29963 -0.00554172 0)
(0.299542 -0.00610194 0)
(0.299289 -0.00854706 0)
(0.299145 -0.00903215 0)
(0.298806 -0.0122407 0)
(0.298634 -0.0137317 0)
(0.298069 -0.0180256 0)
(0.297796 -0.0198012 0)
(0.297181 -0.0245136 0)
(0.297061 -0.0276598 0)
(0.296496 -0.0325617 0)
(0.296503 -0.0357641 0)
(0.296567 -0.0386367 0)
(0.300005 -0.000138104 0)
(0.299977 -0.000894364 0)
(0.299957 -0.00107569 0)
(0.299903 -0.00204201 0)
(0.299842 -0.00229456 0)
(0.299733 -0.00357371 0)
(0.299635 -0.00371281 0)
(0.299467 -0.00551049 0)
(0.299315 -0.0060109 0)
(0.299002 -0.00849536 0)
(0.298773 -0.00889304 0)
(0.298341 -0.0121901 0)
(0.298083 -0.0135128 0)
(0.297379 -0.0179493 0)
(0.297048 -0.0195186 0)
(0.296276 -0.024501 0)
(0.296228 -0.0274049 0)
(0.295594 -0.032605 0)
(0.295906 -0.0357296 0)
(0.29622 -0.0388186 0)
(0.299999 -0.000134367 0)
(0.299977 -0.000886354 0)
(0.299935 -0.00105824 0)
(0.299874 -0.00202351 0)
(0.299776 -0.00225496 0)
(0.299647 -0.00354298 0)
(0.299495 -0.00364602 0)
(0.299289 -0.00546882 0)
(0.299065 -0.00589188 0)
(0.298683 -0.00843219 0)
(0.29836 -0.00870944 0)
(0.297822 -0.0121317 0)
(0.297466 -0.0132319 0)
(0.296603 -0.0178805 0)
(0.2962 -0.0191582 0)
(0.295242 -0.0245336 0)
(0.295262 -0.027094 0)
(0.294514 -0.0327654 0)
(0.295171 -0.0357422 0)
(0.295715 -0.0391605 0)
(0.299991 -0.000129871 0)
(0.29998 -0.000875584 0)
(0.299911 -0.00103561 0)
(0.299848 -0.00199871 0)
(0.299709 -0.00220474 0)
(0.299564 -0.00350172 0)
(0.299351 -0.00356084 0)
(0.299111 -0.00541351 0)
(0.298807 -0.00574258 0)
(0.298359 -0.00835117 0)
(0.297934 -0.00847843 0)
(0.297286 -0.0120571 0)
(0.296822 -0.0128825 0)
(0.295791 -0.0178047 0)
(0.295306 -0.0187088 0)
(0.29414 -0.0245994 0)
(0.294218 -0.0267044 0)
(0.293308 -0.0330402 0)
(0.294354 -0.035776 0)
(0.295081 -0.039681 0)
(0.299981 -0.000124937 0)
(0.299987 -0.000861698 0)
(0.299884 -0.00100836 0)
(0.299827 -0.00196688 0)
(0.299639 -0.00214459 0)
(0.299487 -0.00344863 0)
(0.299205 -0.0034582 0)
(0.29894 -0.00534181 0)
(0.298546 -0.00556407 0)
(0.29804 -0.00824822 0)
(0.297504 -0.00820174 0)
(0.296752 -0.011959 0)
(0.296166 -0.0124647 0)
(0.294968 -0.0177134 0)
(0.294385 -0.0181672 0)
(0.292994 -0.0246905 0)
(0.293115 -0.0262194 0)
(0.291987 -0.0334384 0)
(0.29347 -0.035808 0)
(0.294315 -0.0404103 0)
(0.29997 -0.000120026 0)
(0.299998 -0.000844168 0)
(0.299854 -0.000977299 0)
(0.299811 -0.00192725 0)
(0.299565 -0.00207581 0)
(0.299418 -0.00338249 0)
(0.299054 -0.00334006 0)
(0.298781 -0.00525154 0)
(0.29828 -0.00535934 0)
(0.297737 -0.00812026 0)
(0.297069 -0.00788305 0)
(0.296233 -0.0118322 0)
(0.295501 -0.0119815 0)
(0.294145 -0.0175998 0)
(0.293443 -0.0175321 0)
(0.29181 -0.0247998 0)
(0.291953 -0.0256232 0)
(0.290545 -0.0339708 0)
(0.292519 -0.03581 0)
(0.293387 -0.0413901 0)
(0.299957 -0.000115695 0)
(0.300013 -0.000822288 0)
(0.299821 -0.000943447 0)
(0.299803 -0.00187884 0)
(0.299486 -0.00200005 0)
(0.299361 -0.00330179 0)
(0.298897 -0.00320904 0)
(0.29864 -0.00514029 0)
(0.298005 -0.00513218 0)
(0.297457 -0.00796375 0)
(0.296624 -0.00752706 0)
(0.295742 -0.011671 0)
(0.294822 -0.0114368 0)
(0.293336 -0.0174558 0)
(0.292475 -0.0168024 0)
(0.290595 -0.0249173 0)
(0.290726 -0.0248993 0)
(0.288972 -0.0346452 0)
(0.291487 -0.0357478 0)
(0.292254 -0.0426761 0)
(0.299945 -0.000112538 0)
(0.300029 -0.000795254 0)
(0.299786 -0.000908007 0)
(0.2998 -0.00182046 0)
(0.299403 -0.00191932 0)
(0.299315 -0.00320463 0)
(0.298732 -0.0030684 0)
(0.29852 -0.00500494 0)
(0.297717 -0.00488739 0)
(0.297212 -0.00777414 0)
(0.296159 -0.00713988 0)
(0.295294 -0.0114684 0)
(0.294114 -0.0108358 0)
(0.292564 -0.0172719 0)
(0.291464 -0.0159774 0)
(0.289361 -0.02503 0)
(0.28942 -0.0240305 0)
(0.287252 -0.0354646 0)
(0.290356 -0.0355829 0)
(0.290864 -0.0443425 0)
(0.299935 -0.000111087 0)
(0.300046 -0.000762274 0)
(0.299751 -0.000872232 0)
(0.2998 -0.00175079 0)
(0.299317 -0.00183586 0)
(0.29928 -0.00308878 0)
(0.298559 -0.00292207 0)
(0.298423 -0.00484155 0)
(0.297412 -0.00463112 0)
(0.297008 -0.00754529 0)
(0.295664 -0.00672985 0)
(0.29491 -0.011215 0)
(0.293353 -0.0101865 0)
(0.291862 -0.0170359 0)
(0.290376 -0.015058 0)
(0.288145 -0.0251224 0)
(0.288004 -0.0229978 0)
(0.285379 -0.0364274 0)
(0.289109 -0.0352705 0)
(0.289145 -0.0464858 0)
(0.299929 -0.000111687 0)
(0.300058 -0.000722744 0)
(0.299722 -0.000837233 0)
(0.299799 -0.00166864 0)
(0.299234 -0.00175196 0)
(0.29925 -0.00295192 0)
(0.298386 -0.00277443 0)
(0.298344 -0.0046455 0)
(0.297095 -0.00437102 0)
(0.296848 -0.00726896 0)
(0.295134 -0.0063085 0)
(0.294607 -0.0108974 0)
(0.292516 -0.00950214 0)
(0.291275 -0.0167294 0)
(0.289155 -0.0140505 0)
(0.287015 -0.0251751 0)
(0.286406 -0.0217803 0)
(0.283379 -0.0375302 0)
(0.287719 -0.0347546 0)
(0.286996 -0.0492259 0)
(0.299932 -0.000114374 0)
(0.30006 -0.000676457 0)
(0.299702 -0.000803731 0)
(0.299788 -0.00157334 0)
(0.299163 -0.00166948 0)
(0.299214 -0.0027922 0)
(0.298223 -0.00262969 0)
(0.298272 -0.00441212 0)
(0.296781 -0.00411566 0)
(0.29672 -0.00693506 0)
(0.294579 -0.00589113 0)
(0.294386 -0.0104962 0)
(0.291589 -0.0088042 0)
(0.290843 -0.016323 0)
(0.287727 -0.0129723 0)
(0.28608 -0.0251583 0)
(0.28448 -0.0203596 0)
(0.281367 -0.038774 0)
(0.286112 -0.0339534 0)
(0.284263 -0.0527037 0)
(0.299946 -0.000118763 0)
(0.300048 -0.000623802 0)
(0.299698 -0.0007718 0)
(0.299759 -0.00146509 0)
(0.299115 -0.00158934 0)
(0.299159 -0.00260901 0)
(0.29809 -0.00249081 0)
(0.298183 -0.00413811 0)
(0.296497 -0.00387278 0)
(0.296594 -0.00653344 0)
(0.294035 -0.00549547 0)
(0.294216 -0.00998646 0)
(0.290597 -0.00812472 0)
(0.290568 -0.0157691 0)
(0.286045 -0.0118614 0)
(0.285454 -0.0250153 0)
(0.282002 -0.018737 0)
(0.279603 -0.0401668 0)
(0.284039 -0.0327363 0)
(0.280791 -0.057109 0)
(0.299972 -0.000124022 0)
(0.300017 -0.000565875 0)
(0.299715 -0.000740683 0)
(0.299704 -0.00134529 0)
(0.299101 -0.00151108 0)
(0.299068 -0.00240372 0)
(0.29801 -0.00235849 0)
(0.298049 -0.00382332 0)
(0.296285 -0.00364675 0)
(0.29642 -0.00605782 0)
(0.293569 -0.00513662 0)
(0.294024 -0.00934305 0)
(0.289627 -0.00750406 0)
(0.290374 -0.0149994 0)
(0.28415 -0.010786 0)
(0.285162 -0.0246308 0)
(0.278736 -0.0169651 0)
(0.278483 -0.0416972 0)
(0.280875 -0.0309115 0)
(0.276669 -0.0628155 0)
(0.30001 -0.000128923 0)
(0.299965 -0.000504455 0)
(0.299757 -0.000708776 0)
(0.299617 -0.00121665 0)
(0.29913 -0.00143257 0)
(0.298929 -0.00218015 0)
(0.298002 -0.00223028 0)
(0.297843 -0.00347218 0)
(0.296188 -0.0034362 0)
(0.296142 -0.00551025 0)
(0.293269 -0.00481999 0)
(0.2937 -0.00855251 0)
(0.288846 -0.00697566 0)
(0.290076 -0.0139417 0)
(0.282267 -0.00984533 0)
(0.285005 -0.023801 0)
(0.274645 -0.0151895 0)
(0.278294 -0.0432227 0)
(0.275479 -0.028294 0)
(0.272796 -0.0705765 0)
(0.30006 -0.000132008 0)
(0.299895 -0.000441832 0)
(0.299821 -0.000673818 0)
(0.299499 -0.00108295 0)
(0.299204 -0.00135016 0)
(0.298737 -0.00194452 0)
(0.298078 -0.00210038 0)
(0.297547 -0.0030943 0)
(0.296239 -0.00323262 0)
(0.29571 -0.00490395 0)
(0.293223 -0.00453596 0)
(0.293122 -0.00762524 0)
(0.288462 -0.00654346 0)
(0.289405 -0.0125598 0)
(0.280832 -0.00913224 0)
(0.284471 -0.0222615 0)
(0.270231 -0.0136615 0)
(0.278667 -0.0442565 0)
(0.266516 -0.0249376 0)
(0.271399 -0.0815876 0)
(0.300117 -0.000131799 0)
(0.29981 -0.000380449 0)
(0.299904 -0.000633339 0)
(0.299357 -0.000948482 0)
(0.299318 -0.00125941 0)
(0.298501 -0.00170449 0)
(0.298231 -0.00196068 0)
(0.297166 -0.00270333 0)
(0.296442 -0.00302131 0)
(0.295113 -0.00426281 0)
(0.29347 -0.00425888 0)
(0.292219 -0.00660011 0)
(0.288637 -0.00616928 0)
(0.288109 -0.0108927 0)
(0.280381 -0.00864273 0)
(0.282839 -0.0198573 0)
(0.266763 -0.0126821 0)
(0.277978 -0.0437504 0)
(0.25385 -0.0215345 0)
(0.27514 -0.0972643 0)
(0.300175 -0.000127118 0)
(0.29972 -0.000322207 0)
(0.299996 -0.000585535 0)
(0.299203 -0.000816859 0)
(0.299455 -0.0011567 0)
(0.298238 -0.00146703 0)
(0.29844 -0.00180372 0)
(0.296729 -0.00231296 0)
(0.296764 -0.00278663 0)
(0.29439 -0.00361448 0)
(0.293971 -0.00395542 0)
(0.291029 -0.0055344 0)
(0.289377 -0.00578213 0)
(0.286133 -0.00905442 0)
(0.281223 -0.00823923 0)
(0.279557 -0.016687 0)
(0.265903 -0.0123509 0)
(0.27351 -0.0403498 0)
(0.240917 -0.0199259 0)
(0.283022 -0.118945 0)
(0.300229 -0.000117694 0)
(0.299633 -0.000267707 0)
(0.300085 -0.000530171 0)
(0.299054 -0.00068968 0)
(0.299596 -0.00104101 0)
(0.29798 -0.0012358 0)
(0.298665 -0.00162623 0)
(0.296286 -0.00193153 0)
(0.297136 -0.0025197 0)
(0.293631 -0.00297866 0)
(0.294605 -0.0036018 0)
(0.289711 -0.00447761 0)
(0.29047 -0.00531641 0)
(0.283747 -0.00717991 0)
(0.283087 -0.00772618 0)
(0.274843 -0.0131195 0)
(0.268328 -0.0121286 0)
(0.263281 -0.033878 0)
(0.234945 -0.0214561 0)
(0.284422 -0.14418 0)
(0.300272 -0.000103467 0)
(0.299561 -0.000218348 0)
(0.300158 -0.000465441 0)
(0.298929 -0.000569906 0)
(0.299716 -0.00090927 0)
(0.297758 -0.00101653 0)
(0.298865 -0.00142229 0)
(0.295897 -0.00156972 0)
(0.297477 -0.00220906 0)
(0.29295 -0.0023756 0)
(0.29521 -0.00317501 0)
(0.2885 -0.00347235 0)
(0.291561 -0.00471798 0)
(0.281486 -0.00538366 0)
(0.28511 -0.0069189 0)
(0.270061 -0.00959938 0)
(0.272114 -0.0110953 0)
(0.249552 -0.025785 0)
(0.238535 -0.0237226 0)
(0.255347 -0.161074 0)
(0.29675 -0.0394251 0)
(0.296768 -0.0395984 0)
(0.296789 -0.0397494 0)
(0.296812 -0.0398793 0)
(0.296836 -0.0399887 0)
(0.296862 -0.0400783 0)
(0.296889 -0.0401488 0)
(0.296916 -0.040201 0)
(0.296944 -0.0402357 0)
(0.296971 -0.0402548 0)
(0.296837 -0.0395097 0)
(0.296904 -0.0396906 0)
(0.296971 -0.0398481 0)
(0.297036 -0.0399835 0)
(0.297103 -0.0400975 0)
(0.297169 -0.0401905 0)
(0.297235 -0.040263 0)
(0.2973 -0.040316 0)
(0.297364 -0.0403499 0)
(0.297425 -0.0403672 0)
(0.296759 -0.0397306 0)
(0.296889 -0.0399177 0)
(0.297016 -0.0400786 0)
(0.29714 -0.0402151 0)
(0.297263 -0.0403279 0)
(0.297384 -0.0404178 0)
(0.297504 -0.0404853 0)
(0.29762 -0.0405314 0)
(0.297732 -0.0405568 0)
(0.297838 -0.0405643 0)
(0.296568 -0.0401144 0)
(0.296773 -0.0403063 0)
(0.29697 -0.040468 0)
(0.29716 -0.0406022 0)
(0.297347 -0.04071 0)
(0.297532 -0.0407921 0)
(0.297712 -0.0408492 0)
(0.297887 -0.0408825 0)
(0.298054 -0.0408928 0)
(0.298212 -0.0408835 0)
(0.296314 -0.0406816 0)
(0.296608 -0.0408767 0)
(0.296885 -0.0410359 0)
(0.297151 -0.0411635 0)
(0.297411 -0.0412612 0)
(0.297666 -0.0413295 0)
(0.297915 -0.0413695 0)
(0.298155 -0.0413826 0)
(0.298383 -0.0413697 0)
(0.298599 -0.0413351 0)
(0.296022 -0.0414613 0)
(0.296424 -0.0416569 0)
(0.296797 -0.0418089 0)
(0.297149 -0.0419241 0)
(0.297491 -0.0420048 0)
(0.297828 -0.0420518 0)
(0.298154 -0.0420661 0)
(0.298467 -0.0420496 0)
(0.298764 -0.0420036 0)
(0.299044 -0.0419335 0)
(0.295707 -0.0424919 0)
(0.296246 -0.0426833 0)
(0.296733 -0.0428207 0)
(0.297183 -0.0429152 0)
(0.297621 -0.0429698 0)
(0.29805 -0.0429851 0)
(0.298466 -0.0429624 0)
(0.298862 -0.0429044 0)
(0.299237 -0.0428127 0)
(0.299588 -0.0426944 0)
(0.295386 -0.0438222 0)
(0.2961 -0.0440017 0)
(0.296722 -0.044114 0)
(0.297288 -0.0441758 0)
(0.297836 -0.0441913 0)
(0.298372 -0.044161 0)
(0.298889 -0.0440864 0)
(0.29938 -0.043971 0)
(0.299841 -0.0438173 0)
(0.300271 -0.0436344 0)
(0.295078 -0.0455134 0)
(0.296016 -0.0456687 0)
(0.296803 -0.0457404 0)
(0.297502 -0.0457527 0)
(0.298176 -0.0457113 0)
(0.298836 -0.0456162 0)
(0.29947 -0.0454694 0)
(0.300068 -0.0452758 0)
(0.300626 -0.0450387 0)
(0.301142 -0.0447703 0)
(0.294806 -0.0476405 0)
(0.296033 -0.0477526 0)
(0.297017 -0.0477611 0)
(0.297869 -0.0477005 0)
(0.29869 -0.0475775 0)
(0.299493 -0.0473918 0)
(0.300262 -0.0471461 0)
(0.300981 -0.046847 0)
(0.301647 -0.0464991 0)
(0.302259 -0.0461188 0)
(0.294596 -0.0502936 0)
(0.296193 -0.0503352 0)
(0.297414 -0.0502499 0)
(0.298446 -0.050085 0)
(0.299439 -0.0498482 0)
(0.300414 -0.0495384 0)
(0.301342 -0.0491597 0)
(0.302205 -0.048721 0)
(0.302999 -0.0482284 0)
(0.303722 -0.0477041 0)
(0.294494 -0.053588 0)
(0.296573 -0.0535243 0)
(0.29809 -0.0533077 0)
(0.299345 -0.0530002 0)
(0.300557 -0.0526101 0)
(0.301752 -0.0521357 0)
(0.302886 -0.0515826 0)
(0.303934 -0.0509629 0)
(0.304891 -0.0502844 0)
(0.305756 -0.0495777 0)
(0.294678 -0.057707 0)
(0.297405 -0.0574996 0)
(0.299321 -0.0571089 0)
(0.300884 -0.0566134 0)
(0.302402 -0.0560217 0)
(0.303901 -0.0553314 0)
(0.305317 -0.0545502 0)
(0.306612 -0.053695 0)
(0.307786 -0.0527747 0)
(0.308829 -0.0518333 0)
(0.295718 -0.0630066 0)
(0.299343 -0.0626065 0)
(0.301818 -0.0619818 0)
(0.30382 -0.06123 0)
(0.305761 -0.0603598 0)
(0.307662 -0.0593686 0)
(0.309429 -0.0582675 0)
(0.311012 -0.0570803 0)
(0.312407 -0.0558175 0)
(0.313606 -0.0545453 0)
(0.298858 -0.0700656 0)
(0.303657 -0.0693672 0)
(0.306835 -0.0683764 0)
(0.309348 -0.0672162 0)
(0.311734 -0.065898 0)
(0.313999 -0.0644206 0)
(0.316016 -0.062802 0)
(0.317717 -0.061078 0)
(0.319102 -0.0592636 0)
(0.320175 -0.05746 0)
(0.305586 -0.0794254 0)
(0.311584 -0.0781329 0)
(0.315278 -0.0764256 0)
(0.317969 -0.0744739 0)
(0.320357 -0.0723047 0)
(0.322444 -0.0699273 0)
(0.324068 -0.0673767 0)
(0.325157 -0.064709 0)
(0.325723 -0.061955 0)
(0.325827 -0.0592484 0)
(0.315238 -0.0907605 0)
(0.321612 -0.088157 0)
(0.324669 -0.0849819 0)
(0.326158 -0.0814652 0)
(0.327038 -0.0776681 0)
(0.327354 -0.0736432 0)
(0.326937 -0.0694689 0)
(0.325745 -0.0652297 0)
(0.32384 -0.0609884 0)
(0.321351 -0.0568577 0)
(0.319674 -0.100594 0)
(0.323764 -0.0951632 0)
(0.323171 -0.0893351 0)
(0.320392 -0.0832075 0)
(0.31676 -0.0768352 0)
(0.312415 -0.0703693 0)
(0.307266 -0.0639678 0)
(0.301368 -0.0577365 0)
(0.294904 -0.0517417 0)
(0.28793 -0.0459916 0)
(0.296779 -0.0975589 0)
(0.291761 -0.0865791 0)
(0.281204 -0.0766032 0)
(0.269358 -0.0670474 0)
(0.257531 -0.0577604 0)
(0.245694 -0.0489351 0)
(0.233877 -0.0407346 0)
(0.222334 -0.0332062 0)
(0.211308 -0.0263058 0)
(0.2007 -0.0200401 0)
(0.198874 -0.0741349 0)
(0.170235 -0.0560374 0)
(0.141654 -0.0413201 0)
(0.12004 -0.0293698 0)
(0.103593 -0.0198656 0)
(0.0904515 -0.0125888 0)
(0.0800139 -0.00715832 0)
(0.0719858 -0.0031129 0)
(0.0658424 -5.30198e-05 0)
(0.0612421 0.00219853 0)
(0.297054 -0.0402503 0)
(0.297164 -0.0399553 0)
(0.297208 -0.0394891 0)
(0.297147 -0.0389592 0)
(0.296972 -0.03847 0)
(0.296665 -0.0381363 0)
(0.296232 -0.0380851 0)
(0.295569 -0.0383843 0)
(0.294743 -0.0392272 0)
(0.293539 -0.0407454 0)
(0.292108 -0.0431002 0)
(0.289827 -0.0460761 0)
(0.287636 -0.050298 0)
(0.283804 -0.0551918 0)
(0.280768 -0.0615232 0)
(0.27366 -0.0668582 0)
(0.271064 -0.0757813 0)
(0.259016 -0.081208 0)
(0.258158 -0.0927236 0)
(0.233307 -0.0868815 0)
(0.297596 -0.0403483 0)
(0.297786 -0.0400096 0)
(0.297847 -0.0394832 0)
(0.297748 -0.038881 0)
(0.297494 -0.038313 0)
(0.297075 -0.0378948 0)
(0.296497 -0.0377306 0)
(0.295658 -0.0378974 0)
(0.294619 -0.0385679 0)
(0.293157 -0.0398737 0)
(0.291407 -0.0418843 0)
(0.288794 -0.044561 0)
(0.286223 -0.0483067 0)
(0.28202 -0.0527946 0)
(0.278506 -0.0581349 0)
(0.271257 -0.0633262 0)
(0.268376 -0.070913 0)
(0.256431 -0.0762322 0)
(0.255045 -0.0838505 0)
(0.229752 -0.0768825 0)
(0.298131 -0.0405131 0)
(0.298453 -0.0400942 0)
(0.298571 -0.0394722 0)
(0.298459 -0.0387711 0)
(0.298139 -0.0381055 0)
(0.29761 -0.0375848 0)
(0.296879 -0.0372943 0)
(0.295848 -0.0373172 0)
(0.294569 -0.0378089 0)
(0.292809 -0.0388898 0)
(0.290689 -0.0406044 0)
(0.287712 -0.043022 0)
(0.28472 -0.0464156 0)
(0.280128 -0.0505452 0)
(0.276163 -0.055363 0)
(0.268905 -0.0604605 0)
(0.265735 -0.0674278 0)
(0.253829 -0.0722201 0)
(0.251327 -0.0780046 0)
(0.226037 -0.0703085 0)
(0.298646 -0.0407743 0)
(0.299121 -0.0402311 0)
(0.29931 -0.0394761 0)
(0.299198 -0.038648 0)
(0.298822 -0.0378639 0)
(0.298198 -0.0372216 0)
(0.297327 -0.0367887 0)
(0.296123 -0.0366498 0)
(0.294616 -0.0369415 0)
(0.292568 -0.0377728 0)
(0.290093 -0.0391864 0)
(0.286775 -0.0413313 0)
(0.283352 -0.0443691 0)
(0.27839 -0.0481373 0)
(0.273993 -0.0524937 0)
(0.266742 -0.0574899 0)
(0.26306 -0.0636995 0)
(0.250896 -0.0678025 0)
(0.247068 -0.0712779 0)
(0.221499 -0.0626534 0)
(0.299189 -0.0411412 0)
(0.29983 -0.0404274 0)
(0.300093 -0.0394994 0)
(0.299981 -0.0385142 0)
(0.299555 -0.0375884 0)
(0.298843 -0.0368036 0)
(0.297853 -0.0362086 0)
(0.296499 -0.0358841 0)
(0.294788 -0.0359449 0)
(0.292477 -0.0364916 0)
(0.289672 -0.0375861 0)
(0.286026 -0.0394314 0)
(0.282157 -0.0420997 0)
(0.276816 -0.0454979 0)
(0.271963 -0.0494767 0)
(0.264605 -0.0543144 0)
(0.260101 -0.0596909 0)
(0.247373 -0.0628273 0)
(0.24187 -0.0640906 0)
(0.216016 -0.0549899 0)
(0.299806 -0.0416226 0)
(0.300621 -0.0406847 0)
(0.300953 -0.0395406 0)
(0.300834 -0.0383685 0)
(0.300358 -0.0372803 0)
(0.299569 -0.036336 0)
(0.29848 -0.0355633 0)
(0.297006 -0.0350305 0)
(0.295119 -0.0348289 0)
(0.292572 -0.0350573 0)
(0.289454 -0.0358104 0)
(0.285467 -0.0373214 0)
(0.281107 -0.0395983 0)
(0.275334 -0.0426273 0)
(0.269931 -0.0462734 0)
(0.262239 -0.0508402 0)
(0.256531 -0.0552194 0)
(0.242901 -0.0572057 0)
(0.235485 -0.0563787 0)
(0.209512 -0.0472348 0)
(0.300538 -0.042226 0)
(0.30153 -0.0410014 0)
(0.30192 -0.0395956 0)
(0.301782 -0.0382089 0)
(0.301252 -0.0369427 0)
(0.3004 -0.0358287 0)
(0.299241 -0.0348681 0)
(0.297682 -0.0341064 0)
(0.295647 -0.0336088 0)
(0.292879 -0.0334812 0)
(0.289442 -0.0338566 0)
(0.285058 -0.0349807 0)
(0.280113 -0.0368297 0)
(0.273791 -0.0394745 0)
(0.26765 -0.0427724 0)
(0.259281 -0.0468873 0)
(0.251945 -0.0500858 0)
(0.237127 -0.0508078 0)
(0.227694 -0.0481173 0)
(0.201942 -0.0394708 0)
(0.301428 -0.0429571 0)
(0.302592 -0.0413725 0)
(0.30302 -0.0396574 0)
(0.302849 -0.0380326 0)
(0.302267 -0.0365802 0)
(0.301372 -0.0352953 0)
(0.300177 -0.0341416 0)
(0.298564 -0.0331283 0)
(0.296395 -0.0322941 0)
(0.293395 -0.0317587 0)
(0.289576 -0.0316953 0)
(0.28467 -0.0323546 0)
(0.278976 -0.0337189 0)
(0.271898 -0.035936 0)
(0.264729 -0.0388058 0)
(0.25525 -0.0422422 0)
(0.245886 -0.0441065 0)
(0.22971 -0.0435658 0)
(0.218344 -0.0393959 0)
(0.193334 -0.0318428 0)
(0.302522 -0.0438185 0)
(0.303849 -0.0417892 0)
(0.304294 -0.0397179 0)
(0.304078 -0.0378385 0)
(0.30345 -0.0362014 0)
(0.302533 -0.0347519 0)
(0.301325 -0.0334001 0)
(0.29966 -0.0321035 0)
(0.297324 -0.0308745 0)
(0.294005 -0.0298539 0)
(0.289655 -0.0292565 0)
(0.284007 -0.0293452 0)
(0.277315 -0.0301457 0)
(0.269188 -0.0318574 0)
(0.260612 -0.0341636 0)
(0.249564 -0.036689 0)
(0.237887 -0.0371557 0)
(0.220377 -0.0355107 0)
(0.207392 -0.0304061 0)
(0.183803 -0.0245417 0)
(0.303883 -0.0448101 0)
(0.30537 -0.0422431 0)
(0.305819 -0.0397722 0)
(0.305548 -0.0376287 0)
(0.304868 -0.0358142 0)
(0.303915 -0.0342069 0)
(0.302655 -0.0326408 0)
(0.300853 -0.0310075 0)
(0.298209 -0.0292964 0)
(0.294369 -0.0276781 0)
(0.289219 -0.0264159 0)
(0.282514 -0.0258056 0)
(0.274506 -0.0259468 0)
(0.264971 -0.0270458 0)
(0.254588 -0.0286238 0)
(0.241593 -0.0300585 0)
(0.227539 -0.0292117 0)
(0.208983 -0.0268002 0)
(0.194947 -0.0214408 0)
(0.173557 -0.017798 0)
(0.305634 -0.0459383 0)
(0.307301 -0.0427333 0)
(0.307735 -0.0398185 0)
(0.307362 -0.0373971 0)
(0.306541 -0.035404 0)
(0.305415 -0.0336283 0)
(0.303906 -0.0318048 0)
(0.301708 -0.0297484 0)
(0.298446 -0.0274345 0)
(0.293734 -0.0250742 0)
(0.28741 -0.0229946 0)
(0.279282 -0.0215542 0)
(0.269633 -0.0209385 0)
(0.258355 -0.0213061 0)
(0.245856 -0.0220076 0)
(0.230753 -0.0222906 0)
(0.21459 -0.0204037 0)
(0.195581 -0.0177365 0)
(0.181295 -0.0128791 0)
(0.162898 -0.0118609 0)
(0.308045 -0.0472292 0)
(0.309898 -0.0432638 0)
(0.310207 -0.0398318 0)
(0.309507 -0.0370833 0)
(0.308218 -0.0348722 0)
(0.306503 -0.032879 0)
(0.304268 -0.0307192 0)
(0.301169 -0.028128 0)
(0.2968 -0.0250773 0)
(0.290765 -0.0218295 0)
(0.282882 -0.0187944 0)
(0.273038 -0.0164222 0)
(0.261541 -0.0149715 0)
(0.248339 -0.0145066 0)
(0.233659 -0.0142534 0)
(0.216654 -0.013498 0)
(0.199052 -0.0110434 0)
(0.18048 -0.00875956 0)
(0.166896 -0.00514937 0)
(0.152192 -0.00696899 0)
(0.311591 -0.0487168 0)
(0.313419 -0.0437892 0)
(0.313133 -0.0396733 0)
(0.311442 -0.0364653 0)
(0.308893 -0.0339342 0)
(0.305744 -0.0316346 0)
(0.301963 -0.0290473 0)
(0.297249 -0.0258292 0)
(0.29122 -0.0219515 0)
(0.283491 -0.0177312 0)
(0.273863 -0.0136722 0)
(0.262276 -0.0103295 0)
(0.249014 -0.00800814 0)
(0.234025 -0.00665958 0)
(0.217505 -0.00549257 0)
(0.199268 -0.00401167 0)
(0.1813 -0.00162722 0)
(0.164261 -0.000407122 0)
(0.152355 0.00132975 0)
(0.14183 -0.00331668 0)
(0.316684 -0.0503217 0)
(0.317536 -0.0440441 0)
(0.315395 -0.0389072 0)
(0.311312 -0.0350073 0)
(0.306107 -0.0320184 0)
(0.300268 -0.0293452 0)
(0.293946 -0.0263153 0)
(0.286965 -0.0224952 0)
(0.278988 -0.0178354 0)
(0.269596 -0.0126862 0)
(0.258508 -0.00764754 0)
(0.245624 -0.00335942 0)
(0.231118 -0.000190848 0)
(0.214936 0.00200696 0)
(0.197415 0.00388265 0)
(0.179086 0.00559114 0)
(0.162111 0.00720226 0)
(0.147736 0.00676202 0)
(0.138332 0.00622201 0)
(0.132178 -0.00101857 0)
(0.322534 -0.0514961 0)
(0.319978 -0.0432227 0)
(0.31361 -0.0365839 0)
(0.304998 -0.0317702 0)
(0.295408 -0.0282904 0)
(0.285673 -0.0253585 0)
(0.276207 -0.0221062 0)
(0.266942 -0.0179568 0)
(0.257475 -0.01278 0)
(0.247198 -0.00690764 0)
(0.235614 -0.00104298 0)
(0.222429 0.00406526 0)
(0.207658 0.0080432 0)
(0.191344 0.0109842 0)
(0.174122 0.0132282 0)
(0.157171 0.0145715 0)
(0.142612 0.0147693 0)
(0.131836 0.0122744 0)
(0.125445 0.00933993 0)
(0.123527 -7.63566e-05 0)
(0.324768 -0.050611 0)
(0.314596 -0.0396849 0)
(0.301008 -0.0312394 0)
(0.285844 -0.0256251 0)
(0.270861 -0.0219901 0)
(0.257159 -0.0193234 0)
(0.245286 -0.0164635 0)
(0.235019 -0.0125761 0)
(0.225608 -0.00734303 0)
(0.216035 -0.00106508 0)
(0.205436 0.00541974 0)
(0.193317 0.0112777 0)
(0.1796 0.0160417 0)
(0.164528 0.0195546 0)
(0.149142 0.0217538 0)
(0.135058 0.0221703 0)
(0.124081 0.0205057 0)
(0.117438 0.0158423 0)
(0.11418 0.0106694 0)
(0.116065 -0.000378368 0)
(0.312488 -0.044743 0)
(0.290266 -0.0313254 0)
(0.268088 -0.0215742 0)
(0.246618 -0.0160676 0)
(0.227844 -0.0132643 0)
(0.21259 -0.0119043 0)
(0.201081 -0.0103776 0)
(0.192463 -0.00746354 0)
(0.185369 -0.00259883 0)
(0.178323 0.00384166 0)
(0.170214 0.010915 0)
(0.160478 0.0175925 0)
(0.149091 0.0230991 0)
(0.136643 0.0269413 0)
(0.124518 0.0286753 0)
(0.114453 0.0277581 0)
(0.107708 0.0240733 0)
(0.105225 0.0174175 0)
(0.104852 0.0103576 0)
(0.109902 -0.00173758 0)
(0.267864 -0.0309195 0)
(0.234148 -0.0173103 0)
(0.208021 -0.0081344 0)
(0.18546 -0.00468339 0)
(0.168417 -0.00418068 0)
(0.156468 -0.00526715 0)
(0.149143 -0.00575872 0)
(0.144827 -0.00411683 0)
(0.141767 0.000322509 0)
(0.138394 0.0070393 0)
(0.133667 0.0148636 0)
(0.127143 0.0224172 0)
(0.119044 0.0285688 0)
(0.110288 0.0324659 0)
(0.102381 0.0334124 0)
(0.096867 0.0310044 0)
(0.0943775 0.0254387 0)
(0.0956183 0.0171763 0)
(0.0976311 0.00867872 0)
(0.105108 -0.00393354 0)
(0.176448 -0.00686746 0)
(0.14558 -6.75039e-05 0)
(0.128473 0.0048919 0)
(0.113541 0.00428721 0)
(0.104628 0.00183792 0)
(0.0998328 -0.00188881 0)
(0.0987245 -0.00415955 0)
(0.0995078 -0.00339715 0)
(0.100706 0.00100092 0)
(0.101045 0.00830479 0)
(0.0997861 0.0170011 0)
(0.0967527 0.0253987 0)
(0.0924247 0.0320115 0)
(0.0878719 0.0357134 0)
(0.0844636 0.0357263 0)
(0.0833475 0.0319304 0)
(0.0845973 0.0248383 0)
(0.0888304 0.0154402 0)
(0.0926201 0.0059758 0)
(0.101778 -0.00675001 0)
(0.0625996 0.0061322 0)
(0.0545555 0.00551185 0)
(0.0547344 0.00960028 0)
(0.0505896 0.00695049 0)
(0.0511058 0.00293197 0)
(0.0532033 -0.00243405 0)
(0.0574586 -0.00560765 0)
(0.0622697 -0.00508739 0)
(0.0667832 -0.00032394 0)
(0.0701288 0.00772777 0)
(0.0719102 0.0172819 0)
(0.0721942 0.0263762 0)
(0.0715996 0.0332369 0)
(0.0711294 0.0366023 0)
(0.0718363 0.0357368 0)
(0.0744266 0.0308489 0)
(0.078582 0.0226792 0)
(0.084981 0.0125961 0)
(0.0899361 0.00259819 0)
(0.100072 -0.00996371 0)
(0.0230799 -0.00115769 0)
(0.0157292 0.00420702 0)
(0.0214589 0.00894583 0)
(0.0215124 0.00604671 0)
(0.0263541 0.00142614 0)
(0.0313706 -0.00445962 0)
(0.0377948 -0.00787449 0)
(0.0441464 -0.00729455 0)
(0.050025 -0.00220967 0)
(0.0547873 0.00630236 0)
(0.0582115 0.0163469 0)
(0.0604446 0.0257983 0)
(0.0620947 0.0327381 0)
(0.06401 0.0358706 0)
(0.0669981 0.0345217 0)
(0.0715068 0.0291199 0)
(0.0770591 0.0204417 0)
(0.0844304 0.0102105 0)
(0.0898237 -9.47207e-05 0)
(0.100179 -0.0121732 0)
(0.0076307 -0.00386788 0)
(-0.000694241 0.00414366 0)
(0.00670148 0.0082237 0)
(0.0086406 0.0052163 0)
(0.015414 0.000228804 0)
(0.0216674 -0.00582022 0)
(0.0289457 -0.00931022 0)
(0.0358636 -0.00865814 0)
(0.0422667 -0.00339497 0)
(0.0476415 0.00535691 0)
(0.0518543 0.0156456 0)
(0.0550757 0.0252619 0)
(0.0578869 0.0322193 0)
(0.0610279 0.035213 0)
(0.0651676 0.0336096 0)
(0.0706137 0.0279624 0)
(0.0768339 0.0190321 0)
(0.0846322 0.00879603 0)
(0.0902195 -0.00169931 0)
(0.100578 -0.0133804 0)
(-0.0022843 -0.00312957 0)
(-0.0120769 0.00420487 0)
(-0.00378293 0.00719422 0)
(-0.000396984 0.00407873 0)
(0.00777214 -0.00125033 0)
(0.0148343 -0.00734753 0)
(0.022578 -0.0108506 0)
(0.0297447 -0.0100998 0)
(0.0364122 -0.00467418 0)
(0.0421948 0.00429061 0)
(0.0470328 0.0147828 0)
(0.0510999 0.0245243 0)
(0.0549313 0.0314748 0)
(0.0591438 0.03433 0)
(0.0642748 0.0324999 0)
(0.0704985 0.0266552 0)
(0.0772639 0.0175189 0)
(0.0853627 0.00733131 0)
(0.0910948 -0.00332065 0)
(0.10133 -0.0145647 0)
(-0.00801814 -0.000577851 0)
(-0.0189449 0.00423638 0)
(-0.0100137 0.00595962 0)
(-0.00557832 0.00268706 0)
(0.00348049 -0.00291951 0)
(0.0109387 -0.00897056 0)
(0.0187662 -0.0124321 0)
(0.0258637 -0.0115688 0)
(0.0325293 -0.00600403 0)
(0.0385054 0.00313268 0)
(0.0437917 0.0137799 0)
(0.0485469 0.0236045 0)
(0.0532423 0.030525 0)
(0.058361 0.0332462 0)
(0.0643196 0.0312199 0)
(0.0711641 0.0252231 0)
(0.0783584 0.015929 0)
(0.0866355 0.0058273 0)
(0.0924652 -0.0049328 0)
(0.102451 -0.0157305 0)
(-0.010423 0.00283035 0)
(-0.0216254 0.00424064 0)
(-0.0120447 0.0045864 0)
(-0.00691997 0.00112633 0)
(0.00256355 -0.00467913 0)
(0.0100257 -0.0106039 0)
(0.0175674 -0.0139797 0)
(0.0242793 -0.0130016 0)
(0.0306699 -0.00732988 0)
(0.0366138 0.00192621 0)
(0.0421585 0.0126735 0)
(0.0474306 0.0225367 0)
(0.0528223 0.0294047 0)
(0.0586759 0.0319966 0)
(0.065299 0.0298034 0)
(0.0726128 0.0236948 0)
(0.080126 0.0142872 0)
(0.0884626 0.00430275 0)
(0.0943437 -0.00651992 0)
(0.103956 -0.0168623 0)
(-0.00983668 0.00638303 0)
(-0.0202613 0.00414092 0)
(-0.00992888 0.00308911 0)
(-0.0044518 -0.000508445 0)
(0.0050222 -0.00644128 0)
(0.0121183 -0.0121678 0)
(0.0190199 -0.0154207 0)
(0.025034 -0.0143345 0)
(0.0308709 -0.00859751 0)
(0.036546 0.000717078 0)
(0.0421469 0.0115043 0)
(0.0477533 0.0213592 0)
(0.0536655 0.0281516 0)
(0.0600798 0.0306179 0)
(0.0672078 0.0282836 0)
(0.074846 0.0220979 0)
(0.0825737 0.0126165 0)
(0.0908543 0.00277604 0)
(0.0967407 -0.00806624 0)
(0.105859 -0.0179439 0)
(-0.00607993 0.00939571 0)
(-0.0147977 0.00383252 0)
(-0.00369622 0.00146875 0)
(0.00178613 -0.00213174 0)
(0.0108291 -0.00811696 0)
(0.0172126 -0.0135879 0)
(0.0231372 -0.0166861 0)
(0.0281506 -0.0155051 0)
(0.033154 -0.00975206 0)
(0.0383153 -0.000447395 0)
(0.0437594 0.0103141 0)
(0.0495082 0.0201109 0)
(0.0557596 0.0268033 0)
(0.0625612 0.0291451 0)
(0.0700394 0.0266922 0)
(0.0778633 0.0204582 0)
(0.0857059 0.0109394 0)
(0.0938172 0.00126474 0)
(0.0996626 -0.00955544 0)
(0.108168 -0.018961 0)
(0.00158816 0.0111466 0)
(-0.00497981 0.00328748 0)
(0.00663896 -0.000236968 0)
(0.0117443 -0.00366672 0)
(0.0199242 -0.00961603 0)
(0.0252656 -0.0147904 0)
(0.0298992 -0.0177091 0)
(0.033626 -0.0164516 0)
(0.0375227 -0.0107369 0)
(0.041922 -0.00151654 0)
(0.0469893 0.00914748 0)
(0.0526821 0.0188326 0)
(0.0590891 0.0253984 0)
(0.0661066 0.0276135 0)
(0.0737861 0.0250606 0)
(0.0816623 0.0188013 0)
(0.0895236 0.00927881 0)
(0.0973539 -0.000212757 0)
(0.103111 -0.0109713 0)
(0.110889 -0.019898 0)
(0.014532 0.0104277 0)
(0.00964787 0.00253907 0)
(0.0210471 -0.00182833 0)
(0.0253369 -0.00500407 0)
(0.0322004 -0.0108578 0)
(0.0361837 -0.0157073 0)
(0.0392406 -0.0184277 0)
(0.0414218 -0.0171153 0)
(0.0439567 -0.0114962 0)
(0.0473517 -0.00243857 0)
(0.0518209 0.00805073 0)
(0.0572572 0.0175666 0)
(0.063636 0.0239759 0)
(0.0707014 0.026058 0)
(0.0784381 0.0234198 0)
(0.0862377 0.0171521 0)
(0.0940233 0.00765797 0)
(0.101461 -0.00163798 0)
(0.107081 -0.0122967 0)
(0.114022 -0.0207426 0)
(0.0347222 0.00450799 0)
(0.0297915 0.00178134 0)
(0.0394688 -0.00311735 0)
(0.0423989 -0.00612264 0)
(0.0474813 -0.0118028 0)
(0.0498103 -0.0163042 0)
(0.0510388 -0.0187997 0)
(0.0514548 -0.0174547 0)
(0.0524049 -0.0119874 0)
(0.0545707 -0.00317267 0)
(0.0582279 0.00706194 0)
(0.0632107 0.0163468 0)
(0.069381 0.0225643 0)
(0.0763299 0.0245029 0)
(0.0839838 0.0217876 0)
(0.0915797 0.0155263 0)
(0.0991958 0.00609112 0)
(0.106131 -0.00300637 0)
(0.111561 -0.0135115 0)
(0.11756 -0.0215042 0)
(0.0991446 -0.00556078 0)
(0.0876556 -0.00206048 0)
(0.0878024 -0.00639771 0)
(0.0865029 -0.00874948 0)
(0.0867251 -0.0133133 0)
(0.0848456 -0.0169286 0)
(0.0816371 -0.0188232 0)
(0.0778404 -0.0174468 0)
(0.0749612 -0.0124256 0)
(0.074035 -0.00432111 0)
(0.0755018 0.00518655 0)
(0.0790934 0.013826 0)
(0.084435 0.0195254 0)
(0.0907831 0.0211205 0)
(0.0979584 0.018237 0)
(0.104835 0.0120333 0)
(0.111873 0.002793 0)
(0.117478 -0.00589439 0)
(0.122372 -0.0158802 0)
(0.12612 -0.0230319 0)
(0.249302 0.0241791 0)
(0.218425 0.011394 0)
(0.199165 0.00177092 0)
(0.18431 -0.00396362 0)
(0.172344 -0.00863666 0)
(0.160936 -0.0119612 0)
(0.14958 -0.0135171 0)
(0.138383 -0.0126323 0)
(0.12846 -0.00899061 0)
(0.121134 -0.00286478 0)
(0.117247 0.00455844 0)
(0.116614 0.0114782 0)
(0.118843 0.0159499 0)
(0.122661 0.0168999 0)
(0.127822 0.0137502 0)
(0.132431 0.00777948 0)
(0.137629 -0.00103306 0)
(0.14036 -0.00904203 0)
(0.143805 -0.0178571 0)
(0.14342 -0.0239469 0)
(0.308464 0.0412299 0)
(0.291778 0.028258 0)
(0.275779 0.0178105 0)
(0.260338 0.00958045 0)
(0.245482 0.00314481 0)
(0.230799 -0.00116029 0)
(0.216192 -0.00322402 0)
(0.201783 -0.00301025 0)
(0.188251 -0.000719383 0)
(0.176592 0.0032496 0)
(0.168041 0.00802411 0)
(0.162892 0.0124774 0)
(0.161185 0.0150675 0)
(0.161431 0.0149348 0)
(0.163632 0.0113006 0)
(0.165044 0.00544733 0)
(0.167687 -0.00288951 0)
(0.166855 -0.0101835 0)
(0.168396 -0.017895 0)
(0.163481 -0.0228913 0)
(0.32024 0.0439092 0)
(0.315211 0.0340239 0)
(0.3072 0.0254696 0)
(0.297464 0.0182265 0)
(0.286511 0.012494 0)
(0.27457 0.0086166 0)
(0.262062 0.00673699 0)
(0.249391 0.006815 0)
(0.237103 0.008456 0)
(0.225751 0.0110999 0)
(0.216327 0.0139865 0)
(0.209091 0.0163147 0)
(0.204714 0.0169949 0)
(0.201793 0.015575 0)
(0.201011 0.0112895 0)
(0.198988 0.00540449 0)
(0.198833 -0.00244911 0)
(0.19419 -0.00914739 0)
(0.193704 -0.0158333 0)
(0.184363 -0.0199487 0)
(0.316206 0.0433546 0)
(0.316544 0.0358745 0)
(0.31382 0.0292683 0)
(0.30895 0.0235799 0)
(0.302412 0.018997 0)
(0.294527 0.0158448 0)
(0.285818 0.0143229 0)
(0.276749 0.014398 0)
(0.26788 0.0157227 0)
(0.259447 0.0177511 0)
(0.252125 0.019672 0)
(0.245719 0.0208194 0)
(0.241082 0.0203097 0)
(0.236719 0.0180122 0)
(0.234115 0.0133252 0)
(0.229451 0.0074936 0)
(0.227065 0.000172309 0)
(0.219145 -0.00602686 0)
(0.216951 -0.0117845 0)
(0.203925 -0.0153528 0)
(0.310665 0.0411194 0)
(0.312489 0.0356075 0)
(0.311985 0.0305895 0)
(0.309681 0.0262494 0)
(0.30595 0.0227552 0)
(0.301055 0.0203732 0)
(0.295451 0.0192702 0)
(0.289513 0.0194322 0)
(0.283786 0.0205711 0)
(0.278331 0.022233 0)
(0.273683 0.0236765 0)
(0.269219 0.024325 0)
(0.265787 0.0233889 0)
(0.261564 0.0208809 0)
(0.258594 0.0163437 0)
(0.252607 0.0108979 0)
(0.249095 0.00435417 0)
(0.239076 -0.0013637 0)
(0.23588 -0.0062717 0)
(0.220411 -0.00954732 0)
(0.306655 0.0390446 0)
(0.308568 0.0349549 0)
(0.308754 0.0310871 0)
(0.307525 0.027728 0)
(0.305204 0.0250474 0)
(0.302008 0.0232468 0)
(0.298318 0.0224451 0)
(0.294392 0.0226333 0)
(0.290736 0.0235776 0)
(0.287292 0.0249268 0)
(0.284587 0.0260616 0)
(0.281756 0.0265203 0)
(0.279686 0.0256192 0)
(0.27619 0.0233751 0)
(0.273688 0.0194414 0)
(0.267449 0.0146941 0)
(0.263803 0.00918769 0)
(0.252914 0.00408782 0)
(0.249503 -7.82596e-06 0)
(0.232955 -0.00308732 0)
(0.303997 0.0372828 0)
(0.305686 0.0342903 0)
(0.306048 0.0313232 0)
(0.305267 0.028708 0)
(0.303626 0.0266256 0)
(0.301314 0.0252327 0)
(0.298667 0.024615 0)
(0.295851 0.0247675 0)
(0.293327 0.0255072 0)
(0.29095 0.0265677 0)
(0.289283 0.0274642 0)
(0.287351 0.0278431 0)
(0.286153 0.0271473 0)
(0.283254 0.0253464 0)
(0.281363 0.022219 0)
(0.275369 0.0183303 0)
(0.272151 0.0139685 0)
(0.261276 0.00963846 0)
(0.258142 0.00635505 0)
(0.241608 0.00353207 0)
(0.302178 0.0358001 0)
(0.303617 0.033669 0)
(0.304018 0.0314431 0)
(0.303473 0.0294319 0)
(0.302215 0.0278192 0)
(0.300402 0.0267363 0)
(0.298337 0.0262501 0)
(0.296113 0.0263598 0)
(0.294155 0.0269279 0)
(0.292245 0.0277503 0)
(0.290985 0.0284623 0)
(0.289351 0.0287917 0)
(0.288487 0.0283283 0)
(0.285838 0.0269808 0)
(0.284352 0.0246705 0)
(0.278677 0.0216501 0)
(0.276 0.0184189 0)
(0.265579 0.0148996 0)
(0.262929 0.0124074 0)
(0.247041 0.00997495 0)
(0.300894 0.0345745 0)
(0.302097 0.0331141 0)
(0.302488 0.0314986 0)
(0.302097 0.0299927 0)
(0.3011 0.0287709 0)
(0.299619 0.0279489 0)
(0.297923 0.0275838 0)
(0.296046 0.0276774 0)
(0.294378 0.0281324 0)
(0.292644 0.0287874 0)
(0.29147 0.0293794 0)
(0.289807 0.0296893 0)
(0.288933 0.0294529 0)
(0.286254 0.0285123 0)
(0.28491 0.0269406 0)
(0.279447 0.024711 0)
(0.277187 0.0225029 0)
(0.267322 0.0197906 0)
(0.265135 0.0180178 0)
(0.250123 0.0160867 0)
(0.299985 0.0335771 0)
(0.300968 0.0326359 0)
(0.301318 0.0315181 0)
(0.301027 0.0304369 0)
(0.300224 0.0295496 0)
(0.298989 0.0289594 0)
(0.297557 0.0287188 0)
(0.295915 0.0288322 0)
(0.294422 0.0292378 0)
(0.292754 0.0298024 0)
(0.291548 0.0303483 0)
(0.289743 0.0306831 0)
(0.288709 0.0306736 0)
(0.285863 0.0300922 0)
(0.284475 0.0291593 0)
(0.279094 0.0276177 0)
(0.27707 0.0262935 0)
(0.267685 0.0243428 0)
(0.265838 0.023199 0)
(0.25166 0.0218471 0)
(0.299348 0.0327797 0)
(0.300132 0.0322397 0)
(0.300423 0.031524 0)
(0.300191 0.0307983 0)
(0.299529 0.030199 0)
(0.298482 0.0298176 0)
(0.297252 0.0297063 0)
(0.295788 0.0298719 0)
(0.294422 0.0302842 0)
(0.292792 0.0308286 0)
(0.291536 0.0313975 0)
(0.289584 0.0318061 0)
(0.288366 0.0320333 0)
(0.285325 0.0317815 0)
(0.283812 0.0314051 0)
(0.278425 0.0304625 0)
(0.276491 0.0298921 0)
(0.267449 0.0286433 0)
(0.265809 0.028044 0)
(0.252284 0.0273104 0)
(0.29891 0.032154 0)
(0.299519 0.0319247 0)
(0.299743 0.0315326 0)
(0.299541 0.0311033 0)
(0.29898 0.0307518 0)
(0.298075 0.030559 0)
(0.297004 0.0305787 0)
(0.295684 0.0308206 0)
(0.294422 0.0312831 0)
(0.292831 0.031863 0)
(0.291544 0.0325116 0)
(0.289485 0.0330387 0)
(0.288117 0.0335188 0)
(0.284912 0.0335856 0)
(0.283264 0.0337109 0)
(0.277833 0.0333041 0)
(0.275906 0.0333884 0)
(0.26707 0.0327871 0)
(0.265538 0.0326657 0)
(0.252438 0.0325624 0)
(0.298619 0.031673 0)
(0.299077 0.0316856 0)
(0.299233 0.0315539 0)
(0.299041 0.0313712 0)
(0.298551 0.0312328 0)
(0.297757 0.0312097 0)
(0.296812 0.0313586 0)
(0.295612 0.0316926 0)
(0.294445 0.0322357 0)
(0.292904 0.032892 0)
(0.291614 0.0336629 0)
(0.289495 0.0343455 0)
(0.288031 0.0350961 0)
(0.284714 0.0354813 0)
(0.282962 0.0360769 0)
(0.27748 0.0361676 0)
(0.275533 0.0368426 0)
(0.266788 0.0368509 0)
(0.265309 0.0371677 0)
(0.252409 0.037694 0)
(0.298436 0.0313135 0)
(0.298765 0.0315151 0)
(0.298856 0.031593 0)
(0.298663 0.0316149 0)
(0.298225 0.0316592 0)
(0.297517 0.031788 0)
(0.296678 0.0320614 0)
(0.295585 0.032496 0)
(0.294508 0.0331393 0)
(0.29303 0.0339001 0)
(0.291766 0.0348239 0)
(0.289634 0.0356898 0)
(0.288128 0.0367263 0)
(0.284752 0.0374345 0)
(0.282947 0.0384861 0)
(0.277422 0.0390533 0)
(0.275467 0.0402882 0)
(0.266724 0.0408819 0)
(0.265274 0.0416299 0)
(0.252371 0.0427936 0)
(0.298331 0.031056 0)
(0.29855 0.0314053 0)
(0.298582 0.0316517 0)
(0.298382 0.0318425 0)
(0.297983 0.0320424 0)
(0.297349 0.0323055 0)
(0.296602 0.032696 0)
(0.295607 0.0332335 0)
(0.294624 0.0339883 0)
(0.293223 0.0348715 0)
(0.292014 0.035969 0)
(0.289911 0.0370371 0)
(0.288416 0.0383734 0)
(0.285031 0.0394097 0)
(0.283227 0.0409173 0)
(0.277677 0.0419538 0)
(0.275745 0.0437432 0)
(0.266938 0.0449206 0)
(0.265531 0.0460897 0)
(0.252434 0.0479216 0)
(0.298275 0.0308843 0)
(0.2984 0.0313483 0)
(0.298381 0.0317288 0)
(0.298174 0.0320575 0)
(0.297808 0.0323883 0)
(0.29724 0.032768 0)
(0.296579 0.0332656 0)
(0.295683 0.033903 0)
(0.294799 0.0347731 0)
(0.293493 0.035787 0)
(0.292368 0.0370706 0)
(0.290333 0.038352 0)
(0.2889 0.0399985 0)
(0.285552 0.0413686 0)
(0.28381 0.0433414 0)
(0.278248 0.0448552 0)
(0.276397 0.0472299 0)
(0.267446 0.0490072 0)
(0.266121 0.0506765 0)
(0.252677 0.0531107 0)
(0.298236 0.030789 0)
(0.298281 0.0313402 0)
(0.298217 0.0318253 0)
(0.298006 0.0322638 0)
(0.297673 0.0327018 0)
(0.297169 0.0331794 0)
(0.296596 0.0337723 0)
(0.295803 0.0345015 0)
(0.29503 0.0354851 0)
(0.293839 0.0366269 0)
(0.292827 0.0381015 0)
(0.2909 0.0395901 0)
(0.289579 0.0415573 0)
(0.286319 0.0432409 0)
(0.284701 0.0457076 0)
(0.279171 0.0476687 0)
(0.277441 0.0507068 0)
(0.268345 0.0531106 0)
(0.267041 0.0554235 0)
(0.253106 0.0587917 0)
(0.298159 0.0307487 0)
(0.298137 0.0313659 0)
(0.298039 0.0319333 0)
(0.297831 0.0324596 0)
(0.297537 0.0329862 0)
(0.297103 0.0335461 0)
(0.296623 0.0342246 0)
(0.295943 0.0350387 0)
(0.295293 0.0361356 0)
(0.294238 0.0374043 0)
(0.293369 0.0390719 0)
(0.291589 0.0407651 0)
(0.290431 0.043041 0)
(0.287312 0.0450312 0)
(0.285899 0.0479458 0)
(0.280428 0.0503435 0)
(0.278961 0.0539302 0)
(0.26962 0.0568523 0)
(0.268659 0.0595531 0)
(0.253774 0.0633287 0)
(0.297988 0.0307852 0)
(0.297925 0.0314412 0)
(0.297813 0.0320655 0)
(0.297622 0.0326579 0)
(0.297374 0.0332592 0)
(0.297015 0.0338884 0)
(0.296629 0.0346516 0)
(0.296062 0.0355436 0)
(0.295536 0.0367752 0)
(0.294619 0.0381708 0)
(0.293901 0.0401073 0)
(0.292283 0.0420136 0)
(0.291326 0.0447897 0)
(0.288386 0.0470882 0)
(0.287259 0.0508884 0)
(0.281912 0.0537492 0)
(0.280792 0.058815 0)
(0.271328 0.0625197 0)
(0.270465 0.0671362 0)
(0.255334 0.0719444 0)
(0.24473 0.0938783 0)
(0.224278 0.0796262 0)
(0.199676 0.0672019 0)
(0.179315 0.0562013 0)
(0.162798 0.0462993 0)
(0.148482 0.0374522 0)
(0.13582 0.0296534 0)
(0.124811 0.022823 0)
(0.115224 0.0168012 0)
(0.106749 0.0113116 0)
(0.304295 0.0838256 0)
(0.30608 0.0774225 0)
(0.303545 0.0719735 0)
(0.299501 0.066982 0)
(0.295088 0.0620594 0)
(0.29028 0.0571331 0)
(0.284937 0.0522296 0)
(0.279109 0.0473599 0)
(0.272981 0.0425062 0)
(0.266437 0.0376766 0)
(0.308322 0.081699 0)
(0.31416 0.0796232 0)
(0.316625 0.0771199 0)
(0.317562 0.0743071 0)
(0.318087 0.0711942 0)
(0.31832 0.0678207 0)
(0.318095 0.0642552 0)
(0.317334 0.0605703 0)
(0.316083 0.0567987 0)
(0.314353 0.0530948 0)
(0.299534 0.0678548 0)
(0.30461 0.0666734 0)
(0.307732 0.0651733 0)
(0.310031 0.0635352 0)
(0.31217 0.0617733 0)
(0.314184 0.0598729 0)
(0.315931 0.0578409 0)
(0.317328 0.0557065 0)
(0.318373 0.0534766 0)
(0.319093 0.0512669 0)
(0.294771 0.0574966 0)
(0.298625 0.0570048 0)
(0.301281 0.0563001 0)
(0.303383 0.0554811 0)
(0.30538 0.0545476 0)
(0.307321 0.0534862 0)
(0.30912 0.0523002 0)
(0.310718 0.0510088 0)
(0.312109 0.0496172 0)
(0.313284 0.0482011 0)
(0.293431 0.0501658 0)
(0.296163 0.0499937 0)
(0.298152 0.0496314 0)
(0.299762 0.0491574 0)
(0.301298 0.0485826 0)
(0.302808 0.0479038 0)
(0.304245 0.0471263 0)
(0.305567 0.0462643 0)
(0.306768 0.0453256 0)
(0.307842 0.0443513 0)
(0.293376 0.0447727 0)
(0.295291 0.0447605 0)
(0.296772 0.0445982 0)
(0.298013 0.0443451 0)
(0.299197 0.0440126 0)
(0.300361 0.0435992 0)
(0.301476 0.0431075 0)
(0.302515 0.0425463 0)
(0.303474 0.0419217 0)
(0.304345 0.041258 0)
(0.293726 0.0406975 0)
(0.295076 0.0407863 0)
(0.296192 0.0407621 0)
(0.297162 0.0406639 0)
(0.298089 0.0405009 0)
(0.298995 0.040272 0)
(0.299865 0.0399791 0)
(0.300682 0.0396281 0)
(0.301442 0.0392235 0)
(0.30214 0.0387815 0)
(0.294206 0.0375997 0)
(0.295163 0.0377469 0)
(0.296003 0.0378104 0)
(0.29676 0.037814 0)
(0.297486 0.0377641 0)
(0.298194 0.0376613 0)
(0.298874 0.0375069 0)
(0.299518 0.037305 0)
(0.300122 0.0370588 0)
(0.300682 0.0367796 0)
(0.294718 0.0352571 0)
(0.295404 0.0354331 0)
(0.296035 0.0355484 0)
(0.296621 0.0356161 0)
(0.297186 0.0356408 0)
(0.297736 0.0356233 0)
(0.298267 0.035565 0)
(0.298773 0.0354685 0)
(0.299251 0.035336 0)
(0.299696 0.0351752 0)
(0.295218 0.0334882 0)
(0.295717 0.0336759 0)
(0.296192 0.0338202 0)
(0.296641 0.0339276 0)
(0.297078 0.0340008 0)
(0.297504 0.0340407 0)
(0.297916 0.0340486 0)
(0.29831 0.0340262 0)
(0.298684 0.0339749 0)
(0.299035 0.0339002 0)
(0.295684 0.0321533 0)
(0.296055 0.0323443 0)
(0.296412 0.0325041 0)
(0.296755 0.0326356 0)
(0.29709 0.0327404 0)
(0.297417 0.0328192 0)
(0.297735 0.0328731 0)
(0.29804 0.0329031 0)
(0.298331 0.0329102 0)
(0.298604 0.0328982 0)
(0.296113 0.0311472 0)
(0.296393 0.0313376 0)
(0.296662 0.0315054 0)
(0.296921 0.0316517 0)
(0.297176 0.0317773 0)
(0.297425 0.0318828 0)
(0.297668 0.031969 0)
(0.297902 0.0320365 0)
(0.298125 0.0320861 0)
(0.298336 0.0321203 0)
(0.296506 0.0303907 0)
(0.296718 0.0305796 0)
(0.29692 0.0307515 0)
(0.297115 0.0309072 0)
(0.297306 0.031047 0)
(0.297495 0.0311714 0)
(0.297678 0.0312807 0)
(0.297855 0.0313757 0)
(0.298024 0.0314565 0)
(0.298184 0.0315251 0)
(0.296871 0.0298263 0)
(0.29703 0.0300137 0)
(0.29718 0.0301883 0)
(0.297323 0.0303505 0)
(0.297465 0.0305005 0)
(0.297604 0.0306386 0)
(0.29774 0.030765 0)
(0.297871 0.0308803 0)
(0.297996 0.0309846 0)
(0.298114 0.0310792 0)
(0.297213 0.0294132 0)
(0.297329 0.0296001 0)
(0.297436 0.0297768 0)
(0.297539 0.0299438 0)
(0.29764 0.0301014 0)
(0.29774 0.0302497 0)
(0.297837 0.030389 0)
(0.29793 0.0305196 0)
(0.298019 0.0306416 0)
(0.298103 0.030756 0)
(0.297532 0.029124 0)
(0.297611 0.0293109 0)
(0.297684 0.0294894 0)
(0.297752 0.0296602 0)
(0.29782 0.0298235 0)
(0.297887 0.0299795 0)
(0.297951 0.0301283 0)
(0.298013 0.0302702 0)
(0.298072 0.0304055 0)
(0.298127 0.0305347 0)
(0.297815 0.0289417 0)
(0.297862 0.0291281 0)
(0.297904 0.0293077 0)
(0.297943 0.0294812 0)
(0.297982 0.0296487 0)
(0.29802 0.0298103 0)
(0.298057 0.0299663 0)
(0.298092 0.0301168 0)
(0.298125 0.0302621 0)
(0.298155 0.0304026 0)
(0.298012 0.0288557 0)
(0.298032 0.02904 0)
(0.298049 0.0292182 0)
(0.298064 0.0293915 0)
(0.298078 0.02956 0)
(0.298092 0.0297239 0)
(0.298105 0.0298833 0)
(0.298118 0.0300384 0)
(0.298128 0.0301895 0)
(0.298137 0.030337 0)
(0.298042 0.0288511 0)
(0.298036 0.0290369 0)
(0.298031 0.0292173 0)
(0.298028 0.0293926 0)
(0.298024 0.0295635 0)
(0.29802 0.02973 0)
(0.298016 0.0298925 0)
(0.298012 0.0300513 0)
(0.298007 0.0302066 0)
(0.298002 0.0303588 0)
(0.300212 3.73552e-05 0)
(0.299638 -8.6651e-05 0)
(0.300066 5.52392e-05 0)
(0.299014 -0.000131939 0)
(0.299556 7.29937e-05 0)
(0.297857 -0.000191903 0)
(0.298607 0.000138707 0)
(0.296023 -0.00023393 0)
(0.297082 0.000264342 0)
(0.293116 -0.000208895 0)
(0.294658 0.000534525 0)
(0.28873 4.70268e-05 0)
(0.290856 0.00105791 0)
(0.281788 0.00100447 0)
(0.284398 0.00218779 0)
(0.270482 0.00456857 0)
(0.271837 0.0050588 0)
(0.250985 0.0213307 0)
(0.243479 0.0144744 0)
(0.264678 0.156986 0)
(0.300143 4.45386e-05 0)
(0.299745 5.6306e-06 0)
(0.29995 0.000116892 0)
(0.299184 6.85386e-05 0)
(0.299364 0.000213339 0)
(0.298139 0.000167136 0)
(0.298291 0.000352483 0)
(0.296497 0.00034926 0)
(0.296558 0.000582002 0)
(0.29394 0.000736698 0)
(0.293779 0.000955439 0)
(0.290212 0.00158625 0)
(0.289346 0.00163333 0)
(0.284643 0.0036639 0)
(0.281717 0.00296749 0)
(0.276669 0.00940196 0)
(0.267368 0.00602992 0)
(0.267457 0.029946 0)
(0.241594 0.0142887 0)
(0.275128 0.110595 0)
(0.300076 4.78684e-05 0)
(0.299844 9.82473e-05 0)
(0.299842 0.000178256 0)
(0.299346 0.000270142 0)
(0.299193 0.000350469 0)
(0.298404 0.00052263 0)
(0.298026 0.000562077 0)
(0.296938 0.000922812 0)
(0.296147 0.000898815 0)
(0.294679 0.0016617 0)
(0.293145 0.00136915 0)
(0.291475 0.0030694 0)
(0.288422 0.00217539 0)
(0.28685 0.00615192 0)
(0.280668 0.0035581 0)
(0.280608 0.0136903 0)
(0.268219 0.00658024 0)
(0.273825 0.0351545 0)
(0.255355 0.0153883 0)
(0.271013 0.0868465 0)
(0.300021 4.68826e-05 0)
(0.29992 0.000192821 0)
(0.299761 0.000235834 0)
(0.299471 0.000471972 0)
(0.299081 0.000481411 0)
(0.298607 0.0008762 0)
(0.297875 0.000764672 0)
(0.29726 0.00148559 0)
(0.295959 0.00120743 0)
(0.295185 0.00254942 0)
(0.292955 0.00178231 0)
(0.292253 0.00443676 0)
(0.288411 0.00276164 0)
(0.288011 0.00825355 0)
(0.281547 0.00443298 0)
(0.282241 0.0165211 0)
(0.272512 0.00841442 0)
(0.275353 0.0355686 0)
(0.268939 0.0201697 0)
(0.270718 0.0699007 0)
(0.299985 4.5284e-05 0)
(0.299967 0.000283519 0)
(0.299715 0.000294698 0)
(0.299551 0.000664502 0)
(0.299036 0.000615853 0)
(0.298733 0.001209 0)
(0.297848 0.000977824 0)
(0.297452 0.00200384 0)
(0.295994 0.00154334 0)
(0.295465 0.00334077 0)
(0.29316 0.00226452 0)
(0.292637 0.00558177 0)
(0.289073 0.00351943 0)
(0.288516 0.00981517 0)
(0.283392 0.00570965 0)
(0.282944 0.0180208 0)
(0.277145 0.0107686 0)
(0.2764 0.0341622 0)
(0.277235 0.0237247 0)
(0.274911 0.0576566 0)
(0.299966 4.58933e-05 0)
(0.299986 0.000365916 0)
(0.299701 0.000359069 0)
(0.299591 0.000840217 0)
(0.299048 0.000760602 0)
(0.298801 0.00150845 0)
(0.297917 0.00121259 0)
(0.297558 0.00245766 0)
(0.296181 0.00192383 0)
(0.29562 0.0040065 0)
(0.293586 0.00283811 0)
(0.292861 0.00647264 0)
(0.289999 0.00445209 0)
(0.288884 0.0108724 0)
(0.285318 0.00722864 0)
(0.283711 0.0186567 0)
(0.280816 0.0130941 0)
(0.278349 0.0323871 0)
(0.281831 0.026067 0)
(0.280111 0.0494472 0)
(0.299961 5.03839e-05 0)
(0.299986 0.000437618 0)
(0.299709 0.000430552 0)
(0.299606 0.000995517 0)
(0.299096 0.000917296 0)
(0.298838 0.00177018 0)
(0.298038 0.00146953 0)
(0.297631 0.00284374 0)
(0.296437 0.0023443 0)
(0.295752 0.00455214 0)
(0.294081 0.00347891 0)
(0.293104 0.00715172 0)
(0.290927 0.00546922 0)
(0.289384 0.0115883 0)
(0.286982 0.00875188 0)
(0.284829 0.0188829 0)
(0.283538 0.0151306 0)
(0.280882 0.0307125 0)
(0.284727 0.0274421 0)
(0.284454 0.0437794 0)
(0.299964 5.92309e-05 0)
(0.299976 0.000498107 0)
(0.299729 0.000508455 0)
(0.299611 0.00113018 0)
(0.29916 0.0010834 0)
(0.298871 0.00199599 0)
(0.29818 0.00174161 0)
(0.297711 0.00316979 0)
(0.296709 0.00278683 0)
(0.29592 0.00500155 0)
(0.294565 0.00414392 0)
(0.293437 0.00768122 0)
(0.291769 0.00648133 0)
(0.290059 0.0120992 0)
(0.288375 0.0101647 0)
(0.286198 0.0189127 0)
(0.285656 0.0168092 0)
(0.283474 0.0292103 0)
(0.286881 0.0281661 0)
(0.287696 0.039599 0)
(0.29997 7.19632e-05 0)
(0.299965 0.000548229 0)
(0.299754 0.000590554 0)
(0.299618 0.00124614 0)
(0.299229 0.00125399 0)
(0.298913 0.0021908 0)
(0.298323 0.00201853 0)
(0.297817 0.00344731 0)
(0.296975 0.00323107 0)
(0.29614 0.00537921 0)
(0.29502 0.00479713 0)
(0.29386 0.00810723 0)
(0.29253 0.00743774 0)
(0.290856 0.0124827 0)
(0.289586 0.0114207 0)
(0.287648 0.0188441 0)
(0.287427 0.0181379 0)
(0.285851 0.0279065 0)
(0.288638 0.0284399 0)
(0.290069 0.0364903 0)
(0.299977 8.75765e-05 0)
(0.299955 0.000589515 0)
(0.299778 0.000673986 0)
(0.29963 0.00134612 0)
(0.299297 0.00142358 0)
(0.29897 0.00236 0)
(0.298463 0.00229049 0)
(0.297951 0.00368636 0)
(0.29723 0.00366096 0)
(0.296406 0.00570297 0)
(0.295452 0.00541533 0)
(0.294343 0.00845944 0)
(0.29324 0.00831168 0)
(0.291708 0.0127846 0)
(0.290686 0.0125035 0)
(0.289068 0.0187347 0)
(0.28898 0.0191515 0)
(0.287938 0.0268212 0)
(0.290129 0.0284058 0)
(0.291818 0.0341911 0)
(0.299983 0.000104902 0)
(0.299949 0.000623597 0)
(0.2998 0.000755968 0)
(0.29965 0.00143265 0)
(0.299362 0.00158738 0)
(0.29904 0.00250799 0)
(0.298599 0.00254983 0)
(0.298107 0.00389436 0)
(0.297481 0.00406528 0)
(0.296703 0.00598494 0)
(0.295873 0.00598436 0)
(0.29486 0.00875726 0)
(0.293923 0.00908971 0)
(0.292571 0.0130348 0)
(0.291714 0.013413 0)
(0.29041 0.0186234 0)
(0.29037 0.0198935 0)
(0.289742 0.0259575 0)
(0.291422 0.0281752 0)
(0.293124 0.032482 0)
(0.299988 0.000122846 0)
(0.299948 0.000651875 0)
(0.299821 0.000834144 0)
(0.299676 0.00150773 0)
(0.299426 0.00174156 0)
(0.299122 0.00263793 0)
(0.298736 0.0027909 0)
(0.29828 0.0040764 0)
(0.297731 0.00443654 0)
(0.29702 0.00623318 0)
(0.296292 0.00649599 0)
(0.295393 0.00901379 0)
(0.294589 0.00976665 0)
(0.293423 0.0132536 0)
(0.292687 0.0141584 0)
(0.291659 0.0185338 0)
(0.29163 0.0204103 0)
(0.291297 0.0252989 0)
(0.292562 0.0278339 0)
(0.294126 0.0312029 0)
(0.299991 0.000140489 0)
(0.299949 0.000675439 0)
(0.299842 0.000906655 0)
(0.299707 0.00157283 0)
(0.29949 0.00188325 0)
(0.299211 0.00275198 0)
(0.298874 0.00300973 0)
(0.298464 0.00423587 0)
(0.297985 0.00476997 0)
(0.29735 0.00645296 0)
(0.296712 0.00694602 0)
(0.295931 0.00923778 0)
(0.295242 0.010343 0)
(0.294253 0.0134539 0)
(0.293611 0.0147557 0)
(0.292815 0.0184768 0)
(0.292781 0.0207494 0)
(0.292639 0.0248155 0)
(0.293578 0.0274503 0)
(0.294927 0.0302413 0)
(0.299993 0.000157108 0)
(0.299953 0.000695084 0)
(0.299862 0.00097209 0)
(0.299742 0.00162891 0)
(0.299554 0.00201036 0)
(0.299306 0.00285146 0)
(0.299014 0.00320363 0)
(0.298656 0.00437486 0)
(0.298241 0.00506281 0)
(0.297687 0.00664741 0)
(0.297134 0.00733323 0)
(0.29647 0.00943461 0)
(0.295885 0.0108232 0)
(0.295056 0.0136423 0)
(0.294494 0.0152246 0)
(0.293883 0.0184531 0)
(0.293841 0.0209574 0)
(0.293808 0.0244726 0)
(0.294492 0.0270783 0)
(0.295596 0.029517 0)
(0.299995 0.00017215 0)
(0.299958 0.000711363 0)
(0.299882 0.00102941 0)
(0.299779 0.00167662 0)
(0.29962 0.0021214 0)
(0.299406 0.00293706 0)
(0.299158 0.0033709 0)
(0.298854 0.00449455 0)
(0.298502 0.00531383 0)
(0.29803 0.00681797 0)
(0.297557 0.00765854 0)
(0.297006 0.00960691 0)
(0.296516 0.011215 0)
(0.295833 0.0138202 0)
(0.29534 0.015587 0)
(0.294874 0.0184569 0)
(0.294826 0.0210771 0)
(0.294838 0.0242376 0)
(0.29532 0.0267554 0)
(0.296181 0.0289738 0)
(0.299996 0.000185206 0)
(0.299964 0.000724649 0)
(0.299903 0.00107787 0)
(0.299817 0.0017163 0)
(0.299686 0.00221538 0)
(0.299508 0.00300905 0)
(0.299305 0.00351052 0)
(0.299056 0.0045953 0)
(0.298765 0.00552295 0)
(0.298375 0.0069648 0)
(0.297982 0.00792425 0)
(0.297537 0.00975502 0)
(0.297136 0.0115276 0)
(0.296582 0.0139858 0)
(0.296154 0.0158638 0)
(0.295799 0.0184797 0)
(0.295744 0.021144 0)
(0.295759 0.024085 0)
(0.296075 0.0265022 0)
(0.296706 0.0285735 0)
(0.299998 0.000195973 0)
(0.299971 0.000735195 0)
(0.299924 0.00111697 0)
(0.299857 0.0017481 0)
(0.299754 0.00229163 0)
(0.299613 0.00306748 0)
(0.299453 0.00362214 0)
(0.29926 0.00467701 0)
(0.29903 0.00569065 0)
(0.29872 0.00708725 0)
(0.298406 0.00813379 0)
(0.298062 0.00987819 0)
(0.297744 0.0117701 0)
(0.297304 0.0141354 0)
(0.296938 0.0160743 0)
(0.296665 0.0185134 0)
(0.296604 0.0211844 0)
(0.296591 0.0239963 0)
(0.296762 0.0263257 0)
(0.297183 0.0282921 0)
(0.299999 0.000204227 0)
(0.299978 0.000743151 0)
(0.299945 0.00114642 0)
(0.299898 0.00177227 0)
(0.299822 0.0023498 0)
(0.299718 0.00311232 0)
(0.299602 0.00370629 0)
(0.299464 0.00474032 0)
(0.299293 0.00581864 0)
(0.29906 0.00718482 0)
(0.298823 0.00829177 0)
(0.298572 0.00997735 0)
(0.29833 0.0119533 0)
(0.297989 0.0142658 0)
(0.297682 0.0162342 0)
(0.297468 0.0185546 0)
(0.297395 0.0212188 0)
(0.297337 0.0239607 0)
(0.297377 0.0262227 0)
(0.297604 0.028117 0)
(0.3 0.00020981 0)
(0.299986 0.000748546 0)
(0.299966 0.00116606 0)
(0.299938 0.00178912 0)
(0.299889 0.00239074 0)
(0.299821 0.00314427 0)
(0.299745 0.0037644 0)
(0.299657 0.00478716 0)
(0.299539 0.00591214 0)
(0.299378 0.00726047 0)
(0.29921 0.00840492 0)
(0.299039 0.0100558 0)
(0.298863 0.0120924 0)
(0.298604 0.0143829 0)
(0.298348 0.0163605 0)
(0.298172 0.0186055 0)
(0.298079 0.0212672 0)
(0.297961 0.0239835 0)
(0.29788 0.0261938 0)
(0.297927 0.0280407 0)
(0.300001 0.000212745 0)
(0.299994 0.000751396 0)
(0.299985 0.00117632 0)
(0.299972 0.00179827 0)
(0.299944 0.00241517 0)
(0.299903 0.00316435 0)
(0.299859 0.00379821 0)
(0.299807 0.00481618 0)
(0.299728 0.00597255 0)
(0.299617 0.00731535 0)
(0.2995 0.00847898 0)
(0.299385 0.0101106 0)
(0.299252 0.0121894 0)
(0.299046 0.0144857 0)
(0.298822 0.0164672 0)
(0.298663 0.0186621 0)
(0.298538 0.021329 0)
(0.298355 0.024054 0)
(0.298166 0.0262443 0)
(0.298071 0.0280355 0)
(0.300291 -8.64073e-05 0)
(0.299527 -0.000197033 0)
(0.300192 -0.000402012 0)
(0.298868 -0.00050557 0)
(0.299773 -0.000787642 0)
(0.297647 -0.000895918 0)
(0.298961 -0.00123027 0)
(0.2957 -0.00137207 0)
(0.297645 -0.00190792 0)
(0.2926 -0.00204941 0)
(0.295512 -0.00273193 0)
(0.287874 -0.00293342 0)
(0.292101 -0.00404358 0)
(0.280344 -0.00440537 0)
(0.286025 -0.00587662 0)
(0.26786 -0.00756541 0)
(0.273204 -0.0092757 0)
(0.243629 -0.0200177 0)
(0.234885 -0.0232954 0)
(0.18365 -0.121502 0)
(0.300299 -7.51525e-05 0)
(0.299513 -0.000187972 0)
(0.300206 -0.000361141 0)
(0.298842 -0.00047378 0)
(0.299797 -0.000710895 0)
(0.297597 -0.000835344 0)
(0.299002 -0.00110835 0)
(0.29561 -0.00127332 0)
(0.297718 -0.00171504 0)
(0.292439 -0.00188772 0)
(0.295647 -0.00244243 0)
(0.287585 -0.00266857 0)
(0.292343 -0.00359346 0)
(0.279821 -0.00391953 0)
(0.28642 -0.00516435 0)
(0.2669 -0.00650095 0)
(0.27348 -0.00798053 0)
(0.241556 -0.0167035 0)
(0.230221 -0.0194535 0)
(0.172881 -0.09536 0)
(0.300304 -6.33273e-05 0)
(0.299503 -0.000179835 0)
(0.300215 -0.000318726 0)
(0.298823 -0.000443492 0)
(0.299812 -0.000631537 0)
(0.297561 -0.000777328 0)
(0.299028 -0.000981988 0)
(0.295544 -0.00117905 0)
(0.297766 -0.00151446 0)
(0.292319 -0.00173411 0)
(0.295739 -0.00213936 0)
(0.287369 -0.00241782 0)
(0.292513 -0.00311913 0)
(0.279434 -0.00345597 0)
(0.286689 -0.00440965 0)
(0.266225 -0.00544767 0)
(0.273515 -0.00660487 0)
(0.240461 -0.0130903 0)
(0.225273 -0.0149824 0)
(0.167679 -0.0685802 0)
(0.300306 -5.13265e-05 0)
(0.299499 -0.000171734 0)
(0.300218 -0.000276045 0)
(0.298813 -0.000413233 0)
(0.299817 -0.00055157 0)
(0.29754 -0.000719416 0)
(0.299039 -0.000854547 0)
(0.295503 -0.00108513 0)
(0.297788 -0.00131193 0)
(0.292243 -0.00158149 0)
(0.295786 -0.00183281 0)
(0.28723 -0.00216881 0)
(0.292608 -0.00263886 0)
(0.279182 -0.00299284 0)
(0.286844 -0.00364751 0)
(0.265802 -0.00436858 0)
(0.273445 -0.00523322 0)
(0.239945 -0.00915893 0)
(0.221414 -0.0104189 0)
(0.164696 -0.0424521 0)
(0.300304 -3.9237e-05 0)
(0.2995 -0.000163605 0)
(0.300216 -0.000233205 0)
(0.298812 -0.000382861 0)
(0.299814 -0.000471238 0)
(0.297534 -0.000661387 0)
(0.299034 -0.000726456 0)
(0.295488 -0.000991201 0)
(0.297783 -0.00110822 0)
(0.292211 -0.00142924 0)
(0.295788 -0.00152411 0)
(0.287169 -0.00192072 0)
(0.292629 -0.00215494 0)
(0.279065 -0.00252991 0)
(0.286895 -0.00288148 0)
(0.265598 -0.00327163 0)
(0.273384 -0.00387114 0)
(0.239736 -0.00503029 0)
(0.219344 -0.00571998 0)
(0.16328 -0.0167753 0)
(0.300299 -2.71688e-05 0)
(0.299506 -0.000155372 0)
(0.300209 -0.000190316 0)
(0.298819 -0.00035225 0)
(0.299801 -0.00039078 0)
(0.297542 -0.000603032 0)
(0.299013 -0.000598143 0)
(0.295498 -0.000896891 0)
(0.297751 -0.000904078 0)
(0.292224 -0.00127679 0)
(0.295744 -0.00121455 0)
(0.287184 -0.00167288 0)
(0.292576 -0.00166914 0)
(0.279079 -0.00206794 0)
(0.286848 -0.00211262 0)
(0.265594 -0.00217161 0)
(0.27339 -0.00251085 0)
(0.239705 -0.00083696 0)
(0.219353 -0.000957301 0)
(0.16329 0.00875711 0)
(0.300291 -1.52645e-05 0)
(0.299517 -0.000146891 0)
(0.300196 -0.000147601 0)
(0.298834 -0.000321178 0)
(0.299779 -0.000310584 0)
(0.297564 -0.000543983 0)
(0.298977 -0.000470288 0)
(0.295532 -0.000801576 0)
(0.297693 -0.000700733 0)
(0.29228 -0.00112309 0)
(0.295657 -0.000906127 0)
(0.287276 -0.0014238 0)
(0.292452 -0.0011845 0)
(0.279224 -0.00160601 0)
(0.286705 -0.00134384 0)
(0.265792 -0.00108224 0)
(0.273459 -0.00114543 0)
(0.239856 0.00329091 0)
(0.221454 0.00373265 0)
(0.164739 0.0344133 0)
(0.300281 -3.62799e-06 0)
(0.299533 -0.000138126 0)
(0.300179 -0.000105161 0)
(0.298857 -0.000289602 0)
(0.299749 -0.000230825 0)
(0.2976 -0.000484169 0)
(0.298927 -0.000343232 0)
(0.295591 -0.000705094 0)
(0.297612 -0.000498874 0)
(0.292378 -0.000967865 0)
(0.295527 -0.000600081 0)
(0.28744 -0.00117319 0)
(0.292257 -0.000703606 0)
(0.279497 -0.00114467 0)
(0.286461 -0.000576625 0)
(0.266211 -1.79491e-05 0)
(0.273527 0.000234171 0)
(0.240323 0.00721627 0)
(0.225397 0.00827836 0)
(0.1678 0.060516 0)
(0.300267 7.71827e-06 0)
(0.299553 -0.000129098 0)
(0.300156 -6.27923e-05 0)
(0.298887 -0.000257512 0)
(0.299711 -0.000151418 0)
(0.297648 -0.000423624 0)
(0.298863 -0.000216815 0)
(0.295671 -0.000607455 0)
(0.297508 -0.000298092 0)
(0.292513 -0.000811132 0)
(0.29536 -0.000296522 0)
(0.287673 -0.000921257 0)
(0.291997 -0.000229348 0)
(0.279897 -0.000686904 0)
(0.286107 0.000188926 0)
(0.266881 0.00101112 0)
(0.273481 0.00162795 0)
(0.24138 0.0107989 0)
(0.230578 0.0128302 0)
(0.173166 0.0875167 0)
(0.300251 1.83601e-05 0)
(0.299578 -0.000118752 0)
(0.30013 -2.11605e-05 0)
(0.298924 -0.00022303 0)
(0.299666 -7.42236e-05 0)
(0.297708 -0.000359245 0)
(0.298789 -9.38768e-05 0)
(0.29577 -0.000503669 0)
(0.297384 -0.00010209 0)
(0.292683 -0.000644465 0)
(0.295158 -3.55403e-06 0)
(0.287969 -0.000654497 0)
(0.291674 0.000226825 0)
(0.280418 -0.000217259 0)
(0.285641 0.000913126 0)
(0.267827 0.00205096 0)
(0.273191 0.00293332 0)
(0.243448 0.0140567 0)
(0.235861 0.0170018 0)
(0.184047 0.114664 0)
)
;

boundaryField
{
    inlet
    {
        type            fixedValue;
        value           uniform (0.3 0 0);
    }
    outlet
    {
        type            zeroGradient;
    }
    upAndBottom
    {
        type            empty;
    }
    obstacle
    {
        type            noSlip;
    }
}


// ************************************************************************* //
