/*--------------------------------*- C++ -*----------------------------------*\
| =========                 |                                                 |
| \\      /  F ield         | OpenFOAM: The Open Source CFD Toolbox           |
|  \\    /   O peration     | Version:  v1806                                 |
|   \\  /    A nd           | Web:      www.OpenFOAM.com                      |
|    \\/     M anipulation  |                                                 |
\*---------------------------------------------------------------------------*/
FoamFile
{
    version     2.0;
    format      ascii;
    class       volVectorField;
    location    "250";
    object      U;
}
// * * * * * * * * * * * * * * * * * * * * * * * * * * * * * * * * * * * * * //

dimensions      [0 1 -1 0 0 0 0];


internalField   nonuniform List<vector> 
2400
(
(0.3 -0.0010635 0)
(0.300002 -0.00318931 0)
(0.300008 -0.0053101 0)
(0.300017 -0.00742169 0)
(0.30003 -0.00951918 0)
(0.300051 -0.0115966 0)
(0.300079 -0.0136466 0)
(0.300118 -0.0156601 0)
(0.300169 -0.0176262 0)
(0.300236 -0.0195322 0)
(0.300323 -0.0213635 0)
(0.300431 -0.0231037 0)
(0.300565 -0.0247351 0)
(0.300727 -0.026239 0)
(0.300922 -0.0275964 0)
(0.301149 -0.0287885 0)
(0.301413 -0.0297986 0)
(0.301713 -0.0306104 0)
(0.30205 -0.0312139 0)
(0.302417 -0.0315976 0)
(0.3 -0.00106536 0)
(0.300006 -0.0031951 0)
(0.300018 -0.00532062 0)
(0.300037 -0.00743822 0)
(0.300065 -0.00954351 0)
(0.300104 -0.011631 0)
(0.300157 -0.0136938 0)
(0.300229 -0.0157234 0)
(0.300322 -0.0177093 0)
(0.300442 -0.0196392 0)
(0.300592 -0.0214986 0)
(0.300778 -0.0232715 0)
(0.301004 -0.0249398 0)
(0.301273 -0.0264844 0)
(0.301589 -0.0278858 0)
(0.301952 -0.0291241 0)
(0.302363 -0.030181 0)
(0.302819 -0.0310394 0)
(0.303318 -0.0316864 0)
(0.303851 -0.0321128 0)
(0.3 -0.00106885 0)
(0.300009 -0.00320589 0)
(0.300027 -0.00533978 0)
(0.300056 -0.00746768 0)
(0.300098 -0.00958595 0)
(0.300157 -0.0116899 0)
(0.300237 -0.0137733 0)
(0.300345 -0.0158282 0)
(0.300485 -0.0178446 0)
(0.300663 -0.0198106 0)
(0.300888 -0.0217117 0)
(0.301164 -0.0235315 0)
(0.301498 -0.0252515 0)
(0.301894 -0.0268513 0)
(0.302356 -0.0283099 0)
(0.302885 -0.0296054 0)
(0.303479 -0.0307174 0)
(0.304133 -0.031626 0)
(0.304842 -0.0323166 0)
(0.305592 -0.0327744 0)
(0.300001 -0.00107358 0)
(0.300011 -0.00322048 0)
(0.300034 -0.00536573 0)
(0.30007 -0.00750761 0)
(0.300122 -0.0096436 0)
(0.300197 -0.0117701 0)
(0.300301 -0.0138817 0)
(0.300439 -0.0159715 0)
(0.300621 -0.01803 0)
(0.300855 -0.0200456 0)
(0.301149 -0.0220038 0)
(0.301514 -0.0238879 0)
(0.301956 -0.0256781 0)
(0.302481 -0.0273525 0)
(0.303095 -0.0288877 0)
(0.303797 -0.030259 0)
(0.304586 -0.0314425 0)
(0.305455 -0.0324147 0)
(0.306392 -0.0331576 0)
(0.307381 -0.0336537 0)
(0.300001 -0.00107895 0)
(0.300012 -0.00323716 0)
(0.300036 -0.00539565 0)
(0.300076 -0.00755426 0)
(0.300134 -0.00971189 0)
(0.300219 -0.0118664 0)
(0.300338 -0.0140136 0)
(0.3005 -0.0161478 0)
(0.300715 -0.0182601 0)
(0.300995 -0.02034 0)
(0.301352 -0.0223724 0)
(0.301798 -0.0243405 0)
(0.302342 -0.0262226 0)
(0.302994 -0.0279953 0)
(0.30376 -0.0296313 0)
(0.30464 -0.0311023 0)
(0.305633 -0.0323793 0)
(0.306728 -0.033434 0)
(0.30791 -0.0342433 0)
(0.309157 -0.0347857 0)
(0.300001 -0.00108423 0)
(0.300011 -0.00325369 0)
(0.300034 -0.00542586 0)
(0.300072 -0.00760253 0)
(0.30013 -0.00978437 0)
(0.300216 -0.0119711 0)
(0.300341 -0.0141601 0)
(0.300515 -0.0163475 0)
(0.300753 -0.0185252 0)
(0.301068 -0.020684 0)
(0.301476 -0.0228083 0)
(0.301992 -0.0248818 0)
(0.30263 -0.0268798 0)
(0.303403 -0.0287777 0)
(0.304319 -0.0305423 0)
(0.305382 -0.0321416 0)
(0.306587 -0.0335389 0)
(0.307924 -0.0346994 0)
(0.309372 -0.0355927 0)
(0.310903 -0.0361909 0)
(0.3 -0.00108849 0)
(0.300008 -0.0032673 0)
(0.300025 -0.00545173 0)
(0.300055 -0.00764597 0)
(0.300105 -0.00985276 0)
(0.300183 -0.0120744 0)
(0.300301 -0.0143099 0)
(0.300475 -0.016558 0)
(0.300719 -0.0188116 0)
(0.301054 -0.0210639 0)
(0.301497 -0.0232983 0)
(0.302069 -0.0255004 0)
(0.302789 -0.0276408 0)
(0.303675 -0.0296954 0)
(0.304739 -0.0316214 0)
(0.305987 -0.0333848 0)
(0.307417 -0.034935 0)
(0.309016 -0.0362318 0)
(0.310758 -0.0372316 0)
(0.312605 -0.0378984 0)
(0.3 -0.0010906 0)
(0.300003 -0.00327462 0)
(0.30001 -0.00546762 0)
(0.300024 -0.00767666 0)
(0.300055 -0.00990686 0)
(0.300112 -0.0121638 0)
(0.30021 -0.0144483 0)
(0.300366 -0.0167632 0)
(0.300599 -0.0191017 0)
(0.300932 -0.0214621 0)
(0.30139 -0.0238247 0)
(0.301998 -0.0261813 0)
(0.302784 -0.0284928 0)
(0.303769 -0.0307423 0)
(0.304975 -0.032868 0)
(0.306411 -0.0348417 0)
(0.308081 -0.0365852 0)
(0.309965 -0.0380604 0)
(0.31204 -0.0391949 0)
(0.314246 -0.0399497 0)
(0.3 -0.00108925 0)
(0.299994 -0.00327169 0)
(0.299985 -0.00546689 0)
(0.299976 -0.00768525 0)
(0.299976 -0.00993451 0)
(0.299998 -0.0122244 0)
(0.300057 -0.0145577 0)
(0.300175 -0.016943 0)
(0.300373 -0.0193732 0)
(0.30068 -0.0218554 0)
(0.301125 -0.0243635 0)
(0.301744 -0.0269034 0)
(0.30257 -0.029417 0)
(0.303636 -0.0319086 0)
(0.304974 -0.0342775 0)
(0.306596 -0.0365242 0)
(0.308522 -0.0385094 0)
(0.310721 -0.0402249 0)
(0.313179 -0.0415281 0)
(0.315802 -0.0424035 0)
(0.299999 -0.00108295 0)
(0.299983 -0.00325405 0)
(0.299951 -0.00544197 0)
(0.299909 -0.00766099 0)
(0.299865 -0.00992157 0)
(0.299835 -0.0122387 0)
(0.299835 -0.0146168 0)
(0.299889 -0.017073 0)
(0.300023 -0.0195981 0)
(0.300272 -0.0222144 0)
(0.30067 -0.0248831 0)
(0.301264 -0.0276381 0)
(0.302096 -0.0303846 0)
(0.303213 -0.0331786 0)
(0.304664 -0.0358378 0)
(0.306467 -0.038447 0)
(0.308667 -0.0407274 0)
(0.311212 -0.0427822 0)
(0.314126 -0.0442888 0)
(0.317238 -0.0453473 0)
(0.299998 -0.00107008 0)
(0.299967 -0.00321674 0)
(0.299907 -0.00538449 0)
(0.299821 -0.00759184 0)
(0.299719 -0.00985203 0)
(0.299617 -0.0121863 0)
(0.299534 -0.0146007 0)
(0.299496 -0.0171237 0)
(0.299531 -0.019742 0)
(0.299682 -0.0225015 0)
(0.299989 -0.0253412 0)
(0.30051 -0.0283465 0)
(0.301302 -0.0313538 0)
(0.302426 -0.034528 0)
(0.303959 -0.0375226 0)
(0.305922 -0.0406276 0)
(0.308415 -0.0432527 0)
(0.31134 -0.045816 0)
(0.31481 -0.0475463 0)
(0.318506 -0.0489198 0)
(0.299997 -0.0010489 0)
(0.299949 -0.00315454 0)
(0.299852 -0.00528555 0)
(0.299711 -0.00746483 0)
(0.299535 -0.0097084 0)
(0.299342 -0.0120448 0)
(0.299149 -0.0144811 0)
(0.298985 -0.0170605 0)
(0.298882 -0.0197634 0)
(0.298886 -0.0226695 0)
(0.299046 -0.0256836 0)
(0.299432 -0.0289749 0)
(0.300119 -0.0322637 0)
(0.301185 -0.0359184 0)
(0.302748 -0.0392821 0)
(0.304829 -0.0430859 0)
(0.307631 -0.046079 0)
(0.310958 -0.0494546 0)
(0.315131 -0.0513752 0)
(0.319528 -0.0533518 0)
(0.299996 -0.00101769 0)
(0.299926 -0.00306218 0)
(0.299786 -0.00513606 0)
(0.299578 -0.00726651 0)
(0.299314 -0.00947231 0)
(0.299006 -0.0117896 0)
(0.298677 -0.0142267 0)
(0.29835 -0.0168439 0)
(0.298064 -0.0196137 0)
(0.297862 -0.0226599 0)
(0.29781 -0.0258417 0)
(0.297978 -0.0294495 0)
(0.298476 -0.0330304 0)
(0.299383 -0.0372869 0)
(0.3009 -0.0410323 0)
(0.303013 -0.0458378 0)
(0.306133 -0.0491578 0)
(0.309843 -0.0538932 0)
(0.314955 -0.0558334 0)
(0.320154 -0.0590365 0)
(0.299995 -0.000974829 0)
(0.2999 -0.00293463 0)
(0.29971 -0.00492733 0)
(0.299426 -0.00698376 0)
(0.299058 -0.0091255 0)
(0.298614 -0.0113956 0)
(0.29812 -0.0138048 0)
(0.297591 -0.0164302 0)
(0.297074 -0.0192388 0)
(0.296598 -0.022402 0)
(0.296258 -0.0257324 0)
(0.296097 -0.0296684 0)
(0.2963 -0.0335423 0)
(0.296901 -0.0385263 0)
(0.298258 -0.0426487 0)
(0.300251 -0.0488718 0)
(0.303667 -0.0523732 0)
(0.307663 -0.0594144 0)
(0.314083 -0.0609156 0)
(0.320072 -0.0666404 0)
(0.299994 -0.000918902 0)
(0.299871 -0.00276755 0)
(0.299627 -0.00465171 0)
(0.299256 -0.00660483 0)
(0.298772 -0.00865111 0)
(0.298173 -0.0108391 0)
(0.29749 -0.0131831 0)
(0.296718 -0.0157742 0)
(0.295925 -0.0185803 0)
(0.295095 -0.0218143 0)
(0.294387 -0.0252591 0)
(0.293754 -0.0294955 0)
(0.293539 -0.0336586 0)
(0.293607 -0.0394503 0)
(0.294652 -0.0439682 0)
(0.29626 -0.0520829 0)
(0.299872 -0.0555455 0)
(0.303975 -0.0663726 0)
(0.312134 -0.0664765 0)
(0.318686 -0.0772931 0)
(0.299992 -0.000848894 0)
(0.29984 -0.00255777 0)
(0.299538 -0.00430347 0)
(0.299076 -0.00612056 0)
(0.298466 -0.00803546 0)
(0.297697 -0.0100995 0)
(0.296805 -0.0123324 0)
(0.295754 -0.0148331 0)
(0.294643 -0.0175799 0)
(0.293379 -0.0208093 0)
(0.292223 -0.024313 0)
(0.290944 -0.0287596 0)
(0.290175 -0.0332058 0)
(0.289372 -0.0397567 0)
(0.289925 -0.044792 0)
(0.29067 -0.0551195 0)
(0.294282 -0.0585228 0)
(0.298229 -0.0750214 0)
(0.308183 -0.0721858 0)
(0.315316 -0.0928808 0)
(0.299991 -0.000764335 0)
(0.299809 -0.00230379 0)
(0.299448 -0.00387961 0)
(0.298891 -0.00552581 0)
(0.298153 -0.00726994 0)
(0.297206 -0.00916316 0)
(0.296092 -0.0112307 0)
(0.294739 -0.0135721 0)
(0.293275 -0.0161843 0)
(0.291512 -0.0193041 0)
(0.289828 -0.0227767 0)
(0.287724 -0.0272711 0)
(0.286247 -0.0319636 0)
(0.284123 -0.0390277 0)
(0.283982 -0.0448463 0)
(0.282951 -0.0571795 0)
(0.286442 -0.0613442 0)
(0.289439 -0.0848748 0)
(0.300474 -0.0778663 0)
(0.310046 -0.116181 0)
(0.299989 -0.000665464 0)
(0.29978 -0.00200612 0)
(0.299362 -0.00338065 0)
(0.298714 -0.00482067 0)
(0.297849 -0.00635311 0)
(0.296727 -0.00802556 0)
(0.295389 -0.00986722 0)
(0.293731 -0.0119713 0)
(0.291892 -0.0143545 0)
(0.289597 -0.017235 0)
(0.287305 -0.0205354 0)
(0.284251 -0.0248521 0)
(0.281861 -0.0296455 0)
(0.277978 -0.0368002 0)
(0.276797 -0.0436249 0)
(0.272576 -0.0570454 0)
(0.276017 -0.0640451 0)
(0.275242 -0.0935035 0)
(0.287832 -0.0852578 0)
(0.302763 -0.150309 0)
(0.299988 -0.00055361 0)
(0.299753 -0.00166789 0)
(0.299284 -0.00281166 0)
(0.298554 -0.00401197 0)
(0.297573 -0.00529322 0)
(0.296292 -0.00669515 0)
(0.294743 -0.00824898 0)
(0.2928 -0.0100332 0)
(0.290586 -0.0120813 0)
(0.287782 -0.0145748 0)
(0.284817 -0.0175113 0)
(0.280809 -0.0213746 0)
(0.277219 -0.0259393 0)
(0.271408 -0.0326578 0)
(0.268346 -0.040185 0)
(0.259808 -0.0535178 0)
(0.262152 -0.065287 0)
(0.252154 -0.0969181 0)
(0.271086 -0.101405 0)
(0.284632 -0.195301 0)
(0.299987 -0.000431993 0)
(0.299733 -0.00129635 0)
(0.29922 -0.00218459 0)
(0.298423 -0.00311643 0)
(0.297346 -0.00411223 0)
(0.295934 -0.00519883 0)
(0.294202 -0.00640923 0)
(0.292022 -0.0077958 0)
(0.289468 -0.00940732 0)
(0.286232 -0.0113647 0)
(0.282601 -0.0137316 0)
(0.27777 -0.0168364 0)
(0.272755 -0.0207093 0)
(0.265259 -0.0263603 0)
(0.258954 -0.0335059 0)
(0.24644 -0.0455942 0)
(0.242257 -0.0606331 0)
(0.219765 -0.0919666 0)
(0.239611 -0.127064 0)
(0.221802 -0.235606 0)
(0.303011 -0.0318489 0)
(0.303913 -0.0313117 0)
(0.304879 -0.0299605 0)
(0.305865 -0.0279285 0)
(0.306811 -0.0253803 0)
(0.307714 -0.0225012 0)
(0.308526 -0.019379 0)
(0.309275 -0.016214 0)
(0.309919 -0.0129379 0)
(0.310487 -0.00988091 0)
(0.304695 -0.0324096 0)
(0.305895 -0.0319013 0)
(0.307097 -0.0305536 0)
(0.308234 -0.0285052 0)
(0.309245 -0.025921 0)
(0.310137 -0.0229969 0)
(0.310881 -0.0198197 0)
(0.311516 -0.0166009 0)
(0.312013 -0.0132654 0)
(0.312409 -0.0101596 0)
(0.306762 -0.0331089 0)
(0.308374 -0.0326108 0)
(0.309932 -0.0312224 0)
(0.311332 -0.0291096 0)
(0.312512 -0.0264427 0)
(0.313479 -0.0234383 0)
(0.314229 -0.0201768 0)
(0.314804 -0.0168837 0)
(0.315193 -0.0134721 0)
(0.315434 -0.0103001 0)
(0.308911 -0.0340219 0)
(0.310989 -0.0335051 0)
(0.312954 -0.0320289 0)
(0.314663 -0.029805 0)
(0.316056 -0.0270076 0)
(0.31714 -0.0238862 0)
(0.317944 -0.0205055 0)
(0.318505 -0.0171127 0)
(0.318837 -0.0135993 0)
(0.318965 -0.0103433 0)
(0.31108 -0.0351884 0)
(0.313669 -0.0346264 0)
(0.316071 -0.0330154 0)
(0.31811 -0.0306353 0)
(0.319727 -0.02766 0)
(0.320939 -0.024387 0)
(0.32181 -0.0208521 0)
(0.322372 -0.017336 0)
(0.322672 -0.0136927 0)
(0.322708 -0.0103337 0)
(0.313258 -0.0366304 0)
(0.316409 -0.0359911 0)
(0.319279 -0.034191 0)
(0.321658 -0.031605 0)
(0.323498 -0.0284005 0)
(0.324833 -0.0249421 0)
(0.325768 -0.0212177 0)
(0.326328 -0.0175586 0)
(0.326602 -0.0137568 0)
(0.326547 -0.0102788 0)
(0.315447 -0.0383782 0)
(0.319225 -0.0376168 0)
(0.322593 -0.0355627 0)
(0.325319 -0.0327139 0)
(0.327372 -0.0292234 0)
(0.328816 -0.0255462 0)
(0.329802 -0.0215962 0)
(0.330351 -0.0177784 0)
(0.330595 -0.0137866 0)
(0.330438 -0.0101778 0)
(0.317651 -0.0404717 0)
(0.322135 -0.0395238 0)
(0.326035 -0.0371388 0)
(0.329109 -0.0339603 0)
(0.331358 -0.0301215 0)
(0.33289 -0.0261926 0)
(0.333908 -0.0219803 0)
(0.334431 -0.0179922 0)
(0.334634 -0.0137745 0)
(0.334356 -0.0100284 0)
(0.319877 -0.0429616 0)
(0.325164 -0.041734 0)
(0.32963 -0.038928 0)
(0.333048 -0.0353392 0)
(0.335467 -0.0310845 0)
(0.337056 -0.0268718 0)
(0.338076 -0.0223606 0)
(0.338551 -0.0181947 0)
(0.338686 -0.0137088 0)
(0.338254 -0.00982357 0)
(0.322147 -0.0459098 0)
(0.328341 -0.0442697 0)
(0.333408 -0.04094 0)
(0.337154 -0.0368398 0)
(0.33971 -0.0320982 0)
(0.341303 -0.0275682 0)
(0.342275 -0.022723 0)
(0.342647 -0.0183715 0)
(0.342654 -0.0135679 0)
(0.341995 -0.00954534 0)
(0.324493 -0.0493883 0)
(0.331705 -0.0471574 0)
(0.337417 -0.0431872 0)
(0.341459 -0.038442 0)
(0.344092 -0.0331395 0)
(0.34557 -0.0282507 0)
(0.346388 -0.0230366 0)
(0.346516 -0.0184839 0)
(0.346255 -0.0133076 0)
(0.345215 -0.00914967 0)
(0.326982 -0.0534693 0)
(0.335325 -0.050444 0)
(0.341739 -0.0456878 0)
(0.345981 -0.040108 0)
(0.34853 -0.0341592 0)
(0.349609 -0.0288455 0)
(0.350018 -0.0232225 0)
(0.349572 -0.0184338 0)
(0.348771 -0.0128336 0)
(0.347052 -0.0085428 0)
(0.329752 -0.0582014 0)
(0.33934 -0.0542316 0)
(0.346464 -0.0484458 0)
(0.350592 -0.0417436 0)
(0.352586 -0.0350251 0)
(0.352611 -0.0291687 0)
(0.352065 -0.023091 0)
(0.350393 -0.0180102 0)
(0.348614 -0.0119717 0)
(0.345737 -0.00755486 0)
(0.333165 -0.0636164 0)
(0.343957 -0.0586748 0)
(0.351426 -0.0513176 0)
(0.354485 -0.0430598 0)
(0.354751 -0.0353768 0)
(0.352466 -0.0288103 0)
(0.34999 -0.0222594 0)
(0.346096 -0.0168487 0)
(0.342816 -0.010469 0)
(0.338211 -0.00595169 0)
(0.338112 -0.0698053 0)
(0.349013 -0.063826 0)
(0.355213 -0.0536655 0)
(0.354923 -0.0432807 0)
(0.351202 -0.0344191 0)
(0.344743 -0.0270373 0)
(0.339052 -0.0201328 0)
(0.331924 -0.0144917 0)
(0.326865 -0.00808553 0)
(0.32022 -0.00354486 0)
(0.346048 -0.0770807 0)
(0.352135 -0.0692252 0)
(0.353013 -0.0539222 0)
(0.345289 -0.0409364 0)
(0.334512 -0.0308971 0)
(0.322179 -0.0229258 0)
(0.312449 -0.0161189 0)
(0.301962 -0.0106603 0)
(0.295707 -0.00484643 0)
(0.287575 -0.000438847 0)
(0.356575 -0.0860221 0)
(0.344599 -0.0728319 0)
(0.333949 -0.0492746 0)
(0.31394 -0.0341193 0)
(0.294288 -0.0236231 0)
(0.276559 -0.0159964 0)
(0.263996 -0.0102305 0)
(0.252111 -0.0057556 0)
(0.246622 -0.00137434 0)
(0.238752 0.00271208 0)
(0.359359 -0.0915317 0)
(0.307083 -0.0681997 0)
(0.281196 -0.0361323 0)
(0.247669 -0.0217042 0)
(0.223095 -0.0128708 0)
(0.205154 -0.0074651 0)
(0.194072 -0.00400887 0)
(0.184758 -0.00139045 0)
(0.182582 0.000989677 0)
(0.1769 0.00492643 0)
(0.323856 -0.0695464 0)
(0.210941 -0.0427799 0)
(0.181408 -0.0112945 0)
(0.145691 -0.00565834 0)
(0.128868 -0.00230251 0)
(0.118699 -0.0010033 0)
(0.113482 -0.000248997 0)
(0.109517 0.00051699 0)
(0.111166 0.00124503 0)
(0.107912 0.00553048 0)
(0.196 -0.0610904 0)
(0.0418244 -0.0163133 0)
(0.0515319 0.00216994 0)
(0.037002 0.000570434 0)
(0.0366495 0.00068169 0)
(0.0354183 0.000365622 0)
(0.0352864 0.000266334 0)
(0.0352661 0.000324383 0)
(0.037786 0.000525175 0)
(0.0362672 0.00297218 0)
(0.311091 -0.00587234 0)
(0.311605 -0.00188621 0)
(0.312004 0.00183922 0)
(0.312175 0.00444969 0)
(0.312436 0.00672585 0)
(0.312453 0.00819603 0)
(0.312597 0.00924236 0)
(0.312605 0.00997849 0)
(0.312612 0.00994812 0)
(0.312711 0.0101456 0)
(0.312555 0.00943873 0)
(0.312869 0.00901083 0)
(0.312623 0.00835307 0)
(0.313116 0.00739657 0)
(0.31305 0.00765041 0)
(0.313444 0.00651465 0)
(0.313685 0.0078357 0)
(0.313734 0.00701353 0)
(0.31398 0.00836633 0)
(0.313746 0.00764796 0)
(0.312769 -0.00608074 0)
(0.312971 -0.00204079 0)
(0.31307 0.00174024 0)
(0.312994 0.00438795 0)
(0.313054 0.00669176 0)
(0.312915 0.00817968 0)
(0.31295 0.00922878 0)
(0.312864 0.00997825 0)
(0.31282 0.00993975 0)
(0.312869 0.0101544 0)
(0.312689 0.00941767 0)
(0.313012 0.00899971 0)
(0.312758 0.00831131 0)
(0.313321 0.00732495 0)
(0.313266 0.00759083 0)
(0.313727 0.00640618 0)
(0.31399 0.00778201 0)
(0.314013 0.00696619 0)
(0.314261 0.00835907 0)
(0.313924 0.00769212 0)
(0.31555 -0.00614003 0)
(0.315389 -0.00202928 0)
(0.315095 0.00178456 0)
(0.314664 0.00443215 0)
(0.314416 0.00673912 0)
(0.314011 0.00822106 0)
(0.313849 0.00926262 0)
(0.313577 0.0100119 0)
(0.313414 0.00995724 0)
(0.313349 0.0101829 0)
(0.313094 0.0093973 0)
(0.313407 0.00899089 0)
(0.313108 0.00824546 0)
(0.313774 0.00723242 0)
(0.313719 0.00750628 0)
(0.314287 0.00627013 0)
(0.314592 0.00773206 0)
(0.314565 0.0069213 0)
(0.31483 0.00838182 0)
(0.314297 0.0077698 0)
(0.318893 -0.0060793 0)
(0.318405 -0.00188729 0)
(0.317741 0.00195502 0)
(0.316951 0.00459633 0)
(0.316382 0.00689496 0)
(0.315673 0.00834976 0)
(0.315279 0.00937476 0)
(0.314767 0.0101039 0)
(0.314443 0.0100257 0)
(0.314213 0.0102491 0)
(0.313835 0.00939797 0)
(0.314108 0.00899933 0)
(0.313724 0.00817083 0)
(0.314497 0.00713317 0)
(0.314425 0.00740638 0)
(0.315112 0.00611647 0)
(0.315475 0.00769256 0)
(0.315368 0.00688706 0)
(0.31567 0.00843999 0)
(0.314857 0.00788746 0)
(0.322487 -0.0059361 0)
(0.321699 -0.00164265 0)
(0.320707 0.0022307 0)
(0.319587 0.0048656 0)
(0.318724 0.00715124 0)
(0.317721 0.00856468 0)
(0.317101 0.00956882 0)
(0.316339 0.0102625 0)
(0.315836 0.010156 0)
(0.315416 0.0103664 0)
(0.314883 0.00943134 0)
(0.315092 0.00903647 0)
(0.31459 0.00809347 0)
(0.315457 0.00702801 0)
(0.315358 0.00728888 0)
(0.316157 0.00593615 0)
(0.316594 0.0076604 0)
(0.31637 0.00686001 0)
(0.316732 0.00853986 0)
(0.31556 0.00806004 0)
(0.32619 -0.00571445 0)
(0.325097 -0.0013021 0)
(0.323801 0.00260248 0)
(0.322366 0.00522984 0)
(0.32124 0.00749772 0)
(0.319963 0.00885782 0)
(0.319137 0.00983998 0)
(0.318138 0.0104868 0)
(0.317454 0.010351 0)
(0.316838 0.0105398 0)
(0.316134 0.00950444 0)
(0.316254 0.00910951 0)
(0.31562 0.00801721 0)
(0.316555 0.00692054 0)
(0.316432 0.00715274 0)
(0.31732 0.00572725 0)
(0.317856 0.0076378 0)
(0.317471 0.00684091 0)
(0.317922 0.00869206 0)
(0.316316 0.00830102 0)
(0.329944 -0.00540695 0)
(0.328507 -0.00086423 0)
(0.326906 0.00306804 0)
(0.325149 0.00568544 0)
(0.323772 0.00792772 0)
(0.322232 0.00922287 0)
(0.32121 0.0101828 0)
(0.31999 0.0107732 0)
(0.319122 0.0106115 0)
(0.318312 0.0107701 0)
(0.317422 0.00962321 0)
(0.317431 0.00922318 0)
(0.316659 0.00794692 0)
(0.317622 0.00681675 0)
(0.317491 0.00699821 0)
(0.318428 0.0054926 0)
(0.319099 0.0076276 0)
(0.318506 0.00683145 0)
(0.319082 0.00890556 0)
(0.316973 0.00862131 0)
(0.333707 -0.00499934 0)
(0.331857 -0.000320316 0)
(0.329922 0.00363286 0)
(0.327807 0.00623651 0)
(0.326166 0.00844039 0)
(0.324353 0.00965881 0)
(0.32313 0.0105951 0)
(0.321696 0.0111202 0)
(0.320625 0.0109396 0)
(0.319623 0.0110583 0)
(0.318524 0.00979539 0)
(0.318394 0.00938213 0)
(0.317476 0.00788962 0)
(0.318411 0.00672388 0)
(0.318297 0.0068259 0)
(0.319226 0.00523644 0)
(0.320079 0.00763045 0)
(0.31923 0.00683147 0)
(0.319977 0.00918643 0)
(0.31731 0.00902958 0)
(0.337403 -0.00446552 0)
(0.335024 0.000340733 0)
(0.332695 0.00431121 0)
(0.330153 0.00689593 0)
(0.328209 0.00904222 0)
(0.326091 0.0101718 0)
(0.32464 0.0110798 0)
(0.322987 0.0115313 0)
(0.321679 0.0113411 0)
(0.320481 0.0114081 0)
(0.319132 0.0100325 0)
(0.318832 0.009593 0)
(0.317749 0.00785628 0)
(0.318584 0.00665138 0)
(0.318512 0.00663784 0)
(0.319359 0.00496427 0)
(0.320454 0.00764414 0)
(0.319306 0.00683801 0)
(0.320285 0.00953692 0)
(0.317031 0.00953091 0)
(0.340841 -0.00376107 0)
(0.337747 0.00114442 0)
(0.33492 0.00513165 0)
(0.331841 0.00768678 0)
(0.329531 0.00974762 0)
(0.327053 0.0107748 0)
(0.325339 0.0116447 0)
(0.323451 0.012015 0)
(0.321865 0.0118251 0)
(0.320468 0.0118272 0)
(0.318816 0.0103501 0)
(0.318317 0.00986515 0)
(0.31703 0.00786317 0)
(0.317688 0.00661157 0)
(0.317674 0.00643889 0)
(0.318353 0.00468231 0)
(0.319772 0.00766212 0)
(0.318296 0.0068434 0)
(0.319592 0.00995196 0)
(0.315766 0.010124 0)
(0.343563 -0.00281177 0)
(0.339467 0.00213645 0)
(0.335989 0.00614203 0)
(0.332231 0.00864181 0)
(0.329481 0.0105774 0)
(0.326582 0.0114852 0)
(0.324583 0.0122987 0)
(0.322451 0.0125806 0)
(0.320563 0.0123993 0)
(0.318982 0.0123233 0)
(0.316973 0.0107637 0)
(0.31627 0.0102091 0)
(0.314719 0.00793057 0)
(0.315139 0.00661827 0)
(0.315185 0.00623657 0)
(0.31562 0.00439485 0)
(0.317469 0.00767053 0)
(0.315666 0.0068314 0)
(0.317405 0.0104136 0)
(0.313088 0.0107975 0)
(0.344595 -0.0014966 0)
(0.339105 0.00337731 0)
(0.334804 0.00740788 0)
(0.330228 0.00979605 0)
(0.327001 0.0115516 0)
(0.323655 0.0123146 0)
(0.321409 0.0130429 0)
(0.31906 0.0132294 0)
(0.316912 0.0130608 0)
(0.315201 0.0128978 0)
(0.312819 0.0112812 0)
(0.311952 0.0106315 0)
(0.310071 0.0080779 0)
(0.310236 0.00668262 0)
(0.310329 0.00603811 0)
(0.310486 0.00409849 0)
(0.312904 0.00764389 0)
(0.310828 0.006772 0)
(0.313191 0.0108846 0)
(0.308544 0.0115271 0)
(0.342122 0.000343887 0)
(0.334809 0.00493457 0)
(0.32961 0.00899733 0)
(0.324179 0.0111653 0)
(0.320553 0.0126712 0)
(0.316847 0.0132514 0)
(0.31452 0.0138536 0)
(0.312075 0.0139385 0)
(0.309832 0.0137822 0)
(0.308119 0.0135336 0)
(0.305436 0.0118911 0)
(0.304514 0.0111283 0)
(0.30226 0.0083148 0)
(0.302232 0.00680615 0)
(0.302353 0.0058443 0)
(0.302286 0.00377405 0)
(0.305439 0.00754044 0)
(0.303222 0.00661568 0)
(0.306454 0.0113043 0)
(0.301722 0.0122737 0)
(0.33329 0.00285203 0)
(0.323866 0.00683837 0)
(0.318014 0.0109332 0)
(0.31194 0.0127041 0)
(0.308238 0.0138864 0)
(0.304478 0.0142309 0)
(0.302433 0.0146603 0)
(0.300168 0.0146405 0)
(0.298175 0.0144946 0)
(0.296691 0.0141806 0)
(0.293917 0.012549 0)
(0.29313 0.0116749 0)
(0.290524 0.00862949 0)
(0.290476 0.00697203 0)
(0.290613 0.00564015 0)
(0.290511 0.00337867 0)
(0.294578 0.00729949 0)
(0.29245 0.00628998 0)
(0.296839 0.0115885 0)
(0.292325 0.0129859 0)
(0.314486 0.00605694 0)
(0.303098 0.0090121 0)
(0.297437 0.0131179 0)
(0.291327 0.0142548 0)
(0.288224 0.0150594 0)
(0.285009 0.0151063 0)
(0.283846 0.0153241 0)
(0.28223 0.0152055 0)
(0.281023 0.0150768 0)
(0.280105 0.014745 0)
(0.277615 0.0131699 0)
(0.277219 0.0122195 0)
(0.274399 0.00897741 0)
(0.274615 0.00713732 0)
(0.2748 0.005385 0)
(0.275001 0.00284247 0)
(0.280131 0.00684366 0)
(0.278424 0.00570256 0)
(0.284246 0.0116405 0)
(0.280262 0.0136071 0)
(0.282565 0.00971046 0)
(0.269985 0.0111914 0)
(0.266122 0.0152607 0)
(0.260981 0.0155168 0)
(0.259508 0.0159417 0)
(0.257708 0.0156374 0)
(0.258197 0.015636 0)
(0.257857 0.0154432 0)
(0.25809 0.0153614 0)
(0.258144 0.0150921 0)
(0.256444 0.013632 0)
(0.256727 0.0126804 0)
(0.253982 0.009275 0)
(0.254826 0.00722979 0)
(0.255161 0.00500728 0)
(0.256123 0.0020755 0)
(0.262378 0.00608935 0)
(0.261493 0.00475568 0)
(0.268909 0.0113723 0)
(0.265719 0.0140874 0)
(0.236838 0.0131812 0)
(0.224316 0.0128942 0)
(0.224408 0.0168689 0)
(0.221407 0.0160751 0)
(0.222762 0.016199 0)
(0.223319 0.0155237 0)
(0.226213 0.0153514 0)
(0.227797 0.0151361 0)
(0.230079 0.0151669 0)
(0.231499 0.0150686 0)
(0.231132 0.0137956 0)
(0.232366 0.0129506 0)
(0.23014 0.00940358 0)
(0.23198 0.00715291 0)
(0.232662 0.00441149 0)
(0.234849 0.000988062 0)
(0.242142 0.00496656 0)
(0.242478 0.00337447 0)
(0.25141 0.0107314 0)
(0.249196 0.0143918 0)
(0.180409 0.015653 0)
(0.169324 0.013544 0)
(0.175505 0.0173499 0)
(0.175573 0.0155262 0)
(0.180758 0.0155048 0)
(0.184366 0.0144916 0)
(0.190148 0.0142622 0)
(0.194131 0.0141028 0)
(0.198824 0.0143475 0)
(0.201902 0.0145385 0)
(0.203318 0.0135315 0)
(0.205724 0.0129069 0)
(0.204566 0.00922591 0)
(0.20767 0.00680031 0)
(0.208967 0.00350157 0)
(0.212683 -0.000472928 0)
(0.220739 0.00344277 0)
(0.222586 0.00154311 0)
(0.232636 0.00972453 0)
(0.231515 0.0145014 0)
(0.119624 0.0164427 0)
(0.111554 0.0126137 0)
(0.125142 0.0161901 0)
(0.128589 0.0136291 0)
(0.138005 0.0136548 0)
(0.144829 0.0123938 0)
(0.153518 0.0122687 0)
(0.160032 0.0122568 0)
(0.167121 0.0128358 0)
(0.171989 0.0134139 0)
(0.175429 0.0127482 0)
(0.17916 0.0124299 0)
(0.179594 0.00861765 0)
(0.184033 0.00608111 0)
(0.186218 0.00221193 0)
(0.191441 -0.00228577 0)
(0.199813 0.0015414 0)
(0.203252 -0.000674772 0)
(0.213703 0.00842966 0)
(0.213785 0.0144053 0)
(0.0638393 0.014982 0)
(0.0596178 0.00984446 0)
(0.0801303 0.0131847 0)
(0.0865079 0.0104408 0)
(0.0997276 0.0106455 0)
(0.109338 0.00928597 0)
(0.120455 0.0094208 0)
(0.129231 0.00963867 0)
(0.138313 0.0106521 0)
(0.144918 0.01168 0)
(0.150345 0.0114019 0)
(0.155451 0.0114471 0)
(0.157825 0.00751759 0)
(0.163415 0.00496285 0)
(0.16668 0.000547799 0)
(0.172981 -0.00436307 0)
(0.181116 -0.000639031 0)
(0.185962 -0.00314548 0)
(0.195891 0.00693963 0)
(0.197318 0.014097 0)
(0.037143 0.00870847 0)
(0.032897 0.00715575 0)
(0.0565693 0.0100111 0)
(0.0643742 0.00772035 0)
(0.0794431 0.00787942 0)
(0.0904021 0.00666542 0)
(0.102606 0.006989 0)
(0.112529 0.00741985 0)
(0.122518 0.00873173 0)
(0.130158 0.0101117 0)
(0.136754 0.0100678 0)
(0.142747 0.0104131 0)
(0.146514 0.00644412 0)
(0.152613 0.00391148 0)
(0.156646 -0.000706141 0)
(0.163182 -0.00591274 0)
(0.170742 -0.00217195 0)
(0.17626 -0.00484873 0)
(0.185164 0.00574704 0)
(0.187643 0.0137744 0)
(0.0248959 0.00488682 0)
(0.0205674 0.00566601 0)
(0.0454521 0.00802576 0)
(0.0539172 0.00611613 0)
(0.0698016 0.00618203 0)
(0.0813681 0.00511421 0)
(0.0940114 0.00553102 0)
(0.104455 0.00609672 0)
(0.114821 0.0075672 0)
(0.122978 0.00914965 0)
(0.13016 0.00922493 0)
(0.136618 0.00974238 0)
(0.141159 0.00576762 0)
(0.147471 0.0032504 0)
(0.151926 -0.0014248 0)
(0.15847 -0.00679455 0)
(0.165612 -0.0030223 0)
(0.171411 -0.00578211 0)
(0.179583 0.00504372 0)
(0.182666 0.0135752 0)
(0.01584 0.00259035 0)
(0.0112816 0.0041866 0)
(0.0369242 0.00592562 0)
(0.0458759 0.00444586 0)
(0.062325 0.00440245 0)
(0.0743193 0.00351324 0)
(0.0872098 0.00402207 0)
(0.0980254 0.00472812 0)
(0.108616 0.00635116 0)
(0.117198 0.00812486 0)
(0.124874 0.00831574 0)
(0.131739 0.00899457 0)
(0.137014 0.00503245 0)
(0.143452 0.00254648 0)
(0.148297 -0.00215868 0)
(0.154721 -0.00764828 0)
(0.161356 -0.00385312 0)
(0.167327 -0.00667363 0)
(0.174633 0.0043448 0)
(0.178312 0.013344 0)
(0.00994105 0.00140958 0)
(0.00509826 0.00270182 0)
(0.0311738 0.0037576 0)
(0.040423 0.00271909 0)
(0.0571832 0.00257369 0)
(0.0694127 0.00187945 0)
(0.0823527 0.00248392 0)
(0.0933797 0.00333074 0)
(0.10404 0.00510049 0)
(0.11294 0.00704734 0)
(0.121007 0.00735333 0)
(0.128204 0.00817685 0)
(0.134154 0.00424695 0)
(0.140627 0.00181231 0)
(0.145814 -0.00290364 0)
(0.151995 -0.00845602 0)
(0.158038 -0.00465738 0)
(0.16407 -0.00751234 0)
(0.170394 0.00366674 0)
(0.174646 0.013074 0)
(0.00711878 0.000791714 0)
(0.0020655 0.00122568 0)
(0.0283276 0.00155432 0)
(0.0376765 0.000965899 0)
(0.0544941 0.000724963 0)
(0.0667599 0.00023913 0)
(0.0795513 0.000940257 0)
(0.0906231 0.0019257 0)
(0.101196 0.0038326 0)
(0.110295 0.00593173 0)
(0.118643 0.00634985 0)
(0.126081 0.00729909 0)
(0.132632 0.00342188 0)
(0.139043 0.00105709 0)
(0.144512 -0.00364703 0)
(0.150336 -0.00920523 0)
(0.15571 -0.00542144 0)
(0.161693 -0.00828317 0)
(0.166935 0.00301762 0)
(0.171725 0.0127675 0)
(0.00732585 0.000328507 0)
(0.00221294 -0.000241328 0)
(0.0284486 -0.000655185 0)
(0.0376974 -0.000782923 0)
(0.05432 -0.00111493 0)
(0.0664238 -0.0013811 0)
(0.078872 -0.000585229 0)
(0.0898206 0.000534331 0)
(0.100151 0.00256555 0)
(0.10932 0.00479383 0)
(0.117832 0.00531858 0)
(0.125407 0.00637286 0)
(0.132474 0.00256887 0)
(0.138725 0.000290439 0)
(0.144409 -0.00437656 0)
(0.149773 -0.00988475 0)
(0.154408 -0.0061325 0)
(0.160236 -0.00897267 0)
(0.164315 0.00240495 0)
(0.169593 0.012428 0)
(0.0105844 -0.000333486 0)
(0.00554962 -0.00170875 0)
(0.0315357 -0.00284172 0)
(0.0404883 -0.00249813 0)
(0.0566659 -0.00291739 0)
(0.068416 -0.00295586 0)
(0.0803346 -0.00206946 0)
(0.0909951 -0.000822361 0)
(0.100935 0.00131767 0)
(0.110039 0.00364987 0)
(0.118597 0.00427418 0)
(0.126195 0.00541121 0)
(0.133679 0.00170025 0)
(0.139674 -0.00047673 0)
(0.145497 -0.00508135 0)
(0.150314 -0.0104844 0)
(0.154152 -0.00677974 0)
(0.159729 -0.00956979 0)
(0.162584 0.00183668 0)
(0.168285 0.0120596 0)
(0.0169815 -0.00159793 0)
(0.0120618 -0.00316959 0)
(0.0375234 -0.00497506 0)
(0.0459929 -0.0041488 0)
(0.0614787 -0.00465516 0)
(0.0726957 -0.00446038 0)
(0.0839107 -0.00349028 0)
(0.0941261 -0.0021246 0)
(0.103538 0.000107578 0)
(0.112439 0.0025164 0)
(0.120926 0.00323274 0)
(0.128425 0.00442862 0)
(0.136222 0.000829079 0)
(0.141868 -0.00123224 0)
(0.14775 -0.0057519 0)
(0.151952 -0.0109952 0)
(0.154944 -0.0073543 0)
(0.160185 -0.0100659 0)
(0.161776 0.00132039 0)
(0.167825 0.0116671 0)
(0.0266296 -0.00404463 0)
(0.0217166 -0.00459881 0)
(0.0462821 -0.00702 0)
(0.0540972 -0.00570597 0)
(0.0686488 -0.00630127 0)
(0.0791713 -0.0058722 0)
(0.0895243 -0.00482673 0)
(0.0991497 -0.00335435 0)
(0.107913 -0.00104646 0)
(0.116472 0.00141001 0)
(0.124778 0.00221088 0)
(0.132052 0.00344052 0)
(0.140053 -3.14249e-05 0)
(0.145262 -0.00196418 0)
(0.15112 -0.00637964 0)
(0.154657 -0.0114101 0)
(0.156771 -0.00784872 0)
(0.161602 -0.0104543 0)
(0.161915 0.00086372 0)
(0.168223 0.0112558 0)
(0.0395769 -0.00812143 0)
(0.0344697 -0.00602427 0)
(0.0576192 -0.00892928 0)
(0.0646319 -0.00716873 0)
(0.0780129 -0.00782277 0)
(0.0877017 -0.00718024 0)
(0.0970537 -0.00606049 0)
(0.10596 -0.00449564 0)
(0.113973 -0.00213189 0)
(0.12206 0.000346242 0)
(0.130082 0.00121901 0)
(0.137005 0.00245996 0)
(0.145099 -0.000871444 0)
(0.149792 -0.00266729 0)
(0.155542 -0.00695265 0)
(0.158385 -0.0117286 0)
(0.159599 -0.00825275 0)
(0.163963 -0.0107262 0)
(0.163007 0.000474538 0)
(0.169477 0.0108293 0)
(0.0744692 -0.0161315 0)
(0.0687458 -0.00932886 0)
(0.08735 -0.012683 0)
(0.0923486 -0.0102175 0)
(0.102695 -0.0107834 0)
(0.110317 -0.00980579 0)
(0.117242 -0.00849242 0)
(0.124344 -0.00675813 0)
(0.130554 -0.0043367 0)
(0.137347 -0.00184657 0)
(0.14456 -0.000881008 0)
(0.150459 0.000359623 0)
(0.158513 -0.00264759 0)
(0.161938 -0.00414809 0)
(0.167264 -0.00804308 0)
(0.168581 -0.0122335 0)
(0.167819 -0.00890255 0)
(0.171079 -0.0110408 0)
(0.167436 -0.000223281 0)
(0.174038 0.00986975 0)
(0.155902 -0.0151468 0)
(0.144123 -0.011741 0)
(0.151983 -0.0152793 0)
(0.152664 -0.0133088 0)
(0.156766 -0.0132816 0)
(0.160273 -0.0122735 0)
(0.162877 -0.0107507 0)
(0.166372 -0.00891435 0)
(0.169394 -0.00668415 0)
(0.173122 -0.0043015 0)
(0.178428 -0.00347828 0)
(0.181709 -0.00226393 0)
(0.188717 -0.00477445 0)
(0.189887 -0.00585204 0)
(0.193876 -0.00875479 0)
(0.193271 -0.012063 0)
(0.189688 -0.00870877 0)
(0.19115 -0.0103282 0)
(0.184078 -0.000578795 0)
(0.189585 0.00844107 0)
(0.235379 -0.011714 0)
(0.221524 -0.0107234 0)
(0.219957 -0.0143216 0)
(0.216466 -0.0136613 0)
(0.21484 -0.0135113 0)
(0.214291 -0.0127156 0)
(0.213146 -0.0112649 0)
(0.213172 -0.00951013 0)
(0.213499 -0.00760266 0)
(0.214015 -0.00549616 0)
(0.217324 -0.00495011 0)
(0.217735 -0.00388515 0)
(0.222993 -0.00604213 0)
(0.222057 -0.00676215 0)
(0.224257 -0.00873126 0)
(0.222415 -0.0110977 0)
(0.216859 -0.00758751 0)
(0.216894 -0.00862445 0)
(0.207903 -3.42675e-05 0)
(0.211381 0.00749189 0)
(0.294589 -0.00635588 0)
(0.281931 -0.00774046 0)
(0.275497 -0.011265 0)
(0.269734 -0.0119332 0)
(0.264764 -0.0120317 0)
(0.261462 -0.0115959 0)
(0.258064 -0.010418 0)
(0.255663 -0.00890142 0)
(0.254392 -0.00738243 0)
(0.252529 -0.0056059 0)
(0.254268 -0.00540146 0)
(0.252445 -0.00451187 0)
(0.255789 -0.00643775 0)
(0.253277 -0.0068957 0)
(0.253687 -0.00810077 0)
(0.251152 -0.00965293 0)
(0.244794 -0.00591684 0)
(0.243937 -0.00641506 0)
(0.234853 0.0011627 0)
(0.236327 0.00709834 0)
(0.328514 -0.00150659 0)
(0.318811 -0.00458005 0)
(0.311522 -0.00785342 0)
(0.305533 -0.0093993 0)
(0.299738 -0.00983148 0)
(0.295415 -0.0097612 0)
(0.291389 -0.00891078 0)
(0.287938 -0.00769269 0)
(0.286185 -0.00657464 0)
(0.283208 -0.0050707 0)
(0.284034 -0.00519262 0)
(0.281073 -0.00441056 0)
(0.282886 -0.0061491 0)
(0.279532 -0.00642755 0)
(0.278648 -0.00703033 0)
(0.27576 -0.00802508 0)
(0.269665 -0.00409278 0)
(0.268405 -0.00420276 0)
(0.260616 0.0025741 0)
(0.26095 0.00710153 0)
(0.343195 0.00201732 0)
(0.336509 -0.00196056 0)
(0.330281 -0.00497831 0)
(0.325145 -0.00696396 0)
(0.319959 -0.00766302 0)
(0.315814 -0.00789201 0)
(0.312176 -0.00734122 0)
(0.308734 -0.00639264 0)
(0.307167 -0.00565262 0)
(0.304122 -0.00433072 0)
(0.304575 -0.00470933 0)
(0.301436 -0.00396043 0)
(0.302343 -0.00548499 0)
(0.29881 -0.00564291 0)
(0.297369 -0.00575046 0)
(0.294392 -0.0064334 0)
(0.289235 -0.00242563 0)
(0.287955 -0.00231555 0)
(0.282028 0.00375824 0)
(0.282287 0.00721644 0)
(0.346928 0.00436822 0)
(0.342477 6.33253e-05 0)
(0.337679 -0.00280092 0)
(0.333611 -0.00496375 0)
(0.329435 -0.00584254 0)
(0.325952 -0.00629806 0)
(0.323012 -0.00600843 0)
(0.320098 -0.00526826 0)
(0.318903 -0.00486659 0)
(0.316331 -0.00365884 0)
(0.316695 -0.0042045 0)
(0.313911 -0.0034547 0)
(0.314439 -0.00471643 0)
(0.31115 -0.00479678 0)
(0.309752 -0.00449357 0)
(0.306932 -0.00501897 0)
(0.302951 -0.00109713 0)
(0.301932 -0.000871961 0)
(0.29776 0.00449572 0)
(0.298649 0.00720679 0)
(0.345621 0.00586477 0)
(0.342599 0.00157744 0)
(0.338963 -0.00119104 0)
(0.335786 -0.00341083 0)
(0.332492 -0.0044065 0)
(0.329717 -0.00502701 0)
(0.327383 -0.00497113 0)
(0.325109 -0.00438599 0)
(0.32421 -0.0042728 0)
(0.322234 -0.00314935 0)
(0.322589 -0.00377826 0)
(0.320314 -0.00303319 0)
(0.320756 -0.00400516 0)
(0.317897 -0.00404054 0)
(0.316833 -0.00342193 0)
(0.314363 -0.00384546 0)
(0.311477 -0.000166813 0)
(0.310872 0.000134836 0)
(0.308047 0.00477572 0)
(0.309757 0.0069688 0)
(0.342397 0.0068693 0)
(0.34024 0.0027362 0)
(0.337423 4.20916e-05 0)
(0.334899 -0.00219025 0)
(0.332235 -0.00327474 0)
(0.330052 -0.00401414 0)
(0.328128 -0.00417238 0)
(0.326411 -0.00370981 0)
(0.325671 -0.00383078 0)
(0.324205 -0.00279184 0)
(0.324536 -0.00343952 0)
(0.322723 -0.0027244 0)
(0.323171 -0.00341727 0)
(0.320781 -0.00342288 0)
(0.320083 -0.00259553 0)
(0.318059 -0.00291622 0)
(0.316034 0.000408619 0)
(0.315872 0.000784804 0)
(0.313968 0.00470635 0)
(0.316326 0.00651759 0)
(0.33859 0.0075747 0)
(0.336979 0.00364623 0)
(0.334733 0.00102414 0)
(0.33269 -0.0011996 0)
(0.330452 -0.00236314 0)
(0.328727 -0.00318634 0)
(0.327059 -0.00353618 0)
(0.325767 -0.00318052 0)
(0.325091 -0.00348175 0)
(0.323991 -0.00254198 0)
(0.324265 -0.00316621 0)
(0.322813 -0.00250541 0)
(0.323253 -0.00295863 0)
(0.321303 -0.00293265 0)
(0.320877 -0.00200034 0)
(0.319306 -0.00220125 0)
(0.317897 0.000722495 0)
(0.318097 0.00116867 0)
(0.316795 0.00442067 0)
(0.319489 0.00592816 0)
(0.334686 0.00808371 0)
(0.333455 0.00437686 0)
(0.33163 0.00182583 0)
(0.329963 -0.000375824 0)
(0.328033 -0.00161183 0)
(0.326661 -0.0024932 0)
(0.325167 -0.00300683 0)
(0.32418 -0.00275229 0)
(0.323527 -0.0031838 0)
(0.322674 -0.00235787 0)
(0.322871 -0.0029359 0)
(0.321691 -0.00234167 0)
(0.322081 -0.00260874 0)
(0.320518 -0.00254181 0)
(0.320253 -0.00158901 0)
(0.319083 -0.00166076 0)
(0.318092 0.000860375 0)
(0.318534 0.00135742 0)
(0.317625 0.0040306 0)
(0.320364 0.00528443 0)
(0.330843 0.00845393 0)
(0.329903 0.00496688 0)
(0.328409 0.00248496 0)
(0.327055 0.000319881 0)
(0.325376 -0.000982146 0)
(0.32428 -0.00190518 0)
(0.322931 -0.00255224 0)
(0.322164 -0.00239645 0)
(0.32153 -0.00291572 0)
(0.320845 -0.00221098 0)
(0.320962 -0.00273478 0)
(0.319996 -0.00220727 0)
(0.320306 -0.00234258 0)
(0.319072 -0.0022257 0)
(0.318891 -0.00131021 0)
(0.318043 -0.00125742 0)
(0.317337 0.000891102 0)
(0.317905 0.00141783 0)
(0.317263 0.00361385 0)
(0.319842 0.00465206 0)
(0.327112 0.00871986 0)
(0.326405 0.00543947 0)
(0.325188 0.0030246 0)
(0.324101 0.00090721 0)
(0.322648 -0.000452777 0)
(0.321774 -0.00140682 0)
(0.32057 -0.00215725 0)
(0.319964 -0.00209697 0)
(0.319365 -0.00267071 0)
(0.318803 -0.00208585 0)
(0.31885 -0.0025572 0)
(0.318062 -0.00208881 0)
(0.318286 -0.00213921 0)
(0.317326 -0.00196802 0)
(0.317188 -0.00112225 0)
(0.316587 -0.000960102 0)
(0.316082 0.00086301 0)
(0.316688 0.00139999 0)
(0.316236 0.00321451 0)
(0.318543 0.00407148 0)
(0.323508 0.00890468 0)
(0.322992 0.00581118 0)
(0.322015 0.00346129 0)
(0.321157 0.00139435 0)
(0.319921 -1.08723e-05 0)
(0.31923 -0.000988275 0)
(0.318179 -0.00181556 0)
(0.317699 -0.00184517 0)
(0.317152 -0.00244958 0)
(0.316693 -0.00197627 0)
(0.316689 -0.00240232 0)
(0.316058 -0.00198242 0)
(0.316206 -0.00198393 0)
(0.315475 -0.00175954 0)
(0.315365 -0.000996202 0)
(0.314952 -0.000745068 0)
(0.314594 0.000805732 0)
(0.315186 0.0013377 0)
(0.314873 0.00285306 0)
(0.316866 0.00356178 0)
(0.320032 0.00902498 0)
(0.319677 0.00609599 0)
(0.31891 0.00380685 0)
(0.318253 0.00179088 0)
(0.317229 0.000352934 0)
(0.316696 -0.000643343 0)
(0.315807 -0.00152578 0)
(0.315435 -0.00163702 0)
(0.314959 -0.00225649 0)
(0.314595 -0.00188185 0)
(0.314563 -0.00227194 0)
(0.314076 -0.00188995 0)
(0.314172 -0.00186789 0)
(0.313635 -0.00159567 0)
(0.313551 -0.000914492 0)
(0.313284 -0.000595198 0)
(0.31304 0.000735009 0)
(0.313592 0.00125252 0)
(0.313383 0.00253643 0)
(0.315063 0.00312778 0)
(0.316684 0.00909266 0)
(0.316465 0.00630469 0)
(0.31589 0.00407039 0)
(0.315414 0.00210328 0)
(0.314602 0.000641829 0)
(0.314213 -0.000369427 0)
(0.313496 -0.00128965 0)
(0.313229 -0.00147205 0)
(0.312843 -0.00209736 0)
(0.312576 -0.00180611 0)
(0.312544 -0.00216974 0)
(0.312193 -0.0018163 0)
(0.312264 -0.00178699 0)
(0.311895 -0.00147464 0)
(0.311845 -0.000867638 0)
(0.311698 -0.000498578 0)
(0.311543 0.000658189 0)
(0.312045 0.00115761 0)
(0.311913 0.0022649 0)
(0.313299 0.00276641 0)
(0.313467 0.00911619 0)
(0.313376 0.00644492 0)
(0.312985 0.00425793 0)
(0.312685 0.00233461 0)
(0.312089 0.000856186 0)
(0.311849 -0.00016592 0)
(0.31132 -0.00111144 0)
(0.311165 -0.00135345 0)
(0.310891 -0.00197966 0)
(0.31073 -0.00175535 0)
(0.310726 -0.00210065 0)
(0.310506 -0.00176767 0)
(0.310579 -0.00174001 0)
(0.310357 -0.00139525 0)
(0.310346 -0.000850737 0)
(0.310298 -0.000445936 0)
(0.310213 0.000579332 0)
(0.310661 0.00106169 0)
(0.310583 0.00203745 0)
(0.311703 0.00247233 0)
(0.310433 0.00910026 0)
(0.310479 0.0065197 0)
(0.310284 0.00437022 0)
(0.310176 0.00248233 0)
(0.309813 0.000996497 0)
(0.309741 -4.62274e-05 0)
(0.309414 -0.00100257 0)
(0.309386 -0.00128846 0)
(0.309242 -0.00191146 0)
(0.309191 -0.00173687 0)
(0.309237 -0.00206908 0)
(0.309137 -0.00174925 0)
(0.309231 -0.00172657 0)
(0.309132 -0.00135578 0)
(0.309159 -0.000858099 0)
(0.30919 -0.00042942 0)
(0.309153 0.00050075 0)
(0.309546 0.000970843 0)
(0.309498 0.00185321 0)
(0.310379 0.00224149 0)
(0.307775 0.00902227 0)
(0.307995 0.00650821 0)
(0.308022 0.00438598 0)
(0.308134 0.00252933 0)
(0.308011 0.00104191 0)
(0.308122 1.28837e-05 0)
(0.308001 -0.00095625 0)
(0.3081 -0.00127993 0)
(0.308079 -0.00189726 0)
(0.308124 -0.00175716 0)
(0.308221 -0.00207796 0)
(0.308212 -0.00176397 0)
(0.308329 -0.00174514 0)
(0.308316 -0.00135339 0)
(0.308372 -0.000889419 0)
(0.308452 -0.000435873 0)
(0.308442 0.000428315 0)
(0.308776 0.000889096 0)
(0.308739 0.00170283 0)
(0.309413 0.0020625 0)
(0.306005 0.00881949 0)
(0.306415 0.00636302 0)
(0.306655 0.00426873 0)
(0.306962 0.00244394 0)
(0.307041 0.000963694 0)
(0.307289 -6.46057e-05 0)
(0.307292 -0.00101084 0)
(0.307476 -0.0013428 0)
(0.307532 -0.00193656 0)
(0.30763 -0.00181204 0)
(0.307753 -0.00211936 0)
(0.307788 -0.00180181 0)
(0.307914 -0.00178599 0)
(0.30794 -0.00137346 0)
(0.308012 -0.000934939 0)
(0.308109 -0.000464786 0)
(0.308101 0.000347232 0)
(0.308384 0.000806672 0)
(0.308348 0.00156412 0)
(0.308879 0.00190141 0)
(0.250415 0.091734 0)
(0.0826693 0.0397609 0)
(0.0773982 0.0042786 0)
(0.0558014 -0.000700464 0)
(0.0526481 -0.00205948 0)
(0.0508681 -0.00169561 0)
(0.0506522 -0.00109724 0)
(0.0503859 -0.000836491 0)
(0.053389 -0.000859589 0)
(0.0503624 -0.00335811 0)
(0.339795 0.06524 0)
(0.276657 0.0555339 0)
(0.252587 0.0258143 0)
(0.217579 0.0138138 0)
(0.192778 0.00668741 0)
(0.175403 0.00300734 0)
(0.165143 0.0011777 0)
(0.156729 -0.000211244 0)
(0.155573 -0.00118767 0)
(0.149435 -0.00487156 0)
(0.350686 0.0850503 0)
(0.336915 0.0744801 0)
(0.328644 0.0506452 0)
(0.311258 0.034857 0)
(0.293174 0.0241454 0)
(0.276081 0.0165393 0)
(0.263948 0.0108137 0)
(0.251879 0.0064655 0)
(0.246351 0.0022355 0)
(0.237572 -0.00137928 0)
(0.34063 0.069913 0)
(0.347376 0.0640901 0)
(0.350886 0.0515412 0)
(0.347166 0.0397857 0)
(0.34004 0.0306524 0)
(0.330373 0.0236388 0)
(0.322722 0.0174621 0)
(0.313659 0.0126199 0)
(0.308077 0.00704375 0)
(0.300238 0.00319153 0)
(0.333416 0.0609855 0)
(0.344227 0.0567701 0)
(0.351657 0.0495241 0)
(0.354172 0.0410943 0)
(0.353699 0.033446 0)
(0.3503 0.0272856 0)
(0.347112 0.0212736 0)
(0.342462 0.0165422 0)
(0.338874 0.0107317 0)
(0.333884 0.00686855 0)
(0.329498 0.0540315 0)
(0.33935 0.0508679 0)
(0.346884 0.0457421 0)
(0.351316 0.0395369 0)
(0.353538 0.0331876 0)
(0.353527 0.0278754 0)
(0.352951 0.0224203 0)
(0.351339 0.0180659 0)
(0.349598 0.012752 0)
(0.346992 0.00898674 0)
(0.326738 0.0477766 0)
(0.335018 0.0456535 0)
(0.341712 0.0417486 0)
(0.346357 0.037027 0)
(0.349327 0.0317737 0)
(0.350714 0.0271843 0)
(0.35131 0.0223749 0)
(0.35118 0.0183839 0)
(0.350549 0.0137252 0)
(0.349322 0.0101063 0)
(0.324353 0.0425136 0)
(0.331238 0.04122 0)
(0.337048 0.0382372 0)
(0.341407 0.0345316 0)
(0.344437 0.0301749 0)
(0.346278 0.0261574 0)
(0.347326 0.0219185 0)
(0.347777 0.0182245 0)
(0.34769 0.0141405 0)
(0.347121 0.0107078 0)
(0.322126 0.0381897 0)
(0.327843 0.0374451 0)
(0.332859 0.0351867 0)
(0.336809 0.0322161 0)
(0.339699 0.0285934 0)
(0.341626 0.0250613 0)
(0.342834 0.0213199 0)
(0.343487 0.0179012 0)
(0.343651 0.0142898 0)
(0.343381 0.0110643 0)
(0.319977 0.0346262 0)
(0.324735 0.034213 0)
(0.329043 0.0325043 0)
(0.332561 0.0300938 0)
(0.335245 0.0270676 0)
(0.337121 0.0239652 0)
(0.33837 0.0206637 0)
(0.339092 0.017521 0)
(0.339379 0.0142997 0)
(0.339264 0.011293 0)
(0.317882 0.031668 0)
(0.321853 0.031453 0)
(0.325535 0.0301526 0)
(0.32863 0.0281811 0)
(0.331075 0.0256373 0)
(0.332842 0.0229147 0)
(0.334072 0.0199964 0)
(0.334811 0.0171245 0)
(0.335168 0.0142271 0)
(0.335149 0.0114394 0)
(0.315838 0.0292011 0)
(0.319158 0.0291089 0)
(0.322289 0.0281086 0)
(0.324982 0.0264828 0)
(0.327173 0.0243275 0)
(0.328799 0.0219349 0)
(0.329974 0.0193447 0)
(0.330703 0.0167277 0)
(0.331099 0.0141019 0)
(0.33115 0.0115228 0)
(0.313849 0.0271416 0)
(0.316623 0.0271289 0)
(0.31927 0.0263478 0)
(0.321588 0.0249932 0)
(0.323521 0.0231489 0)
(0.324989 0.0210375 0)
(0.326082 0.0187249 0)
(0.326782 0.0163391 0)
(0.327194 0.0139428 0)
(0.327297 0.0115552 0)
(0.31192 0.0254272 0)
(0.314225 0.0254675 0)
(0.316444 0.0248463 0)
(0.318416 0.0237026 0)
(0.320095 0.0221055 0)
(0.321395 0.0202295 0)
(0.32239 0.018149 0)
(0.323045 0.0159666 0)
(0.323456 0.0137642 0)
(0.323598 0.0115471 0)
(0.310051 0.024011 0)
(0.311946 0.024087 0)
(0.313784 0.0235817 0)
(0.315437 0.0226002 0)
(0.316868 0.0211975 0)
(0.317999 0.0195147 0)
(0.318884 0.0176254 0)
(0.319484 0.0156172 0)
(0.319881 0.0135769 0)
(0.320048 0.0115077 0)
(0.308238 0.0228579 0)
(0.309768 0.022957 0)
(0.311261 0.0225349 0)
(0.31262 0.0216756 0)
(0.313815 0.0204228 0)
(0.314776 0.0188947 0)
(0.315546 0.0171595 0)
(0.316084 0.0152961 0)
(0.316457 0.0133889 0)
(0.316641 0.0114445 0)
(0.306476 0.0219413 0)
(0.307675 0.0220538 0)
(0.308854 0.0216893 0)
(0.309939 0.0209193 0)
(0.310909 0.0197787 0)
(0.311706 0.01837 0)
(0.312359 0.0167551 0)
(0.312832 0.0150075 0)
(0.313176 0.0132064 0)
(0.313373 0.0113635 0)
(0.304763 0.0212431 0)
(0.305659 0.0213596 0)
(0.30655 0.0210315 0)
(0.307383 0.0203224 0)
(0.308144 0.0192612 0)
(0.308785 0.0179397 0)
(0.309328 0.0164137 0)
(0.309743 0.014754 0)
(0.310064 0.0130329 0)
(0.310279 0.0112685 0)
(0.303132 0.0207384 0)
(0.303757 0.0208466 0)
(0.304394 0.0205331 0)
(0.305006 0.019857 0)
(0.305587 0.0188434 0)
(0.3061 0.0175775 0)
(0.306562 0.0161098 0)
(0.306943 0.0145102 0)
(0.307269 0.0128432 0)
(0.307527 0.0111359 0)
(0.301796 0.020359 0)
(0.302219 0.0204514 0)
(0.302677 0.0201326 0)
(0.303144 0.0194597 0)
(0.30362 0.0184593 0)
(0.304072 0.0172145 0)
(0.304514 0.015773 0)
(0.304916 0.0142053 0)
(0.305294 0.0125692 0)
(0.305632 0.0108968 0)
(0.299987 0.00027305 0)
(0.299735 0.00082077 0)
(0.299231 0.00139475 0)
(0.298449 0.00201714 0)
(0.29739 0.00271093 0)
(0.296005 0.00350507 0)
(0.294307 0.00443517 0)
(0.292175 0.00555705 0)
(0.289684 0.00692259 0)
(0.286535 0.00866007 0)
(0.283033 0.010832 0)
(0.278379 0.0137905 0)
(0.273689 0.017531 0)
(0.266621 0.0231676 0)
(0.261275 0.0301614 0)
(0.250098 0.0425784 0)
(0.24871 0.0565553 0)
(0.232462 0.089892 0)
(0.255847 0.114728 0)
(0.247085 0.22795 0)
(0.299989 0.000430333 0)
(0.299767 0.00130021 0)
(0.299327 0.00220357 0)
(0.298646 0.00317112 0)
(0.297732 0.00422963 0)
(0.296544 0.00542471 0)
(0.295114 0.00678677 0)
(0.293337 0.00840529 0)
(0.291332 0.0103023 0)
(0.288829 0.0126878 0)
(0.286241 0.0155038 0)
(0.282819 0.0193267 0)
(0.279914 0.0236859 0)
(0.275344 0.030395 0)
(0.273375 0.0370433 0)
(0.267648 0.0501651 0)
(0.270606 0.0580736 0)
(0.265555 0.0875401 0)
(0.281169 0.0824291 0)
(0.289377 0.152982 0)
(0.29999 0.000566373 0)
(0.299808 0.00171048 0)
(0.299445 0.00289223 0)
(0.298887 0.00414659 0)
(0.298144 0.00550151 0)
(0.297191 0.00700953 0)
(0.296065 0.00869562 0)
(0.2947 0.0106614 0)
(0.293208 0.0129019 0)
(0.29142 0.0156569 0)
(0.289679 0.0187691 0)
(0.287523 0.0229029 0)
(0.285942 0.0272564 0)
(0.283678 0.0339176 0)
(0.283381 0.0395189 0)
(0.281847 0.0511808 0)
(0.285229 0.055841 0)
(0.28667 0.0777913 0)
(0.297727 0.0735184 0)
(0.307234 0.110373 0)
(0.299993 0.000676161 0)
(0.299851 0.00204027 0)
(0.29957 0.0034427 0)
(0.299142 0.00491894 0)
(0.298577 0.0064958 0)
(0.297868 0.00822515 0)
(0.297046 0.0101263 0)
(0.296087 0.0122959 0)
(0.295075 0.0147126 0)
(0.293946 0.017599 0)
(0.292919 0.0207619 0)
(0.291816 0.0248017 0)
(0.291191 0.0288921 0)
(0.290562 0.034817 0)
(0.291218 0.0395968 0)
(0.291943 0.0486478 0)
(0.295445 0.0524967 0)
(0.298953 0.0663464 0)
(0.307885 0.0656266 0)
(0.31506 0.0830438 0)
(0.299995 0.000759066 0)
(0.299893 0.00228837 0)
(0.299692 0.0038538 0)
(0.299388 0.00548832 0)
(0.298993 0.00721632 0)
(0.298511 0.00908346 0)
(0.297968 0.0111051 0)
(0.29737 0.0133608 0)
(0.296774 0.0158274 0)
(0.296183 0.0186761 0)
(0.295726 0.0217426 0)
(0.295385 0.0254573 0)
(0.295439 0.0291988 0)
(0.295787 0.0341292 0)
(0.296993 0.0383025 0)
(0.298689 0.0448052 0)
(0.302025 0.0484609 0)
(0.305847 0.0564859 0)
(0.312501 0.0578454 0)
(0.318541 0.0654337 0)
(0.299997 0.000816609 0)
(0.299931 0.00245969 0)
(0.299801 0.0041348 0)
(0.299609 0.00587029 0)
(0.299365 0.0076876 0)
(0.299079 0.00962314 0)
(0.298775 0.0116902 0)
(0.298473 0.0139458 0)
(0.298213 0.0163742 0)
(0.298029 0.0190855 0)
(0.297998 0.0219704 0)
(0.298163 0.0252774 0)
(0.298663 0.0286323 0)
(0.299527 0.0326323 0)
(0.301004 0.0362556 0)
(0.303021 0.0408893 0)
(0.30604 0.0442136 0)
(0.309629 0.0489811 0)
(0.314632 0.0510211 0)
(0.319743 0.0545689 0)
(0.299998 0.000851751 0)
(0.299963 0.00256345 0)
(0.299895 0.00430201 0)
(0.299796 0.00609035 0)
(0.299677 0.00794644 0)
(0.299552 0.00989714 0)
(0.29944 0.0119539 0)
(0.299366 0.0141531 0)
(0.299362 0.0164868 0)
(0.299466 0.0190148 0)
(0.29973 0.0216749 0)
(0.300206 0.0245831 0)
(0.300971 0.0275448 0)
(0.302078 0.0308066 0)
(0.303647 0.0339013 0)
(0.305683 0.0373281 0)
(0.308366 0.0401679 0)
(0.311541 0.0432765 0)
(0.31547 0.0452348 0)
(0.319653 0.0472001 0)
(0.299999 0.000868228 0)
(0.299989 0.00261113 0)
(0.29997 0.00437539 0)
(0.299946 0.00617846 0)
(0.299926 0.00803463 0)
(0.299924 0.00996236 0)
(0.299958 0.0119708 0)
(0.30005 0.0140807 0)
(0.300227 0.0162886 0)
(0.300522 0.0186213 0)
(0.300974 0.021045 0)
(0.301625 0.0236014 0)
(0.302526 0.0261955 0)
(0.303721 0.0289019 0)
(0.30527 0.0315181 0)
(0.307192 0.0341741 0)
(0.309554 0.036522 0)
(0.312293 0.0387549 0)
(0.315474 0.0404094 0)
(0.31888 0.0417156 0)
(0.3 0.000870009 0)
(0.300009 0.00261483 0)
(0.300027 0.00437564 0)
(0.300058 0.00616501 0)
(0.300112 0.00799348 0)
(0.300199 0.00987293 0)
(0.300336 0.0118097 0)
(0.300542 0.0138141 0)
(0.300837 0.0158839 0)
(0.30125 0.0180274 0)
(0.301809 0.0202251 0)
(0.302545 0.0224835 0)
(0.303493 0.0247538 0)
(0.304683 0.0270414 0)
(0.306149 0.0292535 0)
(0.307902 0.0313955 0)
(0.309967 0.0333273 0)
(0.312311 0.0350533 0)
(0.314936 0.0364124 0)
(0.317735 0.0374089 0)
(0.300001 0.0008609 0)
(0.300023 0.00258605 0)
(0.300067 0.00432233 0)
(0.300137 0.00607814 0)
(0.300242 0.00786056 0)
(0.300389 0.00967651 0)
(0.300593 0.0115295 0)
(0.300869 0.0134235 0)
(0.301234 0.0153554 0)
(0.301709 0.0173247 0)
(0.302315 0.0193178 0)
(0.303075 0.0213271 0)
(0.304012 0.0233231 0)
(0.305145 0.0252894 0)
(0.306494 0.0271761 0)
(0.308063 0.0289572 0)
(0.309859 0.0305652 0)
(0.31186 0.0319672 0)
(0.314054 0.0330937 0)
(0.316375 0.0339153 0)
(0.300002 0.000844316 0)
(0.300032 0.00253508 0)
(0.300092 0.00423277 0)
(0.300188 0.00594241 0)
(0.300323 0.00766804 0)
(0.300507 0.00941297 0)
(0.300749 0.0111782 0)
(0.301062 0.0129638 0)
(0.301459 0.0147658 0)
(0.301955 0.0165794 0)
(0.302567 0.0183931 0)
(0.303309 0.0201952 0)
(0.304198 0.0219644 0)
(0.305245 0.0236805 0)
(0.306461 0.0253111 0)
(0.307847 0.0268283 0)
(0.309402 0.0281916 0)
(0.311109 0.0293696 0)
(0.312953 0.0303224 0)
(0.314891 0.0310266 0)
(0.300002 0.000823173 0)
(0.300036 0.00247066 0)
(0.300106 0.00412159 0)
(0.300215 0.00577828 0)
(0.300366 0.00744229 0)
(0.300566 0.00911432 0)
(0.300823 0.0107934 0)
(0.301147 0.0124772 0)
(0.301548 0.014161 0)
(0.302037 0.0158379 0)
(0.302625 0.0174978 0)
(0.303324 0.0191284 0)
(0.304142 0.0207125 0)
(0.305088 0.0222317 0)
(0.306166 0.0236624 0)
(0.307376 0.0249811 0)
(0.308714 0.0261598 0)
(0.310166 0.0271749 0)
(0.311719 0.0279986 0)
(0.313341 0.0286167 0)
(0.300002 0.000799855 0)
(0.300038 0.00239992 0)
(0.300111 0.00400063 0)
(0.300222 0.00560217 0)
(0.300377 0.00720417 0)
(0.300579 0.00880545 0)
(0.300834 0.0104036 0)
(0.30115 0.0119948 0)
(0.301535 0.0135737 0)
(0.301995 0.0151329 0)
(0.302541 0.0166628 0)
(0.303178 0.0181519 0)
(0.303913 0.0195861 0)
(0.30475 0.0209496 0)
(0.305692 0.022224 0)
(0.306735 0.0233909 0)
(0.307877 0.0244294 0)
(0.309105 0.0253225 0)
(0.31041 0.0260496 0)
(0.311765 0.0266023 0)
(0.300002 0.000776236 0)
(0.300037 0.00232845 0)
(0.300107 0.00387913 0)
(0.300215 0.00542685 0)
(0.300364 0.00696974 0)
(0.300556 0.00850529 0)
(0.300797 0.01003 0)
(0.301091 0.0115392 0)
(0.301444 0.013027 0)
(0.301863 0.0144862 0)
(0.302353 0.0159077 0)
(0.302917 0.0172812 0)
(0.303562 0.0185945 0)
(0.304288 0.0198345 0)
(0.305096 0.0209866 0)
(0.305984 0.0220362 0)
(0.306947 0.0229674 0)
(0.307977 0.0237678 0)
(0.309064 0.0244216 0)
(0.31019 0.0249239 0)
(0.300002 0.000753777 0)
(0.300034 0.00226061 0)
(0.300098 0.00376428 0)
(0.300197 0.00526214 0)
(0.300333 0.0067512 0)
(0.300507 0.00822794 0)
(0.300723 0.00968809 0)
(0.300985 0.0111265 0)
(0.301298 0.0125371 0)
(0.301665 0.0139128 0)
(0.30209 0.015245 0)
(0.302576 0.0165247 0)
(0.303126 0.0177413 0)
(0.303741 0.0188838 0)
(0.30442 0.0199401 0)
(0.305161 0.0208989 0)
(0.305961 0.0217474 0)
(0.306811 0.0224767 0)
(0.307706 0.0230741 0)
(0.308631 0.0235372 0)
(0.300002 0.000733612 0)
(0.300029 0.00219977 0)
(0.300085 0.00366157 0)
(0.300171 0.00511545 0)
(0.300288 0.00655758 0)
(0.300438 0.00798371 0)
(0.300623 0.00938907 0)
(0.300847 0.0107682 0)
(0.301111 0.0121149 0)
(0.30142 0.0134223 0)
(0.301775 0.0146825 0)
(0.302179 0.0158872 0)
(0.302633 0.0170273 0)
(0.303138 0.0180932 0)
(0.303692 0.019075 0)
(0.304295 0.0199635 0)
(0.304943 0.0207483 0)
(0.30563 0.0214227 0)
(0.306351 0.0219764 0)
(0.307095 0.0224086 0)
(0.300001 0.000716573 0)
(0.300024 0.00214841 0)
(0.300069 0.00357502 0)
(0.300139 0.00499217 0)
(0.300234 0.00639542 0)
(0.300355 0.00778001 0)
(0.300504 0.00914079 0)
(0.300684 0.0104721 0)
(0.300895 0.0117678 0)
(0.301141 0.0130211 0)
(0.301424 0.0142248 0)
(0.301743 0.015371 0)
(0.302101 0.0164517 0)
(0.302498 0.0174587 0)
(0.302932 0.0183832 0)
(0.303403 0.0192178 0)
(0.303908 0.0199538 0)
(0.304444 0.020586 0)
(0.305005 0.0211057 0)
(0.305585 0.0215132 0)
(0.300001 0.000703252 0)
(0.300018 0.00210827 0)
(0.300051 0.00350744 0)
(0.300103 0.00489608 0)
(0.300173 0.00626928 0)
(0.300262 0.00762194 0)
(0.300372 0.00894865 0)
(0.300505 0.0102436 0)
(0.30066 0.0115007 0)
(0.300841 0.0127133 0)
(0.301048 0.0138745 0)
(0.301283 0.0149771 0)
(0.301545 0.0160135 0)
(0.301836 0.0169766 0)
(0.302154 0.0178585 0)
(0.302499 0.0186529 0)
(0.30287 0.0193523 0)
(0.303262 0.0199526 0)
(0.303675 0.0204463 0)
(0.304103 0.0208339 0)
(0.300001 0.000694077 0)
(0.300011 0.00208062 0)
(0.300032 0.00346083 0)
(0.300064 0.00482968 0)
(0.300108 0.00618197 0)
(0.300164 0.00751233 0)
(0.300233 0.00881517 0)
(0.300317 0.0100846 0)
(0.300416 0.0113145 0)
(0.300531 0.0124984 0)
(0.300664 0.0136295 0)
(0.300815 0.014701 0)
(0.300985 0.0157059 0)
(0.301174 0.0166374 0)
(0.301382 0.0174885 0)
(0.301609 0.0182535 0)
(0.301854 0.0189257 0)
(0.302116 0.019502 0)
(0.302392 0.019975 0)
(0.302681 0.0203477 0)
(0.3 0.000689352 0)
(0.300004 0.00206626 0)
(0.300013 0.00343629 0)
(0.300026 0.00479413 0)
(0.300045 0.00613433 0)
(0.300071 0.00745138 0)
(0.300104 0.00873954 0)
(0.300144 0.00999284 0)
(0.300194 0.011205 0)
(0.300253 0.0123697 0)
(0.300322 0.0134801 0)
(0.300403 0.0145297 0)
(0.300496 0.0155114 0)
(0.300601 0.016419 0)
(0.30072 0.0172458 0)
(0.300851 0.0179864 0)
(0.300997 0.0186347 0)
(0.301155 0.0191877 0)
(0.301327 0.0196393 0)
(0.301509 0.019991 0)
(0.299987 -0.00034101 0)
(0.299725 -0.00101916 0)
(0.29919 -0.00171564 0)
(0.298359 -0.00244438 0)
(0.297233 -0.00322066 0)
(0.295756 -0.00406384 0)
(0.293931 -0.00500095 0)
(0.291631 -0.00606967 0)
(0.288898 -0.00731145 0)
(0.285439 -0.00881633 0)
(0.281435 -0.0106432 0)
(0.276173 -0.0130485 0)
(0.270266 -0.0160825 0)
(0.261887 -0.020572 0)
(0.252999 -0.0264003 0)
(0.238585 -0.0365161 0)
(0.224839 -0.0499157 0)
(0.196363 -0.0779699 0)
(0.172191 -0.119223 0)
(0.0777918 -0.163387 0)
(0.299987 -0.000286081 0)
(0.299722 -0.000855874 0)
(0.299176 -0.00143995 0)
(0.298329 -0.00204926 0)
(0.297181 -0.00269577 0)
(0.295673 -0.00339518 0)
(0.293805 -0.0041683 0)
(0.291448 -0.00504649 0)
(0.288631 -0.00606067 0)
(0.285068 -0.00728812 0)
(0.280883 -0.00876905 0)
(0.275418 -0.0107286 0)
(0.269071 -0.0131866 0)
(0.260263 -0.0168763 0)
(0.250098 -0.0216563 0)
(0.23468 -0.0300891 0)
(0.216589 -0.0413111 0)
(0.185903 -0.0642615 0)
(0.145621 -0.0947524 0)
(0.0598564 -0.120756 0)
(0.299987 -0.000230244 0)
(0.299719 -0.000689909 0)
(0.299166 -0.0011595 0)
(0.298307 -0.00164703 0)
(0.297142 -0.00216089 0)
(0.295611 -0.0027128 0)
(0.29371 -0.00331688 0)
(0.29131 -0.0039972 0)
(0.288428 -0.00477384 0)
(0.284786 -0.00570739 0)
(0.28046 -0.00682041 0)
(0.27484 -0.00829119 0)
(0.268145 -0.0101169 0)
(0.258996 -0.0128764 0)
(0.247834 -0.016433 0)
(0.231567 -0.0227482 0)
(0.210357 -0.0311609 0)
(0.177809 -0.0478837 0)
(0.128433 -0.0693272 0)
(0.048562 -0.0822078 0)
(0.299987 -0.000174163 0)
(0.299717 -0.000522279 0)
(0.299159 -0.000876054 0)
(0.298292 -0.00124025 0)
(0.297116 -0.00161964 0)
(0.29557 -0.00202132 0)
(0.293646 -0.00245326 0)
(0.291219 -0.00293032 0)
(0.288292 -0.00346358 0)
(0.284597 -0.00409077 0)
(0.280177 -0.00482308 0)
(0.274452 -0.00577193 0)
(0.267519 -0.00693085 0)
(0.258134 -0.0086616 0)
(0.246292 -0.010879 0)
(0.229407 -0.014794 0)
(0.206188 -0.0200386 0)
(0.172216 -0.0302632 0)
(0.118032 -0.0432777 0)
(0.0417763 -0.0489232 0)
(0.299987 -0.000117885 0)
(0.299716 -0.000353599 0)
(0.299155 -0.000590805 0)
(0.298285 -0.000830748 0)
(0.297103 -0.00107459 0)
(0.29555 -0.0013244 0)
(0.293616 -0.00158238 0)
(0.291175 -0.00185295 0)
(0.288227 -0.00213934 0)
(0.284507 -0.00245269 0)
(0.280039 -0.00279652 0)
(0.274264 -0.00320362 0)
(0.267213 -0.00367357 0)
(0.257709 -0.00431701 0)
(0.245527 -0.00511802 0)
(0.228314 -0.00647508 0)
(0.204088 -0.00832709 0)
(0.169318 -0.0119595 0)
(0.112934 -0.0167846 0)
(0.0384494 -0.018547 0)
(0.299987 -6.15301e-05 0)
(0.299716 -0.000184593 0)
(0.299156 -0.000305017 0)
(0.298286 -0.000420444 0)
(0.297105 -0.000528393 0)
(0.295552 -0.000625861 0)
(0.293619 -0.000709314 0)
(0.291179 -0.000772439 0)
(0.288233 -0.000810884 0)
(0.284515 -0.000807971 0)
(0.280051 -0.000761033 0)
(0.274281 -0.000620354 0)
(0.267238 -0.000393942 0)
(0.257743 6.94944e-05 0)
(0.245567 0.000713704 0)
(0.228351 0.00197298 0)
(0.204066 0.00360353 0)
(0.169209 0.00661339 0)
(0.112496 0.00987291 0)
(0.0381237 0.0108343 0)
(0.299987 -5.27041e-06 0)
(0.299717 -1.60383e-05 0)
(0.29916 -2.00242e-05 0)
(0.298295 -1.1336e-05 0)
(0.29712 1.61432e-05 0)
(0.295576 7.03471e-05 0)
(0.293655 0.00016067 0)
(0.291231 0.000303655 0)
(0.28831 0.000511684 0)
(0.284623 0.000827554 0)
(0.280213 0.001262 0)
(0.274503 0.00194269 0)
(0.267594 0.00285639 0)
(0.258235 0.00440761 0)
(0.246414 0.00647238 0)
(0.229527 0.0103154 0)
(0.206136 0.0153769 0)
(0.171916 0.025059 0)
(0.116673 0.0364717 0)
(0.0407686 0.0408543 0)
(0.299987 5.07941e-05 0)
(0.299719 0.00015137 0)
(0.299167 0.000262934 0)
(0.298311 0.000394697 0)
(0.297148 0.000556398 0)
(0.295621 0.000760473 0)
(0.293725 0.00102257 0)
(0.291332 0.0013681 0)
(0.288458 0.00181878 0)
(0.284827 0.00243911 0)
(0.280521 0.0032525 0)
(0.274925 0.00445159 0)
(0.26827 0.00602862 0)
(0.259169 0.00860901 0)
(0.248048 0.0120213 0)
(0.231799 0.0183203 0)
(0.210315 0.0266389 0)
(0.177418 0.0430163 0)
(0.126012 0.0627688 0)
(0.0467915 0.0733149 0)
(0.299987 0.00010665 0)
(0.299722 0.000317079 0)
(0.299178 0.000542729 0)
(0.298334 0.000795892 0)
(0.29719 0.00108988 0)
(0.295687 0.00144096 0)
(0.293826 0.00187156 0)
(0.291478 0.00241397 0)
(0.288673 0.00310112 0)
(0.285126 0.00401297 0)
(0.280967 0.00519143 0)
(0.275537 0.0068738 0)
(0.269246 0.00907695 0)
(0.260513 0.0125862 0)
(0.250424 0.01723 0)
(0.235088 0.0257365 0)
(0.216653 0.0370322 0)
(0.185661 0.0601242 0)
(0.141909 0.088933 0)
(0.0572848 0.110691 0)
(0.299987 0.000161504 0)
(0.299726 0.000479859 0)
(0.299192 0.000817319 0)
(0.298365 0.00118933 0)
(0.297244 0.00161253 0)
(0.295774 0.00210667 0)
(0.293958 0.00270039 0)
(0.291669 0.00343201 0)
(0.288951 0.00434499 0)
(0.285514 0.00553114 0)
(0.28154 0.00705068 0)
(0.276325 0.00917067 0)
(0.270491 0.0119358 0)
(0.262226 0.0162333 0)
(0.253469 0.0219 0)
(0.239295 0.0321709 0)
(0.225257 0.0457604 0)
(0.196938 0.0748702 0)
(0.167255 0.115917 0)
(0.0753329 0.154431 0)
)
;

boundaryField
{
    inlet
    {
        type            fixedValue;
        value           uniform (0.3 0 0);
    }
    outlet
    {
        type            zeroGradient;
    }
    upAndBottom
    {
        type            empty;
    }
    obstacle
    {
        type            noSlip;
    }
}


// ************************************************************************* //
