/*--------------------------------*- C++ -*----------------------------------*\
| =========                 |                                                 |
| \\      /  F ield         | OpenFOAM: The Open Source CFD Toolbox           |
|  \\    /   O peration     | Version:  v1806                                 |
|   \\  /    A nd           | Web:      www.OpenFOAM.com                      |
|    \\/     M anipulation  |                                                 |
\*---------------------------------------------------------------------------*/
FoamFile
{
    version     2.0;
    format      ascii;
    class       surfaceScalarField;
    location    "40";
    object      phi;
}
// * * * * * * * * * * * * * * * * * * * * * * * * * * * * * * * * * * * * * //

dimensions      [0 3 -1 0 0 0 0];
oriented        oriented;


internalField   nonuniform List<scalar> 
4680
(
0.105045
-0.000435995
0.104908
-0.00439306
0.104719
-0.00852182
0.104936
-0.00802908
0.105201
-0.00931318
0.104648
-0.019623
0.103426
-0.0331724
0.102605
-0.0398205
0.102263
-0.0414506
0.10074
-0.0500158
0.0960838
-0.0713982
0.0877073
-0.0991887
0.0765472
-0.122768
0.0641386
-0.135991
0.0518658
-0.138815
0.0406942
-0.134182
0.0311591
-0.125016
0.0234348
-0.113421
0.0174298
-0.100746
-0.087953
0.0127955
0.105042
-0.000478192
0.104877
-0.0042283
0.104627
-0.00827104
0.104756
-0.00815872
0.104925
-0.00948215
0.104294
-0.0189914
0.102914
-0.0317931
0.101655
-0.0385609
0.100576
-0.0403718
0.0983054
-0.0477452
0.0934116
-0.0665044
0.0856643
-0.0914414
0.075862
-0.112966
0.0651012
-0.12523
0.0543317
-0.128046
0.0442407
-0.124091
0.0352587
-0.116034
0.0276101
-0.105773
0.0213371
-0.094473
-0.0830046
0.0163887
0.105031
-0.000509452
0.104843
-0.00403985
0.104552
-0.00798022
0.104571
-0.0081773
0.104589
-0.00950106
0.103871
-0.0182728
0.102387
-0.0303097
0.100786
-0.0369594
0.0991893
-0.0387751
0.0966651
-0.0452211
0.0920468
-0.0618861
0.0848741
-0.0842688
0.0755933
-0.103685
0.0652329
-0.114869
0.0548471
-0.11766
0.0451945
-0.114438
0.0366818
-0.107521
0.0294561
-0.0985471
0.0234643
-0.0884812
-0.0781083
0.018568
0.105017
-0.000526846
0.104818
-0.00384067
0.10449
-0.00765157
0.104385
-0.00807226
0.104264
-0.00938103
0.103471
-0.0174796
0.101881
-0.0287199
0.10001
-0.0350882
0.0980673
-0.0368321
0.0953452
-0.042499
0.0908019
-0.0573428
0.0840174
-0.0774842
0.0754388
-0.0951064
0.0659456
-0.105376
0.0563464
-0.108061
0.0472293
-0.105321
0.0389772
-0.099269
0.0318192
-0.0913892
0.0257946
-0.0824565
-0.0731664
0.0208527
0.105006
-0.000532456
0.104797
-0.00363158
0.104427
-0.00728157
0.104215
-0.00786049
0.103976
-0.00914243
0.103096
-0.0165997
0.101402
-0.0270252
0.099344
-0.0330307
0.0971736
-0.0346616
0.0943236
-0.039649
0.0898753
-0.0528944
0.0833997
-0.0710086
0.0752388
-0.0869455
0.066191
-0.0963284
0.0570585
-0.0989281
0.0484133
-0.0966757
0.0405669
-0.0914225
0.0336865
-0.0845088
0.0277891
-0.0765591
-0.0682244
0.0228472
0.104995
-0.0005279
0.104775
-0.003411
0.104366
-0.00687292
0.104064
-0.00755827
0.103718
-0.00879662
0.102753
-0.0156344
0.100971
-0.0252431
0.0987753
-0.0308352
0.0964376
-0.032324
0.0934983
-0.0367097
0.0891378
-0.0485339
0.0829544
-0.0648252
0.0752441
-0.0792352
0.0667042
-0.0877884
0.0580253
-0.0902492
0.0497278
-0.0883782
0.0421258
-0.0838206
0.0354109
-0.0777939
0.0296002
-0.0707484
-0.0633135
0.0246893
0.104987
-0.00051445
0.104754
-0.00317825
0.10431
-0.00642876
0.103929
-0.0071778
0.10349
-0.00835724
0.102446
-0.0145911
0.100586
-0.0233829
0.0982855
-0.0285344
0.0958377
-0.0298762
0.0928519
-0.0337239
0.0885663
-0.0442483
0.0825896
-0.0588485
0.0751869
-0.0718326
0.0670147
-0.0796162
0.0587194
-0.081954
0.050773
-0.0804317
0.0434455
-0.076493
0.0369232
-0.0712716
0.0312187
-0.065044
-0.0584519
0.0263572
0.104979
-0.000493058
0.104734
-0.00293341
0.104257
-0.00595247
0.103809
-0.00672975
0.103289
-0.00783642
0.102175
-0.0134776
0.100249
-0.0214572
0.0978704
-0.0261554
0.0953419
-0.0273477
0.0923239
-0.0307059
0.0881155
-0.04004
0.0823458
-0.0530788
0.0752405
-0.0647273
0.067393
-0.0717687
0.0594025
-0.0739634
0.0517226
-0.0727519
0.0446108
-0.0693812
0.0382588
-0.0649196
0.0326619
-0.0594471
-0.0536695
0.0278795
0.104971
-0.000464541
0.104715
-0.00267722
0.10421
-0.00544736
0.103703
-0.00622304
0.103112
-0.00724531
0.101938
-0.0123032
0.0999569
-0.0194762
0.097517
-0.0237155
0.0949329
-0.0247636
0.0919036
-0.0276766
0.0877642
-0.0359006
0.0821518
-0.0474664
0.0752748
-0.0578503
0.0676942
-0.0641881
0.0599707
-0.06624
0.0525315
-0.0653126
0.0456152
-0.062465
0.0394259
-0.0587303
0.0339399
-0.0539611
-0.048997
0.0292673
0.104965
-0.000429716
0.104699
-0.00241063
0.104168
-0.00491668
0.10361
-0.00566554
0.102959
-0.00659369
0.101732
-0.0110767
0.0997061
-0.0174499
0.0972188
-0.0212282
0.0945936
-0.0221384
0.091561
-0.024644
0.0874886
-0.0318282
0.0820205
-0.0419983
0.075341
-0.0511709
0.0679785
-0.0568255
0.0604673
-0.0587288
0.0532221
-0.0580675
0.0464701
-0.055713
0.040432
-0.0526922
0.035058
-0.0485871
-0.0444765
0.0305375
0.10496
-0.00038933
0.104684
-0.00213472
0.104131
-0.00436366
0.103529
-0.00506424
0.102826
-0.00589047
0.101556
-0.00980659
0.0994927
-0.0153866
0.0969682
-0.0187037
0.0943137
-0.0194838
0.0912843
-0.0216146
0.0872701
-0.0278139
0.0819188
-0.036647
0.0753994
-0.0446515
0.0682161
-0.0496422
0.0608799
-0.0513926
0.0537944
-0.050982
0.0471792
-0.0490978
0.0412802
-0.0467931
0.0360174
-0.0433243
-0.0401649
0.0317058
0.104955
-0.000344073
0.104671
-0.00185069
0.104098
-0.00379144
0.10346
-0.0044255
0.102713
-0.00514371
0.101407
-0.00850038
0.0993134
-0.0132932
0.0967595
-0.0161499
0.094083
-0.0168073
0.0910596
-0.0185911
0.087097
-0.0238514
0.0818448
-0.0313948
0.0754561
-0.0382627
0.0684145
-0.0426006
0.0612139
-0.044192
0.0542514
-0.0440195
0.0477435
-0.0425899
0.0419682
-0.0410178
0.0368143
-0.0381704
-0.0361411
0.0327906
0.104951
-0.000294621
0.10466
-0.00155974
0.104071
-0.00320298
0.103401
-0.00375523
0.102618
-0.0043608
0.101282
-0.00716464
0.0991647
-0.0111757
0.0965877
-0.0135728
0.0938946
-0.0141142
0.0908777
-0.0155743
0.0869584
-0.019932
0.0817863
-0.0262227
0.0755007
-0.0319771
0.0685684
-0.0356684
0.0614686
-0.0370922
0.0545933
-0.0371442
0.0481607
-0.0361574
0.0424877
-0.0353448
0.0374381
-0.0331209
-0.0325148
0.0338118
0.104947
-0.000241639
0.10465
-0.00126308
0.104048
-0.00260112
0.103352
-0.00305906
0.10254
-0.00354843
0.10118
-0.0058051
0.0990437
-0.00903902
0.0964485
-0.0109776
0.0937426
-0.0114083
0.0907313
-0.012563
0.0868465
-0.0160473
0.0817371
-0.0211133
0.0755301
-0.0257701
0.0686773
-0.0288156
0.0616453
-0.0300602
0.0548198
-0.0303187
0.0484272
-0.0297647
0.0428226
-0.0297403
0.0378706
-0.0281688
-0.0294356
0.0347913
0.104944
-0.0001858
0.104643
-0.000961908
0.10403
-0.0019885
0.103314
-0.00234229
0.102478
-0.00271286
0.1011
-0.00442683
0.0989481
-0.00688733
0.0963386
-0.00836816
0.0936222
-0.00869188
0.0906146
-0.00955539
0.0867554
-0.0121881
0.0816927
-0.0160506
0.0755419
-0.0196193
0.0687416
-0.0220152
0.0617458
-0.0230644
0.0549314
-0.0235043
0.0485397
-0.0233731
0.0429478
-0.0241483
0.0380853
-0.0233063
-0.0270965
0.0357462
0.104942
-0.000127817
0.104638
-0.000657419
0.104017
-0.00136758
0.103284
-0.00161
0.102431
-0.00186001
0.101039
-0.00303436
0.0988757
-0.00472403
0.0962551
-0.00574758
0.0935298
-0.00596658
0.0905233
-0.00654885
0.0866809
-0.0083457
0.08165
-0.0110196
0.0755354
-0.0135048
0.0687633
-0.0152431
0.0617739
-0.016075
0.0549301
-0.0166604
0.0484912
-0.0169341
0.0428254
-0.0184826
0.0380474
-0.0185283
-0.0257161
0.0366671
0.104941
-6.84516e-05
0.104634
-0.000350759
0.104007
-0.000740667
0.103264
-0.000867062
0.1024
-0.000995562
0.100997
-0.00163197
0.0988253
-0.002552
0.0961958
-0.00311813
0.0934625
-0.00323325
0.0904543
-0.00354065
0.0866203
-0.00451179
0.0816077
-0.00600703
0.0755113
-0.00740834
0.0687462
-0.00847801
0.0617356
-0.00906439
0.0548226
-0.00974749
0.0482748
-0.0103863
0.0424031
-0.0126108
0.037706
-0.0138311
-0.0254594
0.0374492
0.10494
-8.58232e-06
0.104632
-4.29163e-05
0.104002
-0.000110016
0.103253
-0.000118196
0.102382
-0.000124938
0.100974
-0.000223808
0.0987957
-0.000373688
0.0961589
-0.000481331
0.0934181
-0.000492457
0.0904059
-0.000528436
0.0865729
-0.000678764
0.0815664
-0.00100057
0.0754715
-0.00131348
0.0686955
-0.00170195
0.0616388
-0.00200776
0.0546228
-0.00273144
0.0478885
-0.00365208
0.0416264
-0.00634875
0.0369424
-0.00914711
-0.026171
0.037654
0.104941
5.07466e-05
0.104633
0.000265205
0.104
0.000522323
0.10325
0.000632011
0.102379
0.000746361
0.100969
0.00118584
0.0987866
0.00180874
0.0961433
0.00216201
0.0933957
0.00225514
0.0903782
0.00248903
0.08654
0.00315948
0.0815281
0.00401136
0.0754194
0.00479519
0.0686167
0.0051007
0.0614936
0.00511539
0.0543513
0.0044108
0.0473416
0.00335767
0.0405036
0.000489301
0.035471
-0.00411453
-0.0261877
0.0354877
0.104942
0.000108969
0.104634
0.000572574
0.104004
0.00115298
0.103258
0.00137814
0.102391
0.00161261
0.100985
0.00259197
0.098803
0.00399098
0.0961562
0.0048088
0.0934049
0.00500646
0.0903819
0.00551199
0.0865321
0.00700931
0.0814989
0.00904457
0.0753583
0.0109358
0.068513
0.011946
0.0613146
0.0123138
0.0540308
0.0116947
0.0466508
0.0107377
0.0390489
0.00809115
0.0324874
0.00244696
0.0250538
-0.0187542
0.0122962
-0.0107991
0.011841
-0.0105896
0.0114002
-0.0103707
0.0109753
-0.0101551
0.0105666
-0.00994224
0.0101746
-0.00973232
0.00979944
-0.00952543
0.0094416
-0.00932164
0.00910177
-0.00912121
-0.00891989
0.00876864
0.0158065
-0.0102169
0.0152306
-0.0100136
0.0146772
-0.00981736
0.0141447
-0.00962257
0.013632
-0.00942959
0.0131381
-0.00923847
0.012662
-0.00904925
0.0122024
-0.00886205
0.0117581
-0.0086769
-0.00849573
0.0113339
0.0179948
-0.00964371
0.0174464
-0.00946523
0.016914
-0.00928497
0.0163974
-0.00910597
0.0158961
-0.00892822
0.0154095
-0.00875186
0.0149372
-0.00857702
0.014479
-0.00840379
0.0140343
-0.00823225
-0.00806164
0.0136002
0.020264
-0.00905502
0.0196879
-0.00888917
0.0191277
-0.00872474
0.0185828
-0.00856105
0.0180528
-0.00839825
0.0175374
-0.00823644
0.0170361
-0.00807572
0.0165485
-0.00791619
0.0160742
-0.00775794
-0.00760132
0.0156138
0.0222522
-0.00846002
0.0216734
-0.00831043
0.0211091
-0.00816039
0.0205588
-0.00801073
0.020022
-0.00786153
0.0194985
-0.0077129
0.0189878
-0.00756497
0.0184894
-0.00741783
0.018003
-0.00727159
-0.00712616
0.0175279
0.0240928
-0.0078636
0.0235092
-0.00772677
0.0229385
-0.00758973
0.0223805
-0.0074527
0.0218348
-0.0073158
0.021301
-0.00717913
0.0207788
-0.00704282
0.020268
-0.00690698
0.0197681
-0.00677171
-0.0066371
0.0192791
0.0257619
-0.00726833
0.025179
-0.00714382
0.0246078
-0.00701856
0.024048
-0.00689295
0.0234993
-0.0067671
0.0229613
-0.00664113
0.0224337
-0.00651516
0.021916
-0.00638932
0.021408
-0.00626372
-0.00613839
0.0209093
0.0272898
-0.00667863
0.0267109
-0.00656486
0.0261423
-0.00645002
0.0255838
-0.00633444
0.025035
-0.00621823
0.0244953
-0.00610151
0.0239646
-0.00598443
0.0234424
-0.00586712
0.0229284
-0.00574971
-0.00563226
0.0224223
0.0286873
-0.00609856
0.0281167
-0.00599431
0.0275552
-0.00588848
0.0270022
-0.00578144
0.0264572
-0.00567329
0.0259199
-0.00556417
0.0253897
-0.00545427
0.0248664
-0.00534373
0.0243493
-0.0052327
-0.00512125
0.0238383
0.0299725
-0.00553356
0.0294155
-0.0054373
0.0288658
-0.00533885
0.0283229
-0.00523855
0.0277862
-0.00513654
0.027255
-0.00503299
0.0267289
-0.00492812
0.0262073
-0.00482212
0.0256897
-0.00471516
-0.00460732
0.0251758
0.0311628
-0.0049905
0.0306259
-0.00490047
0.0300945
-0.00480737
0.0295675
-0.00471158
0.0290442
-0.00461326
0.0285238
-0.00451263
0.0280057
-0.00440997
0.0274891
-0.00430555
0.0269735
-0.00419958
-0.00409213
0.0264584
0.0322786
-0.00447855
0.0317706
-0.00439248
0.0312654
-0.00430209
0.0307616
-0.00420783
0.0302582
-0.00410988
0.0297542
-0.00400856
0.0292484
-0.00390425
0.0287402
-0.00379733
0.0282287
-0.00368809
-0.00357656
0.0277132
0.0333431
-0.00400985
0.0328753
-0.00392464
0.0324065
-0.00383333
0.0319351
-0.00373643
0.0314595
-0.0036342
0.030978
-0.00352708
0.0304894
-0.00341565
0.0299925
-0.00330046
0.0294863
-0.0031819
-0.00305995
0.0289697
0.0343813
-0.00359989
0.0339678
-0.0035111
0.0335481
-0.0034136
0.0331197
-0.00330803
0.0326802
-0.00319476
0.0322276
-0.00307446
0.03176
-0.00294799
0.0312757
-0.00281622
0.0307736
-0.00267974
-0.00253837
0.030252
0.0354131
-0.0032668
0.0350695
-0.00316748
0.0347117
-0.0030558
0.0343362
-0.00293252
0.0339396
-0.00279825
0.0335192
-0.00265405
0.0330725
-0.00250128
0.0325976
-0.00234124
0.0320926
-0.0021748
-0.00200153
0.0315558
0.0364256
-0.00302533
0.0361627
-0.00290454
0.035873
-0.00276608
0.0355519
-0.00261144
0.0351954
-0.00244183
0.0348004
-0.00225904
0.0343642
-0.00206508
0.0338848
-0.00186178
0.0333601
-0.00165014
-0.00142904
0.0327876
0.0372836
-0.00285973
0.0370824
-0.00270327
0.0368361
-0.00251984
0.0365407
-0.00231605
0.0361934
-0.00209446
0.0357923
-0.00185794
0.0353361
-0.00160895
0.0348234
-0.00134902
0.0342512
-0.00107799
-0.00079235
0.0336145
0.0374684
-0.00267413
0.0372068
-0.00244175
0.0368791
-0.0021921
0.0364895
-0.00192643
0.0360444
-0.00164938
0.0355503
-0.00136384
0.0350116
-0.00107023
0.0344285
-0.000765962
0.033795
-0.000444448
-9.42725e-05
0.0330969
0.0349276
-0.00211398
0.0342756
-0.00178975
0.0335679
-0.00148438
0.0328435
-0.00120205
0.0321334
-0.000939315
0.0314597
-0.000690125
0.0308343
-0.000444837
0.030257
-0.00018868
0.0297053
0.000107229
0.000498276
0.0291128
0.0229399
0.0211501
0.0196657
0.0184637
0.0175244
0.0168342
0.0163894
0.0162007
0.0163079
0.0168062
0.00724246
-0.0396569
0.00602305
-0.0355501
0.00503345
-0.0317304
0.00422497
-0.028216
0.00356153
-0.0250057
0.00301565
-0.0220896
0.00256576
-0.0194516
0.00219459
-0.0170715
0.0018882
-0.0149269
0.00163528
-0.0129944
0.0014267
-0.0112504
0.00125508
-0.00967183
0.00111452
-0.00823639
0.0010003
-0.00692305
0.000908769
-0.00571198
0.000837126
-0.00458512
0.000783313
-0.00352832
0.000745736
-0.00253883
0.000722881
-0.00164807
-0.000989473
0.00958527
-0.0379082
0.00809603
-0.0340609
0.00684311
-0.0304774
0.00579295
-0.0271658
0.00491525
-0.024128
0.00418301
-0.0213574
0.00357288
-0.0188415
0.00306509
-0.0165637
0.00264298
-0.0145048
0.0022926
-0.0126441
0.0020024
-0.0109602
0.00176282
-0.00943225
0.00156609
-0.00803966
0.00140595
-0.0067629
0.00127745
-0.00558348
0.00117687
-0.00448453
0.00110144
-0.0034529
0.00104906
-0.00248645
0.0010173
-0.00161631
-0.000972714
0.011682
-0.03599
0.0100343
-0.0324132
0.00861865
-0.0290618
0.00740548
-0.0259526
0.0063685
-0.0230911
0.00548495
-0.0204739
0.0047347
-0.0180912
0.0040998
-0.0159288
0.00356431
-0.0139693
0.00311426
-0.012194
0.0027375
-0.0105835
0.00242368
-0.00911843
0.00216408
-0.00778007
0.00195154
-0.00655036
0.0017803
-0.00541225
0.00164596
-0.00435018
0.00154518
-0.00335213
0.0014753
-0.00241657
0.00143276
-0.00157377
-0.000949175
0.0136084
-0.0339845
0.0118441
-0.030649
0.0102985
-0.0275161
0.00894917
-0.0246033
0.0077764
-0.0219183
0.00676186
-0.0194593
0.00588839
-0.0172177
0.00513993
-0.0151803
0.00450158
-0.013331
0.00395973
-0.0116522
0.00350219
-0.0101259
0.00311822
-0.00873446
0.00279861
-0.00746045
0.00253562
-0.00628737
0.00232295
-0.00519959
0.00215568
-0.00418291
0.00203002
-0.00322647
0.00194271
-0.00232926
0.00188918
-0.00152024
-0.000918903
0.0154203
-0.0318769
0.0135442
-0.0287729
0.0118783
-0.0258501
0.0104051
-0.0231302
0.00910922
-0.0206224
0.00797587
-0.018326
0.00699051
-0.0162324
0.00613876
-0.0143286
0.00540663
-0.0125988
0.00478085
-0.0110264
0.00424917
-0.00959426
0.00380059
-0.00828588
0.00342547
-0.00708534
0.00311564
-0.00597753
0.00286433
-0.00494828
0.00266618
-0.00398476
0.00251697
-0.00307725
0.00241289
-0.00222518
0.0023485
-0.00145585
-0.00088196
0.0170985
-0.0296963
0.0151276
-0.0268021
0.0133538
-0.0240763
0.0117668
-0.0215432
0.010357
-0.0192126
0.0091137
-0.0170827
0.00802518
-0.0151439
0.00707855
-0.0133819
0.00626054
-0.0117808
0.00555804
-0.0103239
0.00495866
-0.00899488
0.00445106
-0.00777827
0.00402518
-0.00665946
0.0036724
-0.00562476
0.00338555
-0.00466142
0.00315882
-0.00375803
0.00298757
-0.00290601
0.00286753
-0.00210513
0.00279255
-0.00138087
-0.000838459
0.0186628
-0.0274498
0.0166041
-0.0247434
0.0147282
-0.0222004
0.0130331
-0.019848
0.0115154
-0.0176949
0.0101689
-0.0157363
0.00898445
-0.0139594
0.00795037
-0.0123479
0.00705379
-0.0108842
0.00628151
-0.00955161
0.00562076
-0.00833413
0.00505975
-0.00721726
0.00458795
-0.00618766
0.00419625
-0.00523306
0.00387706
-0.00434223
0.00362418
-0.00350515
0.00343256
-0.00271439
0.0032975
-0.00197007
0.00321235
-0.00129572
-0.000788607
0.0201209
-0.0251484
0.0179795
-0.022602
0.0160043
-0.0202252
0.0142035
-0.0180473
0.0125815
-0.016073
0.011137
-0.0142917
0.00986276
-0.0126852
0.00874816
-0.0112332
0.00778015
-0.00991623
0.00694502
-0.00871648
0.00622935
-0.00761846
0.0056207
-0.00660861
0.00510795
-0.00567491
0.00468153
-0.00480664
0.00433337
-0.00399408
0.00405691
-0.00322869
0.00384674
-0.00250423
0.00369781
-0.00182114
0.00360308
-0.00120098
-0.000732724
0.0214874
-0.0227975
0.0192627
-0.0203773
0.0171855
-0.018148
0.0152776
-0.0161393
0.0135524
-0.0143477
0.0120132
-0.0127525
0.0106549
-0.0113269
0.00946665
-0.010045
0.00843451
-0.0088841
0.00754373
-0.0078257
0.00677986
-0.00685459
0.00612959
-0.00595834
0.00558113
-0.00512645
0.00512435
-0.00434986
0.00475079
-0.00362052
0.00445351
-0.00293141
0.0042268
-0.00227751
0.00406532
-0.00165966
0.00396178
-0.00109745
-0.000671239
0.022777
-0.0203987
0.0204624
-0.0180626
0.0182747
-0.0159603
0.0162536
-0.0141182
0.0144235
-0.0125176
0.0127923
-0.0111213
0.0113554
-0.00989003
0.0101006
-0.00879016
0.00901212
-0.00779565
0.0080734
-0.00688698
0.00726849
-0.00604968
0.00658299
-0.00527283
0.00600432
-0.00454778
0.00552181
-0.00386735
0.00512658
-0.00322529
0.00481141
-0.00261623
0.00457032
-0.00203643
0.0043978
-0.00148714
0.00428637
-0.000986026
-0.000604682
0.024007
-0.0179474
0.0215868
-0.0156425
0.0192725
-0.013646
0.0171273
-0.011973
0.0151882
-0.0105786
0.013467
-0.00940011
0.0119575
-0.00838055
0.0106443
-0.00747697
0.00950833
-0.00665964
0.00853017
-0.00590882
0.00769199
-0.0052115
0.00697807
-0.00455891
0.006375
-0.00394471
0.00587158
-0.00336393
0.00545861
-0.00281232
0.00512861
-0.00228624
0.00487547
-0.00178329
0.00469354
-0.0013052
0.00457528
-0.00086777
-0.000533661
0.0251944
-0.0154286
0.0226415
-0.0130895
0.0201753
-0.0111799
0.01789
-0.00968762
0.0158366
-0.00852517
0.0140281
-0.00759163
0.0124537
-0.00680617
0.011092
-0.00611519
0.00991859
-0.00548626
0.00891056
-0.00490079
0.00804761
-0.00434856
0.00731257
-0.00382388
0.00669122
-0.00332336
0.00617192
-0.00284463
0.00574525
-0.00238565
0.00540362
-0.00194462
0.00514085
-0.00152051
0.00495124
-0.00111559
0.00482729
-0.000743823
-0.000458848
0.0263517
-0.0128106
0.0236231
-0.0103609
0.0209702
-0.00852697
0.0185253
-0.00724269
0.0163531
-0.00635294
0.0144631
-0.00570164
0.0128348
-0.00517786
0.0114371
-0.00471749
0.0102386
-0.00428777
0.00921163
-0.00387384
0.00833326
-0.00347019
0.00758489
-0.0030755
0.00695163
-0.00269011
0.00642162
-0.00231461
0.00598538
-0.00194941
0.00563536
-0.0015946
0.00536542
-0.00125057
0.00516994
-0.000920115
0.00504151
-0.000615393
-0.000380951
0.0274746
-0.0100333
0.0245088
-0.00739519
0.0216268
-0.0056449
0.0190041
-0.00461997
0.0167144
-0.00406329
0.0147555
-0.00374271
0.01309
-0.0035124
0.0116732
-0.00330069
0.0104646
-0.00307912
0.00943124
-0.00284051
0.00854766
-0.0025866
0.00779415
-0.00232199
0.00715555
-0.0020515
0.00662004
-0.00177911
0.00617836
-0.00150773
0.00582318
-0.00123942
0.00554855
-0.000975946
0.00534901
-0.00072058
0.00521734
-0.000483721
-0.000300691
0.0285149
-0.00699241
0.0252346
-0.00411484
0.0220828
-0.00249315
0.019277
-0.00181412
0.0168868
-0.00167313
0.0148847
-0.00174058
0.0132081
-0.00183579
0.0117947
-0.00188731
0.010594
-0.00187848
0.00956848
-0.00181494
0.00869061
-0.00170874
0.00794041
-0.00157179
0.00730301
-0.00141411
0.00676713
-0.00124323
0.00632404
-0.00106463
0.00596683
-0.00088221
0.00568993
-0.000699042
0.00548812
-0.000518776
0.00535446
-0.000350059
-0.000218762
0.0293242
-0.00352904
0.025657
-0.000447564
0.022223
0.000940801
0.0192657
0.00114325
0.016824
0.000768522
0.0148265
0.000256898
0.0131779
-0.000187163
0.0117975
-0.000506885
0.0106264
-0.000707373
0.00962413
-0.000812698
0.00876331
-0.000847917
0.00802476
-0.000833236
0.00739488
-0.00078423
0.0068635
-0.000711847
0.00642276
-0.000623898
0.00606649
-0.000525932
0.00578959
-0.000422147
0.00558722
-0.000316407
0.00545282
-0.000215657
-0.000135789
0.0295437
0.000541836
0.0254961
0.00360003
0.021851
0.00458584
0.0188574
0.00413683
0.0164704
0.00315552
0.014557
0.00217031
0.0129918
0.00137804
0.0116815
0.000803481
0.0105641
0.000409965
0.0096013
0.000150138
0.00876857
-1.51854e-05
0.00804941
-0.000114081
0.0074328
-0.000167621
0.0069103
-0.000189343
0.00647535
-0.00018895
0.00612268
-0.000173259
0.00584789
-0.000147367
0.00564653
-0.000115038
0.00551265
-8.17781e-05
-5.22485e-05
0.0284296
0.00520919
0.0242485
0.0077811
0.0206704
0.00816392
0.0179145
0.0068927
0.0157715
0.00529856
0.0140638
0.003878
0.0126537
0.00278816
0.0114545
0.00200262
0.0104151
0.00144941
0.00950622
0.00105902
0.00871062
0.000780421
0.00801763
0.000578902
0.00741917
0.000430837
0.00690925
0.000320577
0.006483
0.000237303
0.00613625
0.000173496
0.00586545
0.000123433
0.00566645
8.39595e-05
0.00553443
5.02418e-05
3.16432e-05
0.024593
0.009729
0.021142
0.0112321
0.0183542
0.0109517
0.0163387
0.00890814
0.0147171
0.00692014
0.0133637
0.00523142
0.0121839
0.00396794
0.011134
0.00305251
0.0101922
0.00239128
0.00934831
0.00190288
0.00859692
0.00153181
0.00793438
0.00124145
0.00735734
0.00100788
0.00686266
0.000815256
0.00644733
0.000652634
0.00610834
0.000512479
0.00584308
0.000388695
0.0056476
0.000279442
0.00551884
0.000179007
0.000115894
0.0165063
0.0100289
0.0157645
0.011974
0.0149718
0.0117444
0.0142658
0.00961411
0.0134184
0.00776753
0.012535
0.00611478
0.0116321
0.00487085
0.0107512
0.00393344
0.00991506
0.00322743
0.00914008
0.00267785
0.00843515
0.00223673
0.00780493
0.00187167
0.00725101
0.0015618
0.0067732
0.00129307
0.00637035
0.00105548
0.00604049
0.000842334
0.00578216
0.000647028
0.00559079
0.000470814
0.00546621
0.000303587
0.000199136
0.00268712
0.00734181
0.0033293
0.0113318
0.00364312
0.0114306
0.00368715
0.00957008
0.00359853
0.00785614
0.00342911
0.0062842
0.00321991
0.00508005
0.00299692
0.00415643
0.00277605
0.0034483
0.0025664
0.0028875
0.00237311
0.00243003
0.00219884
0.00204593
0.00204486
0.00171577
0.00191159
0.00142635
0.00179894
0.00116813
0.00170663
0.000934644
0.00163409
0.00071957
0.00158088
0.000524023
0.00154418
0.000340286
0.000218978
0.00198784
0.00535397
0.00286849
0.0104511
0.00338026
0.0109188
0.0035256
0.00942475
0.0035002
0.00788154
0.0033642
0.0064202
0.00317499
0.00526927
0.00296378
0.00436764
0.00275037
0.0036617
0.00254566
0.00309221
0.00235579
0.00261989
0.00218402
0.00221771
0.0020319
0.00186789
0.00190006
0.00155819
0.00178851
0.00127968
0.00169707
0.00102608
0.00162511
0.000791528
0.00157251
0.000576624
0.00153593
0.000376865
0.000238265
0.00146678
0.00388719
0.00249547
0.00942245
0.00314524
0.010269
0.00338034
0.00918965
0.00340857
0.00785331
0.00330275
0.00652602
0.00313138
0.00544063
0.00293094
0.00456808
0.00272441
0.00386824
0.00252431
0.00329231
0.00233771
0.00280649
0.00216833
0.00238708
0.00201804
0.00201818
0.00188761
0.00168863
0.00177717
0.00139012
0.0016866
0.00111665
0.00161528
0.000862841
0.00156319
0.000628715
0.00152704
0.000413014
0.000257526
0.00109879
0.0027884
0.00220196
0.00831928
0.00294681
0.00952419
0.00325265
0.00888382
0.00332529
0.00778066
0.00324524
0.00660608
0.00308943
0.00559644
0.00289856
0.00475895
0.00269825
0.00406855
0.00250241
0.00348815
0.00231889
0.00299002
0.00215182
0.00255415
0.00200332
0.00216668
0.00187429
0.00181765
0.00176496
0.00149945
0.00167527
0.00120634
0.00160462
0.000933489
0.00155305
0.000680286
0.00151731
0.000448749
0.000276697
0.000858854
0.00192955
0.00198562
0.00719251
0.00278815
0.00872166
0.00314489
0.00852708
0.00325161
0.00767394
0.00319232
0.00666537
0.00304946
0.00573929
0.0028668
0.00494161
0.00267199
0.00426335
0.00248003
0.00368012
0.00229937
0.00317068
0.00213451
0.00271901
0.00198774
0.00231345
0.0018601
0.00194529
0.00175188
0.00160767
0.00166308
0.00129515
0.00159312
0.00100345
0.00154208
0.00073133
0.00150675
0.000484073
0.000295736
0.000728685
0.00120087
0.0018435
0.0060777
0.00267083
0.00789433
0.00305848
0.00813943
0.00318844
0.00754398
0.00314447
0.00670934
0.00301172
0.00587205
0.0028358
0.00511753
0.00264571
0.00445344
0.0024572
0.00386862
0.00227919
0.00334869
0.00211642
0.00288178
0.00197133
0.00245854
0.00184506
0.00207156
0.00173795
0.00171478
0.00165005
0.00138305
0.0015808
0.0010727
0.00153029
0.000781835
0.00149537
0.000518996
0.000314602
0.000696701
0.000504164
0.00177258
0.00500182
0.00259511
0.0070718
0.00299407
0.00774047
0.00313629
0.00740176
0.00310201
0.00674362
0.00297639
0.00599767
0.00280566
0.00528825
0.00261946
0.00463965
0.00243397
0.00405412
0.00225836
0.00352429
0.00209756
0.00304259
0.0019541
0.002602
0.00182918
0.00219648
0.00172318
0.00182077
0.00163619
0.00147004
0.00156766
0.00114124
0.0015177
0.00083179
0.00148317
0.000553527
0.000333251
0.000758732
-0.000254568
0.0017703
0.00399025
0.00256022
0.00628188
0.00295167
0.00734902
0.00309534
0.00725809
0.00306508
0.00677388
0.00294356
0.00611919
0.00277645
0.00545536
0.00259329
0.00482281
0.00241036
0.00423705
0.00223692
0.00369773
0.00207795
0.00320155
0.00193606
0.0027439
0.00181246
0.00232008
0.00170758
0.00192566
0.00162149
0.00155613
0.0015537
0.00120903
0.00150431
0.000881185
0.00147016
0.000587672
0.000351646
0.000918264
-0.00117283
0.00183497
0.00307354
0.00256463
0.00555222
0.00293064
0.00698301
0.00306542
0.0071233
0.00303366
0.00680564
0.00291326
0.0062396
0.00274819
0.00562042
0.00256722
0.00500378
0.00238638
0.00441789
0.00221486
0.00386926
0.00205761
0.00335881
0.00191722
0.00288429
0.00179492
0.00244237
0.00169114
0.00202943
0.00160598
0.00164129
0.00153894
0.00127606
0.00149012
0.000930011
0.00145634
0.000621445
0.000369737
0.00118484
-0.00235767
0.00196905
0.00228933
0.0026045
0.00491678
0.00293078
0.00665673
0.00304594
0.00700815
0.00300772
0.00684387
0.00288543
0.00636189
0.00272088
0.00578497
0.00254125
0.00518342
0.00236206
0.00459708
0.0021922
0.00403911
0.00203653
0.00351448
0.00189757
0.00302324
0.00177655
0.0025634
0.00167388
0.0021321
0.00158963
0.00172555
0.00152339
0.0013423
0.00147507
0.000978329
0.00144187
0.000654647
0.000387857
0.0043241
-0.00292608
-0.00375569
0.00541859
0.00119484
0.00639532
0.00394005
0.00697125
0.0060808
0.00711912
0.00686028
0.00698738
0.0069756
0.00668093
0.00666833
0.00629048
0.00617542
0.00587018
0.00560371
0.00545369
0.00501357
0.00506003
0.00443277
0.00469984
0.00387467
0.00437866
0.00334442
0.00409912
0.00284295
0.00386217
0.00236904
0.0036677
0.00192002
0.00351544
0.00149456
0.00340311
0.00109066
0.00333032
0.000727442
0.000435861
0.00716868
-0.00126422
-0.00883053
0.00697567
0.00138784
0.00712265
0.00379307
0.00725497
0.00594847
0.00717266
0.00694259
0.00692568
0.00722259
0.00656646
0.00702755
0.006154
0.00658789
0.00572744
0.00603027
0.00531235
0.00542866
0.00492373
0.0048214
0.00457006
0.00422834
0.00425577
0.00365871
0.00398284
0.00311587
0.00375191
0.00259997
0.0035627
0.00210923
0.00341477
0.00164249
0.00330606
0.00119937
0.00323549
0.000798008
0.000482154
0.00990698
0.00167246
-0.0128437
0.00861997
0.00267485
0.00798391
0.00442913
0.00763687
0.00629552
0.00728905
0.0072904
0.00689925
0.00761239
0.00646858
0.00745822
0.00602256
0.00703392
0.00558277
0.00647005
0.00516504
0.00584639
0.00477919
0.00520725
0.00443086
0.00457666
0.00412291
0.00396667
0.00385642
0.00338236
0.00363152
0.00282487
0.00344769
0.00229307
0.00330423
0.00178595
0.00319925
0.00130436
0.00313084
0.000866419
0.000526116
0.0121661
0.00524532
-0.015739
0.0100911
0.00474985
0.00881935
0.00570091
0.00803401
0.00708086
0.00742473
0.00789969
0.00688593
0.00815119
0.00637606
0.00796809
0.0058904
0.00751958
0.00543321
0.00692724
0.00501024
0.00626937
0.00462566
0.00559183
0.0042819
0.00492042
0.00397995
0.00426861
0.00371985
0.00364246
0.00350107
0.00304365
0.00332274
0.00247139
0.00318393
0.00192476
0.00308278
0.00140551
0.0030168
0.0009324
0.000567829
0.0137778
0.0089796
-0.0175121
0.0112373
0.00729032
0.00951691
0.00742131
0.00837916
0.00821861
0.00754152
0.00873733
0.00686468
0.00882803
0.00627747
0.00855529
0.00575133
0.00804572
0.00527541
0.00740316
0.00484615
0.00669862
0.00446222
0.00597576
0.00412276
0.00525989
0.00382678
0.00456459
0.00357317
0.00389608
0.00336069
0.00325613
0.00318807
0.00264401
0.0030541
0.00205873
0.0029569
0.0015027
0.00289358
0.000995723
0.000607338
0.01475
0.012586
-0.0183564
0.0120077
0.0100327
0.0100163
0.00941269
0.00862769
0.00960722
0.00761064
0.00975437
0.00681803
0.00962064
0.00616259
0.00921074
0.00559943
0.00860888
0.00510601
0.00789658
0.00467093
0.0071337
0.0042879
0.00635878
0.00395297
0.00559482
0.00366325
0.00485431
0.00341641
0.00414291
0.00321052
0.00346203
0.00304387
0.00281066
0.00291496
0.00218764
0.00282186
0.0015958
0.0027614
0.00105619
0.000644671
0.0151769
0.0159224
-0.0185134
0.0124172
0.0127924
0.0102997
0.0115303
0.00875657
0.0111503
0.00761359
0.0108974
0.0067331
0.0105011
0.0060231
0.00992073
0.00542959
0.00920239
0.00492195
0.00840422
0.00448279
0.00757286
0.00410173
0.00673985
0.00377207
0.00592448
0.00348918
0.0051372
0.00324961
0.00438248
0.0030507
0.00366094
0.00289034
0.00297102
0.00276676
0.00231122
0.00267792
0.00168464
0.00262048
0.00111363
0.000679827
0.0151778
0.0189442
-0.0181996
0.0125142
0.015456
0.0103766
0.0136679
0.00875963
0.0127673
0.00754096
0.012116
0.00660159
0.0114405
0.00585292
0.0106694
0.00523767
0.00981764
0.0047206
0.00892129
0.00428017
0.00801329
0.00390283
0.00711719
0.00357965
0.00624766
0.00330446
0.00541238
0.00307282
0.00461413
0.00288141
0.00385235
0.00272772
0.00312471
0.00260975
0.00242919
0.00252535
0.00176904
0.00247108
0.0011679
0.000712785
0.0148654
0.0216609
-0.0175821
0.0123576
0.0179637
0.0102709
0.0157546
0.00864171
0.0143964
0.00739022
0.0133675
0.0064191
0.0124116
0.00564802
0.0114405
0.00502066
0.010445
0.00449992
0.00944203
0.00406179
0.00845142
0.00369049
0.00748849
0.00337538
0.00656277
0.00310903
0.00567873
0.00288614
0.00483702
0.00270284
0.00403565
0.00255627
0.00327127
0.00244422
0.00254125
0.00236446
0.0018488
0.00231349
0.00121888
0.000743512
0.0143321
0.0241069
-0.0167781
0.0120038
0.020292
0.0100111
0.0177473
0.00841354
0.015994
0.00716341
0.0146176
0.00618424
0.0133908
0.00540621
0.0122185
0.00477659
0.0110746
0.00425848
0.00996014
0.00382674
0.00888315
0.00346423
0.007851
0.00315907
0.00686793
0.00290291
0.0059349
0.00268975
0.00505017
0.00251527
0.00421013
0.00237632
0.00341022
0.00227053
0.00264704
0.00219561
0.00192372
0.00214805
0.00126644
0.000771973
0.0136474
0.0263235
-0.015864
0.0115007
0.0224388
0.00962474
0.0196233
0.00808802
0.0175307
0.00686513
0.0158405
0.00589771
0.0143582
0.00512675
0.0129895
0.00450444
0.0116969
0.00399543
0.0104691
0.00357449
0.00930409
0.00322381
0.00820169
0.00293074
0.00716099
0.00268629
0.00617935
0.00248395
0.00525251
0.00231907
0.00437501
0.00218828
0.00354101
0.0020891
0.00274623
0.00201921
0.0019936
0.00197517
0.00131048
0.000798135
0.0128602
0.0283496
-0.0148864
0.0108858
0.0244132
0.00913581
0.0213732
0.00767796
0.0189885
0.00650119
0.0170173
0.00556158
0.0152978
0.00481002
0.013741
0.00420404
0.0123029
0.00371055
0.0109626
0.00330495
0.00970969
0.00296931
0.00853733
0.00269063
0.00743967
0.00245953
0.00641046
0.0022692
0.00544283
0.00211476
0.00452945
0.00199271
0.00366306
0.0019005
0.00283844
0.00183585
0.00205825
0.0017954
0.00135093
0.000821972
0.0120027
0.0302182
-0.0138712
0.0101863
0.0262296
0.00856342
0.0229961
0.00719486
0.0203571
0.00607769
0.0181345
0.00517876
0.0161968
0.00445732
0.0144625
0.00387598
0.0128843
0.00340422
0.0114344
0.00301851
0.0100954
0.00270122
0.00885463
0.00243933
0.00770156
0.00222331
0.00662647
0.00204625
0.0056199
0.00190313
0.00467256
0.00179042
0.00377578
0.00170555
0.00292331
0.00164632
0.00211748
0.00160953
0.00138772
0.000843463
0.0110944
0.0319551
-0.0128313
0.00942116
0.0279028
0.00792228
0.024495
0.00664856
0.0216308
0.00560063
0.0191824
0.00475276
0.0170446
0.00407076
0.0151445
0.0035217
0.0134333
0.00307759
0.0118785
0.00271623
0.0104568
0.0024206
0.00915026
0.00217792
0.00794423
0.00197878
0.00682562
0.00181626
0.00578242
0.00168538
0.00480344
0.00158262
0.00387854
0.00150547
0.00300046
0.00145184
0.00217112
0.00141876
0.00142079
0.000862596
0.0101463
0.033579
-0.0117703
0.00860287
0.0294462
0.00722338
0.0258745
0.00604745
0.0228068
0.00507597
0.0201539
0.00428774
0.0178329
0.0036534
0.0157788
0.00314362
0.0139431
0.00273279
0.0122893
0.00240011
0.0107894
0.0021294
0.00942097
0.00190837
0.00816526
0.00172787
0.00700611
0.00158118
0.00592911
0.00146346
0.00492117
0.00137126
0.00397073
0.00130221
0.00306951
0.00125435
0.00221898
0.00122502
0.00145012
0.000879366
0.00916389
0.0351038
-0.0106886
0.00773962
0.0308705
0.00647529
0.0271388
0.00539919
0.0238829
0.00451013
0.0210429
0.00378909
0.0185539
0.00320984
0.0163581
0.00274585
0.0144071
0.0023736
0.0126616
0.00207375
0.0110893
0.0018311
0.00966363
0.00163404
0.00836232
0.0014739
0.00716626
0.00134429
0.00605872
0.00124059
0.00502486
0.00115956
0.00405176
0.00109896
0.00313012
0.00105703
0.00226091
0.00103147
0.00147569
0.000893768
0.00814921
0.0365344
-0.00957989
0.00683736
0.0321824
0.00568596
0.0282902
0.00471234
0.0248565
0.00391159
0.0218437
0.00326486
0.0192006
0.00274771
0.0168752
0.00233562
0.0148192
0.0020069
0.0129903
0.00174369
0.0113525
0.00153194
0.00987537
0.00136093
0.00853333
0.00122264
0.00730455
0.00111116
0.0061702
0.00102224
0.00511379
0.000952872
0.00412113
0.00090102
0.00318197
0.000865148
0.00229678
0.000843356
0.00149748
0.000905796
0.00710632
0.037881
-0.00845288
0.00590413
0.0333846
0.00486681
0.0293275
0.00400055
0.0257227
0.00329501
0.0225492
0.00272993
0.0197657
0.00228151
0.0173236
0.00192677
0.0151739
0.00164576
0.0132713
0.00142222
0.011576
0.0012435
0.0100541
0.00109995
0.00867687
0.000984414
0.00742008
0.000891634
0.00626298
0.00081782
0.0051876
0.000760314
0.00417863
0.00071731
0.00322498
0.000687501
0.00232659
0.000669418
0.00151556
0.000915444
0.00604052
0.0391116
-0.00727116
0.00495875
0.0344663
0.00404575
0.0302405
0.00329639
0.0264721
0.00269448
0.0231511
0.00221775
0.0202424
0.00184288
0.0176985
0.0015486
0.0154682
0.00131701
0.0135029
0.00113384
0.0117592
0.000988118
0.0101998
0.000871573
0.00879342
0.000778104
0.00751355
0.000703252
0.00633783
0.00064381
0.00524704
0.000597527
0.00422491
0.000562871
0.00325963
0.000538755
0.0023507
0.000524079
0.00153024
0.000922743
0.00503934
-0.00616009
0.00410525
0.00333329
0.00270819
0.00221018
0.00181774
0.00151014
0.00126914
0.00107971
0.000929975
0.000810881
0.000715644
0.00063926
0.000578081
0.000529485
0.000491623
0.000463223
0.000443368
0.000431196
0.00909805
0.00288335
-0.0119814
0.00709044
0.0020076
0.00571713
0.00137331
0.00479457
0.000922557
0.00419042
0.000604152
0.00381291
0.00037751
0.00360277
0.000210137
0.00352601
7.67667e-05
0.00357303
-4.70253e-05
-0.000182662
0.0179829
0.00459525
-0.0196948
0.0162845
0.00370605
0.0147087
0.0029491
0.0133217
0.00230954
0.0121455
0.00178039
0.0111747
0.00134825
0.0103895
0.000995409
0.00976258
0.000703657
0.00925857
0.000456982
0.00024538
0.022314
0.00559951
-0.0233182
0.0211344
0.00488565
0.0198865
0.00419701
0.0186397
0.00355633
0.0174453
0.00297474
0.0163358
0.00245777
0.0153259
0.00200531
0.0144159
0.00161367
0.0135946
0.0012783
0.000996309
0.024057
0.00622889
-0.0246864
0.0232818
0.00566087
0.0223951
0.00508369
0.0214361
0.0045153
0.0204414
0.00396947
0.0194419
0.00345732
0.0184606
0.00298654
0.0175126
0.00256171
0.0166051
0.00218582
0.00186239
0.0244225
0.00663782
-0.0248314
0.0238988
0.00618461
0.0232707
0.00571173
0.0225558
0.00523027
0.021774
0.00475119
0.0209462
0.00428513
0.0200914
0.00384134
0.0192259
0.00342726
0.0183626
0.00304907
0.00271296
0.0240351
0.00693295
-0.0243303
0.0236532
0.00656652
0.0231869
0.00617809
0.0226424
0.00577476
0.0220292
0.00536437
0.0213589
0.0049554
0.0206441
0.00455612
0.0198974
0.00417396
0.0191309
0.0038156
0.00348745
0.0232563
0.00718002
-0.0235033
0.0229467
0.00687608
0.0225731
0.00655166
0.0221366
0.00621129
0.0216406
0.00586038
0.0210907
0.00550527
0.0204943
0.00515255
0.0198597
0.00480859
0.019196
0.00447926
0.00417008
0.0222923
0.00741625
-0.0225286
0.0220125
0.00715596
0.0216861
0.00687804
0.0213119
0.00658544
0.0208905
0.00628186
0.0204238
0.00597191
0.0199158
0.00566061
0.0193714
0.00535299
0.0187968
0.00505381
0.00476732
0.0212525
0.00766165
-0.0214979
0.0209777
0.00743082
0.0206703
0.00718544
0.0203282
0.0069275
0.0199505
0.00665954
0.0195375
0.00638488
0.0190909
0.00610728
0.0186133
0.00583057
0.0181087
0.00555841
0.00529389
0.0201893
0.00792553
-0.0204532
0.0199065
0.00771364
0.0196019
0.00749004
0.0192732
0.00725615
0.018919
0.00701374
0.0185387
0.00676522
0.0181326
0.00651335
0.0177022
0.00626103
0.0172496
0.00601097
0.0057654
0.0191236
0.00821081
-0.0194089
0.0188272
0.00801008
0.0185171
0.00780012
0.0181913
0.00758197
0.0178481
0.0073569
0.0174867
0.00712667
0.0171067
0.00689334
0.0167087
0.00665905
0.0162938
0.00642582
0.00619525
0.0180597
0.0085168
-0.0183657
0.0177483
0.00832147
0.0174294
0.008119
0.0171013
0.00791016
0.0167622
0.00769591
0.0164114
0.00747755
0.0160481
0.00725663
0.0156724
0.00703474
0.0152848
0.00681338
0.00659371
0.0169937
0.00884092
-0.0173178
0.0166684
0.0086467
0.0163404
0.00844704
0.016008
0.00824257
0.0156699
0.00803402
0.0153251
0.00782239
0.0149728
0.00760884
0.014613
0.00739457
0.0142457
0.00718072
0.00696813
0.0159179
0.00917982
-0.0162568
0.0155812
0.00898338
0.0152453
0.00878294
0.0149089
0.00857901
0.0145707
0.00837215
0.01423
0.00816316
0.0138859
0.00795291
0.0135381
0.00774234
0.0131866
0.00753229
0.00732343
0.0148241
0.00952971
-0.015174
0.0144788
0.00932865
0.0141371
0.00912464
0.0137979
0.00891826
0.0134601
0.00870995
0.0131229
0.00850035
0.0127856
0.00829014
0.0124479
0.00808005
0.0121095
0.00787073
0.00766267
0.0137018
0.00988742
-0.0140595
0.0133513
0.00967916
0.0130066
0.00946936
0.0126667
0.00925813
0.0123308
0.00904587
0.011998
0.00883308
0.0116679
0.00862031
0.0113398
0.00840813
0.0110135
0.00819703
0.00798755
0.012548
0.0102483
-0.0129089
0.0121943
0.0100329
0.0118483
0.00981538
0.011509
0.00959735
0.0111758
0.00937907
0.010848
0.00916095
0.0105248
0.00894347
0.0102059
0.00872704
0.00989085
0.00851209
0.00829851
0.0113375
0.010612
-0.0117011
0.0109878
0.0103826
0.0106467
0.0101564
0.0103138
0.00993024
0.00998833
0.00970456
0.00966963
0.00947965
0.00935726
0.00925584
0.00905081
0.00903349
0.00874999
0.0088129
0.00859563
0.0101211
0.0109718
-0.0104809
0.00976336
0.0107404
0.00941888
0.0105009
0.00908566
0.0102635
0.00876263
0.0100276
0.0084488
0.00979348
0.00814322
0.00956142
0.00784501
0.0093317
0.00755302
0.00910489
0.00887749
0.00863811
-0.00897734
0.00832912
0.00802663
0.00773264
0.0074475
0.0071715
0.00690502
0.00664854
0.00640327
0.0704657
0.000305782
-0.000271507
0.0702689
0.00162647
-0.00142969
0.0698647
0.00333372
-0.00292944
0.0693996
0.00390575
-0.00344065
0.0688611
0.0045348
-0.00399634
0.0679522
0.00746169
-0.00655274
0.0665095
0.0116428
-0.0102002
0.0647464
0.0141098
-0.0123467
0.0629089
0.0146468
-0.0128093
0.0608657
0.016174
-0.0141308
0.0582233
0.0207239
-0.0180816
0.0547231
0.0272094
-0.0237091
0.050449
0.0330883
-0.0288142
0.0456787
0.036753
-0.0319828
0.0407069
0.0381804
-0.0332085
0.0356917
0.0381121
-0.033097
0.0306261
0.0378419
-0.0327762
0.0254552
0.0378191
-0.0326482
0.0202932
0.042862
-0.0377
0.060388
-0.0520762
0.0704673
0.0003385
0.0702732
0.00182052
0.0698756
0.00373139
0.069422
0.00435934
0.0688963
0.00506045
0.0679986
0.0083594
0.066565
0.0130764
0.0648089
0.0158659
0.0629735
0.0164822
0.0609239
0.0182236
0.0582627
0.0233852
0.0547341
0.030738
0.0504236
0.0373988
0.0456226
0.041554
0.0406297
0.0431733
0.0356376
0.0431043
0.0307161
0.0427634
0.0259514
0.0425837
0.0226867
0.0461268
0.0633798
0.0704688
0.00036965
0.0702778
0.00201158
0.0698877
0.00412148
0.069448
0.00479905
0.0689374
0.00557104
0.0680521
0.00924471
0.0666295
0.014499
0.0648841
0.0176113
0.0630551
0.0183112
0.0610009
0.0202777
0.0583194
0.0260668
0.0547556
0.0343017
0.0504016
0.0417528
0.0455595
0.0463962
0.0405455
0.0481873
0.0355687
0.0480811
0.0307999
0.0475321
0.0263338
0.0470499
0.0238204
0.0486402
0.063882
0.0704707
0.000398975
0.0702829
0.00219938
0.0699013
0.00450307
0.0694774
0.00522289
0.0689841
0.00606438
0.068113
0.0101158
0.0667035
0.0159085
0.0649714
0.0193434
0.0631508
0.0201318
0.0610925
0.022336
0.0583884
0.0287708
0.0547849
0.0379053
0.0503814
0.0461563
0.0454915
0.0512861
0.0404504
0.0532283
0.0354796
0.0530519
0.0308293
0.0521824
0.0265425
0.0513367
0.0242254
0.0509573
0.063421
0.0704728
0.000426202
0.0702885
0.00238364
0.0699163
0.00487529
0.0695104
0.00562881
0.0690368
0.00653801
0.0681818
0.0109708
0.0667875
0.0173029
0.0650712
0.0210597
0.0632616
0.0219413
0.0611999
0.0243978
0.0584713
0.0314994
0.0548229
0.0415537
0.0503629
0.0506162
0.0454168
0.0562323
0.0403394
0.0583057
0.0353613
0.05803
0.0307857
0.056758
0.0266162
0.0555061
0.0242124
0.0533612
0.0628019
0.0704751
0.000451054
0.0702948
0.00256401
0.0699328
0.00523726
0.0695468
0.00601476
0.0690956
0.0069893
0.0682591
0.0118072
0.0668821
0.0186799
0.0651844
0.0227574
0.0633887
0.023737
0.0613248
0.0264618
0.0585697
0.0342545
0.0548709
0.0452525
0.0503462
0.0551409
0.0453341
0.0612444
0.040208
0.0634318
0.0352077
0.0630302
0.0306639
0.0613019
0.026574
0.059596
0.0239653
0.0559698
0.062437
0.0704778
0.000473258
0.0703017
0.00274014
0.0699508
0.00558814
0.0695869
0.00637867
0.0691608
0.00741538
0.0683455
0.0126225
0.0669881
0.0200373
0.065312
0.0244334
0.0635336
0.0255154
0.0614692
0.0285262
0.0586857
0.037038
0.0549305
0.0490076
0.0503316
0.0597398
0.0452421
0.0663338
0.0400526
0.0686213
0.0350149
0.068068
0.0304648
0.065852
0.0264224
0.0636384
0.0235833
0.0588089
0.0625169
0.0704807
0.000492538
0.0703092
0.00291164
0.0699703
0.00592703
0.0696306
0.00671839
0.0692327
0.00781324
0.0684413
0.013414
0.0671063
0.0213724
0.0654553
0.0260844
0.0636981
0.0272725
0.0616357
0.0305886
0.0588221
0.0398516
0.0550039
0.0528258
0.0503199
0.0644238
0.0451401
0.0715137
0.0398711
0.0738903
0.0347796
0.0731595
0.0301914
0.0704402
0.0261659
0.0676639
0.0231133
0.0618615
0.0631016
0.0704839
0.000508625
0.0703174
0.00307816
0.0699914
0.00625302
0.0696782
0.00703163
0.0693117
0.00817969
0.0685472
0.0141785
0.0672375
0.0226821
0.0656156
0.0277063
0.0638848
0.0290034
0.0618276
0.0326457
0.0589822
0.042697
0.0550936
0.0567145
0.0503123
0.0692051
0.0450274
0.0767986
0.0396616
0.0792561
0.0344989
0.0783222
0.0298471
0.075092
0.0258096
0.0717015
0.0225745
0.0650966
0.0641782
0.0704874
0.000521242
0.0703262
0.00323937
0.0700141
0.00656513
0.0697298
0.00731591
0.0693981
0.00851141
0.0686636
0.0149129
0.0673824
0.0239633
0.0657946
0.0292941
0.0640964
0.0307015
0.0620488
0.0346933
0.0591702
0.0455756
0.0552027
0.0606819
0.0503103
0.0740975
0.0449038
0.0822051
0.0394227
0.0847372
0.0341707
0.0835742
0.029435
0.0798278
0.0253593
0.0757771
0.0219727
0.0684832
0.0656978
0.0704911
0.000530106
0.0703354
0.00339509
0.0700382
0.00686235
0.0697857
0.00756846
0.0694922
0.0088049
0.0687907
0.0156144
0.0675417
0.0252123
0.0659942
0.0308416
0.0643368
0.0323589
0.0623043
0.0367259
0.059391
0.0484889
0.0553352
0.0647377
0.050316
0.0791167
0.0447692
0.0877519
0.0391532
0.0903532
0.033793
0.0889345
0.0289566
0.0846641
0.0248206
0.0799131
0.0213083
0.0719955
0.0675971
0.0704952
0.000534907
0.0703451
0.00354521
0.0700638
0.00714365
0.0698461
0.00778611
0.0695945
0.00905652
0.0689288
0.01628
0.0677158
0.0264254
0.0662164
0.032341
0.0646102
0.0339651
0.0625999
0.0387362
0.0596505
0.0514383
0.0554955
0.0688927
0.0503316
0.0842806
0.0446238
0.0934597
0.038852
0.096125
0.0333637
0.0944227
0.0284126
0.0896153
0.024198
0.0841276
0.0205798
0.0756137
0.0698112
0.0704996
0.000535302
0.070355
0.00368984
0.0700906
0.00740801
0.0699115
0.00796522
0.0697056
0.00926245
0.0690779
0.0169077
0.0679049
0.0275984
0.0664634
0.0337824
0.064922
0.0355065
0.062943
0.0407153
0.0599558
0.0544255
0.0556889
0.0731596
0.0503603
0.0896091
0.0444682
0.0993518
0.0385177
0.102075
0.032881
0.100059
0.0278022
0.0946941
0.023495
0.0884349
0.0197859
0.0793228
0.0722793
0.0705044
0.000530899
0.070365
0.00382921
0.0701185
0.0076545
0.0699822
0.00810161
0.0698259
0.00941865
0.0692376
0.017496
0.0681084
0.0287276
0.0667376
0.0351533
0.0652786
0.0369654
0.0633424
0.0426515
0.0603154
0.0574525
0.0559212
0.0775538
0.0504041
0.0951262
0.0443013
0.105455
0.0381481
0.108229
0.032342
0.105865
0.0271239
0.0999122
0.0227133
0.0928455
0.0189249
0.0831112
0.0749474
0.0705096
0.000521287
0.0703752
0.00396362
0.0701474
0.00788229
0.0700584
0.00819067
0.069956
0.00952098
0.0694073
0.0180448
0.0683256
0.0298093
0.0670414
0.0364375
0.0656881
0.0383187
0.0638089
0.0445307
0.060739
0.0605223
0.0562002
0.0820927
0.0504694
0.100857
0.0441277
0.111796
0.0377445
0.114612
0.0317454
0.111864
0.0263752
0.105282
0.0218533
0.0973674
0.0179952
0.0869694
0.0777686
0.0705152
0.000506059
0.0703856
0.00409328
0.0701771
0.00809071
0.0701403
0.00822754
0.070096
0.00956525
0.0695854
0.0185554
0.0685544
0.0308402
0.0673775
0.0376145
0.0661598
0.0395364
0.0643562
0.0463344
0.0612392
0.0636393
0.056532
0.0867999
0.0505531
0.106836
0.0439355
0.118414
0.0372924
0.121255
0.0310801
0.118077
0.0255497
0.110813
0.0209133
0.102004
0.0169947
0.0908879
0.0807038
0.0705212
0.000484864
0.0703967
0.00421781
0.0702078
0.00827958
0.0702272
0.00820818
0.0702453
0.00954712
0.0697698
0.0190309
0.0687913
0.0318187
0.0677478
0.0386579
0.0667052
0.040579
0.0649988
0.0480408
0.0618283
0.0668099
0.0569272
0.0917009
0.0506719
0.113091
0.0437542
0.125332
0.0368258
0.128183
0.03037
0.124532
0.0246569
0.116526
0.0198944
0.106766
0.0159217
0.0948606
0.0837166
0.0705269
0.000458012
0.0704097
0.00433496
0.0702407
0.00844854
0.070316
0.00813288
0.0703996
0.00946358
0.0699576
0.0194729
0.0690313
0.0327451
0.0681496
0.0395395
0.0673352
0.0413934
0.065758
0.049618
0.0625267
0.0700411
0.0574017
0.0968259
0.0508125
0.11968
0.0435148
0.132629
0.0362362
0.135462
0.0295118
0.131257
0.023629
0.122409
0.0187661
0.111629
0.0147657
0.0988609
0.0867812
0.0705309
0.000427154
0.0704239
0.00444192
0.070278
0.00859444
0.0704026
0.00800823
0.0705453
0.00932089
0.0701384
0.0198799
0.0692682
0.0336153
0.06857
0.0402377
0.0680408
0.0419225
0.0666435
0.0510154
0.0633247
0.0733599
0.0579085
0.102242
0.0509802
0.126609
0.0433621
0.140248
0.0357904
0.143034
0.0287959
0.138251
0.0226938
0.128511
0.0176591
0.116664
0.0135817
0.102938
0.0898819
0.070534
0.0704355
0.0703105
0.070473
0.0706586
0.0702796
0.069467
0.0689506
0.0687368
0.0676505
0.0644234
0.0587466
0.0512753
0.0429979
0.0348266
0.0273876
0.0210618
0.0159659
0.0119953
0.029983
0.000125945
0.029896
0.000659643
0.0297158
0.00133314
0.0295054
0.0015885
0.0292615
0.00185654
0.0288604
0.00299311
0.0282369
0.00461439
0.0274827
0.00556304
0.0267023
0.00578684
0.0258427
0.0063716
0.0247427
0.00810936
0.0232914
0.0104958
0.0215234
0.0127037
0.0195437
0.0139258
0.0174771
0.0143803
0.0153617
0.0138101
0.0132097
0.0128897
0.010851
0.0104499
0.00782728
0.00547068
-0.0109269
0.0299831
0.000142825
0.0298964
0.000746411
0.0297165
0.00151299
0.0295067
0.0017983
0.0292638
0.00209943
0.0288636
0.00339331
0.0282404
0.00523762
0.0274858
0.00631758
0.0267055
0.00656716
0.0258458
0.00723128
0.0247451
0.0092101
0.0232909
0.0119501
0.021519
0.0144756
0.0195332
0.0159115
0.0174607
0.0164529
0.0153351
0.0159357
0.0131547
0.01507
0.0107228
0.0128818
0.00736647
0.00882702
-0.0035604
0.0299833
0.000159546
0.0298968
0.000832923
0.0297174
0.00169237
0.0295083
0.00200742
0.0292664
0.00234133
0.0288671
0.00379254
0.0282443
0.00586043
0.0274897
0.00707221
0.0267092
0.00734766
0.025849
0.00809153
0.0247468
0.0103123
0.0232896
0.0134072
0.0215138
0.0162514
0.0195231
0.0179022
0.0174447
0.0185313
0.0153115
0.0180689
0.0131092
0.0172724
0.010623
0.0153679
0.00706014
0.0123899
0.00349974
0.0299834
0.000176102
0.0298972
0.000919158
0.0297184
0.00187122
0.0295101
0.00221572
0.0292693
0.00258213
0.0288711
0.00419072
0.0282488
0.00648273
0.0274942
0.00782682
0.0267136
0.00812825
0.0258528
0.00895235
0.024749
0.0114161
0.0232887
0.0148675
0.0215086
0.0180315
0.019513
0.0198979
0.0174291
0.0206151
0.0152896
0.0202085
0.0130718
0.0194902
0.0105507
0.017889
0.00686162
0.0160789
0.0103614
0.0299836
0.000192486
0.0298977
0.0010051
0.0297194
0.00204948
0.0295121
0.00242307
0.0292725
0.00282168
0.0288755
0.00458775
0.0282538
0.00710444
0.0274993
0.00858129
0.0267187
0.00890886
0.0258573
0.00981377
0.0247517
0.0125216
0.0232881
0.0163311
0.0215035
0.019816
0.0195028
0.0218986
0.0174139
0.022704
0.0152694
0.022353
0.0130425
0.0217171
0.010506
0.0204255
0.00674845
0.0198365
0.0171098
0.0299838
0.000208689
0.0298982
0.00109072
0.0297206
0.00222708
0.0295143
0.00262933
0.0292761
0.00305985
0.0288803
0.00498356
0.0282593
0.00772544
0.0275051
0.00933551
0.0267246
0.00968942
0.0258625
0.0106758
0.0247551
0.0136291
0.0232878
0.0177984
0.0214985
0.0216052
0.0194925
0.0239046
0.0173991
0.0247974
0.0152513
0.0245008
0.0130214
0.023947
0.0104895
0.0229575
0.00671102
0.0236149
0.0238208
0.029984
0.000224705
0.0298987
0.001176
0.0297218
0.00240395
0.0295168
0.00283437
0.0292801
0.00329653
0.0288856
0.00537805
0.0282654
0.00834565
0.0275116
0.0100893
0.0267312
0.0104698
0.0258686
0.0115385
0.024759
0.0147386
0.0232878
0.0192697
0.0214936
0.0233994
0.0194823
0.0259159
0.0173847
0.026895
0.015235
0.0266505
0.0130083
0.0261737
0.0105011
0.0254646
0.00674846
0.0273676
0.0305693
0.0299842
0.000240525
0.0298992
0.00126093
0.0297232
0.00258002
0.0295195
0.00303803
0.0292845
0.00353158
0.0288914
0.00577113
0.0282721
0.00896493
0.0275189
0.0108426
0.0267387
0.01125
0.0258754
0.0124018
0.0247636
0.0158503
0.0232883
0.020745
0.0214888
0.0251988
0.019472
0.0279327
0.0173708
0.0289963
0.0152206
0.0288007
0.013003
0.0283913
0.0105405
0.0279272
0.00687029
0.0310378
0.0374396
0.0299844
0.000256141
0.0298998
0.00134549
0.0297246
0.00275523
0.0295225
0.00324017
0.0292892
0.00376486
0.0288976
0.00616271
0.0282794
0.00958318
0.0275268
0.0115951
0.026747
0.0120298
0.025883
0.0132658
0.0247689
0.0169645
0.0232891
0.0222248
0.0214842
0.0270037
0.0194617
0.0299552
0.0173572
0.0311008
0.0152078
0.03095
0.0130052
0.0305939
0.0106061
0.0303263
0.00710529
0.0345386
0.0445448
0.0299846
0.0299004
0.0297262
0.0295257
0.0292943
0.0289042
0.0282872
0.0275356
0.0267561
0.0258911
0.0247741
0.0232898
0.0214792
0.0194516
0.0173439
0.015197
0.0130147
0.0106928
0.00753132
)
;

boundaryField
{
    inlet
    {
        type            calculated;
        value           nonuniform List<scalar> 
50
(
-0.105
-0.105
-0.105
-0.105
-0.105
-0.105
-0.105
-0.105
-0.105
-0.105
-0.105
-0.105
-0.105
-0.105
-0.105
-0.105
-0.105
-0.105
-0.105
-0.105
-0.03
-0.03
-0.03
-0.03
-0.03
-0.03
-0.03
-0.03
-0.03
-0.03
-0.0705
-0.0705
-0.0705
-0.0705
-0.0705
-0.0705
-0.0705
-0.0705
-0.0705
-0.0705
-0.0705
-0.0705
-0.0705
-0.0705
-0.0705
-0.0705
-0.0705
-0.0705
-0.0705
-0.0705
)
;
    }
    outlet
    {
        type            calculated;
        value           nonuniform List<scalar> 
150
(
0.000712117
0.00100054
0.00140922
0.00185891
0.00231156
0.00274905
0.0031625
0.0035472
0.0039003
0.00421982
0.00450426
0.00475248
0.00496362
0.00513708
0.00527253
0.00536985
0.00542911
0.00545054
0.00543458
0.00538297
0.00152434
0.00151664
0.00150778
0.00149814
0.00148771
0.0014765
0.00146452
0.00145177
0.00143825
0.00142375
0.00328231
0.0031892
0.00308687
0.00297509
0.00285407
0.00272406
0.00258532
0.00243812
0.00228276
0.00211959
0.00194901
0.00177156
0.00158804
0.00139963
0.00120825
0.00101706
0.000831328
0.000659771
0.00051678
0.00042575
0.000393193
0.00454033
0.00871951
0.00784567
0.00913533
0.0202589
0.0344279
0.0407542
0.0421363
0.0521016
0.076587
0.107919
0.13408
0.148525
0.151205
0.14569
0.134837
0.12176
0.106909
0.0928999
0.011311
0.0110494
0.0108034
0.0105575
0.0103127
0.0100695
0.0098279
0.00958819
0.00935015
0.00912067
0.0402324
0.0354004
0.0310125
0.0270972
0.0236491
0.0206349
0.0180061
0.0157092
0.0136923
0.0119089
0.0103189
0.00888866
0.00758994
0.00639901
0.00529564
0.00426278
0.00328803
0.00237056
0.00154241
0.000928189
0.000390912
0.00453049
0.00871041
0.00781167
0.00904839
0.0201767
0.0343936
0.0406423
0.0417923
0.0515387
0.0760543
0.107565
0.133928
0.148399
0.151088
0.145353
0.134551
0.121146
0.106751
0.0925872
0.0112984
0.0110447
0.0108116
0.01058
0.0103509
0.0101244
0.00990056
0.00967948
0.00946104
0.00925302
0.0411831
0.0367695
0.0327199
0.0290245
0.0256692
0.0226355
0.0199015
0.0174426
0.0152333
0.0132474
0.011459
0.00984344
0.00837696
0.00703726
0.00580351
0.00465676
0.00358214
0.00257641
0.00167092
0.00100024
)
;
    }
    upAndBottom
    {
        type            empty;
        value           nonuniform 0();
    }
    obstacle
    {
        type            calculated;
        value           uniform 0;
    }
}


// ************************************************************************* //
