/*--------------------------------*- C++ -*----------------------------------*\
| =========                 |                                                 |
| \\      /  F ield         | OpenFOAM: The Open Source CFD Toolbox           |
|  \\    /   O peration     | Version:  v1806                                 |
|   \\  /    A nd           | Web:      www.OpenFOAM.com                      |
|    \\/     M anipulation  |                                                 |
\*---------------------------------------------------------------------------*/
FoamFile
{
    version     2.0;
    format      ascii;
    class       surfaceScalarField;
    location    "40";
    object      phi;
}
// * * * * * * * * * * * * * * * * * * * * * * * * * * * * * * * * * * * * * //

dimensions      [0 3 -1 0 0 0 0];
oriented        oriented;


internalField   nonuniform List<scalar> 
4680
(
0.0750005
-0.000556525
0.0750022
-0.00167286
0.0750053
-0.00279137
0.0750102
-0.00391032
0.0750177
-0.00502829
0.0750282
-0.00614359
0.0750428
-0.00725401
0.0750623
-0.00835685
0.0750881
-0.00944896
0.0751214
-0.0105265
0.0751638
-0.0115853
0.0752167
-0.0126206
0.0752818
-0.0136274
0.0753606
-0.0146016
0.0754545
-0.0155382
0.0755649
-0.0164328
0.0756924
-0.0172806
0.0758376
-0.0180839
0.0760004
-0.0188336
-0.0195446
0.0761782
0.0750013
-0.000557789
0.0750051
-0.00167672
0.0750118
-0.00279806
0.075022
-0.00392046
0.0750364
-0.00504275
0.0750563
-0.00616348
0.075083
-0.00728068
0.075118
-0.00839187
0.0751631
-0.00949407
0.0752202
-0.0105837
0.0752913
-0.0116564
0.0753784
-0.0127076
0.0754833
-0.0137324
0.0756076
-0.014726
0.0757527
-0.0156832
0.0759191
-0.0165993
0.076107
-0.0174685
0.0763157
-0.0182926
0.0765428
-0.0190608
-0.0197894
0.0767875
0.0750019
-0.000559729
0.0750078
-0.00168257
0.0750179
-0.00280818
0.0750331
-0.00393569
0.0750547
-0.00506429
0.0750841
-0.00619288
0.0751232
-0.00731978
0.0751741
-0.00844282
0.0752392
-0.00955919
0.075321
-0.0106654
0.0754219
-0.0117573
0.0755442
-0.01283
0.0756902
-0.0138783
0.0758613
-0.0148971
0.0760585
-0.0158804
0.0762819
-0.0168227
0.0765306
-0.0177172
0.0768027
-0.0185647
0.0770943
-0.0193524
-0.0200973
0.0774023
0.0750024
-0.000562159
0.0750098
-0.0016899
0.0750225
-0.00282088
0.0750416
-0.00395486
0.0750688
-0.00509148
0.0751061
-0.00623011
0.0751557
-0.00736944
0.0752206
-0.00850766
0.0753035
-0.00964215
0.0754078
-0.0107696
0.0755363
-0.0118858
0.0756921
-0.0129858
0.0758776
-0.0140638
0.0760944
-0.0151139
0.0763435
-0.0161294
0.0766243
-0.0171036
0.0769352
-0.018028
0.0772729
-0.0189024
0.0776319
-0.0197114
-0.0204724
0.0780069
0.0750027
-0.000564837
0.0750108
-0.00169799
0.0750249
-0.00283497
0.0750463
-0.00397631
0.0750771
-0.00512223
0.0751197
-0.00627271
0.075177
-0.00742683
0.0752527
-0.00858334
0.0753503
-0.00973976
0.0754739
-0.0108932
0.0756271
-0.0120391
0.0758138
-0.0131724
0.0760368
-0.0142868
0.0762983
-0.0153754
0.0765991
-0.0164303
0.0769386
-0.0174431
0.0773143
-0.0184037
0.0777214
-0.0193094
0.0781531
-0.0201431
-0.0209206
0.0786014
0.0750026
-0.000567454
0.0750105
-0.00170591
0.0750245
-0.00284889
0.0750461
-0.00399792
0.0750777
-0.00515386
0.0751225
-0.00631747
0.0751839
-0.00748831
0.0752665
-0.00866591
0.0753746
-0.00984785
0.0755134
-0.011032
0.0756874
-0.012213
0.0759016
-0.0133866
0.0761595
-0.0145447
0.0764644
-0.0156803
0.0768172
-0.0167831
0.0772171
-0.017843
0.0776614
-0.018848
0.0781433
-0.0197914
0.0786549
-0.0206547
-0.0214502
0.0791845
0.0750022
-0.000569629
0.0750088
-0.00171252
0.0750207
-0.00286077
0.0750398
-0.00401706
0.075069
-0.00518302
0.0751119
-0.00636044
0.0751729
-0.00754932
0.0752574
-0.00875041
0.0753707
-0.00996111
0.0755194
-0.0111807
0.075709
-0.0124026
0.0759465
-0.0136241
0.0762359
-0.0148341
0.0765824
-0.0160268
0.076987
-0.0171877
0.0774498
-0.0183059
0.0779673
-0.0193655
0.0785313
-0.0203554
0.0791323
-0.0212557
-0.0220718
0.0797539
0.0750013
-0.000570904
0.0750052
-0.00171644
0.0750127
-0.00286831
0.0750262
-0.00403057
0.0750489
-0.00520567
0.0750852
-0.00639674
0.0751401
-0.00760423
0.0752203
-0.00883062
0.075332
-0.0100728
0.075484
-0.0113327
0.0756824
-0.0126011
0.0759375
-0.0138791
0.0762532
-0.0151499
0.0766389
-0.0164124
0.0770944
-0.0176433
0.077623
-0.0188344
0.0782195
-0.0199619
0.0788747
-0.0210106
0.0795775
-0.0219585
-0.0227994
0.0803051
0.0749998
-0.000570744
0.0749995
-0.00171606
0.075
-0.00286885
0.0750041
-0.00403469
0.0750155
-0.005217
0.0750393
-0.00642053
0.0750812
-0.00764619
0.0751495
-0.0088989
0.0752512
-0.0101745
0.0753979
-0.0114793
0.0755962
-0.0127994
0.0758612
-0.0141441
0.076196
-0.0154847
0.0766172
-0.0168336
0.0771211
-0.0181472
0.077719
-0.0194323
0.0784005
-0.0206434
0.0791591
-0.0217693
0.0799799
-0.0227793
-0.0236513
0.0808317
0.0749978
-0.000568537
0.0749913
-0.00170956
0.0749818
-0.00285932
0.0749722
-0.0040251
0.0749666
-0.0052114
0.0749709
-0.0064249
0.0749918
-0.007667
0.0750387
-0.00894589
0.07512
-0.0102558
0.0752504
-0.0116097
0.075437
-0.012986
0.0757016
-0.0144088
0.0760448
-0.0158279
0.0764963
-0.0172851
0.0770428
-0.0186937
0.0777148
-0.0201043
0.0784864
-0.021415
0.0793651
-0.022648
0.0803243
-0.0237385
-0.0246526
0.0813256
0.0749951
-0.000563603
0.0749804
-0.00169487
0.0749573
-0.00283628
0.0749291
-0.00399689
0.0749002
-0.00518245
0.0748771
-0.00640182
0.0748671
-0.00765706
0.0748815
-0.00896028
0.0749296
-0.0103039
0.0750297
-0.0117098
0.0751896
-0.0131459
0.0754399
-0.0146591
0.0757764
-0.0161644
0.0762502
-0.0177589
0.0768282
-0.0192717
0.0775814
-0.0208576
0.078444
-0.0222775
0.0794678
-0.0236717
0.0805897
-0.0248604
-0.0258393
0.0817764
0.0749916
-0.0005552
0.0749665
-0.00166977
0.0749262
-0.00279596
0.074874
-0.00394466
0.0748145
-0.00512303
0.0747549
-0.00634217
0.0747031
-0.00760529
0.0746715
-0.00892867
0.0746711
-0.0103035
0.0747233
-0.011762
0.0748376
-0.0132601
0.0750539
-0.0148753
0.0753635
-0.016474
0.0758461
-0.0182415
0.0764373
-0.0198629
0.0772814
-0.0217017
0.0782259
-0.023222
0.0794377
-0.0248835
0.0807453
-0.026168
-0.0272665
0.0821726
0.0749874
-0.000542557
0.0749495
-0.00163193
0.074888
-0.00273443
0.074806
-0.00386268
0.0747084
-0.00502543
0.0746022
-0.00623597
0.0744962
-0.00749929
0.0744031
-0.00883559
0.0743363
-0.0102367
0.0743186
-0.0117443
0.0743642
-0.0133057
0.0745189
-0.01503
0.074776
-0.0167311
0.0752426
-0.0187082
0.0758214
-0.0204417
0.0767633
-0.0226436
0.0777643
-0.024223
0.0792407
-0.0263599
0.0807415
-0.0276688
-0.0290298
0.0825048
0.0749823
-0.0005249
0.0749294
-0.00157901
0.0748427
-0.00264769
0.0747251
-0.00374508
0.0745813
-0.00488167
0.074418
-0.00607265
0.0742443
-0.00732559
0.0740725
-0.00866381
0.0739185
-0.0100826
0.0738045
-0.0116304
0.0737529
-0.0132541
0.0738087
-0.0150858
0.0739816
-0.016904
0.0743881
-0.0191147
0.0749268
-0.0209804
0.0759508
-0.0236676
0.0769701
-0.0252424
0.0788281
-0.0282178
0.0804786
-0.0293194
-0.0313387
0.0827876
0.0749766
-0.000501506
0.0749064
-0.00150884
0.0747907
-0.00253197
0.0746319
-0.00358628
0.0744341
-0.0046839
0.0742032
-0.00584167
0.0739477
-0.00707017
0.0736791
-0.00839512
0.0734144
-0.00981794
0.0731741
-0.0113901
0.0729898
-0.0130699
0.0728995
-0.0149954
0.072946
-0.0169505
0.073222
-0.0193907
0.0736954
-0.0214538
0.0747274
-0.0246996
0.0757519
-0.0262668
0.0780951
-0.0305611
0.0797717
-0.030996
-0.0346861
0.0831191
0.0749703
-0.000471759
0.074881
-0.00141956
0.074733
-0.00238398
0.074528
-0.00338133
0.0742691
-0.00442502
0.0739607
-0.00553324
0.07361
-0.00671948
0.0732263
-0.00801142
0.0728262
-0.00941781
0.0724272
-0.0109911
0.072067
-0.0127097
0.0717749
-0.0147033
0.0716324
-0.016808
0.0716856
-0.0194439
0.0720526
-0.0218207
0.0729302
-0.0255772
0.0740388
-0.0273755
0.0767854
-0.0333076
0.0784058
-0.0326163
-0.0400187
0.0837384
0.0749635
-0.000435214
0.0748537
-0.0013098
0.074671
-0.00220132
0.0744162
-0.00312646
0.0740906
-0.00409942
0.0736966
-0.00513927
0.0732389
-0.00626179
0.0727238
-0.00749626
0.0721641
-0.00885818
0.0715741
-0.010401
0.0709891
-0.0121246
0.0704341
-0.0141484
0.0700093
-0.0163832
0.0697347
-0.0191693
0.0698829
-0.021969
0.07039
-0.0260844
0.071715
-0.0287005
0.0744066
-0.0359992
0.076436
-0.0346457
-0.0483886
0.0848059
0.0749565
-0.000391664
0.0748256
-0.00117893
0.074607
-0.00198278
0.0743002
-0.00281962
0.0739046
-0.00370383
0.0734198
-0.00465452
0.072847
-0.00568891
0.0721877
-0.00683698
0.0714489
-0.00811937
0.0706383
-0.00959048
0.0697813
-0.0112677
0.0688986
-0.0132656
0.0680766
-0.0155612
0.0673466
-0.0184393
0.0670278
-0.0216502
0.0670055
-0.0260621
0.0683995
-0.0300945
0.0702314
-0.0378312
0.0743431
-0.0387574
-0.058948
0.0849025
0.0749496
-0.000341215
0.0747978
-0.00102718
0.0745437
-0.00172868
0.0741851
-0.00246104
0.0737193
-0.00323803
0.0731425
-0.00407775
0.0724515
-0.00499785
0.0716418
-0.00602725
0.0707124
-0.00718998
0.0696606
-0.00853869
0.0684966
-0.0101036
0.0672257
-0.0119947
0.0658996
-0.0142352
0.0645498
-0.0170895
0.0633998
-0.0205001
0.0625315
-0.0251938
0.0631171
-0.0306801
0.0641642
-0.0388783
0.0718901
-0.0464833
-0.0656445
0.0785866
0.0749431
-0.000284356
0.0747718
-0.000855826
0.0744843
-0.00144116
0.0740768
-0.00205362
0.0735443
-0.0027055
0.0728793
-0.00341276
0.0720737
-0.00419223
0.0711161
-0.00506971
0.0699965
-0.00607029
0.0686985
-0.00724072
0.0672143
-0.00861942
0.0655215
-0.0103019
0.0636301
-0.0123438
0.0615109
-0.0149702
0.0592506
-0.0182399
0.0568651
-0.0228082
0.0548395
-0.0286545
0.0540932
-0.038132
0.0597645
-0.0521546
0.0571019
-0.0629818
0.0764117
-0.0243221
0.076667
-0.025199
0.0769314
-0.0260312
0.0772044
-0.0267802
0.077467
-0.0276555
0.0777234
-0.0283208
0.0779493
-0.0292458
0.0781381
-0.0300105
0.0782689
-0.0309267
-0.0323871
0.0782594
0.0770962
-0.0246308
0.0774202
-0.025523
0.0777437
-0.0263547
0.078062
-0.0270985
0.0783548
-0.0279483
0.0786187
-0.0285847
0.0788385
-0.0294656
0.0789869
-0.0301589
0.0790745
-0.0310143
-0.032271
0.0789583
0.0777826
-0.0250111
0.0781707
-0.0259111
0.0785458
-0.0267298
0.0789029
-0.0274556
0.0792163
-0.0282617
0.0794825
-0.028851
0.0796878
-0.0296709
0.0797958
-0.0302668
0.0798308
-0.0310494
-0.0320795
0.0796393
0.0784644
-0.0254686
0.0789229
-0.0263696
0.0793557
-0.0271626
0.0797595
-0.0278594
0.0800998
-0.0286021
0.0803787
-0.0291299
0.0805779
-0.0298701
0.0806599
-0.0303488
0.0806624
-0.0310519
-0.0318313
0.0804143
0.0791443
-0.0260115
0.0796816
-0.0269068
0.0801799
-0.0276609
0.080638
-0.0283175
0.0810116
-0.0289756
0.0813119
-0.0294302
0.0815116
-0.0300698
0.0815806
-0.0304179
0.0815596
-0.0310309
-0.0315457
0.081274
0.0798241
-0.0266511
0.0804504
-0.0275331
0.081024
-0.0282345
0.0815439
-0.0288374
0.0819568
-0.0293885
0.0822866
-0.02976
0.082492
-0.0302751
0.0825609
-0.0304868
0.0825251
-0.0309951
-0.0312403
0.0822197
0.0805045
-0.0274017
0.0812323
-0.0282609
0.0818929
-0.028895
0.0824815
-0.029426
0.0829397
-0.0298467
0.0833052
-0.0301255
0.08352
-0.03049
0.0836017
-0.0305684
0.0835547
-0.0309481
-0.0309327
0.0832471
0.0811853
-0.0282819
0.0820307
-0.0291063
0.0827913
-0.0296556
0.083454
-0.0300887
0.0839633
-0.030356
0.0843676
-0.0305298
0.0845951
-0.0307176
0.0846984
-0.0306717
0.0846376
-0.0308872
-0.0306322
0.084337
0.0818665
-0.0293167
0.0828497
-0.0300896
0.0837244
-0.0305302
0.0844648
-0.0308291
0.0850308
-0.030922
0.0854723
-0.0309713
0.0857139
-0.0309591
0.0858353
-0.0307932
0.0857423
-0.0307942
-0.0303196
0.0854297
0.082549
-0.0305401
0.0836961
-0.0312367
0.0846986
-0.0315327
0.08552
-0.0316505
0.0861467
-0.0315488
0.0866149
-0.0314394
0.0868597
-0.0312039
0.0869612
-0.0308946
0.0867785
-0.0306115
-0.0299085
0.0863674
0.0832374
-0.0320011
0.0845813
-0.0325806
0.085726
-0.0326775
0.0866324
-0.0325569
0.0873132
-0.0322296
0.087771
-0.0318972
0.0879619
-0.0313948
0.0879255
-0.0308582
0.0875097
-0.0301957
-0.0291923
0.0867934
0.0839428
-0.0337713
0.0855278
-0.0341656
0.0868321
-0.0339818
0.0878181
-0.033543
0.0884991
-0.0329106
0.0888295
-0.0322275
0.0887863
-0.0313517
0.0883457
-0.0304176
0.0874042
-0.0292542
-0.0278053
0.0860173
0.084693
-0.0359596
0.0865836
-0.0360562
0.0880527
-0.0354509
0.089042
-0.0345323
0.0895223
-0.0333908
0.0894154
-0.0321206
0.0887258
-0.0306621
0.087405
-0.0290968
0.0854635
-0.0273127
-0.0252705
0.0829287
0.0855631
-0.0387351
0.0878196
-0.0383127
0.0893416
-0.0369728
0.0900073
-0.0351981
0.0897583
-0.0331419
0.0885737
-0.030936
0.0865335
-0.0286219
0.0836806
-0.0262439
0.0801823
-0.0238144
-0.0212093
0.0761211
0.0867007
-0.0423167
0.0891794
-0.0407913
0.0902035
-0.0379969
0.0896701
-0.0346646
0.0876834
-0.0311552
0.0844477
-0.0277003
0.0802268
-0.0244009
0.0752816
-0.0212987
0.0699384
-0.0184712
-0.0157287
0.0644577
0.0880127
-0.0465911
0.0898608
-0.0426395
0.0889018
-0.0370379
0.0856127
-0.0313755
0.0805793
-0.0261219
0.0744135
-0.0215345
0.0676437
-0.0176311
0.06075
-0.014405
0.0541382
-0.0118593
-0.00978491
0.0481944
0.0882111
-0.0499963
0.0871137
-0.0415421
0.0816791
-0.0316033
0.0740001
-0.0236964
0.0652567
-0.0173785
0.0564779
-0.0127558
0.0482636
-0.00941678
0.0410072
-0.00714864
0.0348927
-0.00574488
-0.00493839
0.0300462
0.0831085
-0.0482022
0.0753599
-0.0337935
0.0633881
-0.0196316
0.0516313
-0.0119396
0.0411069
-0.006854
0.0326087
-0.0042576
0.0259877
-0.00279571
0.0209465
-0.0021075
0.0171001
-0.00189847
-0.00207766
0.0142394
0.0642817
-0.0338974
0.0479526
-0.0174644
0.0323563
-0.00403528
0.0221487
-0.00173211
0.0153323
-3.75121e-05
0.011203
-0.000128377
0.00843169
-2.43617e-05
0.0064468
-0.000122613
0.00485099
-0.000302663
-0.000739465
0.00351279
0.0232045
0.00574013
0.00170485
-2.72619e-05
-6.47737e-05
-0.000193151
-0.000217513
-0.000340126
-0.00064279
-0.00138225
0.078056
-0.0992969
0.0748756
-0.120789
0.0650821
-0.143994
0.0495171
-0.153286
0.0331341
-0.146607
0.0202865
-0.129188
0.0120502
-0.107382
0.00730032
-0.0863117
0.00462498
-0.0684997
0.00307922
-0.0542867
0.00214532
-0.0431045
0.00155371
-0.0342628
0.00116276
-0.0271906
0.00089566
-0.0214577
0.00070911
-0.0167436
0.000577799
-0.012803
0.000486488
-0.00944296
0.000426171
-0.00650333
0.000390978
-0.00388938
-0.00172672
0.0783143
-0.0986528
0.0746469
-0.117122
0.064959
-0.134306
0.0503437
-0.13867
0.035001
-0.131264
0.0225206
-0.116707
0.0140026
-0.0988645
0.00875824
-0.0810673
0.00565112
-0.0653926
0.00379634
-0.052432
0.00265449
-0.0419626
0.00192405
-0.0335324
0.00143924
-0.0267058
0.00110753
-0.021126
0.000875853
-0.0165119
0.000712861
-0.01264
0.00059962
-0.00932972
0.000524871
-0.00642858
0.000481603
-0.00384611
-0.00170953
0.0787371
-0.0977507
0.0747146
-0.113099
0.0648508
-0.124442
0.0505033
-0.124323
0.0357242
-0.116485
0.0237382
-0.104721
0.0153826
-0.0905089
0.0100174
-0.0757021
0.00667965
-0.0620548
0.00459874
-0.0503511
0.00327306
-0.040637
0.00240292
-0.0326622
0.00181427
-0.0261171
0.00140583
-0.0207176
0.00111762
-0.0162237
0.000913358
-0.0124358
0.000770791
-0.00918715
0.000676498
-0.00633429
0.000622185
-0.0037918
-0.00168729
0.0793362
-0.0966726
0.0749661
-0.108729
0.0648979
-0.114374
0.0507775
-0.110202
0.0364482
-0.102156
0.0248004
-0.0930736
0.0165518
-0.0822603
0.0111159
-0.0702662
0.00762451
-0.0585634
0.00537569
-0.0481022
0.00390013
-0.0391614
0.00290706
-0.0316691
0.00222133
-0.0254314
0.00173765
-0.0202339
0.00139194
-0.015878
0.00114457
-0.0121884
0.000970794
-0.00901338
0.000855506
-0.006219
0.000789191
-0.00372549
-0.00165968
0.0800909
-0.0954896
0.0752859
-0.103924
0.0647963
-0.103885
0.050713
-0.096119
0.0367918
-0.0882344
0.025546
-0.0818278
0.017487
-0.0742012
0.012055
-0.0648343
0.00847152
-0.0549799
0.00609978
-0.0457305
0.00450367
-0.0375653
0.00340523
-0.0305707
0.00263223
-0.0246584
0.00207841
-0.0196801
0.00167761
-0.0154772
0.00138809
-0.0118989
0.00118339
-0.00880868
0.0010471
-0.00608271
0.00096866
-0.00364705
-0.00162666
0.0809535
-0.0942233
0.075591
-0.0985617
0.064551
-0.0928447
0.0504058
-0.0819738
0.0368417
-0.0746703
0.0260122
-0.0709983
0.0182019
-0.066391
0.0128402
-0.0594726
0.00921872
-0.0513584
0.00676286
-0.0432746
0.00507196
-0.0358744
0.00388442
-0.0293832
0.00303409
-0.0238081
0.00241606
-0.019062
0.00196363
-0.0150247
0.00163394
-0.0115692
0.00139941
-0.00857414
0.00124267
-0.00592597
0.00115229
-0.00355666
-0.00158828
0.0818566
-0.0928328
0.0757293
-0.0924343
0.0639759
-0.0810913
0.0497251
-0.067723
0.0365546
-0.0614998
0.0262046
-0.0606483
0.0187104
-0.0588968
0.0134798
-0.054242
0.00986853
-0.0477472
0.00736302
-0.0407691
0.00560048
-0.0341119
0.00433883
-0.0281215
0.00342068
-0.0228899
0.00274442
-0.0183858
0.00224409
-0.0145244
0.00187656
-0.0112017
0.0016136
-0.00831119
0.00143719
-0.00574956
0.00133515
-0.00345463
-0.0015446
0.0826648
-0.0911606
0.0755112
-0.0852807
0.0629306
-0.0685107
0.0486043
-0.0533968
0.0359152
-0.0488107
0.0261322
-0.0508653
0.0190258
-0.0517904
0.0139834
-0.0491995
0.0104255
-0.0441893
0.00790115
-0.0382447
0.00608786
-0.0322986
0.00476587
-0.0267995
0.00378886
-0.0219129
0.00306016
-0.0176571
0.0025157
-0.0139799
0.00211275
-0.0107987
0.0018229
-0.00802134
0.00162767
-0.00555433
0.00151432
-0.00334128
-0.00149574
0.0831514
-0.0888823
0.0746709
-0.0768003
0.0612252
-0.055065
0.0469587
-0.0391302
0.0349099
-0.0367619
0.0258083
-0.0417637
0.0191641
-0.0451462
0.0143621
-0.0443975
0.0108957
-0.040723
0.00837964
-0.0357286
0.00653432
-0.0304533
0.00516456
-0.0254298
0.00413705
-0.0208854
0.00336146
-0.0168815
0.00277654
-0.013395
0.00234061
-0.0103628
0.00202543
-0.00770615
0.00181229
-0.00534119
0.00168801
-0.00321699
-0.00144181
0.082949
-0.0854639
0.0728698
-0.066721
0.0586631
-0.0408583
0.0447203
-0.0251874
0.033539
-0.0255806
0.0252524
-0.0334771
0.0191436
-0.0390374
0.0146283
-0.0398822
0.0112863
-0.0373809
0.00880192
-0.0332443
0.00694103
-0.0285924
0.00553483
-0.0240236
0.00446451
-0.0198151
0.00364726
-0.0160642
0.00302545
-0.0127732
0.00255893
-0.0098963
0.00221998
-0.0073672
0.00198985
-0.00511106
0.00185505
-0.0030822
-0.00138295
0.0815166
-0.0801871
0.0697087
-0.0549131
0.0550583
-0.0262079
0.0418522
-0.0119813
0.0318245
-0.0155529
0.0244935
-0.0261461
0.0189861
-0.03353
0.014796
-0.0356922
0.011605
-0.0341899
0.00917208
-0.0308113
0.00730977
-0.02673
0.00587713
-0.0225909
0.004771
-0.0187089
0.00391696
-0.0152102
0.00326164
-0.0121179
0.00276688
-0.00940154
0.00240572
-0.00700604
0.00215954
-0.00486487
0.00201468
-0.00293735
-0.0013193
0.0781473
-0.0723171
0.0647863
-0.0415522
0.050288
-0.0117096
0.0383752
-6.84994e-05
0.0298183
-0.00699607
0.0235712
-0.019899
0.0187164
-0.0286751
0.0148801
-0.0318559
0.0118607
-0.0311705
0.00949474
-0.0284454
0.00764274
-0.024878
0.00619228
-0.0211405
0.00505657
-0.0175732
0.00417022
-0.0143238
0.0034846
-0.0114323
0.00296385
-0.00888079
0.00258201
-0.0066242
0.00232074
-0.0046036
0.00216631
-0.00278292
-0.00125106
0.072071
-0.0614594
0.0578226
-0.0273038
0.0443758
0.00173718
0.0343885
0.0099188
0.027607
-0.00021456
0.0225353
-0.0148273
0.0183623
-0.0245022
0.0148966
-0.0283901
0.0120624
-0.0283363
0.00977486
-0.0261579
0.00794244
-0.0230456
0.00648135
-0.0196794
0.00532149
-0.0164134
0.00440688
-0.0134092
0.00369393
-0.0107193
0.00314935
-0.00833621
0.00274835
-0.0062232
0.00247295
-0.0043282
0.00230947
-0.00261944
-0.00117842
0.0627319
-0.0480701
0.0488568
-0.0134287
0.0375409
0.0130531
0.0301232
0.0173366
0.0253077
0.00460087
0.0214422
-0.0109617
0.0179529
-0.021013
0.0148616
-0.0252988
0.0122193
-0.025694
0.0100176
-0.0239562
0.00821154
-0.0212396
0.00674554
-0.0182134
0.00556616
-0.015234
0.00462689
-0.01247
0.00388937
-0.00998178
0.00332301
-0.00776985
0.00290431
-0.0058045
0.00261574
-0.00403962
0.00244375
-0.00244745
-0.0011016
0.0502699
-0.0338823
0.0384513
-0.00161011
0.0303209
0.0211836
0.0258666
0.0217909
0.0230551
0.00741235
0.0203488
-0.00825552
0.0175168
-0.0181809
0.0147912
-0.0225732
0.0123407
-0.0232434
0.0102281
-0.0218436
0.00845279
-0.0194642
0.00698619
-0.0167468
0.00579106
-0.0140389
0.00483027
-0.0115092
0.00407069
-0.00922221
0.0034845
-0.00718366
0.00304952
-0.00536952
0.00274874
-0.00373885
0.0025688
-0.00226751
-0.00102083
0.0359763
-0.0216643
0.0277676
0.00659864
0.0233985
0.0255526
0.0219284
0.023261
0.0209638
0.00837695
0.0193052
-0.00659699
0.0170802
-0.0159559
0.0147004
-0.0201934
0.0124353
-0.0209784
0.0104115
-0.0198198
0.00866894
-0.0177217
0.00720463
-0.0152825
0.00599672
-0.012831
0.00501711
-0.0105296
0.00423774
-0.00844284
0.00363352
-0.00657943
0.00318364
-0.00491964
0.00287161
-0.00342681
0.00268431
-0.00208021
-0.000936352
0.0221314
-0.0137495
0.0181528
0.0105772
0.0173934
0.0263121
0.0185303
0.0221241
0.0191103
0.00779699
0.0183497
-0.00583647
0.016666
-0.0142722
0.0146032
-0.0181305
0.0125115
-0.0188867
0.0105725
-0.0178808
0.00886265
-0.0160118
0.00740222
-0.013822
0.00618372
-0.0116125
0.00518752
-0.00953336
0.0043904
-0.00764572
0.00376985
-0.00595889
0.00330639
-0.00445618
0.00298405
-0.00310447
0.00278999
-0.00188615
-0.000848413
0.0108261
-0.0103362
0.0104819
0.0109214
0.0126207
0.0241732
0.0157559
0.0189889
0.0175302
0.00602273
0.0175089
-0.00581511
0.0162931
-0.0130565
0.0145118
-0.0163492
0.0125768
-0.0169517
0.0107156
-0.0160196
0.00903639
-0.0143326
0.00758024
-0.0123659
0.00635261
-0.0103848
0.00534165
-0.00852239
0.00452856
-0.00683263
0.00389327
-0.00532359
0.00341751
-0.00398042
0.00308578
-0.00277273
0.00288557
-0.00168595
-0.000757278
0.00288224
-0.00970562
0.00491891
0.00888477
0.00906682
0.0200253
0.0135799
0.0144758
0.0162308
0.0033719
0.0168001
-0.0063844
0.0159765
-0.0122329
0.014437
-0.0148097
0.0126382
-0.0151529
0.0108449
-0.0142263
0.00919247
-0.0126801
0.00773985
-0.0109133
0.0065039
-0.00914888
0.00547961
-0.00749811
0.00465215
-0.00600517
0.00400358
-0.00467502
0.00351675
-0.00349359
0.00317655
-0.00243254
0.00297082
-0.00148022
-0.00066321
-0.00168515
-0.00940273
0.00118781
0.00601182
0.00653757
0.0146755
0.0119283
0.00908504
0.0152046
9.5636e-05
0.0162332
-0.007413
0.0157276
-0.0117274
0.0143871
-0.0134691
0.012701
-0.0134669
0.0109638
-0.0124891
0.00933275
-0.0110491
0.00788208
-0.00946259
0.00663809
-0.00790489
0.00560161
-0.00646164
0.0047612
-0.00516476
0.00410075
-0.00401457
0.003604
-0.00299684
0.00325629
-0.00208483
0.00304546
-0.00126939
-0.000566758
-0.00253097
-0.00687176
-0.000784914
0.00426576
0.00398017
0.00991044
0.00867223
0.00439298
0.0116117
-0.00284386
0.0126814
-0.00848267
0.0124564
-0.0115024
0.011495
-0.0125077
0.0102093
-0.0121812
0.00885026
-0.0111301
0.00755656
-0.00975539
0.00639598
-0.00830201
0.00539508
-0.006904
0.0045579
-0.00562445
0.00387721
-0.00448407
0.00334131
-0.00347867
0.00293749
-0.00259301
0.00265488
-0.00180222
0.00248196
-0.00109647
-0.000489507
-0.00324327
-0.00362849
-0.00186497
0.00288746
0.00320258
0.00484289
0.00811366
-0.000518095
0.011259
-0.00598916
0.0124953
-0.00971903
0.0123899
-0.0113969
0.0115032
-0.011621
0.0102589
-0.0109369
0.00891896
-0.00979016
0.00763082
-0.00846726
0.00646828
-0.00713946
0.00546174
-0.00589746
0.00461761
-0.00478032
0.00393001
-0.00379647
0.00338799
-0.00293666
0.00297912
-0.00218414
0.00269279
-0.00151589
0.00251724
-0.000920924
-0.000411222
-0.00371549
8.69994e-05
-0.00253242
0.00170438
0.00270443
-0.000393951
0.00775172
-0.00556539
0.0110387
-0.00927617
0.0123921
-0.0110724
0.0123691
-0.0113739
0.0115329
-0.0107848
0.0103151
-0.00971911
0.00898601
-0.00846103
0.00769915
-0.0071804
0.00653275
-0.00597306
0.00552005
-0.00488477
0.00466916
-0.00392942
0.00397516
-0.00310247
0.00342761
-0.0023891
0.00301428
-0.00177081
0.00272463
-0.00122624
0.00254693
-0.000743224
-0.00033184
-0.00395492
0.00404192
-0.00284707
0.000596534
0.00246238
-0.0057034
0.00758031
-0.0106833
0.0109507
-0.0126465
0.0123724
-0.0124941
0.0123953
-0.0113969
0.0115851
-0.00997455
0.0103787
-0.00851279
0.00905176
-0.00713404
0.00776171
-0.00589035
0.00658948
-0.00480084
0.00557006
-0.00386534
0.00471257
-0.00307194
0.00401268
-0.00240257
0.00346019
-0.00183662
0.00304297
-0.00135359
0.00275047
-0.000933732
0.00257091
-0.000563673
-0.000251559
-0.00393952
0.00798143
-0.00282048
-0.000522504
0.00247618
-0.0110001
0.00760247
-0.0158096
0.0109973
-0.0160414
0.0124381
-0.0139349
0.0124699
-0.0114287
0.0116605
-0.00916516
0.0104502
-0.00730245
0.0091165
-0.00580038
0.00781865
-0.0045925
0.00663853
-0.00362071
0.00561175
-0.00283857
0.00474781
-0.00220799
0.00404251
-0.00169727
0.00348568
-0.00127979
0.00306514
-0.000933049
0.00277024
-0.000638838
0.00258915
-0.00038258
-0.000170575
-0.00363639
0.0116178
-0.00243713
-0.00172176
0.00276128
-0.0161985
0.00782738
-0.0208757
0.011183
-0.019397
0.0125911
-0.015343
0.0125935
-0.0114311
0.0117596
-0.00833123
0.0105296
-0.00607244
0.00918029
-0.00445111
0.00786998
-0.00328219
0.00667986
-0.00243058
0.00564509
-0.00180381
0.00477483
-0.00133773
0.00406461
-0.000987048
0.00350403
-0.000719216
0.00308073
-0.000509744
0.00278392
-0.000342029
0.00260159
-0.000200254
-8.90891e-05
-0.00301658
0.0146344
-0.00166515
-0.00307319
0.00334256
-0.0212062
0.00826841
-0.0258016
0.011513
-0.0226416
0.012833
-0.016663
0.0127664
-0.0113644
0.0118821
-0.00744694
0.0106168
-0.00480709
0.00924298
-0.00307733
0.00791558
-0.00195479
0.00671337
-0.00122837
0.00566999
-0.000760435
0.00479355
-0.000461285
0.0040789
-0.0002724
0.00351519
-0.000155505
0.0030897
-8.42562e-05
0.00279146
-4.37851e-05
0.00260821
-1.70097e-05
-7.30506e-06
-0.00205878
0.0166932
-0.000448212
-0.00468376
0.00425241
-0.0259068
0.00894114
-0.0304903
0.0119928
-0.0256933
0.0131647
-0.0178349
0.0129881
-0.0111878
0.0120274
-0.0064863
0.0107112
-0.00349085
0.00930418
-0.00167032
0.00795517
-0.000605788
0.00673888
-1.20821e-05
0.00568632
0.000292125
0.00480388
0.000421158
0.00408533
0.000446152
0.0035191
0.000410723
0.00309202
0.000342825
0.00279283
0.000255409
0.00260898
0.000166834
7.45712e-05
-0.000749547
0.0174427
0.00117214
-0.00660544
0.00553141
-0.0302661
0.0098629
-0.0348218
0.0126271
-0.0284575
0.0135862
-0.018794
0.0132573
-0.0108588
0.0121943
-0.00542329
0.0108119
-0.0021085
0.00936326
-0.000221658
0.00798835
0.000769124
0.00675618
0.00122009
0.00569392
0.00135438
0.00480571
0.00130936
0.00408382
0.00116805
0.00351572
0.000978821
0.00308765
0.000770894
0.002788
0.000555057
0.00260388
0.000350958
0.000156321
0.00100987
0.0164329
0.003349
-0.00894457
0.0072316
-0.0341487
0.0110575
-0.0386477
0.0134231
-0.0308231
0.0140989
-0.0194699
0.013573
-0.010333
0.0123816
-0.00423192
0.0109182
-0.000645045
0.00941983
0.00127669
0.00801482
0.00217414
0.00676492
0.00246999
0.00569255
0.00242675
0.00479884
0.00220307
0.00407418
0.00189271
0.00350486
0.00154814
0.00307646
0.0011993
0.00277678
0.000854738
0.00259299
0.000534743
0.000238152
0.0054929
0.0124135
-0.00147359
0.00977737
-0.013229
0.0140929
-0.0384642
0.0183446
-0.0428994
0.0207993
-0.0332777
0.0211393
-0.0198098
0.019968
-0.00916166
0.0180027
-0.00226665
0.0157519
0.00160571
0.0135162
0.00351239
0.0114547
0.00423563
0.00963962
0.00428511
0.00809308
0.00397329
0.00681044
0.00348571
0.00577409
0.00292906
0.00496183
0.00236039
0.00435213
0.001809
0.00392541
0.00128146
0.00366685
0.000793303
0.000357354
0.0158506
0.0106371
-0.0140741
0.0183606
-0.0157391
0.0202205
-0.0403242
0.0222805
-0.0449594
0.0232163
-0.0342135
0.0225861
-0.0191795
0.0208002
-0.00737577
0.018456
7.75017e-05
0.0159762
0.00408554
0.0136056
0.00588295
0.0114673
0.00637394
0.00961064
0.0061418
0.00804356
0.00554037
0.00675243
0.00477684
0.00571415
0.00396734
0.00490322
0.00317133
0.00429608
0.00241614
0.00387207
0.00170547
0.0036157
0.00104968
0.000475313
0.0317358
0.0145098
-0.0356086
0.0299436
-0.0139469
0.0281435
-0.0385241
0.0271606
-0.0439764
0.0260786
-0.0331315
0.0242304
-0.0173314
0.0217109
-0.00485627
0.0189301
0.0028583
0.0161911
0.00682456
0.0136714
0.00840259
0.0114506
0.00859476
0.00955135
0.00804108
0.00796504
0.00712668
0.00666778
0.0060741
0.00563022
0.0050049
0.00482309
0.00397846
0.0042206
0.00301863
0.00380096
0.00212511
0.00354757
0.00130306
0.000591114
0.0510805
0.0240239
-0.0605946
0.0438005
-0.00666689
0.0374691
-0.0321927
0.0328169
-0.0393243
0.029301
-0.0296155
0.0260192
-0.0140497
0.022669
-0.00150607
0.0194041
0.00612329
0.0163848
0.0098438
0.0137066
0.0110808
0.0114004
0.010901
0.00945913
0.00998233
0.00785592
0.00872989
0.00655553
0.00737449
0.00552172
0.00603871
0.00472112
0.00477906
0.00412552
0.00361423
0.00371191
0.00253872
0.0034627
0.00155228
0.00070429
0.0691791
0.0356131
-0.0807683
0.0577201
0.00479219
0.0471372
-0.0216098
0.0388033
-0.0309904
0.0327059
-0.0235181
0.0278697
-0.00921352
0.023633
0.00273064
0.0198548
0.00990155
0.0165435
0.0131551
0.0137029
0.0139214
0.0113117
0.0132922
0.00933118
0.0119629
0.00771465
0.0103464
0.00641489
0.00867425
0.00538832
0.00706528
0.00459724
0.00557014
0.00401091
0.00420057
0.00360509
0.00294454
0.00336124
0.00179612
0.00081435
0.082426
0.0460978
-0.0929107
0.0693047
0.0179135
0.0558387
-0.0081438
0.0445068
-0.0196585
0.0360438
-0.0150551
0.029683
-0.00285269
0.0245502
0.0078634
0.0202562
0.0141956
0.0166523
0.016759
0.0136516
0.016922
0.0111796
0.0157642
0.00916457
0.0139779
0.00753965
0.0119713
0.00624509
0.00996881
0.00522974
0.00808063
0.00445145
0.00634843
0.00387693
0.00477508
0.00348071
0.00334076
0.00324343
0.00203341
0.0009208
0.0902857
0.0542194
-0.0984074
0.0774535
0.0307457
0.0627314
0.0065783
0.0494196
-0.00634668
0.0390694
-0.00470483
0.0313535
0.00486318
0.0253728
0.013844
0.0205821
0.0189863
0.0166963
0.0206448
0.0135441
0.0200742
0.0109988
0.0183095
0.00895636
0.0160204
0.00732935
0.0135983
0.00604542
0.0112527
0.00504577
0.00908027
0.00428382
0.00711038
0.00372381
0.0053351
0.00333907
0.00372549
0.00310955
0.00226293
0.00102314
0.0939147
0.0601411
-0.0998364
0.0823857
0.0422747
0.0676309
0.0213331
0.0533011
0.0079831
0.0416242
0.00697213
0.032788
0.0136993
0.0260555
0.0205766
0.0208074
0.0242344
0.0166608
0.0247914
0.0133714
0.0233636
0.0107643
0.0209166
0.00870367
0.0180809
0.00708231
0.0152197
0.00581527
0.0125198
0.00483631
0.0100592
0.00409452
0.00785216
0.00355184
0.00587778
0.00318053
0.00409681
0.00295997
0.00248348
0.00112089
0.0948467
0.0645461
-0.0992517
0.0848626
0.0522587
0.0707668
0.0354289
0.0561333
0.0226167
0.0436227
0.0194827
0.033929
0.023393
0.0265614
0.0279442
0.0209101
0.0298857
0.0165322
0.0291693
0.0131253
0.0267704
0.010471
0.023571
0.00840382
0.0201481
0.00679719
0.0168263
0.00555417
0.0137628
0.00460135
0.0110121
0.00388384
0.00856968
0.00336144
0.00640018
0.00300553
0.00445272
0.00279511
0.0026939
0.00121355
0.0943081
0.068106
-0.097868
0.0856846
0.0608822
0.0725252
0.0485883
0.0580264
0.0371154
0.0450624
0.0324467
0.0347465
0.033709
0.0268643
0.0358265
0.0208713
0.0358786
0.0162981
0.0337425
0.0127981
0.0302705
0.0101144
0.0262547
0.00805438
0.0222081
0.00647293
0.0184078
0.00526184
0.0149739
0.00434107
0.0119328
0.00365216
0.00925859
0.00315312
0.00689922
0.00281462
0.00479122
0.0026155
0.00289302
0.00130066
0.0930949
0.0712822
-0.096271
0.0855026
0.0684746
0.0732859
0.060805
0.0591419
0.0512595
0.0459813
0.0456072
0.0352323
0.044458
0.0269467
0.0441121
0.0206758
0.0421495
0.0159476
0.0384707
0.0123825
0.0338355
0.00969054
0.0289467
0.00765327
0.0242454
0.0061087
0.0199523
0.00493819
0.0161444
0.00405582
0.0128152
0.00340006
0.00991436
0.00292751
0.00737177
0.00260845
0.00511028
0.00242174
0.00307973
0.00138179
0.0916607
0.0743212
-0.0946998
0.0847774
0.0753579
0.0733682
0.0722142
0.0596434
0.0649842
0.0464358
0.0588148
0.0353918
0.055502
0.0267978
0.052706
0.0203111
0.0486363
0.0154709
0.0433108
0.0118726
0.0374339
0.00919583
0.0316234
0.00719887
0.0262424
0.00570406
0.0214472
0.00458347
0.017265
0.00374619
0.0136525
0.00312828
0.0105323
0.00268544
0.00781461
0.00238783
0.00540789
0.0022146
0.00325296
0.00145653
0.090239
0.0773218
-0.0932395
0.0838092
0.0817876
0.073021
0.0830025
0.0596792
0.078326
0.0464878
0.0720062
0.0352378
0.066752
0.0264115
0.0615324
0.0197672
0.0552805
0.01486
0.0482181
0.0112629
0.0410311
0.00862753
0.0342587
0.00669014
0.0281797
0.00525901
0.0228783
0.00419827
0.0183257
0.00341306
0.0144377
0.00283785
0.0111075
0.00242795
0.00822451
0.00215378
0.00568206
0.00199503
0.00341171
0.00152452
0.0889421
0.0802981
-0.0919185
0.0827797
0.0879501
0.0724171
0.093365
0.0593658
0.0913774
0.0461936
0.0851784
0.0347853
0.0781603
0.0257836
0.070534
0.0190357
0.0620284
0.0141078
0.053146
0.0105492
0.0445897
0.00798369
0.0368242
0.00612677
0.0300367
0.00477421
0.0242309
0.00378375
0.0193162
0.00305785
0.0151636
0.00253024
0.0116351
0.00215651
0.00859824
0.00190772
0.00593085
0.00176438
0.00355504
0.00158544
0.0878173
0.0832265
-0.0907457
0.0818109
0.0939565
0.0717114
0.103465
0.0588218
0.104267
0.0456103
0.0983899
0.0340482
0.0897224
0.0249104
0.0796718
0.0181088
0.06883
0.0132081
0.0580467
0.00972823
0.0480695
0.0072635
0.0392889
0.00550951
0.0317907
0.00425132
0.025489
0.00334202
0.0202255
0.00268279
0.0158228
0.00220772
0.0121102
0.00187334
0.00893262
0.00165179
0.0061524
0.00152472
0.00368212
0.00163901
0.086896
0.0860564
-0.089726
0.0809594
0.099893
0.0709393
0.113485
0.0580608
0.117145
0.0447474
0.111703
0.0330301
0.10144
0.0237868
0.0889151
0.0169791
0.0756378
0.012156
0.0628697
0.00879831
0.0514272
0.00646784
0.0416194
0.00484092
0.0334176
0.00369378
0.0266362
0.00287687
0.0210424
0.00229175
0.0164079
0.00187406
0.0125278
0.00158209
0.0092246
0.00138953
0.00634495
0.00127948
0.00379217
0.001685
0.0861803
0.0887348
-0.0888586
0.0803091
0.105764
0.0703064
0.123487
0.0573136
0.130138
0.0437408
0.125276
0.0317659
0.113415
0.022408
0.0982731
0.0156381
0.0824076
0.0109475
0.0675604
0.00776006
0.0546146
0.00560079
0.0437787
0.00412716
0.0348912
0.00310871
0.0276546
0.00239563
0.0217555
0.00189186
0.0169117
0.00153605
0.0128836
0.00128919
0.00947145
0.00112714
0.00650701
0.00103471
0.0038846
0.00172323
0.0857009
0.0911824
-0.0881485
0.0798544
0.111611
0.069626
0.133716
0.0562246
0.14354
0.0422756
0.139225
0.0301067
0.125583
0.0207324
0.107647
0.0140764
0.0890636
0.00958179
0.0720551
0.00661947
0.0575769
0.00467384
0.0457243
0.00338278
0.0361823
0.00251157
0.0285258
0.00191335
0.0223537
0.00149718
0.0173279
0.00120662
0.0131742
0.00100663
0.00967144
0.000875885
0.00663775
0.000801331
0.00395916
0.00175362
0.0854554
0.0933246
-0.0875976
0.0797043
0.117362
0.0693509
0.144069
0.0556507
0.15724
0.0412469
0.153629
0.0285885
0.138242
0.0189379
0.117298
0.0123189
0.0956826
0.00806444
0.0763095
0.00539821
0.0602432
0.00372134
0.0474012
0.00264621
0.0372574
0.00193945
0.0292326
0.00146352
0.0228296
0.00113712
0.0176543
0.000911524
0.0133998
0.000757247
0.00982572
0.000656682
0.00673831
0.000599139
0.0040167
0.00177645
0.0855284
-0.0871386
0.0799669
0.0690245
0.0541079
0.0385494
0.025416
0.0160217
0.0100154
0.00638269
0.00420514
0.00287518
0.00203755
0.00149236
0.00112703
0.000876939
0.000704141
0.000585887
0.000508717
0.000464188
0.0347193
0.038466
-0.0731853
0.0121869
0.0225324
0.00469258
0.00749435
0.00186994
0.00282264
0.00143428
0.00043566
0.00149078
-5.65053e-05
0.00159415
-0.000103363
0.00161364
-1.94962e-05
0.001553
6.06374e-05
7.94171e-05
0.0845011
0.0479655
-0.0940006
0.0704502
0.0365832
0.0538997
0.0240449
0.0410476
0.0156748
0.0315462
0.00993708
0.0250598
0.00642991
0.0206915
0.00426487
0.0177272
0.00294485
0.0155673
0.00222057
0.00157261
0.10065
0.0462044
-0.0988884
0.0969729
0.0402598
0.0884308
0.032587
0.0783967
0.0257089
0.0682732
0.0200606
0.0591045
0.0155986
0.0512426
0.0121268
0.0447739
0.00941348
0.0395844
0.00741008
0.00554848
0.102838
0.0414692
-0.0981032
0.104447
0.0386507
0.102425
0.0346092
0.0979589
0.0301752
0.0920387
0.0259808
0.0854216
0.0222157
0.0786262
0.0189223
0.0720674
0.0159722
0.0659671
0.0135104
0.010921
0.101468
0.0369431
-0.096942
0.10435
0.0357683
0.105359
0.0336008
0.104541
0.0309933
0.102278
0.0282438
0.0989409
0.0255525
0.0948581
0.0230051
0.0903186
0.0205117
0.0855591
0.0182699
0.0157118
0.0997307
0.0334061
-0.0961936
0.102492
0.0330068
0.104279
0.0318143
0.105013
0.0302587
0.104749
0.0285077
0.103605
0.0266973
0.101725
0.024885
0.0992386
0.0229977
0.0962787
0.0212298
0.0190798
0.0983401
0.0306915
-0.0956255
0.100638
0.030709
0.102371
0.0300815
0.103491
0.0291386
0.103997
0.0280009
0.10391
0.0267843
0.103268
0.0255271
0.102121
0.0241455
0.100498
0.0228523
0.0211705
0.0971559
0.0285727
-0.0950371
0.0990322
0.0288328
0.100535
0.0285787
0.101629
0.0280449
0.10231
0.0273195
0.102599
0.0264952
0.102485
0.0256415
0.101998
0.0246321
0.101123
0.0237271
0.0224576
0.0960713
0.0268841
-0.0943828
0.0976107
0.0272934
0.0988845
0.0273049
0.0998573
0.0270722
0.10051
0.0266664
0.100875
0.0261301
0.100926
0.0255909
0.100689
0.0248686
0.10015
0.0242668
0.0233556
0.095046
0.025515
-0.0936769
0.0963142
0.0260253
0.0973861
0.026233
0.0982281
0.0262302
0.0988035
0.0260909
0.0991421
0.0257915
0.0992157
0.0255173
0.0990407
0.0250437
0.0986201
0.0246874
0.0241076
0.0940642
0.0243914
-0.0929406
0.0951119
0.0249775
0.0960089
0.025336
0.0967259
0.0255131
0.0972176
0.0255993
0.0975024
0.0255068
0.0975549
0.0254647
0.0973753
0.0252233
0.0969838
0.0250789
0.0248204
0.0931199
0.0234627
-0.0921912
0.093987
0.0241104
0.0947344
0.0245887
0.0953366
0.0249109
0.0957485
0.0251874
0.0959761
0.0252792
0.0959972
0.0254436
0.0957986
0.025422
0.0954062
0.0254712
0.0255269
0.0922116
0.0226924
-0.0914413
0.0929298
0.0233922
0.0935507
0.0239677
0.094051
0.0244107
0.0943905
0.0248478
0.0945656
0.025104
0.094556
0.0254533
0.0943412
0.0256367
0.0939421
0.0258704
0.0262294
0.0913392
0.0220532
-0.0907
0.0919339
0.0227975
0.092449
0.0234526
0.0928617
0.023998
0.0931384
0.0245711
0.0932695
0.0249729
0.0932343
0.0254885
0.093012
0.025859
0.092609
0.0262733
0.02692
0.0905021
0.0215235
-0.0899723
0.0909942
0.0223053
0.0914214
0.0230255
0.0917613
0.0236581
0.0919861
0.0243463
0.0920838
0.0248751
0.0920316
0.0255407
0.0918121
0.0260786
0.091414
0.0266714
0.0275883
0.0896981
0.0210862
-0.0892608
0.0901048
0.0218985
0.0904598
0.0226705
0.0907412
0.0233767
0.0909262
0.0241613
0.0910026
0.0247987
0.0909445
0.0255988
0.0907396
0.0262835
0.0903573
0.0270537
0.0282196
0.0889233
0.0207277
-0.0885649
0.0892591
0.0215627
0.0895555
0.0223741
0.089792
0.0231403
0.0899496
0.0240037
0.0900177
0.0247306
0.0899666
0.02565
0.08979
0.0264601
0.0894396
0.0274041
0.0288006
0.0881724
0.0204372
-0.0878819
0.088449
0.0212861
0.0886986
0.0221245
0.0889025
0.0229363
0.0890454
0.0238608
0.0891184
0.0246576
0.0890892
0.0256791
0.0889562
0.0265931
0.0886543
0.027706
0.0293063
0.0874388
0.020207
-0.0872087
0.087665
0.02106
0.0878774
0.0219121
0.0880603
0.0227534
0.0882005
0.0237207
0.0882928
0.0245653
0.0883006
0.0256713
0.0882329
0.0266608
0.0880086
0.0279304
0.0297173
0.0867361
-0.0865672
0.0869099
0.0870809
0.0872392
0.0873742
0.0874837
0.087532
0.0875314
0.0873885
0.0854379
0.000317627
-0.000255489
0.0852507
0.000955445
-0.000768251
0.0849367
0.0016088
-0.00129487
0.0844922
0.00229416
-0.00184964
0.0839116
0.00302604
-0.00244547
0.0831873
0.00382344
-0.0030991
0.0823108
0.00470438
-0.00382793
0.0812707
0.00569915
-0.00465897
0.080057
0.00683135
-0.00561773
0.0786537
0.00815654
-0.00675323
0.0770557
0.00970148
-0.0081034
0.0752411
0.0115838
-0.00976922
0.0732321
0.0138118
-0.0118028
0.0710029
0.016675
-0.0144458
0.0687001
0.0200482
-0.0177454
0.066348
0.0247657
-0.0224136
0.064776
0.0299534
-0.0283814
0.0648388
0.0381366
-0.0381993
0.0732511
0.043945
-0.0523573
0.0637442
-0.0636784
0.0854468
0.00037086
0.0852867
0.0011155
0.085019
0.00187654
0.0846417
0.00267141
0.0841528
0.00351498
0.0835492
0.00442708
0.0828288
0.00542472
0.0819891
0.00653888
0.0810324
0.00778809
0.0799593
0.00922957
0.0787895
0.0108713
0.077534
0.0128393
0.0762747
0.0150711
0.0750429
0.0179068
0.0741704
0.0209207
0.0736849
0.0252512
0.0750545
0.0285837
0.0768569
0.0363342
0.0847934
0.0360085
0.0545371
0.0854562
0.000414649
0.0853246
0.00124709
0.0851053
0.00209589
0.0847982
0.00297846
0.0844041
0.00390907
0.0839242
0.00490702
0.0833618
0.00598707
0.0827218
0.00717897
0.0820161
0.00849378
0.0812574
0.0099882
0.0804834
0.0116454
0.07972
0.0136026
0.0790831
0.015708
0.078604
0.0183858
0.0786502
0.0208745
0.0790955
0.0248059
0.0808394
0.0268398
0.0836859
0.0334877
0.0872205
0.032474
0.0428691
0.0854656
0.000449099
0.0853621
0.00135058
0.0851903
0.00226762
0.084952
0.00321682
0.0846499
0.00421111
0.0842885
0.00526841
0.0838753
0.00640027
0.08342
0.00763425
0.0829409
0.00897293
0.0824575
0.0104716
0.0820137
0.0120892
0.0816443
0.013972
0.0814525
0.0158999
0.0814905
0.0183479
0.0819402
0.0204248
0.0829522
0.0237939
0.0844473
0.0253447
0.0878051
0.0301299
0.0901696
0.0301095
0.0349356
0.0854743
0.00047478
0.0853972
0.0014277
0.08527
0.00239484
0.0850954
0.00339143
0.0848779
0.00442858
0.084624
0.00552226
0.0843437
0.00668065
0.0840497
0.00792825
0.0837619
0.00926069
0.0835048
0.0107287
0.0833157
0.0122783
0.0832412
0.0140464
0.0833357
0.0158053
0.0837056
0.017978
0.0843348
0.0197956
0.0856279
0.0225008
0.0869853
0.0239873
0.0900043
0.0271109
0.0921828
0.0279309
0.0301764
0.0854822
0.000492589
0.0854287
0.00148116
0.0853412
0.00248234
0.0852231
0.00350953
0.0850798
0.00457193
0.0849189
0.00568314
0.084751
0.00684855
0.0845907
0.00808851
0.0844562
0.00939522
0.0843747
0.0108103
0.0843716
0.0122814
0.0845016
0.0139164
0.0847758
0.0155312
0.0853317
0.0174221
0.086058
0.0190693
0.0873677
0.0211911
0.0886965
0.0226584
0.0910758
0.0247316
0.0931502
0.0258566
0.027133
0.085489
0.000503623
0.0854559
0.00151427
0.0854024
0.00253583
0.0853322
0.00357964
0.0852511
0.0046531
0.085167
0.00576718
0.0850902
0.00692537
0.0850356
0.00814313
0.0850183
0.00941254
0.0850654
0.0107632
0.0851924
0.0121543
0.0854527
0.0136561
0.0858389
0.015145
0.0864729
0.0167882
0.0872486
0.0182936
0.0884468
0.0199929
0.0897269
0.0213783
0.0915696
0.0228889
0.0934229
0.0240032
0.0249304
0.0854946
0.000509065
0.0854782
0.00153059
0.0854527
0.00256139
0.0854216
0.00361068
0.0853905
0.00468427
0.0853672
0.00579046
0.0853609
0.00693162
0.0853857
0.00811834
0.085454
0.00934432
0.0855895
0.0106276
0.0858032
0.0119407
0.0861384
0.0133209
0.0865874
0.014696
0.0872339
0.0161417
0.0880135
0.017514
0.089073
0.0189333
0.0902555
0.0201959
0.0917323
0.0214121
0.0933162
0.0224194
0.0232095
0.085499
0.000510085
0.0854959
0.00153365
0.0854923
0.00256501
0.0854917
0.00361131
0.085499
0.00467698
0.0855215
0.00576794
0.0855673
0.00688582
0.0856486
0.00803704
0.0857757
0.00921725
0.0859679
0.0104354
0.0862341
0.0116745
0.0866053
0.0129497
0.0870794
0.0142219
0.0877045
0.0155166
0.0884518
0.0167667
0.0893843
0.0180008
0.0904414
0.0191389
0.0916651
0.0201883
0.0929927
0.0210918
0.0218195
0.0855023
0.000507782
0.0855092
0.00152673
0.085522
0.00255222
0.0855438
0.00358947
0.0855791
0.00464172
0.0856342
0.00571287
0.085716
0.00680398
0.0858347
0.00791839
0.0859988
0.00905306
0.0862232
0.010211
0.0865158
0.0113819
0.0868967
0.0125687
0.0873683
0.0137503
0.0879555
0.0149294
0.0886486
0.0160736
0.0894695
0.0171799
0.0903959
0.0182124
0.091427
0.0191572
0.0925348
0.019984
0.0206774
0.0855046
0.000503142
0.0855186
0.00151282
0.0855428
0.00252798
0.0855801
0.00355217
0.0856343
0.00458757
0.0857106
0.00563652
0.0858151
0.00669954
0.0859556
0.00777784
0.0861396
0.00886908
0.0863777
0.00997298
0.0866769
0.0110826
0.08705
0.0121957
0.0875008
0.0132995
0.0880415
0.0143887
0.0886695
0.0154456
0.0893902
0.0164593
0.0901931
0.0174095
0.0910672
0.0182832
0.0919934
0.0190578
0.0197302
0.0855061
0.000497019
0.0855245
0.00149447
0.0855559
0.00249655
0.0856027
0.00350538
0.085668
0.00452221
0.0857563
0.00554823
0.0858725
0.00658339
0.0860227
0.00762761
0.0862131
0.00867873
0.0864512
0.00973487
0.0867429
0.0107909
0.0870962
0.0118424
0.0875147
0.0128809
0.0880041
0.0138993
0.0885638
0.0148859
0.0891927
0.0158303
0.0898839
0.0167183
0.0906256
0.0175415
0.0914021
0.0182812
0.0189412
0.0855069
0.000490139
0.0855275
0.00147385
0.0855625
0.00246153
0.0856138
0.00345407
0.0856841
0.00445198
0.0857767
0.00545555
0.0858959
0.00646426
0.0860463
0.00747719
0.0862328
0.00849223
0.0864608
0.00950681
0.0867351
0.0105166
0.0870605
0.011517
0.0874399
0.0125014
0.0878759
0.0134634
0.0883675
0.0143943
0.0889121
0.0152857
0.0895035
0.0161269
0.0901317
0.0169133
0.0907831
0.0176297
0.018283
0.085507
0.000483098
0.0855281
0.00145275
0.0855638
0.00242587
0.0856156
0.00340231
0.0856856
0.00438197
0.0857766
0.0053645
0.0858919
0.00634895
0.0860352
0.00733392
0.0862102
0.00831724
0.0864209
0.00929612
0.0866707
0.0102667
0.086963
0.0112248
0.0872996
0.0121649
0.0876813
0.0130816
0.0881072
0.0139684
0.0885742
0.0148188
0.0890765
0.0156246
0.0896061
0.0163838
0.0901515
0.0170843
0.0177345
0.0855067
0.000476378
0.0855268
0.00143263
0.0855608
0.00239192
0.0856098
0.00335334
0.0856755
0.00431624
0.0857602
0.0052798
0.0858664
0.00624275
0.085997
0.00720336
0.0861548
0.00815942
0.0863428
0.00910811
0.0865636
0.010046
0.0868192
0.0109691
0.087111
0.0118731
0.087439
0.0127536
0.0878021
0.0136053
0.0881973
0.0144235
0.0886198
0.0152021
0.0890628
0.0159408
0.089517
0.0166301
0.0172792
0.085506
0.000470364
0.085524
0.00141463
0.0855544
0.00236158
0.085598
0.00330971
0.0856563
0.00425796
0.0857309
0.00520513
0.085824
0.00614968
0.0859377
0.0070897
0.0860742
0.00802293
0.0862357
0.0089466
0.0864241
0.00985754
0.086641
0.0107523
0.0868871
0.011627
0.0871623
0.0124783
0.0874655
0.0133022
0.0877941
0.0140949
0.0881442
0.0148521
0.0885104
0.0155745
0.0888853
0.0162552
0.0169037
0.085505
0.000465352
0.08552
0.00139962
0.0855453
0.0023363
0.0855816
0.00327342
0.08563
0.00420958
0.0856918
0.0051433
0.0857687
0.00607283
0.0858623
0.00699611
0.0859743
0.00791085
0.0861066
0.00881436
0.0862605
0.00970364
0.0864372
0.0105756
0.0866373
0.0114269
0.0868607
0.0122549
0.0871065
0.0130564
0.0873729
0.0138285
0.0876566
0.0145683
0.0879539
0.0152773
0.0882587
0.0159504
0.0165976
0.0855038
0.000461563
0.0855151
0.00138828
0.0855342
0.0023172
0.0855617
0.00324598
0.0855983
0.00417295
0.0856452
0.00509642
0.0857035
0.00601446
0.0857747
0.00692492
0.0858601
0.00782545
0.0859611
0.00871338
0.0860789
0.00958587
0.0862144
0.01044
0.0863684
0.0112729
0.0865409
0.0120824
0.0867313
0.0128659
0.0869387
0.0136211
0.0871608
0.0143462
0.0873949
0.0150432
0.0876368
0.0157084
0.0163525
0.0855024
0.000459176
0.0855096
0.00138107
0.0855218
0.00230504
0.0855393
0.00322838
0.085563
0.00414926
0.0855936
0.00506581
0.0856321
0.00597598
0.0856795
0.00687752
0.085737
0.00776801
0.0858056
0.0086448
0.0858864
0.00950507
0.0859803
0.0103461
0.0860882
0.0111651
0.0862103
0.0119603
0.0863468
0.0127294
0.0864973
0.0134706
0.0866607
0.0141828
0.0868355
0.0148684
0.0870191
0.0155249
0.0161629
0.0855009
0.0855039
0.0855092
0.0855173
0.0855288
0.0855442
0.0855642
0.0855895
0.085621
0.0856596
0.0857061
0.0857613
0.085826
0.0859008
0.0859863
0.0860827
0.0861898
0.0863073
0.0864343
0.0599502
-0.000234598
0.0598008
-0.000706432
0.0595498
-0.00119007
0.0591927
-0.00169657
0.0587238
-0.00223661
0.0581349
-0.0028238
0.0574157
-0.00347307
0.0565525
-0.00420651
0.0555298
-0.00504758
0.0543252
-0.00603613
0.0529171
-0.00721133
0.0512677
-0.00865246
0.0493506
-0.0104268
0.0470889
-0.0127084
0.0444571
-0.0156081
0.0412048
-0.0195559
0.0371804
-0.0246301
0.0310499
-0.0320015
0.0198991
-0.0410039
-0.0430827
0.0599472
-0.000181827
0.0597886
-0.000547766
0.0595215
-0.000922978
0.0591409
-0.00131597
0.0586395
-0.00173523
0.0580071
-0.0021914
0.0572306
-0.00269658
0.0562922
-0.00326813
0.0551704
-0.00392578
0.053835
-0.00470072
0.0522512
-0.00562757
0.0503656
-0.00676686
0.0481209
-0.00818206
0.0454081
-0.00999563
0.0421218
-0.0123218
0.0379735
-0.0154076
0.0327628
-0.0194194
0.0256052
-0.0248439
0.0154893
-0.0308879
-0.0275934
0.0599449
-0.000126735
0.059779
-0.000381902
0.0594995
-0.000643434
0.0591005
-0.000917006
0.0585737
-0.0012084
0.0579072
-0.00152484
0.0570853
-0.00187476
0.0560872
-0.00227
0.0548861
-0.00272464
0.0534453
-0.00326
0.0517192
-0.00390145
0.0496421
-0.00468974
0.0471322
-0.0056722
0.0440636
-0.00692702
0.0402803
-0.00853852
0.0355156
-0.0106428
0.0294432
-0.0133471
0.021423
-0.0168237
0.0108779
-0.0203429
-0.0167155
0.0599433
-7.00672e-05
0.0597726
-0.000211213
0.0594847
-0.000355534
0.0590734
-0.000505674
0.0585294
-0.000664386
0.0578397
-0.000835135
0.056987
-0.00102205
0.0559479
-0.00123092
0.0546921
-0.00146881
0.0531783
-0.00174624
0.0513532
-0.00207631
0.0491426
-0.00247917
0.0464499
-0.00297952
0.0431382
-0.0036153
0.0390295
-0.0044298
0.0338704
-0.00548374
0.0273497
-0.00682642
0.0190401
-0.00851399
0.00876535
-0.0100682
-0.00795012
0.0599426
-1.26667e-05
0.0597697
-3.82865e-05
0.0594779
-6.3751e-05
0.0590608
-8.8568e-05
0.0585087
-0.0001123
0.057808
-0.000134466
0.0569406
-0.000154601
0.0558818
-0.000172103
0.0545993
-0.000186391
0.0530498
-0.000196654
0.0511757
-0.000202253
0.0488987
-0.000202221
0.0461152
-0.000196027
0.0426829
-0.000182906
0.0384163
-0.000163237
0.0330704
-0.000137866
0.0263542
-0.000110221
0.017928
-8.78073e-05
0.00792744
-6.75712e-05
-2.26804e-05
0.0599428
4.45823e-05
0.0597703
0.000134176
0.0594793
0.000227256
0.0590633
0.000327428
0.0585127
0.000438318
0.0578139
0.00056435
0.0569487
0.000710567
0.0558926
0.000883958
0.0546135
0.00109274
0.0530678
0.00134908
0.0511982
0.00166732
0.0489263
0.00206969
0.0461483
0.00258194
0.0427214
0.00324401
0.0384596
0.00409853
0.0331164
0.00520533
0.0264
0.00660621
0.0179669
0.0083453
0.00794884
0.00995047
0.00792616
0.0599438
0.000100796
0.0597745
0.000303496
0.0594889
0.000512836
0.0590809
0.000735444
0.0585412
0.000977949
0.0578571
0.00124853
0.0570112
0.00155646
0.0559803
0.00191483
0.0547343
0.00233873
0.0532321
0.0028513
0.0514204
0.00347898
0.049225
0.00426511
0.0465491
0.00525781
0.0432543
0.00653883
0.0391612
0.00819167
0.0340113
0.0103552
0.02749
0.0131275
0.0191637
0.0166717
0.00883792
0.0202762
0.0167641
0.0599456
0.000155153
0.059782
0.000467117
0.0595063
0.000788561
0.0591128
0.00112895
0.0585932
0.00149756
0.0579357
0.00190598
0.0571251
0.00236705
0.0561405
0.00289942
0.0549556
0.00352364
0.053534
0.00427295
0.0518303
0.00518264
0.0497787
0.00631676
0.0472976
0.00773885
0.0442585
0.00957793
0.0405045
0.0119457
0.0357593
0.0151005
0.0296864
0.0192003
0.0216004
0.0247577
0.0109839
0.0308927
0.027748
0.0599482
0.000206946
0.0597926
0.000622709
0.0595308
0.00105039
0.0591577
0.00150203
0.0586662
0.00198904
0.0580463
0.00252587
0.0572853
0.00312812
0.0563655
0.00381917
0.0552661
0.00462309
0.0539571
0.00558196
0.0524047
0.00673505
0.0505551
0.00816636
0.0483523
0.00994161
0.0456833
0.0122469
0.0424435
0.0151855
0.0383284
0.0192156
0.0331559
0.0243728
0.0260399
0.0318737
0.0158154
0.0411173
0.0435634
0.0599515
0.0598059
0.0595614
0.0592138
0.0587574
0.0581842
0.0574844
0.0566446
0.0556499
0.0544787
0.0531103
0.0515074
0.0496463
0.0474474
0.0448874
0.0416894
0.0376808
0.0313551
0.0201151
)
;

boundaryField
{
    inlet
    {
        type            calculated;
        value           nonuniform List<scalar> 
50
(
-0.075
-0.075
-0.075
-0.075
-0.075
-0.075
-0.075
-0.075
-0.075
-0.075
-0.075
-0.075
-0.075
-0.075
-0.075
-0.075
-0.075
-0.075
-0.075
-0.075
-0.06
-0.06
-0.06
-0.06
-0.06
-0.06
-0.06
-0.06
-0.06
-0.06
-0.0855
-0.0855
-0.0855
-0.0855
-0.0855
-0.0855
-0.0855
-0.0855
-0.0855
-0.0855
-0.0855
-0.0855
-0.0855
-0.0855
-0.0855
-0.0855
-0.0855
-0.0855
-0.0855
-0.0855
)
;
    }
    outlet
    {
        type            calculated;
        value           nonuniform List<scalar> 
150
(
0.000377553
0.000464418
0.000599946
0.000761582
0.000935639
0.0011139
0.00129148
0.00146546
0.00163407
0.00179619
0.00195104
0.00209807
0.00223683
0.00236693
0.00248803
0.00259983
0.00270205
0.00279443
0.00287676
0.00294901
0.00240471
0.00243895
0.00246755
0.00249063
0.00250817
0.00252011
0.00252643
0.00252711
0.00252213
0.00251116
0.00354765
0.00349774
0.00343177
0.00334952
0.00325118
0.00313698
0.00300721
0.00286222
0.00270245
0.00252838
0.00234061
0.00213986
0.00192704
0.00170347
0.00147115
0.00123349
0.000996479
0.000770941
0.000576308
0.000447248
0.000458284
0.0013781
0.00229973
0.00322026
0.0041378
0.00505042
0.00595599
0.00685215
0.00773648
0.00860624
0.00945861
0.0102909
0.0111003
0.0118854
0.012644
0.0133742
0.0140757
0.0147509
0.0153979
0.01603
0.0200382
0.0208862
0.021741
0.0225951
0.0235857
0.0244558
0.0256231
0.0266614
0.0280733
0.0299671
0.0949348
0.122923
0.155012
0.172156
0.169188
0.151375
0.126692
0.101689
0.0799422
0.0624207
0.0487311
0.038095
0.0297778
0.023195
0.0179044
0.0135726
0.00994398
0.00681548
0.00406123
0.00179339
0.000556044
0.00167119
0.00278826
0.00390533
0.00502087
0.00613303
0.00723946
0.00833728
0.00942319
0.0104932
0.0115429
0.0125677
0.0135623
0.0145228
0.0154442
0.0163225
0.0171531
0.0179386
0.0186709
0.0193668
0.0240886
0.0249437
0.0257668
0.0265072
0.0273929
0.0280644
0.0290199
0.0298217
0.0307959
0.0323966
0.0995002
0.12397
0.153787
0.168851
0.16299
0.142035
0.115619
0.0910616
0.071175
0.0558325
0.0440384
0.0348544
0.0275815
0.0217248
0.0169301
0.0129343
0.00953427
0.00656365
0.00392457
0.00174014
)
;
    }
    upAndBottom
    {
        type            empty;
        value           nonuniform 0();
    }
    obstacle
    {
        type            calculated;
        value           uniform 0;
    }
}


// ************************************************************************* //
