/*--------------------------------*- C++ -*----------------------------------*\
| =========                 |                                                 |
| \\      /  F ield         | OpenFOAM: The Open Source CFD Toolbox           |
|  \\    /   O peration     | Version:  v1806                                 |
|   \\  /    A nd           | Web:      www.OpenFOAM.com                      |
|    \\/     M anipulation  |                                                 |
\*---------------------------------------------------------------------------*/
FoamFile
{
    version     2.0;
    format      ascii;
    class       volVectorField;
    location    "13";
    object      U;
}
// * * * * * * * * * * * * * * * * * * * * * * * * * * * * * * * * * * * * * //

dimensions      [0 1 -1 0 0 0 0];


internalField   nonuniform List<vector> 
2400
(
(2.9998 -0.0137587 0)
(2.99412 -0.0594578 0)
(3.00734 -0.102153 0)
(2.98863 -0.127836 0)
(3.01331 -0.190315 0)
(2.989 -0.193445 0)
(3.01334 -0.267227 0)
(2.99401 -0.26534 0)
(3.00993 -0.331467 0)
(3.0041 -0.339662 0)
(3.00699 -0.382932 0)
(3.01578 -0.405644 0)
(3.00754 -0.425127 0)
(3.0265 -0.453721 0)
(3.01296 -0.457027 0)
(3.03434 -0.482312 0)
(3.02227 -0.478293 0)
(3.04173 -0.495198 0)
(3.03555 -0.488567 0)
(3.05079 -0.495258 0)
(2.99983 -0.00724827 0)
(2.99027 -0.0670419 0)
(3.01015 -0.100236 0)
(2.98404 -0.129127 0)
(3.02039 -0.195078 0)
(2.98684 -0.187644 0)
(3.02339 -0.279086 0)
(2.99357 -0.256109 0)
(3.02226 -0.345314 0)
(3.00884 -0.333905 0)
(3.01974 -0.394829 0)
(3.03002 -0.407174 0)
(3.02056 -0.432843 0)
(3.05395 -0.460905 0)
(3.03088 -0.462775 0)
(3.07408 -0.492056 0)
(3.05273 -0.484336 0)
(3.09137 -0.507538 0)
(3.08463 -0.496448 0)
(3.10806 -0.511814 0)
(2.99816 -0.00131409 0)
(2.99085 -0.0733154 0)
(3.00968 -0.0995556 0)
(2.98399 -0.130934 0)
(3.02435 -0.199803 0)
(2.985 -0.18563 0)
(3.03487 -0.288367 0)
(2.99014 -0.251507 0)
(3.03827 -0.356806 0)
(3.00904 -0.330148 0)
(3.03337 -0.407937 0)
(3.04034 -0.407658 0)
(3.02884 -0.44529 0)
(3.07622 -0.468545 0)
(3.0396 -0.473654 0)
(3.10541 -0.507497 0)
(3.07233 -0.493243 0)
(3.12744 -0.528559 0)
(3.12134 -0.50529 0)
(3.14716 -0.533448 0)
(2.99513 0.00613105 0)
(2.99397 -0.0818827 0)
(3.00821 -0.0959396 0)
(2.98431 -0.13752 0)
(3.02883 -0.201971 0)
(2.97953 -0.187515 0)
(3.04889 -0.298276 0)
(2.98228 -0.246595 0)
(3.05642 -0.37426 0)
(3.00635 -0.321843 0)
(3.04781 -0.429765 0)
(3.05052 -0.403779 0)
(3.03646 -0.464995 0)
(3.09995 -0.477211 0)
(3.04634 -0.487245 0)
(3.13971 -0.530312 0)
(3.08882 -0.502297 0)
(3.16755 -0.559494 0)
(3.15529 -0.515789 0)
(3.19138 -0.56288 0)
(2.99156 0.0130513 0)
(3.00007 -0.0918833 0)
(3.00395 -0.0887532 0)
(2.98832 -0.150142 0)
(3.02897 -0.197377 0)
(2.97619 -0.197468 0)
(3.0586 -0.302249 0)
(2.97408 -0.24721 0)
(3.07266 -0.391773 0)
(3.00018 -0.312585 0)
(3.06408 -0.458084 0)
(3.05546 -0.394917 0)
(3.0472 -0.494032 0)
(3.12001 -0.483665 0)
(3.05287 -0.507237 0)
(3.17474 -0.558134 0)
(3.09993 -0.514312 0)
(3.21148 -0.599944 0)
(3.18197 -0.528958 0)
(3.23838 -0.60074 0)
(2.98915 0.0190065 0)
(3.00743 -0.102983 0)
(2.99701 -0.0771154 0)
(2.99648 -0.169159 0)
(3.02222 -0.183848 0)
(2.97908 -0.217279 0)
(3.05766 -0.297101 0)
(2.97103 -0.257055 0)
(3.08011 -0.405809 0)
(2.99449 -0.306201 0)
(3.07855 -0.491167 0)
(3.05554 -0.382508 0)
(3.0621 -0.533147 0)
(3.13464 -0.486494 0)
(3.06248 -0.53551 0)
(3.20872 -0.588511 0)
(3.1073 -0.52963 0)
(3.25981 -0.648976 0)
(3.20049 -0.543293 0)
(3.29025 -0.648931 0)
(2.98887 0.0229546 0)
(3.01435 -0.113566 0)
(2.98647 -0.0628138 0)
(3.0109 -0.192257 0)
(3.00433 -0.161649 0)
(2.99607 -0.247727 0)
(3.03832 -0.278333 0)
(2.98311 -0.282984 0)
(3.0709 -0.406542 0)
(2.99625 -0.313602 0)
(3.08627 -0.519476 0)
(3.05139 -0.373714 0)
(3.08139 -0.579306 0)
(3.13835 -0.484495 0)
(3.08083 -0.576058 0)
(3.23257 -0.615839 0)
(3.11851 -0.552907 0)
(3.30521 -0.703205 0)
(3.2154 -0.559421 0)
(3.3447 -0.708788 0)
(2.99088 0.0260022 0)
(3.01789 -0.12313 0)
(2.97456 -0.0489149 0)
(3.02733 -0.215205 0)
(2.97908 -0.135451 0)
(3.02442 -0.284701 0)
(3.00301 -0.247582 0)
(3.01329 -0.325734 0)
(3.04146 -0.388562 0)
(3.01332 -0.344019 0)
(3.07933 -0.531626 0)
(3.0482 -0.381136 0)
(3.10072 -0.622636 0)
(3.12612 -0.483632 0)
(3.11373 -0.628278 0)
(3.23092 -0.637066 0)
(3.1472 -0.589456 0)
(3.33041 -0.757456 0)
(3.23647 -0.581226 0)
(3.39363 -0.778419 0)
(2.99735 0.0300891 0)
(3.01111 -0.132181 0)
(2.97145 -0.0366978 0)
(3.03064 -0.235093 0)
(2.96316 -0.110396 0)
(3.04357 -0.321731 0)
(2.96889 -0.211474 0)
(3.04596 -0.378523 0)
(2.99894 -0.353485 0)
(3.04252 -0.398751 0)
(3.05218 -0.518302 0)
(3.05009 -0.417698 0)
(3.11032 -0.646751 0)
(3.09594 -0.497907 0)
(3.1573 -0.682845 0)
(3.1919 -0.653776 0)
(3.1993 -0.644582 0)
(3.31745 -0.803221 0)
(3.2716 -0.619352 0)
(3.42613 -0.848863 0)
(3.01552 0.0390053 0)
(2.9826 -0.143802 0)
(2.99258 -0.0239121 0)
(3.00087 -0.2521 0)
(2.979 -0.090314 0)
(3.02468 -0.351484 0)
(2.96328 -0.18069 0)
(3.04853 -0.427308 0)
(2.96672 -0.311463 0)
(3.06004 -0.467109 0)
(3.01139 -0.477857 0)
(3.05442 -0.4886 0)
(3.09558 -0.635448 0)
(3.06171 -0.545856 0)
(3.186 -0.721628 0)
(3.13081 -0.677253 0)
(3.2541 -0.717624 0)
(3.27203 -0.83498 0)
(3.31744 -0.688021 0)
(3.43847 -0.90799 0)
(3.05002 0.0563005 0)
(2.93189 -0.162517 0)
(3.0392 -0.00574731 0)
(2.93953 -0.270045 0)
(3.02851 -0.0726946 0)
(2.9629 -0.37299 0)
(2.99916 -0.159921 0)
(3.00042 -0.461938 0)
(2.97308 -0.276457 0)
(3.03541 -0.529385 0)
(2.98423 -0.425506 0)
(3.04689 -0.578521 0)
(3.05708 -0.590118 0)
(3.04581 -0.633332 0)
(3.1719 -0.728433 0)
(3.09149 -0.72862 0)
(3.27806 -0.793711 0)
(3.2315 -0.864454 0)
(3.36408 -0.791694 0)
(3.44107 -0.954977 0)
(3.09047 0.0810969 0)
(2.88289 -0.188783 0)
(3.08741 0.0193581 0)
(2.88295 -0.292702 0)
(3.08074 -0.0508458 0)
(2.89628 -0.393979 0)
(3.05459 -0.140698 0)
(2.92395 -0.488575 0)
(3.02397 -0.250784 0)
(2.96107 -0.576723 0)
(3.00927 -0.382621 0)
(2.99827 -0.661197 0)
(3.04034 -0.535669 0)
(3.03199 -0.741399 0)
(3.13339 -0.704318 0)
(3.09118 -0.821668 0)
(3.26429 -0.848031 0)
(3.22969 -0.921217 0)
(3.40251 -0.913711 0)
(3.45346 -1.00779 0)
(3.11742 0.10527 0)
(2.86387 -0.215418 0)
(3.1124 0.046856 0)
(2.86485 -0.318913 0)
(3.10663 -0.0211605 0)
(2.86478 -0.424073 0)
(3.09623 -0.10823 0)
(2.86415 -0.527007 0)
(3.09044 -0.216258 0)
(2.8708 -0.627029 0)
(3.08731 -0.347 0)
(2.9015 -0.732287 0)
(3.09486 -0.496746 0)
(2.96732 -0.84317 0)
(3.13934 -0.673064 0)
(3.07277 -0.943841 0)
(3.2522 -0.871288 0)
(3.23804 -1.02777 0)
(3.43251 -1.02754 0)
(3.47818 -1.095 0)
(3.12893 0.118945 0)
(2.86664 -0.231709 0)
(3.12519 0.0689741 0)
(2.86566 -0.338289 0)
(3.11938 0.0100965 0)
(2.85388 -0.455767 0)
(3.12014 -0.0630077 0)
(2.83384 -0.576694 0)
(3.13358 -0.162205 0)
(2.8146 -0.695228 0)
(3.15213 -0.296252 0)
(2.81733 -0.817156 0)
(3.17488 -0.459927 0)
(2.86911 -0.946058 0)
(3.20779 -0.652206 0)
(2.98946 -1.07627 0)
(3.28953 -0.882984 0)
(3.1991 -1.17733 0)
(3.46636 -1.12383 0)
(3.50572 -1.23582 0)
(3.1435 0.113408 0)
(2.85669 -0.22286 0)
(3.1567 0.069164 0)
(2.84098 -0.330545 0)
(3.15472 0.0170839 0)
(2.82059 -0.457571 0)
(3.15403 -0.0400751 0)
(2.80348 -0.596047 0)
(3.15293 -0.117256 0)
(2.79875 -0.744759 0)
(3.15247 -0.233246 0)
(2.80971 -0.905021 0)
(3.17505 -0.397937 0)
(2.84685 -1.07603 0)
(3.2309 -0.614291 0)
(2.93246 -1.24118 0)
(3.33733 -0.890878 0)
(3.12903 -1.36087 0)
(3.51947 -1.21688 0)
(3.51312 -1.42481 0)
(3.16833 0.0940072 0)
(2.82828 -0.191938 0)
(3.19938 0.0436134 0)
(2.79437 -0.294165 0)
(3.20346 -0.0126901 0)
(2.76737 -0.414191 0)
(3.19983 -0.0716883 0)
(2.75626 -0.55276 0)
(3.1765 -0.140301 0)
(2.76961 -0.720687 0)
(3.13846 -0.225913 0)
(2.81171 -0.929946 0)
(3.10738 -0.342837 0)
(2.88679 -1.18614 0)
(3.13203 -0.534359 0)
(2.97472 -1.4542 0)
(3.27714 -0.853058 0)
(3.10837 -1.64525 0)
(3.54805 -1.29875 0)
(3.44265 -1.68667 0)
(3.18095 0.0732187 0)
(2.81672 -0.158366 0)
(3.21439 0.0129316 0)
(2.77812 -0.249963 0)
(3.21861 -0.0521817 0)
(2.74484 -0.352204 0)
(3.21462 -0.12797 0)
(2.72027 -0.471806 0)
(3.18962 -0.218107 0)
(2.71164 -0.625753 0)
(3.14365 -0.316976 0)
(2.73042 -0.84451 0)
(3.08231 -0.413648 0)
(2.79637 -1.1615 0)
(3.02326 -0.521284 0)
(2.92371 -1.58792 0)
(3.05022 -0.741773 0)
(3.11652 -2.01388 0)
(3.36425 -1.2889 0)
(3.33766 -2.12382 0)
(3.14867 0.0515103 0)
(2.85704 -0.125799 0)
(3.16798 -0.0146651 0)
(2.82774 -0.206601 0)
(3.15788 -0.0849727 0)
(2.79219 -0.29421 0)
(3.14486 -0.171873 0)
(2.74556 -0.395515 0)
(3.12622 -0.280579 0)
(2.68151 -0.522991 0)
(3.10724 -0.414331 0)
(2.60584 -0.703575 0)
(3.07874 -0.569956 0)
(2.55473 -0.990183 0)
(3.00898 -0.723654 0)
(2.61366 -1.47275 0)
(2.88078 -0.827224 0)
(2.88359 -2.20288 0)
(2.90128 -1.14669 0)
(3.31202 -2.81548 0)
(3.05861 0.0297541 0)
(2.95183 -0.0938727 0)
(3.0609 -0.0366116 0)
(2.9298 -0.164511 0)
(3.0347 -0.105872 0)
(2.89013 -0.24163 0)
(3.00424 -0.189105 0)
(2.82805 -0.334522 0)
(2.96962 -0.292177 0)
(2.72968 -0.452769 0)
(2.93879 -0.427613 0)
(2.58532 -0.610346 0)
(2.91777 -0.619617 0)
(2.3957 -0.830532 0)
(2.9047 -0.892929 0)
(2.21466 -1.19832 0)
(2.84571 -1.21843 0)
(2.26534 -2.00189 0)
(2.64597 -1.36826 0)
(3.03583 -3.53319 0)
(2.98664 0.0139333 0)
(3.02252 -0.0706466 0)
(2.97823 -0.0441207 0)
(3.0019 -0.13351 0)
(2.93926 -0.104654 0)
(2.96011 -0.20245 0)
(2.88611 -0.175451 0)
(2.89783 -0.287807 0)
(2.81253 -0.263181 0)
(2.80732 -0.398977 0)
(2.71439 -0.378601 0)
(2.68114 -0.551153 0)
(2.59621 -0.543826 0)
(2.4935 -0.76611 0)
(2.4838 -0.809852 0)
(2.18618 -1.07064 0)
(2.43076 -1.29936 0)
(1.74551 -1.57946 0)
(2.37531 -2.12624 0)
(1.85597 -3.41658 0)
(3.05562 -0.484928 0)
(3.06472 -0.454039 0)
(3.11638 -0.44835 0)
(3.08797 -0.368781 0)
(3.11069 -0.279549 0)
(3.21597 -0.384787 0)
(3.16775 -0.289761 0)
(3.11137 0.0524236 0)
(3.19706 0.0297572 0)
(3.20012 -0.0343117 0)
(3.13011 -0.492832 0)
(3.12177 -0.479593 0)
(3.20248 -0.463889 0)
(3.20673 -0.365253 0)
(3.20356 -0.332544 0)
(3.31031 -0.426547 0)
(3.30643 -0.252012 0)
(3.23328 0.0469077 0)
(3.29549 -0.0145404 0)
(3.30128 -0.0298735 0)
(3.18771 -0.499087 0)
(3.15804 -0.485959 0)
(3.22903 -0.496245 0)
(3.29137 -0.374132 0)
(3.31255 -0.327878 0)
(3.33712 -0.448457 0)
(3.35479 -0.254844 0)
(3.35205 0.062026 0)
(3.35987 -0.00839126 0)
(3.33823 -0.0229935 0)
(3.24332 -0.509104 0)
(3.2023 -0.488753 0)
(3.28236 -0.53846 0)
(3.36906 -0.405164 0)
(3.44178 -0.335068 0)
(3.43201 -0.461259 0)
(3.4038 -0.262446 0)
(3.43925 0.0629721 0)
(3.45587 -0.0110145 0)
(3.42519 -0.0261418 0)
(3.29048 -0.521015 0)
(3.24 -0.488796 0)
(3.35605 -0.590884 0)
(3.45122 -0.457113 0)
(3.56398 -0.336174 0)
(3.51894 -0.445827 0)
(3.42809 -0.266558 0)
(3.49963 0.0512327 0)
(3.54839 -0.0107773 0)
(3.52177 -0.0239559 0)
(3.32746 -0.53075 0)
(3.27198 -0.499298 0)
(3.46979 -0.657009 0)
(3.54572 -0.515888 0)
(3.66045 -0.340614 0)
(3.59744 -0.411148 0)
(3.45169 -0.258664 0)
(3.54128 0.0223868 0)
(3.63366 -0.0299501 0)
(3.6413 -0.0317957 0)
(3.35688 -0.534649 0)
(3.30889 -0.533599 0)
(3.61612 -0.744075 0)
(3.65039 -0.564071 0)
(3.71706 -0.32954 0)
(3.6281 -0.362032 0)
(3.47216 -0.246001 0)
(3.59929 -0.0223071 0)
(3.72508 -0.0718012 0)
(3.77583 -0.0506406 0)
(3.38165 -0.535077 0)
(3.37802 -0.600305 0)
(3.77485 -0.848751 0)
(3.72684 -0.585181 0)
(3.71923 -0.293 0)
(3.61199 -0.31286 0)
(3.50444 -0.251788 0)
(3.70486 -0.0893879 0)
(3.83263 -0.127289 0)
(3.91974 -0.0775378 0)
(3.40393 -0.546359 0)
(3.5099 -0.696842 0)
(3.9125 -0.938164 0)
(3.7258 -0.560569 0)
(3.66637 -0.235898 0)
(3.59713 -0.283942 0)
(3.57243 -0.303859 0)
(3.85397 -0.175259 0)
(3.93853 -0.188649 0)
(4.06227 -0.113918 0)
(3.43161 -0.593878 0)
(3.69837 -0.811461 0)
(3.99219 -0.96441 0)
(3.63753 -0.477119 0)
(3.61224 -0.190564 0)
(3.65446 -0.302622 0)
(3.69604 -0.399521 0)
(4.00457 -0.2658 0)
(3.99297 -0.243079 0)
(4.18939 -0.155285 0)
(3.49206 -0.699049 0)
(3.88312 -0.924163 0)
(3.99839 -0.908633 0)
(3.5373 -0.374119 0)
(3.67496 -0.198493 0)
(3.82839 -0.366661 0)
(3.83099 -0.501219 0)
(4.06667 -0.317838 0)
(3.98506 -0.294522 0)
(4.34601 -0.231063 0)
(3.60529 -0.855173 0)
(3.99169 -1.00813 0)
(3.98415 -0.804955 0)
(3.59737 -0.322799 0)
(3.92429 -0.274586 0)
(4.05568 -0.421939 0)
(3.87061 -0.536143 0)
(4.02715 -0.33045 0)
(4.00214 -0.409063 0)
(4.57124 -0.347649 0)
(3.74888 -1.02687 0)
(4.0248 -1.05634 0)
(4.06436 -0.732117 0)
(3.91635 -0.366371 0)
(4.24857 -0.352488 0)
(4.17174 -0.38806 0)
(3.76378 -0.502995 0)
(3.9699 -0.372824 0)
(4.13394 -0.617399 0)
(4.81506 -0.536217 0)
(3.87598 -1.20397 0)
(4.09581 -1.10617 0)
(4.29281 -0.75761 0)
(4.35531 -0.439053 0)
(4.43269 -0.345645 0)
(4.04376 -0.247038 0)
(3.59599 -0.430935 0)
(3.94602 -0.520487 0)
(4.29663 -0.92936 0)
(4.76164 -0.686267 0)
(3.99116 -1.41638 0)
(4.28941 -1.20339 0)
(4.60736 -0.877313 0)
(4.61346 -0.454345 0)
(4.33268 -0.0711961 0)
(3.76032 -0.0801304 0)
(3.48803 -0.4542 0)
(3.81617 -0.755066 0)
(4.01021 -1.1346 0)
(4.10351 -0.71849 0)
(4.14196 -1.64611 0)
(4.47639 -1.40066 0)
(4.68709 -0.935832 0)
(4.52846 -0.386393 0)
(3.98053 0.113797 0)
(3.37195 0.0969158 0)
(3.29521 -0.365789 0)
(3.18655 -0.793692 0)
(3.08597 -1.12272 0)
(2.85626 -0.613833 0)
(4.23852 -1.91253 0)
(4.29949 -1.54128 0)
(4.20696 -0.873044 0)
(3.63664 0.0236279 0)
(3.57631 0.578464 0)
(3.02865 0.0837745 0)
(2.65358 -0.306355 0)
(2.03774 -0.688495 0)
(1.75796 -0.985392 0)
(1.37879 -0.476479 0)
(4.01269 -2.19222 0)
(3.38394 -1.26679 0)
(2.69896 -0.876915 0)
(1.8912 -0.0219162 0)
(2.76684 0.512718 0)
(1.3782 0.497313 0)
(1.40286 0.200299 0)
(0.785209 -0.476495 0)
(0.586547 -0.827081 0)
(-0.0504614 -0.44813 0)
(3.07617 -1.9535 0)
(1.15227 -1.22581 0)
(-2.13362 0.169782 0)
(-0.912203 0.0744018 0)
(-0.294049 0.767501 0)
(-0.512718 0.482447 0)
(0.426992 0.0302452 0)
(-0.2343 -0.301733 0)
(-0.379036 -0.55419 0)
(-1.31595 -0.189656 0)
(0.71612 -0.667182 0)
(-2.76512 1.31656 0)
(0.582852 -0.0584644 0)
(-2.52948 -0.75093 0)
(-0.671582 0.484186 0)
(-0.285406 0.206936 0)
(0.520748 0.100445 0)
(0.0648983 -0.133786 0)
(-0.353391 -0.351349 0)
(-1.87543 -0.323148 0)
(3.1641 0.185513 0)
(3.17561 0.340693 0)
(3.17615 0.41092 0)
(3.16447 0.482012 0)
(3.16993 0.491468 0)
(3.11829 0.556286 0)
(3.11323 0.611644 0)
(3.15276 0.642986 0)
(3.26096 0.402707 0)
(3.18874 0.241265 0)
(3.22505 0.00965814 0)
(3.06191 -0.0209323 0)
(3.24889 -0.367904 0)
(3.12722 -0.506623 0)
(3.51339 -0.452665 0)
(3.26292 -0.279471 0)
(3.52206 0.127396 0)
(3.27477 -0.0236406 0)
(3.17504 0.587066 0)
(3.25875 0.426664 0)
(3.26103 0.195528 0)
(3.26196 0.334892 0)
(3.23722 0.40874 0)
(3.20527 0.478621 0)
(3.21106 0.497579 0)
(3.14283 0.572043 0)
(3.11859 0.610587 0)
(3.15677 0.609417 0)
(3.25271 0.390561 0)
(3.17702 0.249594 0)
(3.23366 0.0433344 0)
(3.04961 -0.0234537 0)
(3.19631 -0.392092 0)
(3.16034 -0.586818 0)
(3.61088 -0.498384 0)
(3.4574 -0.285049 0)
(3.61808 0.117621 0)
(3.30464 0.0741808 0)
(3.21225 0.600148 0)
(3.26043 0.408663 0)
(3.34485 0.202317 0)
(3.34946 0.345207 0)
(3.29812 0.424343 0)
(3.25355 0.4873 0)
(3.25169 0.516353 0)
(3.17002 0.592184 0)
(3.14681 0.604879 0)
(3.16806 0.59366 0)
(3.22995 0.391842 0)
(3.14825 0.25236 0)
(3.22522 0.0516139 0)
(3.02799 -0.0065845 0)
(3.19629 -0.414758 0)
(3.21722 -0.645727 0)
(3.70405 -0.542915 0)
(3.55738 -0.28551 0)
(3.67311 0.1733 0)
(3.37857 0.123616 0)
(3.26314 0.596531 0)
(3.25389 0.407633 0)
(3.45438 0.198912 0)
(3.45648 0.353221 0)
(3.37537 0.438787 0)
(3.30444 0.492357 0)
(3.29785 0.52999 0)
(3.218 0.609899 0)
(3.18734 0.609595 0)
(3.18715 0.584197 0)
(3.21213 0.394719 0)
(3.11748 0.251546 0)
(3.20425 0.0732517 0)
(3.0012 -0.00608976 0)
(3.16959 -0.459246 0)
(3.31404 -0.742571 0)
(3.8265 -0.592586 0)
(3.71151 -0.267524 0)
(3.77224 0.18004 0)
(3.44463 0.197023 0)
(3.31563 0.628497 0)
(3.25511 0.414924 0)
(3.56933 0.19596 0)
(3.56511 0.370986 0)
(3.44921 0.467411 0)
(3.3556 0.502894 0)
(3.34937 0.545116 0)
(3.26678 0.633964 0)
(3.23866 0.617685 0)
(3.22139 0.586322 0)
(3.18848 0.409405 0)
(3.08224 0.25636 0)
(3.18906 0.0856409 0)
(2.94797 0.0116291 0)
(3.12403 -0.52577 0)
(3.34551 -0.85698 0)
(3.97769 -0.65751 0)
(3.86816 -0.265764 0)
(3.86025 0.249121 0)
(3.53591 0.271729 0)
(3.372 0.654081 0)
(3.25879 0.431683 0)
(3.70452 0.189157 0)
(3.67459 0.394641 0)
(3.51575 0.502396 0)
(3.40597 0.514531 0)
(3.40359 0.563432 0)
(3.30834 0.655446 0)
(3.29398 0.626134 0)
(3.25263 0.600675 0)
(3.16813 0.437096 0)
(3.06871 0.253203 0)
(3.14616 0.111483 0)
(2.89746 0.0219737 0)
(3.10083 -0.611206 0)
(3.30985 -1.02241 0)
(4.01414 -0.749205 0)
(4.01163 -0.227177 0)
(3.98104 0.291653 0)
(3.60546 0.348344 0)
(3.4148 0.710526 0)
(3.27353 0.457382 0)
(3.85385 0.1889 0)
(3.77469 0.43315 0)
(3.5683 0.546802 0)
(3.46403 0.52532 0)
(3.45263 0.581903 0)
(3.3284 0.678883 0)
(3.34975 0.63826 0)
(3.27608 0.62782 0)
(3.13922 0.467121 0)
(3.07763 0.260306 0)
(3.0611 0.140277 0)
(2.8792 0.0289298 0)
(3.1785 -0.694766 0)
(3.22456 -1.1718 0)
(3.92476 -0.873613 0)
(4.04707 -0.246316 0)
(4.06493 0.36532 0)
(3.68352 0.441197 0)
(3.45881 0.757704 0)
(3.29879 0.483397 0)
(4.0157 0.192031 0)
(3.86159 0.48951 0)
(3.60279 0.597132 0)
(3.53141 0.534555 0)
(3.48985 0.612389 0)
(3.33799 0.700223 0)
(3.40794 0.645546 0)
(3.26808 0.668399 0)
(3.15042 0.500334 0)
(3.10417 0.275694 0)
(2.91968 0.179936 0)
(2.89435 -0.0112677 0)
(3.28943 -0.747905 0)
(3.12912 -1.26879 0)
(3.65336 -1.00567 0)
(3.92057 -0.264127 0)
(4.06519 0.40569 0)
(3.69521 0.523354 0)
(3.50326 0.829503 0)
(3.34866 0.516869 0)
(4.1797 0.210111 0)
(3.93146 0.566987 0)
(3.65135 0.645086 0)
(3.61322 0.543114 0)
(3.47225 0.65375 0)
(3.34305 0.7179 0)
(3.46301 0.663496 0)
(3.25446 0.713611 0)
(3.22291 0.521196 0)
(3.10864 0.33075 0)
(2.78091 0.217728 0)
(2.9341 -0.0841009 0)
(3.22853 -0.783966 0)
(2.90064 -1.28448 0)
(3.22866 -1.11089 0)
(3.58128 -0.354395 0)
(3.94631 0.427832 0)
(3.64491 0.596071 0)
(3.51921 0.875291 0)
(3.39194 0.541272 0)
(4.35844 0.235642 0)
(3.9772 0.661459 0)
(3.71538 0.688218 0)
(3.69878 0.567183 0)
(3.41772 0.70983 0)
(3.37753 0.716438 0)
(3.48718 0.67774 0)
(3.27373 0.747794 0)
(3.33442 0.548805 0)
(3.05899 0.414114 0)
(2.72801 0.246498 0)
(2.92933 -0.153726 0)
(2.99227 -0.766908 0)
(2.57115 -1.26284 0)
(2.71877 -1.20213 0)
(3.08405 -0.466294 0)
(3.67024 0.384943 0)
(3.49528 0.628794 0)
(3.52 0.913011 0)
(3.42919 0.560621 0)
(4.55867 0.278265 0)
(4.03043 0.780985 0)
(3.82966 0.721219 0)
(3.75498 0.612165 0)
(3.37263 0.769191 0)
(3.46621 0.708315 0)
(3.47156 0.701922 0)
(3.35183 0.765656 0)
(3.42356 0.591051 0)
(3.00609 0.52097 0)
(2.76617 0.269729 0)
(2.85479 -0.16797 0)
(2.67694 -0.701763 0)
(2.22978 -1.1902 0)
(2.22911 -1.25145 0)
(2.49933 -0.615221 0)
(3.25924 0.297628 0)
(3.22511 0.611837 0)
(3.46237 0.911326 0)
(3.43922 0.570524 0)
(4.82883 0.334912 0)
(4.19501 0.902795 0)
(3.97854 0.756362 0)
(3.70807 0.682504 0)
(3.37854 0.813536 0)
(3.63728 0.694171 0)
(3.52707 0.719525 0)
(3.5145 0.765918 0)
(3.46187 0.658491 0)
(2.97703 0.624317 0)
(2.80219 0.304194 0)
(2.70025 -0.119233 0)
(2.33469 -0.597438 0)
(1.86477 -1.11934 0)
(1.76426 -1.27339 0)
(1.90887 -0.754212 0)
(2.76837 0.162992 0)
(2.87363 0.530121 0)
(3.33292 0.860517 0)
(3.38052 0.560153 0)
(5.08254 0.369069 0)
(4.36 1.05791 0)
(4.09933 0.848036 0)
(3.60446 0.782054 0)
(3.48868 0.821393 0)
(3.88867 0.681611 0)
(3.71339 0.750489 0)
(3.73605 0.787368 0)
(3.49489 0.761378 0)
(2.9916 0.733454 0)
(2.79352 0.36862 0)
(2.48113 -0.0139011 0)
(1.99013 -0.462704 0)
(1.51138 -1.01514 0)
(1.32376 -1.26568 0)
(1.36791 -0.889831 0)
(2.24826 -0.00628161 0)
(2.47013 0.390895 0)
(3.12424 0.76398 0)
(3.22862 0.534898 0)
(4.98468 0.433765 0)
(4.49768 1.2021 0)
(4.12449 0.956405 0)
(3.41863 0.865038 0)
(3.6059 0.751753 0)
(4.08951 0.637659 0)
(3.95846 0.773178 0)
(3.94612 0.83843 0)
(3.49762 0.895833 0)
(2.99562 0.849255 0)
(2.71155 0.47588 0)
(2.20573 0.137879 0)
(1.68055 -0.31821 0)
(1.22562 -0.908518 0)
(0.974389 -1.2307 0)
(0.91298 -1.00846 0)
(1.73693 -0.192723 0)
(2.0587 0.208363 0)
(2.81571 0.63161 0)
(2.97492 0.49867 0)
(4.33595 0.429568 0)
(4.32583 1.34171 0)
(3.79713 1.14001 0)
(3.16026 0.935981 0)
(3.68304 0.62496 0)
(4.1785 0.580362 0)
(4.13319 0.798947 0)
(4.06662 0.925853 0)
(3.47735 1.05848 0)
(2.97347 0.984291 0)
(2.56067 0.627379 0)
(1.92665 0.319337 0)
(1.42859 -0.171814 0)
(1.01639 -0.791744 0)
(0.75157 -1.17482 0)
(0.588664 -1.09973 0)
(1.25645 -0.37736 0)
(1.63753 0.0127722 0)
(2.39522 0.488123 0)
(2.64033 0.451551 0)
(3.13866 0.328637 0)
(3.74189 1.37677 0)
(3.14106 1.26083 0)
(2.88282 0.890536 0)
(3.65064 0.442138 0)
(4.09832 0.509524 0)
(4.14575 0.818995 0)
(4.03884 1.03731 0)
(3.38159 1.23666 0)
(2.88713 1.13767 0)
(2.34861 0.810487 0)
(1.65072 0.504018 0)
(1.20883 -0.0420679 0)
(0.863487 -0.688909 0)
(0.643591 -1.10332 0)
(0.416436 -1.13931 0)
(0.846773 -0.530931 0)
(1.2459 -0.172512 0)
(1.91665 0.335143 0)
(2.29343 0.388169 0)
(1.69726 0.151114 0)
(2.81997 1.40644 0)
(2.31298 1.34086 0)
(2.58844 0.758709 0)
(3.49414 0.256221 0)
(3.93297 0.445251 0)
(4.06671 0.835058 0)
(3.88427 1.16079 0)
(3.2196 1.41544 0)
(2.72658 1.30565 0)
(2.08647 1.01613 0)
(1.39254 0.685424 0)
(1.03252 0.0696935 0)
(0.764714 -0.60997 0)
(0.608628 -1.04331 0)
(0.383369 -1.14115 0)
(0.606256 -0.650496 0)
(0.992497 -0.336405 0)
(1.51417 0.173539 0)
(2.0206 0.302792 0)
(0.270533 -0.245605 0)
(1.82215 1.30863 0)
(1.43482 1.25604 0)
(2.296 0.492457 0)
(3.26247 0.0288635 0)
(3.75397 0.355153 0)
(3.91416 0.855184 0)
(3.61012 1.30004 0)
(2.97144 1.59446 0)
(2.47962 1.48389 0)
(1.80088 1.22899 0)
(1.15335 0.845929 0)
(0.903585 0.153099 0)
(0.708526 -0.550132 0)
(0.614405 -0.994526 0)
(0.428752 -1.12427 0)
(0.550082 -0.741099 0)
(0.903036 -0.466321 0)
(1.27098 0.0132157 0)
(1.8566 0.2014 0)
(-0.433476 -0.474084 0)
(0.999288 1.12741 0)
(0.736475 1.10357 0)
(2.08364 0.135317 0)
(2.97063 -0.204009 0)
(3.5113 0.262711 0)
(3.6898 0.892893 0)
(3.28641 1.45214 0)
(2.68027 1.76355 0)
(2.20403 1.66671 0)
(1.50085 1.43688 0)
(0.954061 0.977514 0)
(0.829729 0.20755 0)
(0.686849 -0.504442 0)
(0.669686 -0.96096 0)
(0.531324 -1.10706 0)
(0.611034 -0.818065 0)
(0.92339 -0.567443 0)
(1.17687 -0.131786 0)
(1.78344 0.0944547 0)
(-0.782611 -1.22067 0)
(0.0810995 0.989731 0)
(0.531844 0.826193 0)
(1.84073 -0.246817 0)
(2.54938 -0.43087 0)
(3.08675 0.158048 0)
(3.29963 0.937794 0)
(2.86541 1.60451 0)
(2.34992 1.92252 0)
(1.89587 1.85183 0)
(1.19417 1.62716 0)
(0.833573 1.07298 0)
(0.737389 0.243075 0)
(0.601736 -0.474133 0)
(0.707586 -0.946693 0)
(0.682768 -1.09342 0)
(0.75319 -0.882139 0)
(1.01254 -0.646936 0)
(1.18963 -0.262541 0)
(1.7729 -0.00971163 0)
(-0.758415 -1.11877 0)
(-0.507483 0.75715 0)
(0.580777 0.514465 0)
(1.48245 -0.491078 0)
(2.06983 -0.584457 0)
(2.55237 0.0746318 0)
(2.79062 0.981543 0)
(2.40839 1.73208 0)
(2.03002 2.04658 0)
(1.60626 2.00986 0)
(0.953824 1.77347 0)
(0.750338 1.13235 0)
(0.545163 0.27816 0)
(0.406977 -0.480587 0)
(0.631035 -0.984853 0)
(0.793302 -1.10908 0)
(0.938748 -0.932638 0)
(1.14877 -0.70137 0)
(1.2692 -0.366373 0)
(1.8006 -0.0962266 0)
(-0.736761 -0.88041 0)
(-0.700099 0.586154 0)
(0.470181 0.245287 0)
(1.07376 -0.665979 0)
(1.61325 -0.714994 0)
(2.00037 -0.00075682 0)
(2.26326 1.00432 0)
(1.98812 1.81366 0)
(1.72852 2.13217 0)
(1.33917 2.14724 0)
(0.802556 1.87228 0)
(0.628583 1.18186 0)
(0.336791 0.327572 0)
(0.253054 -0.504303 0)
(0.513426 -1.05863 0)
(0.802241 -1.1667 0)
(1.10331 -0.987752 0)
(1.31017 -0.738566 0)
(1.38879 -0.443512 0)
(1.84956 -0.164395 0)
(-0.650431 -0.811136 0)
(-0.728801 0.465 0)
(0.23382 0.0372037 0)
(0.638676 -0.792975 0)
(1.16972 -0.81996 0)
(1.43587 -0.0628741 0)
(1.69139 1.00846 0)
(1.56064 1.86889 0)
(1.4463 2.2016 0)
(1.04839 2.25708 0)
(0.722556 1.94623 0)
(0.452526 1.24579 0)
(0.215852 0.368664 0)
(0.231781 -0.532639 0)
(0.490794 -1.13649 0)
(0.764186 -1.25728 0)
(1.21549 -1.06991 0)
(1.48566 -0.77599 0)
(1.55402 -0.505161 0)
(1.924 -0.222093 0)
(-0.650451 -0.555827 0)
(-0.79926 0.386782 0)
(-0.0816283 -0.125684 0)
(0.202659 -0.907487 0)
(0.726838 -0.90779 0)
(0.859724 -0.107589 0)
(1.12074 0.997208 0)
(1.15305 1.87919 0)
(1.20422 2.25633 0)
(0.769258 2.33582 0)
(0.652467 2.00913 0)
(0.299101 1.31497 0)
(0.182233 0.384595 0)
(0.281794 -0.563305 0)
(0.596416 -1.19799 0)
(0.773096 -1.35268 0)
(1.261 -1.18107 0)
(1.6308 -0.828821 0)
(1.75404 -0.555211 0)
(2.02966 -0.267047 0)
(-0.671319 -0.413031 0)
(-0.891842 0.355575 0)
(-0.478248 -0.239079 0)
(-0.180537 -1.00212 0)
(0.306955 -0.984192 0)
(0.361522 -0.145512 0)
(0.631688 0.954855 0)
(0.791397 1.84737 0)
(0.96288 2.30102 0)
(0.584465 2.38718 0)
(0.547792 2.05988 0)
(0.222692 1.37761 0)
(0.150669 0.3825 0)
(0.305958 -0.620856 0)
(0.744098 -1.26022 0)
(0.902353 -1.42792 0)
(1.29676 -1.29915 0)
(1.70647 -0.907195 0)
(1.94953 -0.605927 0)
(2.16243 -0.3009 0)
(-0.658096 -0.199133 0)
(-1.05777 0.37997 0)
(-0.917262 -0.328431 0)
(-0.50293 -1.1124 0)
(-0.0803087 -1.04166 0)
(-0.0232003 -0.174694 0)
(0.240957 0.89333 0)
(0.530121 1.79536 0)
(0.719859 2.30822 0)
(0.484898 2.42572 0)
(0.462146 2.10934 0)
(0.164295 1.42457 0)
(0.113625 0.365282 0)
(0.335055 -0.719077 0)
(0.850038 -1.35682 0)
(1.1001 -1.49573 0)
(1.4073 -1.39501 0)
(1.73162 -1.00125 0)
(2.09477 -0.669735 0)
(2.30016 -0.329941 0)
(-0.660982 0.0338863 0)
(-1.22531 0.454731 0)
(-1.28997 -0.410877 0)
(-0.791943 -1.2359 0)
(-0.439859 -1.11577 0)
(-0.21976 -0.225583 0)
(0.0442902 0.812788 0)
(0.356003 1.7244 0)
(0.489214 2.30016 0)
(0.439316 2.45137 0)
(0.427449 2.1428 0)
(0.109413 1.45691 0)
(0.190579 0.331323 0)
(0.499409 -0.816811 0)
(0.991894 -1.46669 0)
(1.28732 -1.57519 0)
(1.59754 -1.4647 0)
(1.77019 -1.08898 0)
(2.17813 -0.748091 0)
(2.41575 -0.361245 0)
(-0.768554 0.250094 0)
(-1.39354 0.588244 0)
(-1.45799 -0.483918 0)
(-1.08173 -1.33919 0)
(-0.767214 -1.19765 0)
(-0.344547 -0.29798 0)
(-0.142219 0.72688 0)
(0.230335 1.66565 0)
(0.297723 2.27922 0)
(0.450215 2.44255 0)
(0.401348 2.17959 0)
(0.140336 1.4835 0)
(0.377085 0.27386 0)
(0.765543 -0.912962 0)
(1.23825 -1.5643 0)
(1.48109 -1.6569 0)
(1.81234 -1.51941 0)
(1.86445 -1.1561 0)
(2.22713 -0.83087 0)
(2.49757 -0.397273 0)
(-0.528046 0.571547 0)
(-1.52025 0.658048 0)
(-1.44362 -0.520597 0)
(-1.27925 -1.41817 0)
(-0.981702 -1.28591 0)
(-0.494443 -0.362079 0)
(-0.265222 0.665241 0)
(0.212704 1.62393 0)
(0.167675 2.24791 0)
(0.487501 2.41241 0)
(0.410332 2.21767 0)
(0.260143 1.47444 0)
(0.600065 0.184412 0)
(1.05275 -1.03181 0)
(1.53871 -1.66093 0)
(1.71669 -1.72991 0)
(2.02279 -1.56296 0)
(2.00763 -1.20126 0)
(2.27567 -0.906735 0)
(2.55148 -0.435652 0)
(-0.532354 0.771805 0)
(-1.3721 0.874838 0)
(-1.32364 -0.547191 0)
(-1.28234 -1.48876 0)
(-1.01994 -1.40727 0)
(-0.57274 -0.490038 0)
(-0.183795 0.546297 0)
(0.0956143 1.55285 0)
(0.162937 2.20837 0)
(0.54415 2.36706 0)
(0.471467 2.241 0)
(0.433116 1.43885 0)
(0.892265 0.0801693 0)
(1.39791 -1.15412 0)
(1.87114 -1.75182 0)
(1.9896 -1.79011 0)
(2.23254 -1.59328 0)
(2.17552 -1.22569 0)
(2.34122 -0.968366 0)
(2.58883 -0.472708 0)
(-0.370664 1.07224 0)
(-1.16116 0.925165 0)
(-1.07207 -0.563763 0)
(-1.08373 -1.53449 0)
(-0.968242 -1.47876 0)
(-0.699905 -0.59722 0)
(-0.263055 0.489939 0)
(-0.135202 1.51704 0)
(0.31703 2.12798 0)
(0.64691 2.32179 0)
(0.604413 2.24311 0)
(0.746436 1.35548 0)
(1.3387 -0.0813646 0)
(1.87948 -1.30589 0)
(2.31412 -1.84588 0)
(2.3499 -1.83905 0)
(2.4899 -1.61247 0)
(2.38641 -1.23219 0)
(2.44385 -1.0191 0)
(2.62497 -0.511073 0)
(0.0256927 1.43259 0)
(-0.410944 1.12457 0)
(-0.632202 -0.52759 0)
(-0.533095 -1.54991 0)
(-0.647439 -1.52075 0)
(-0.664471 -0.696672 0)
(-0.344292 0.38264 0)
(-0.058197 1.37673 0)
(0.563763 1.95418 0)
(0.829262 2.25345 0)
(0.89058 2.19094 0)
(1.23544 1.20301 0)
(1.95185 -0.292451 0)
(2.49947 -1.4752 0)
(2.85788 -1.92968 0)
(2.79698 -1.85201 0)
(2.79071 -1.60052 0)
(2.62772 -1.2084 0)
(2.59043 -1.0387 0)
(2.66193 -0.53844 0)
(0.78846 1.54881 0)
(0.444327 1.26664 0)
(-0.000322756 -0.47365 0)
(0.210037 -1.52691 0)
(0.0201737 -1.44627 0)
(-0.232641 -0.700767 0)
(-0.0901553 0.273606 0)
(0.299813 1.18876 0)
(0.85184 1.79051 0)
(1.09665 2.18154 0)
(1.30529 2.09515 0)
(1.80199 1.01002 0)
(2.63003 -0.511857 0)
(3.14607 -1.62015 0)
(3.36875 -1.97791 0)
(3.2055 -1.81935 0)
(3.0668 -1.54597 0)
(2.82681 -1.15843 0)
(2.73835 -1.02257 0)
(2.70329 -0.544966 0)
(1.43709 1.40798 0)
(1.23075 1.41767 0)
(0.787453 -0.438039 0)
(0.924404 -1.5865 0)
(0.807453 -1.39571 0)
(0.50122 -0.690802 0)
(0.447732 0.159465 0)
(0.76495 1.00145 0)
(1.17719 1.64501 0)
(1.44914 2.07413 0)
(1.79321 1.9381 0)
(2.40482 0.769874 0)
(3.3006 -0.752916 0)
(3.74129 -1.74248 0)
(3.81136 -1.98275 0)
(3.5292 -1.74878 0)
(3.29574 -1.45745 0)
(2.98317 -1.08585 0)
(2.86373 -0.983276 0)
(2.74258 -0.533309 0)
(1.72337 1.32666 0)
(1.83749 1.54 0)
(1.85667 -0.343248 0)
(1.69062 -1.5597 0)
(1.51617 -1.3234 0)
(1.28099 -0.554591 0)
(1.05243 0.187525 0)
(1.20783 0.922605 0)
(1.5324 1.53938 0)
(1.88473 1.93649 0)
(2.32147 1.74688 0)
(3.0415 0.510162 0)
(3.94222 -0.977523 0)
(4.22499 -1.81871 0)
(4.13168 -1.93682 0)
(3.73185 -1.64046 0)
(3.4436 -1.3428 0)
(3.07908 -0.998655 0)
(2.9605 -0.92516 0)
(2.77944 -0.508314 0)
(2.13051 1.39974 0)
(2.44858 1.48492 0)
(2.8999 -0.319735 0)
(2.54816 -1.46725 0)
(2.15824 -1.33144 0)
(2.04053 -0.542511 0)
(1.79477 0.193775 0)
(1.70308 0.827934 0)
(1.95571 1.38522 0)
(2.38 1.7569 0)
(2.84475 1.5274 0)
(3.6736 0.234398 0)
(4.48775 -1.16352 0)
(4.54741 -1.83155 0)
(4.29744 -1.83586 0)
(3.79875 -1.50614 0)
(3.5085 -1.21553 0)
(3.1211 -0.907157 0)
(3.01603 -0.864365 0)
(2.80826 -0.472971 0)
(2.75479 1.53765 0)
(3.19931 1.36679 0)
(3.87688 -0.329131 0)
(3.34748 -1.28071 0)
(2.72088 -1.15441 0)
(2.43875 -0.4084 0)
(2.31648 0.328766 0)
(2.20036 0.849825 0)
(2.40926 1.26744 0)
(2.79747 1.57132 0)
(3.32219 1.28034 0)
(4.25209 -0.0366504 0)
(4.8564 -1.28041 0)
(4.65264 -1.77857 0)
(4.28334 -1.69517 0)
(3.73961 -1.35841 0)
(3.48104 -1.09135 0)
(3.12657 -0.818405 0)
(3.02794 -0.806961 0)
(2.83204 -0.43506 0)
(3.18689 1.6073 0)
(3.94172 1.21393 0)
(4.60321 -0.290249 0)
(3.78599 -1.09221 0)
(3.13599 -1.07844 0)
(2.91574 -0.402876 0)
(2.7526 0.318047 0)
(2.69101 0.809352 0)
(2.95066 1.1506 0)
(3.21046 1.39016 0)
(3.85219 1.00878 0)
(4.692 -0.265071 0)
(4.97922 -1.30033 0)
(4.55945 -1.65481 0)
(4.13045 -1.52415 0)
(3.6115 -1.21358 0)
(3.40328 -0.98669 0)
(3.0982 -0.733602 0)
(3.02937 -0.754927 0)
(2.84861 -0.407834 0)
(3.37985 1.52792 0)
(4.31321 0.960531 0)
(4.90698 -0.233074 0)
(4.09046 -0.78144 0)
(3.20353 -0.858891 0)
(3.06807 -0.271908 0)
(2.95707 0.411638 0)
(2.98033 0.771578 0)
(3.29771 1.05412 0)
(3.52894 1.22712 0)
(4.28289 0.760534 0)
(4.8249 -0.387013 0)
(4.84061 -1.23794 0)
(4.32685 -1.50414 0)
(3.92664 -1.36662 0)
(3.45429 -1.08961 0)
(3.3172 -0.901902 0)
(3.06778 -0.681193 0)
(3.01697 -0.708845 0)
(2.8497 -0.365651 0)
(3.47736 1.35622 0)
(4.42902 0.720269 0)
(4.72681 -0.176338 0)
(4.08726 -0.530243 0)
(3.30622 -0.728951 0)
(3.19351 -0.299998 0)
(3.20596 0.391089 0)
(3.14498 0.710339 0)
(3.35183 0.941786 0)
(3.66686 1.00897 0)
(4.3523 0.540762 0)
(4.64157 -0.443847 0)
(4.59418 -1.14592 0)
(4.0931 -1.34855 0)
(3.74599 -1.21709 0)
(3.32866 -0.989099 0)
(3.25235 -0.843441 0)
(3.02873 -0.617931 0)
(3.01332 -0.678302 0)
(2.87425 -0.35262 0)
(3.55517 1.159 0)
(4.31175 0.548033 0)
(4.44848 -0.0862387 0)
(4.01002 -0.309748 0)
(3.36068 -0.562363 0)
(3.16942 -0.261578 0)
(3.29413 0.42194 0)
(3.25827 0.714112 0)
(3.40048 0.838136 0)
(3.62297 0.817574 0)
(4.16659 0.388025 0)
(4.43699 -0.466753 0)
(4.38521 -1.04027 0)
(3.87759 -1.19956 0)
(3.58362 -1.09096 0)
(3.21284 -0.905849 0)
(3.19658 -0.791793 0)
(3.02267 -0.595687 0)
(3.01496 -0.649373 0)
(2.87625 -0.314759 0)
(3.61212 0.999679 0)
(4.15574 0.459542 0)
(4.16269 -0.0283561 0)
(3.91178 -0.15988 0)
(3.45108 -0.423421 0)
(3.12774 -0.268079 0)
(3.28252 0.383022 0)
(3.42058 0.686124 0)
(3.48559 0.795064 0)
(3.55119 0.707774 0)
(4.11157 0.246368 0)
(4.32692 -0.494461 0)
(4.17353 -0.927728 0)
(3.68225 -1.06302 0)
(3.4907 -0.981847 0)
(3.16897 -0.847431 0)
(3.17843 -0.774899 0)
(3.00137 -0.544908 0)
(3.01589 -0.622002 0)
(2.89692 -0.304037 0)
(3.65705 0.865475 0)
(4.0411 0.411961 0)
(3.97313 0.0325032 0)
(3.81631 -0.0684156 0)
(3.50057 -0.292617 0)
(3.12369 -0.217677 0)
(3.27275 0.314719 0)
(3.47194 0.64464 0)
(3.48756 0.788884 0)
(3.65394 0.592019 0)
(4.169 0.120482 0)
(4.15668 -0.464641 0)
(3.97114 -0.803724 0)
(3.5836 -0.952842 0)
(3.48954 -0.911382 0)
(3.19504 -0.791398 0)
(3.19312 -0.730287 0)
(3.01457 -0.541412 0)
(3.04551 -0.613298 0)
(2.9225 -0.275597 0)
(3.66557 0.743679 0)
(3.94531 0.394925 0)
(3.84581 0.0791919 0)
(3.71893 -0.00584203 0)
(3.52026 -0.187693 0)
(3.1827 -0.181419 0)
(3.23063 0.257559 0)
(3.36649 0.61407 0)
(3.50808 0.733754 0)
(3.77971 0.458544 0)
(4.09607 0.0723028 0)
(3.98283 -0.409811 0)
(3.86815 -0.711677 0)
(3.54905 -0.886001 0)
(3.49347 -0.84416 0)
(3.19969 -0.742259 0)
(3.22235 -0.715397 0)
(3.02161 -0.487358 0)
(3.04729 -0.585864 0)
(2.94163 -0.264149 0)
(3.61964 0.635095 0)
(3.82866 0.385196 0)
(3.7414 0.135493 0)
(3.63524 0.0381884 0)
(3.51348 -0.113121 0)
(3.22865 -0.114626 0)
(3.16731 0.246152 0)
(3.27146 0.550469 0)
(3.53946 0.632387 0)
(3.76526 0.369378 0)
(3.95797 0.0512543 0)
(3.83785 -0.369072 0)
(3.77798 -0.635509 0)
(3.48482 -0.811935 0)
(3.47022 -0.793474 0)
(3.18902 -0.691875 0)
(3.20308 -0.661402 0)
(3.00479 -0.480954 0)
(3.07761 -0.58254 0)
(2.97355 -0.240836 0)
(3.53236 0.549429 0)
(3.6861 0.3766 0)
(3.64063 0.171274 0)
(3.56786 0.0663127 0)
(3.47876 -0.0551827 0)
(3.24271 -0.0548129 0)
(3.14855 0.239902 0)
(3.25111 0.477628 0)
(3.53039 0.537114 0)
(3.67389 0.298187 0)
(3.7966 0.0519451 0)
(3.69228 -0.336881 0)
(3.66457 -0.578245 0)
(3.40189 -0.772953 0)
(3.43788 -0.73554 0)
(3.15725 -0.64521 0)
(3.22128 -0.654987 0)
(3.01495 -0.437375 0)
(3.0923 -0.574389 0)
(3.0055 -0.234538 0)
(3.4379 0.486748 0)
(3.55963 0.368047 0)
(3.55557 0.199975 0)
(3.5072 0.091185 0)
(3.44108 -0.00540638 0)
(3.24761 0.00425969 0)
(3.16607 0.237022 0)
(3.26338 0.412243 0)
(3.50855 0.472617 0)
(3.55403 0.2707 0)
(3.64598 0.0468499 0)
(3.55252 -0.312549 0)
(3.56025 -0.523925 0)
(3.30223 -0.729062 0)
(3.38992 -0.713759 0)
(3.16091 -0.611208 0)
(3.22978 -0.605359 0)
(3.00177 -0.437293 0)
(3.13132 -0.576616 0)
(3.04719 -0.214921 0)
(3.33917 0.436801 0)
(3.4337 0.346576 0)
(3.45495 0.20313 0)
(3.43034 0.0992897 0)
(3.38033 0.0286624 0)
(3.22994 0.0446136 0)
(3.17716 0.23178 0)
(3.26116 0.356539 0)
(3.44736 0.426873 0)
(3.43078 0.247972 0)
(3.48864 0.0562579 0)
(3.41239 -0.30538 0)
(3.46419 -0.484581 0)
(3.21294 -0.70795 0)
(3.36128 -0.681846 0)
(3.13472 -0.590071 0)
(3.26772 -0.604384 0)
(3.01735 -0.394111 0)
(3.14742 -0.591338 0)
(3.0884 -0.213245 0)
(3.28578 0.410389 0)
(3.36289 0.340437 0)
(3.39616 0.216357 0)
(3.39272 0.115758 0)
(3.36113 0.060102 0)
(3.23006 0.0776574 0)
(3.19304 0.225767 0)
(3.27938 0.320408 0)
(3.42397 0.406408 0)
(3.3349 0.25258 0)
(3.34631 0.056271 0)
(3.29117 -0.294758 0)
(3.3782 -0.446279 0)
(3.1447 -0.690922 0)
(3.322 -0.687238 0)
(3.15563 -0.569541 0)
(3.30398 -0.562602 0)
(3.00897 -0.398188 0)
(3.18054 -0.600051 0)
(3.13008 -0.200369 0)
(3.18349 0.373664 0)
(3.23497 0.310326 0)
(3.27051 0.199083 0)
(3.27793 0.111143 0)
(3.26354 0.0869736 0)
(3.18153 0.107121 0)
(3.17862 0.209887 0)
(3.23751 0.273952 0)
(3.32362 0.407445 0)
(3.21431 0.278635 0)
(3.23026 0.0718742 0)
(3.17356 -0.325425 0)
(3.32671 -0.428127 0)
(3.10205 -0.688694 0)
(3.31892 -0.689871 0)
(3.11645 -0.586666 0)
(3.35708 -0.54533 0)
(3.02055 -0.336584 0)
(3.15441 -0.641866 0)
(3.15521 -0.202777 0)
(1.69641 1.09444 0)
(-1.83321 -1.2581 0)
(1.78615 -0.00264697 0)
(-1.55184 0.836439 0)
(-1.42765 -0.0776066 0)
(-1.61773 0.192099 0)
(-0.864407 -0.316511 0)
(-0.102808 -0.339423 0)
(0.598086 -0.176465 0)
(0.78864 0.220247 0)
(3.35637 1.57311 0)
(1.28697 1.16157 0)
(-2.66871 -0.148548 0)
(-0.557706 0.853337 0)
(-1.64224 0.101792 0)
(-0.949539 -0.480164 0)
(-0.791176 -0.626084 0)
(-0.362236 -0.5767 0)
(0.0545293 -0.28501 0)
(0.489644 0.152582 0)
(3.65643 1.74069 0)
(3.33367 1.83037 0)
(2.35665 1.19877 0)
(1.31588 0.406614 0)
(1.25436 0.101538 0)
(1.19853 -0.223004 0)
(1.04057 -0.532914 0)
(0.627015 -0.803936 0)
(0.437886 -0.590214 0)
(0.484034 0.117455 0)
(3.61611 1.51578 0)
(3.82916 1.87691 0)
(3.85656 1.24541 0)
(3.50919 1.10174 0)
(3.40242 0.408608 0)
(2.98517 -0.341468 0)
(2.67324 -0.415036 0)
(2.5489 -0.312425 0)
(1.61351 -0.137083 0)
(1.09817 -0.023998 0)
(3.62925 1.39021 0)
(3.83529 1.54952 0)
(4.20824 1.32582 0)
(4.07585 0.89351 0)
(4.11308 0.441169 0)
(4.14176 0.132511 0)
(3.33242 -0.142141 0)
(3.15691 -0.277483 0)
(2.4863 0.237168 0)
(2.12577 0.23022 0)
(3.58665 1.23081 0)
(3.81667 1.36015 0)
(4.17056 1.21693 0)
(4.26164 0.89575 0)
(4.07973 0.517493 0)
(4.22964 0.100395 0)
(3.66075 0.127672 0)
(3.7376 0.00830012 0)
(2.8475 0.528509 0)
(3.19606 0.449207 0)
(3.52827 1.10077 0)
(3.73393 1.1754 0)
(4.02936 1.09491 0)
(4.25369 0.897522 0)
(4.02838 0.558666 0)
(4.18183 0.245256 0)
(3.48774 0.250461 0)
(4.03226 0.101331 0)
(2.85864 0.616894 0)
(3.79837 0.489474 0)
(3.51827 0.99799 0)
(3.59921 1.03201 0)
(3.87509 0.967607 0)
(4.05336 0.846961 0)
(4.03826 0.627615 0)
(4.09463 0.383175 0)
(3.41099 0.289372 0)
(4.04807 0.208458 0)
(2.98856 0.766716 0)
(3.90839 0.382775 0)
(3.48757 0.912045 0)
(3.52572 0.941692 0)
(3.77862 0.880465 0)
(3.74096 0.768273 0)
(3.9866 0.610489 0)
(3.95561 0.530139 0)
(3.52695 0.358922 0)
(3.83066 0.246233 0)
(3.23723 0.831347 0)
(3.82633 0.298479 0)
(3.39302 0.830541 0)
(3.54094 0.863555 0)
(3.72603 0.862616 0)
(3.51331 0.709822 0)
(3.84992 0.552419 0)
(3.74466 0.604655 0)
(3.67556 0.430781 0)
(3.60501 0.293224 0)
(3.44613 0.810104 0)
(3.71811 0.29462 0)
(3.29352 0.75655 0)
(3.54518 0.767996 0)
(3.68827 0.88723 0)
(3.45187 0.695273 0)
(3.70522 0.51512 0)
(3.55252 0.612815 0)
(3.70028 0.465536 0)
(3.49696 0.360181 0)
(3.5366 0.727499 0)
(3.63429 0.333138 0)
(3.244 0.701774 0)
(3.48309 0.664599 0)
(3.63386 0.896919 0)
(3.4816 0.708934 0)
(3.6176 0.52392 0)
(3.4518 0.600394 0)
(3.62425 0.467638 0)
(3.46189 0.40629 0)
(3.54569 0.652251 0)
(3.57917 0.364921 0)
(3.24066 0.66724 0)
(3.38741 0.579827 0)
(3.54418 0.867502 0)
(3.50682 0.719212 0)
(3.56885 0.556103 0)
(3.42964 0.59693 0)
(3.53314 0.459746 0)
(3.43905 0.431325 0)
(3.52669 0.58524 0)
(3.54196 0.386845 0)
(3.25138 0.643241 0)
(3.301 0.530002 0)
(3.43412 0.806814 0)
(3.48347 0.708539 0)
(3.5158 0.584673 0)
(3.42677 0.601801 0)
(3.46928 0.463284 0)
(3.41733 0.438075 0)
(3.49526 0.527582 0)
(3.50627 0.388907 0)
(3.24935 0.619484 0)
(3.23884 0.512081 0)
(3.3293 0.735919 0)
(3.41874 0.68091 0)
(3.44717 0.600529 0)
(3.40648 0.601442 0)
(3.42942 0.47317 0)
(3.39675 0.439505 0)
(3.4528 0.477992 0)
(3.46144 0.379318 0)
(3.22726 0.595298 0)
(3.19518 0.513565 0)
(3.24715 0.672383 0)
(3.33729 0.649398 0)
(3.37228 0.602013 0)
(3.36677 0.591213 0)
(3.39149 0.481529 0)
(3.37219 0.438295 0)
(3.40102 0.443178 0)
(3.40529 0.370573 0)
(3.18932 0.572689 0)
(3.15997 0.52304 0)
(3.18986 0.625525 0)
(3.2596 0.621395 0)
(3.30498 0.593608 0)
(3.32073 0.572729 0)
(3.34827 0.484509 0)
(3.33773 0.439597 0)
(3.3504 0.425467 0)
(3.34994 0.366521 0)
(3.1448 0.556038 0)
(3.12629 0.529875 0)
(3.14288 0.593898 0)
(3.19374 0.597776 0)
(3.24068 0.573601 0)
(3.25804 0.551085 0)
(3.28573 0.484118 0)
(3.28287 0.437235 0)
(3.28655 0.415025 0)
(3.28249 0.364511 0)
(3.10274 0.543051 0)
(3.09437 0.535706 0)
(3.11137 0.571254 0)
(3.14774 0.579912 0)
(3.19458 0.561497 0)
(3.21641 0.536132 0)
(3.24305 0.483321 0)
(3.24695 0.437943 0)
(3.25043 0.413871 0)
(3.24316 0.367853 0)
(3.04337 0.535857 0)
(3.04573 0.530739 0)
(3.05956 0.552879 0)
(3.07402 0.557538 0)
(3.10988 0.53276 0)
(3.1255 0.51567 0)
(3.14053 0.472414 0)
(3.14803 0.427506 0)
(3.1527 0.409334 0)
(3.15104 0.360092 0)
(3.00168 -0.00621361 0)
(3.00129 0.0465889 0)
(2.99383 0.038396 0)
(2.98008 0.0933484 0)
(2.95815 0.0850825 0)
(2.93356 0.14483 0)
(2.90489 0.141028 0)
(2.86451 0.209621 0)
(2.83348 0.214673 0)
(2.76157 0.295776 0)
(2.74199 0.317233 0)
(2.61238 0.417178 0)
(2.63516 0.469858 0)
(2.39753 0.596775 0)
(2.52589 0.70898 0)
(2.09967 0.882583 0)
(2.42882 1.09494 0)
(1.77653 1.46391 0)
(2.30669 1.63347 0)
(2.05499 3.14467 0)
(3.07518 -0.0174498 0)
(2.92437 0.0657148 0)
(3.08549 0.0395491 0)
(2.89169 0.121321 0)
(3.07096 0.0967731 0)
(2.83586 0.183471 0)
(3.04863 0.164556 0)
(2.75998 0.262265 0)
(3.01537 0.248811 0)
(2.65734 0.367067 0)
(2.97133 0.357628 0)
(2.52843 0.51648 0)
(2.91773 0.502456 0)
(2.38176 0.745388 0)
(2.84792 0.691576 0)
(2.26067 1.13606 0)
(2.7568 0.896997 0)
(2.30454 1.8393 0)
(2.69492 1.09178 0)
(2.68209 2.82474 0)
(3.11371 -0.0332118 0)
(2.89388 0.0923276 0)
(3.12352 0.0263612 0)
(2.86767 0.159067 0)
(3.10748 0.0858541 0)
(2.82652 0.23785 0)
(3.08707 0.15125 0)
(2.77278 0.337551 0)
(3.05581 0.227883 0)
(2.70586 0.469203 0)
(3.01338 0.318968 0)
(2.63438 0.654741 0)
(2.95842 0.424066 0)
(2.58179 0.927554 0)
(2.8932 0.542498 0)
(2.58454 1.33081 0)
(2.84518 0.705685 0)
(2.69532 1.85487 0)
(2.94583 1.09753 0)
(2.89176 2.2398 0)
(3.10302 -0.0637286 0)
(2.91163 0.137394 0)
(3.10392 -0.00935857 0)
(2.90066 0.21506 0)
(3.07863 0.04869 0)
(2.8791 0.309119 0)
(3.05056 0.109341 0)
(2.8522 0.4236 0)
(3.01262 0.17803 0)
(2.82184 0.570239 0)
(2.96553 0.257391 0)
(2.7972 0.765737 0)
(2.91716 0.352652 0)
(2.79095 1.02761 0)
(2.89024 0.487794 0)
(2.8236 1.34895 0)
(2.93718 0.734204 0)
(2.89901 1.653 0)
(3.12263 1.15084 0)
(3.09118 1.82849 0)
(3.08667 -0.0874032 0)
(2.91837 0.172393 0)
(3.08423 -0.0312177 0)
(2.91762 0.252989 0)
(3.05959 0.030688 0)
(2.91059 0.35255 0)
(3.02844 0.0954656 0)
(2.9044 0.472991 0)
(2.99235 0.166506 0)
(2.89876 0.620415 0)
(2.95374 0.254413 0)
(2.89998 0.798006 0)
(2.93331 0.375401 0)
(2.90808 1.00189 0)
(2.96389 0.556623 0)
(2.92877 1.20844 0)
(3.06509 0.822542 0)
(3.00641 1.37867 0)
(3.24044 1.15496 0)
(3.23988 1.51494 0)
(3.0729 -0.0872001 0)
(2.91979 0.175597 0)
(3.0658 -0.0235816 0)
(2.92128 0.257473 0)
(3.04845 0.043601 0)
(2.92139 0.35576 0)
(3.02199 0.117287 0)
(2.92291 0.470901 0)
(2.99726 0.199827 0)
(2.92155 0.601421 0)
(2.98384 0.305863 0)
(2.91924 0.74186 0)
(2.99618 0.450113 0)
(2.92385 0.884165 0)
(3.04552 0.639781 0)
(2.96184 1.02314 0)
(3.1325 0.866663 0)
(3.08408 1.16439 0)
(3.27189 1.09518 0)
(3.32451 1.30259 0)
(3.05075 -0.070337 0)
(2.93822 0.156127 0)
(3.03956 0.000130128 0)
(2.93866 0.240262 0)
(3.03202 0.0724428 0)
(2.93539 0.334794 0)
(3.01911 0.154961 0)
(2.9292 0.436681 0)
(3.01322 0.251918 0)
(2.91986 0.542961 0)
(3.02088 0.372117 0)
(2.91424 0.651969 0)
(3.04405 0.518614 0)
(2.93273 0.766644 0)
(3.08186 0.684461 0)
(3.00401 0.894792 0)
(3.14447 0.854781 0)
(3.14704 1.03421 0)
(3.26613 1.01205 0)
(3.34709 1.14976 0)
(3.02764 -0.0508244 0)
(2.96258 0.132062 0)
(3.01306 0.0286325 0)
(2.96425 0.213049 0)
(3.01226 0.109396 0)
(2.9593 0.299574 0)
(3.012 0.19984 0)
(2.94842 0.389766 0)
(3.01922 0.303928 0)
(2.94031 0.482172 0)
(3.03312 0.423666 0)
(2.94676 0.581412 0)
(3.05298 0.55375 0)
(2.98373 0.694513 0)
(3.08561 0.685943 0)
(3.06065 0.821801 0)
(3.15307 0.814624 0)
(3.17551 0.944231 0)
(3.27811 0.930891 0)
(3.3213 1.02843 0)
(3.01376 -0.0310093 0)
(2.97721 0.109224 0)
(2.99792 0.0554372 0)
(2.98296 0.185663 0)
(2.99612 0.143174 0)
(2.98761 0.264059 0)
(2.99592 0.237782 0)
(2.98612 0.348514 0)
(3.00449 0.339696 0)
(2.98758 0.439408 0)
(3.02185 0.448128 0)
(3.00131 0.540285 0)
(3.04903 0.559012 0)
(3.03655 0.651839 0)
(3.09489 0.668385 0)
(3.09701 0.766417 0)
(3.17254 0.772604 0)
(3.18346 0.865557 0)
(3.28531 0.862499 0)
(3.30072 0.930518 0)
(3.00466 -0.0130665 0)
(2.99033 0.0907362 0)
(2.98977 0.0737136 0)
(2.99757 0.167069 0)
(2.98558 0.162781 0)
(3.01025 0.241079 0)
(2.98206 0.258739 0)
(3.01656 0.320951 0)
(2.99051 0.359089 0)
(3.02052 0.408678 0)
(3.01753 0.45923 0)
(3.02936 0.506634 0)
(3.06132 0.555864 0)
(3.05511 0.612979 0)
(3.11801 0.646369 0)
(3.10969 0.717399 0)
(3.18433 0.727719 0)
(3.19871 0.804998 0)
(3.26363 0.795738 0)
(3.3143 0.861452 0)
(2.99496 -0.0028829 0)
(3.00987 0.0799927 0)
(2.98126 0.082143 0)
(3.01338 0.158275 0)
(2.98 0.171905 0)
(3.01955 0.229309 0)
(2.98403 0.269561 0)
(3.01941 0.300516 0)
(2.9998 0.372133 0)
(3.0174 0.378133 0)
(3.03493 0.468033 0)
(3.02343 0.469309 0)
(3.08362 0.54975 0)
(3.05296 0.575001 0)
(3.13188 0.616015 0)
(3.12037 0.681648 0)
(3.17394 0.671779 0)
(3.22279 0.768264 0)
(3.22464 0.725036 0)
(3.33552 0.813932 0)
(2.98883 -0.00394044 0)
(3.02496 0.0789874 0)
(2.97621 0.0837818 0)
(3.02435 0.153935 0)
(2.98009 0.179997 0)
(3.01723 0.218678 0)
(2.99817 0.281761 0)
(3.0056 0.278943 0)
(3.02473 0.384198 0)
(2.99928 0.347606 0)
(3.05934 0.471309 0)
(3.01261 0.43724 0)
(3.09565 0.532984 0)
(3.05765 0.548612 0)
(3.1235 0.57368 0)
(3.13821 0.661283 0)
(3.14761 0.610056 0)
(3.23886 0.743694 0)
(3.19107 0.660821 0)
(3.33185 0.772378 0)
(2.99052 -0.0121726 0)
(3.02387 0.0851407 0)
(2.98073 0.0823615 0)
(3.02298 0.150089 0)
(2.98724 0.188876 0)
(3.01078 0.204811 0)
(3.01248 0.295779 0)
(2.99672 0.256666 0)
(3.04362 0.392384 0)
(2.99389 0.323562 0)
(3.07106 0.464687 0)
(3.01781 0.418114 0)
(3.09074 0.505831 0)
(3.07362 0.535016 0)
(3.10326 0.528403 0)
(3.15208 0.646758 0)
(3.12424 0.557618 0)
(3.23281 0.717502 0)
(3.17468 0.613633 0)
(3.2982 0.729679 0)
(2.99682 -0.0195615 0)
(3.01008 0.0920412 0)
(2.99271 0.0802278 0)
(3.01072 0.146845 0)
(2.99991 0.193839 0)
(3.00426 0.192155 0)
(3.02114 0.303609 0)
(2.99909 0.239872 0)
(3.04658 0.392153 0)
(3.00603 0.309273 0)
(3.06468 0.450028 0)
(3.03597 0.408703 0)
(3.07437 0.477198 0)
(3.08931 0.525024 0)
(3.08415 0.492661 0)
(3.15146 0.627827 0)
(3.11212 0.523331 0)
(3.20595 0.684841 0)
(3.1699 0.583528 0)
(3.24863 0.687499 0)
(3.00177 -0.0210487 0)
(2.99557 0.0943516 0)
(3.00466 0.0784426 0)
(2.99618 0.144794 0)
(3.01293 0.191815 0)
(2.99825 0.185721 0)
(3.02541 0.300204 0)
(3.00499 0.232452 0)
(3.03965 0.382706 0)
(3.0224 0.303021 0)
(3.04891 0.432649 0)
(3.05322 0.401737 0)
(3.05522 0.455071 0)
(3.09587 0.511114 0)
(3.06947 0.471202 0)
(3.13789 0.601948 0)
(3.10485 0.504681 0)
(3.17077 0.648883 0)
(3.16344 0.563192 0)
(3.19956 0.649719 0)
(3.0032 -0.0167598 0)
(2.98792 0.0908667 0)
(3.01115 0.0778385 0)
(2.98694 0.142935 0)
(3.0212 0.184787 0)
(2.9939 0.185274 0)
(3.02671 0.287549 0)
(3.00791 0.233301 0)
(3.03116 0.366462 0)
(3.03156 0.302356 0)
(3.03391 0.415315 0)
(3.06025 0.394538 0)
(3.03938 0.440562 0)
(3.09151 0.492809 0)
(3.05761 0.461274 0)
(3.1177 0.572055 0)
(3.09518 0.495907 0)
(3.13722 0.613495 0)
(3.14832 0.548083 0)
(3.15875 0.6176 0)
(3.00215 -0.00977574 0)
(2.98721 0.0839386 0)
(3.01204 0.0783447 0)
(2.98435 0.140714 0)
(3.02356 0.176383 0)
(2.99122 0.187856 0)
(3.02613 0.27146 0)
(3.00615 0.238388 0)
(3.02539 0.348314 0)
(3.03077 0.304337 0)
(3.02404 0.400183 0)
(3.05639 0.387136 0)
(3.0279 0.431866 0)
(3.07967 0.473429 0)
(3.04575 0.457927 0)
(3.09664 0.543362 0)
(3.07975 0.491834 0)
(3.10934 0.582775 0)
(3.12418 0.53593 0)
(3.12658 0.592105 0)
(3.00074 -0.00240214 0)
(2.99013 0.0759258 0)
(3.00944 0.0801612 0)
(2.98688 0.137555 0)
(3.02025 0.169634 0)
(2.99159 0.19053 0)
(3.02224 0.256703 0)
(3.00323 0.244706 0)
(3.0205 0.331353 0)
(3.02384 0.308297 0)
(3.01801 0.386694 0)
(3.04465 0.382122 0)
(3.02016 0.425402 0)
(3.06225 0.457312 0)
(3.03445 0.456829 0)
(3.07435 0.519434 0)
(3.0613 0.49 0)
(3.0837 0.557519 0)
(3.09556 0.527125 0)
(3.09754 0.571347 0)
(2.99964 0.00294855 0)
(2.99303 0.0698975 0)
(3.00699 0.081824 0)
(2.98957 0.135121 0)
(3.01619 0.165126 0)
(2.99171 0.192276 0)
(3.01808 0.246362 0)
(2.99944 0.249211 0)
(3.01603 0.319326 0)
(3.01481 0.311056 0)
(3.0124 0.377155 0)
(3.03099 0.378331 0)
(3.0121 0.420786 0)
(3.04468 0.445338 0)
(3.02133 0.455956 0)
(3.05396 0.501826 0)
(3.0406 0.488371 0)
(3.06107 0.539043 0)
(3.06633 0.520189 0)
(3.07169 0.556355 0)
(2.99902 0.0083571 0)
(2.9968 0.0629488 0)
(3.00391 0.0853179 0)
(2.99377 0.131147 0)
(3.00932 0.16364 0)
(2.99361 0.193089 0)
(3.01073 0.239093 0)
(2.99689 0.254182 0)
(3.00906 0.309095 0)
(3.00448 0.316413 0)
(3.00568 0.368005 0)
(3.01312 0.378811 0)
(3.00371 0.4159 0)
(3.02056 0.438648 0)
(3.00647 0.455163 0)
(3.0256 0.489272 0)
(3.01465 0.488033 0)
(3.02933 0.524105 0)
(3.02689 0.516164 0)
(3.03455 0.542448 0)
(3.00576 0.000972904 0)
(2.99711 -0.0451905 0)
(2.99749 -0.0509784 0)
(2.97143 -0.0984897 0)
(2.95676 -0.104973 0)
(2.92331 -0.156045 0)
(2.8947 -0.166946 0)
(2.85469 -0.227972 0)
(2.80329 -0.24449 0)
(2.75951 -0.322675 0)
(2.67159 -0.345666 0)
(2.6324 -0.456982 0)
(2.48561 -0.48322 0)
(2.46318 -0.665291 0)
(2.22559 -0.678001 0)
(2.22478 -1.00953 0)
(1.87837 -0.993502 0)
(1.74891 -1.57847 0)
(1.44641 -1.77328 0)
(0.152803 -2.3353 0)
(3.01205 -0.00622175 0)
(2.98374 -0.0262678 0)
(3.00241 -0.0517216 0)
(2.95391 -0.0687938 0)
(2.96597 -0.10012 0)
(2.89673 -0.113495 0)
(2.90649 -0.156213 0)
(2.81255 -0.167946 0)
(2.81909 -0.228078 0)
(2.69229 -0.238412 0)
(2.69474 -0.324357 0)
(2.52298 -0.336006 0)
(2.52002 -0.46211 0)
(2.2863 -0.48071 0)
(2.26241 -0.671516 0)
(1.95801 -0.717717 0)
(1.82709 -0.984834 0)
(1.52147 -1.16197 0)
(0.968704 -1.29935 0)
(0.994982 -1.88338 0)
(2.98879 -0.00118005 0)
(3.00864 -0.0297949 0)
(2.97201 -0.0317653 0)
(2.98314 -0.0653113 0)
(2.92911 -0.0657753 0)
(2.93005 -0.104231 0)
(2.85925 -0.105128 0)
(2.84767 -0.151349 0)
(2.75818 -0.15557 0)
(2.72586 -0.212531 0)
(2.61562 -0.223528 0)
(2.548 -0.296569 0)
(2.4163 -0.322017 0)
(2.28411 -0.418063 0)
(2.13606 -0.475936 0)
(1.8725 -0.59284 0)
(1.74399 -0.730241 0)
(1.15598 -0.805012 0)
(1.13899 -1.20454 0)
(-0.11496 -1.05378 0)
(2.99665 -0.00470201 0)
(3.00068 -0.0156246 0)
(2.98019 -0.0269793 0)
(2.97367 -0.0400173 0)
(2.93475 -0.0522331 0)
(2.92057 -0.0672769 0)
(2.85867 -0.0801835 0)
(2.83909 -0.100695 0)
(2.74508 -0.114372 0)
(2.72115 -0.144874 0)
(2.57911 -0.158199 0)
(2.55295 -0.206255 0)
(2.3363 -0.217936 0)
(2.31235 -0.296444 0)
(1.97451 -0.301029 0)
(1.96363 -0.433906 0)
(1.41888 -0.412004 0)
(1.43959 -0.657323 0)
(0.592324 -0.516445 0)
(0.601423 -0.813408 0)
(3.01602 -0.00551269 0)
(2.97484 -0.0039564 0)
(3.00246 -0.0200515 0)
(2.94104 -0.0165678 0)
(2.96457 -0.0368827 0)
(2.87807 -0.0295983 0)
(2.89852 -0.055894 0)
(2.78088 -0.0441314 0)
(2.79904 -0.0794147 0)
(2.63953 -0.0613048 0)
(2.65362 -0.109283 0)
(2.43591 -0.0822748 0)
(2.44158 -0.149266 0)
(2.14095 -0.108839 0)
(2.12868 -0.204571 0)
(1.70586 -0.141099 0)
(1.65167 -0.28558 0)
(1.05254 -0.178178 0)
(0.895638 -0.403542 0)
(0.0993396 -0.244317 0)
(3.00276 0.00350795 0)
(2.99146 -0.00831794 0)
(2.98612 0.00164943 0)
(2.96149 -0.0128957 0)
(2.94362 4.52897e-05 0)
(2.90341 -0.018198 0)
(2.87138 -0.000909895 0)
(2.81245 -0.0240656 0)
(2.76365 -0.000267916 0)
(2.67937 -0.0297453 0)
(2.60764 0.00413995 0)
(2.48622 -0.0340529 0)
(2.38225 0.0152063 0)
(2.20439 -0.0353999 0)
(2.05297 0.0391587 0)
(1.78508 -0.0305857 0)
(1.55685 0.0886969 0)
(1.14547 -0.0150923 0)
(0.775835 0.182335 0)
(0.206793 0.0520972 0)
(2.98379 -0.00217698 0)
(3.01408 0.0102861 0)
(2.96449 0.00307032 0)
(2.9886 0.0178983 0)
(2.91792 0.00906821 0)
(2.93627 0.0271191 0)
(2.84026 0.0167866 0)
(2.85367 0.0400115 0)
(2.72564 0.0285793 0)
(2.73305 0.0607656 0)
(2.56032 0.047839 0)
(2.55907 0.0958684 0)
(2.3214 0.0795155 0)
(2.30853 0.15689 0)
(1.97094 0.132169 0)
(1.94241 0.264869 0)
(1.44155 0.216731 0)
(1.38812 0.454164 0)
(0.678782 0.303679 0)
(0.512441 0.54295 0)
(2.99995 0.00250662 0)
(2.99349 0.0116976 0)
(2.98423 0.0187227 0)
(2.96478 0.0295749 0)
(2.94431 0.0363023 0)
(2.90829 0.0493525 0)
(2.87605 0.0570377 0)
(2.82061 0.0752173 0)
(2.7757 0.0868629 0)
(2.69272 0.112379 0)
(2.63329 0.132881 0)
(2.50656 0.167589 0)
(2.43445 0.208599 0)
(2.23227 0.252399 0)
(2.15773 0.340395 0)
(1.81338 0.380967 0)
(1.76666 0.573421 0)
(1.11403 0.565127 0)
(1.09498 1.01014 0)
(-0.0465296 0.913573 0)
(3.01172 0.00510014 0)
(2.98333 0.0142517 0)
(3.00234 0.0334053 0)
(2.95307 0.0405345 0)
(2.96605 0.0644716 0)
(2.89474 0.0678798 0)
(2.90445 0.100583 0)
(2.80817 0.102774 0)
(2.81294 0.149976 0)
(2.68619 0.152686 0)
(2.67937 0.220426 0)
(2.51834 0.229144 0)
(2.48573 0.324962 0)
(2.29081 0.357242 0)
(2.1957 0.483855 0)
(1.98366 0.590308 0)
(1.725 0.715675 0)
(1.58615 1.03374 0)
(0.913792 0.99056 0)
(0.984862 1.58018 0)
(2.99442 -0.000918824 0)
(3.00676 0.0328574 0)
(2.98218 0.0326973 0)
(2.98412 0.0706549 0)
(2.93974 0.0683788 0)
(2.93686 0.113198 0)
(2.87268 0.10871 0)
(2.86718 0.168637 0)
(2.77667 0.161377 0)
(2.76752 0.246467 0)
(2.64121 0.234708 0)
(2.6294 0.360763 0)
(2.45608 0.344104 0)
(2.43801 0.536766 0)
(2.21148 0.520838 0)
(2.15039 0.820424 0)
(1.90905 0.856973 0)
(1.59781 1.27488 0)
(1.50981 1.66968 0)
(0.130113 2.18001 0)
)
;

boundaryField
{
    inlet
    {
        type            fixedValue;
        value           uniform (3 0 0);
    }
    outlet
    {
        type            zeroGradient;
    }
    upAndBottom
    {
        type            empty;
    }
    obstacle
    {
        type            noSlip;
    }
}


// ************************************************************************* //
