/*--------------------------------*- C++ -*----------------------------------*\
| =========                 |                                                 |
| \\      /  F ield         | OpenFOAM: The Open Source CFD Toolbox           |
|  \\    /   O peration     | Version:  v1806                                 |
|   \\  /    A nd           | Web:      www.OpenFOAM.com                      |
|    \\/     M anipulation  |                                                 |
\*---------------------------------------------------------------------------*/
FoamFile
{
    version     2.0;
    format      ascii;
    class       volScalarField;
    location    "490";
    object      p;
}
// * * * * * * * * * * * * * * * * * * * * * * * * * * * * * * * * * * * * * //

dimensions      [0 2 -2 0 0 0 0];


internalField   nonuniform List<scalar> 
4876
(
0.00499981
0.00497599
0.00497598
0.00499981
0.00866926
0.00861762
0.00861762
0.00866926
0.0222314
0.0222373
0.0222373
0.0222314
0.0255072
0.0255076
0.0255076
0.0255072
0.0493587
0.0493616
0.0493616
0.0493587
0.0438398
0.0438427
0.0438427
0.0438398
0.0441275
0.044136
0.044136
0.0441275
0.0378898
0.0378884
0.0378884
0.0378898
0.0410663
0.0410833
0.0410833
0.0410663
-0.00489564
-0.00488729
-0.00488729
-0.00489564
-0.00738553
-0.00739406
-0.00739406
-0.00738553
0.0159721
0.0159425
0.0159425
0.0159721
0.0186981
0.0187098
0.0187098
0.0186981
0.0212734
0.0212812
0.0212812
0.0212734
-0.00388634
-0.00388658
-0.00388658
-0.00388634
-0.00410668
-0.0041081
-0.0041081
-0.00410668
-0.00499454
-0.00499704
-0.00499704
-0.00499454
-0.00441303
-0.00441198
-0.00441198
-0.00441303
-0.00462789
-0.00463069
-0.00463069
-0.00462789
-0.00433827
-0.00433703
-0.00433703
-0.00433826
-0.00448612
-0.00448454
-0.00448454
-0.00448612
0.0207024
0.0207079
0.0207079
0.0207024
0.0135844
0.0135543
0.0135543
0.0135844
0.0377582
0.0377523
0.0377523
0.0377582
0.0501415
0.0501545
0.0501545
0.0501415
-0.00423534
-0.00423508
-0.00423508
-0.00423534
-0.00419131
-0.00419071
-0.00419071
-0.00419131
-0.00408506
-0.0040862
-0.0040862
-0.00408506
-0.00442502
-0.00442616
-0.00442616
-0.00442502
-0.00424292
-0.004243
-0.004243
-0.00424292
-0.00438559
-0.0043871
-0.0043871
-0.00438559
-0.00432457
-0.00432467
-0.00432467
-0.00432457
-0.00415
-0.00415043
-0.00415043
-0.00415
0.0350214
0.0350189
0.0350189
0.0350214
0.0305427
0.030544
0.030544
0.0305427
0.0323892
0.0323877
0.0323877
0.0323892
0.0325215
0.0325219
0.0325219
0.0325215
0.0307307
0.0307364
0.0307364
0.0307307
0.0353065
0.0353091
0.0353091
0.0353065
0.0404493
0.0404502
0.0404502
0.0404493
0.0446305
0.0446489
0.0446489
0.0446305
-0.00389512
-0.00389569
-0.00389569
-0.00389512
-0.00416694
-0.00416805
-0.00416805
-0.00416694
-0.00396201
-0.0039626
-0.0039626
-0.00396201
-0.00445581
-0.00445677
-0.00445677
-0.00445582
0.0287725
0.0287829
0.0287829
0.0287725
0.03116
0.0311621
0.0311621
0.03116
0.0297176
0.0297247
0.0297247
0.0297176
0.0269922
0.0269963
0.0269963
0.0269922
0.0272116
0.0272067
0.0272067
0.0272116
0.0243851
0.0243852
0.0243852
0.0243851
0.0265641
0.026561
0.026561
0.0265641
0.0279144
0.0279117
0.0279117
0.0279144
0.0280605
0.0280602
0.0280602
0.0280605
0.0267671
0.026772
0.026772
0.0267671
0.024345
0.0243482
0.0243482
0.024345
-0.00365469
-0.00365547
-0.00365547
-0.0036547
-0.0036851
-0.00368605
-0.00368605
-0.0036851
-0.00375458
-0.00375574
-0.00375574
-0.00375457
-0.00402027
-0.00402125
-0.00402125
-0.00402027
-0.00422362
-0.00422536
-0.00422536
-0.00422361
-0.00452598
-0.00452585
-0.00452585
-0.00452598
-0.00364756
-0.00364878
-0.00364878
-0.00364756
-0.00389901
-0.00389895
-0.00389895
-0.00389901
-0.00366383
-0.00366481
-0.00366481
-0.00366383
-0.00424061
-0.00424201
-0.00424201
-0.00424061
0.0297424
0.0297349
0.0297349
0.0297424
-0.00393189
-0.00393161
-0.00393161
-0.00393188
-0.00374724
-0.00374925
-0.00374925
-0.00374724
0.0422552
0.0422584
0.0422584
0.0422552
0.016342
0.0163166
0.0163166
0.016342
0.0314259
0.0314302
0.0314302
0.0314259
0.0232629
0.0232724
0.0232724
0.0232629
0.0234646
0.023462
0.023462
0.0234646
0.0227218
0.0227252
0.0227252
0.0227218
0.0209917
0.0209936
0.0209936
0.0209917
-0.0048301
-0.00482988
-0.00482988
-0.0048301
-0.00485944
-0.00486154
-0.00486154
-0.00485945
-0.00448532
-0.00448364
-0.00448364
-0.00448532
-0.00423275
-0.00423384
-0.00423384
-0.00423275
-0.00401766
-0.0040192
-0.0040192
-0.00401766
-0.00375125
-0.00375308
-0.00375308
-0.00375124
-0.00340635
-0.00340666
-0.00340666
-0.00340635
-0.00335802
-0.0033581
-0.0033581
-0.00335802
-0.00336018
-0.003361
-0.003361
-0.00336018
-0.00337066
-0.00337134
-0.00337134
-0.00337066
-0.00341132
-0.00341225
-0.00341225
-0.00341132
-0.00344037
-0.00344106
-0.00344106
-0.00344037
-0.00341846
-0.00341897
-0.00341896
-0.00341846
0.0217227
0.0217295
0.0217295
0.0217227
0.0234378
0.0234397
0.0234397
0.0234378
0.024378
0.0243783
0.0243783
0.024378
0.0244619
0.0244626
0.0244626
0.0244619
0.0236016
0.0236038
0.0236038
0.0236016
0.0217822
0.0217843
0.0217843
0.0217822
0.0193855
0.0193873
0.0193873
0.0193855
0.0240296
0.0240168
0.0240168
0.0240296
0.0229852
0.0229807
0.0229807
0.0229852
0.0214037
0.0214079
0.0214079
0.0214037
0.0194825
0.0194879
0.0194879
0.0194825
0.0244329
0.0244207
0.0244207
0.0244329
-0.00450604
-0.0045077
-0.0045077
-0.00450604
-0.0042562
-0.00425639
-0.00425639
-0.0042562
-0.00395218
-0.00395146
-0.00395146
-0.00395218
-0.0036943
-0.00369576
-0.00369576
-0.0036943
-0.0033834
-0.00338277
-0.00338277
-0.0033834
0.00211493
0.00214689
0.00214689
0.00211493
-0.0184302
-0.0184646
-0.0184646
-0.0184302
-0.0266064
-0.0265773
-0.0265773
-0.0266064
-0.0239435
-0.0239333
-0.0239333
-0.0239435
-0.0242629
-0.0242748
-0.0242748
-0.0242629
-0.0226997
-0.0226911
-0.0226911
-0.0226997
-0.0199186
-0.019908
-0.019908
-0.0199186
-0.0174109
-0.0174012
-0.0174012
-0.0174109
-0.0152411
-0.0152316
-0.0152316
-0.0152411
-0.0135697
-0.0135614
-0.0135614
-0.0135697
-0.0121713
-0.0121641
-0.0121641
-0.0121713
-0.0109984
-0.0109923
-0.0109923
-0.0109984
-0.0100122
-0.0100073
-0.0100073
-0.0100122
-0.00915278
-0.009148
-0.009148
-0.00915278
-0.00844027
-0.00843682
-0.00843682
-0.00844027
-0.0077667
-0.00776058
-0.00776058
-0.0077667
-0.00738731
-0.00738943
-0.00738943
-0.00738731
-0.00687064
-0.00686412
-0.00686412
-0.00687064
-0.00672337
-0.00672647
-0.00672647
-0.00672338
-0.00447222
-0.00446841
-0.00446841
-0.00447222
-0.00519231
-0.00520187
-0.00520187
-0.00519231
-0.00459428
-0.00459059
-0.00459059
-0.00459428
-0.00424762
-0.00424902
-0.00424902
-0.00424762
-0.00396742
-0.00396959
-0.00396959
-0.00396742
-0.00368347
-0.00368593
-0.00368593
-0.00368347
-0.00333285
-0.00333266
-0.00333266
-0.00333285
-0.00310718
-0.00311011
-0.00311011
-0.00310718
-0.00308955
-0.00309137
-0.00309137
-0.00308955
-0.00307989
-0.00308139
-0.00308139
-0.00307989
-0.0030343
-0.00303511
-0.00303511
-0.0030343
-0.00305487
-0.00305601
-0.00305601
-0.00305486
-0.00308648
-0.0030874
-0.0030874
-0.00308648
-0.00311869
-0.00312054
-0.00312054
-0.00311869
-0.00307464
-0.00307625
-0.00307625
-0.00307464
-0.00299926
-0.0030008
-0.0030008
-0.00299926
0.016768
0.016768
0.016768
0.016768
0.0177798
0.0177817
0.0177817
0.0177798
0.0183903
0.0183911
0.0183911
0.0183903
0.0183084
0.0183159
0.0183159
0.0183084
0.016476
0.0164805
0.0164805
0.016476
0.012696
0.0127239
0.0127239
0.012696
0.000263449
0.000209902
0.000209902
0.000263449
-0.015199
-0.0152241
-0.0152241
-0.015199
-0.0125778
-0.0126433
-0.0126433
-0.0125778
-0.0182707
-0.0182801
-0.0182801
-0.0182707
-0.0220748
-0.0220498
-0.0220498
-0.0220748
-0.0225464
-0.0225429
-0.0225429
-0.0225464
-0.0220673
-0.0220697
-0.0220697
-0.0220673
-0.0197399
-0.0197345
-0.0197345
-0.0197399
-0.0176019
-0.017596
-0.017596
-0.0176019
-0.0155988
-0.0155928
-0.0155928
-0.0155988
-0.0139383
-0.0139327
-0.0139327
-0.0139383
-0.0125396
-0.0125345
-0.0125345
-0.0125396
-0.011395
-0.0113908
-0.0113908
-0.011395
-0.0102926
-0.0102879
-0.0102879
-0.0102926
-0.00935526
-0.00935008
-0.00935008
-0.00935526
-0.00862972
-0.00862704
-0.00862704
-0.00862972
-0.00800558
-0.00800232
-0.00800232
-0.00800558
-0.00747807
-0.00747596
-0.00747596
-0.00747807
-0.00699234
-0.00698888
-0.00698888
-0.00699234
-0.00669097
-0.00669053
-0.00669053
-0.00669097
-0.00639151
-0.00639621
-0.00639621
-0.00639151
-0.00531561
-0.00531164
-0.00531164
-0.00531561
-0.00510571
-0.00511256
-0.00511256
-0.00510571
-0.00455371
-0.00455158
-0.00455159
-0.00455371
-0.00421165
-0.00421269
-0.00421269
-0.00421165
-0.00392061
-0.0039217
-0.0039217
-0.00392061
-0.00364926
-0.00365027
-0.00365027
-0.00364926
-0.00340302
-0.00340636
-0.00340636
-0.00340302
-0.00302485
-0.00302568
-0.00302568
-0.00302485
0.0190436
0.019053
0.019053
0.0190436
0.0181675
0.0181734
0.0181734
0.0181675
0.0170339
0.0170389
0.0170389
0.0170339
0.0157682
0.0157708
0.0157708
0.0157682
0.0177162
0.0177192
0.0177192
0.0177162
0.0194569
0.0194603
0.0194603
0.0194569
0.0208012
0.0208024
0.0208024
0.0208012
0.0215146
0.0215145
0.0215145
0.0215146
0.0215676
0.0215674
0.0215674
0.0215676
0.0209396
0.0209392
0.0209392
0.0209396
0.0195864
0.0195875
0.0195875
0.0195864
0.0176991
0.0176995
0.0176995
0.0176991
0.0156611
0.0156618
0.0156618
0.0156611
-0.00286264
-0.00286387
-0.00286387
-0.00286264
-0.0031769
-0.0031758
-0.0031758
-0.0031769
-0.00352981
-0.00353287
-0.00353287
-0.00352981
-0.00381409
-0.00381459
-0.00381459
-0.00381409
-0.00414462
-0.00414696
-0.00414696
-0.00414462
-0.00447173
-0.00447453
-0.00447453
-0.00447173
-0.00480638
-0.00480933
-0.00480933
-0.00480638
-0.00525357
-0.00524455
-0.00524455
-0.00525357
-0.00635198
-0.00635722
-0.00635722
-0.00635198
-0.00684346
-0.0068501
-0.0068501
-0.00684346
-0.00670933
-0.00670157
-0.00670157
-0.00670933
-0.00710998
-0.00710848
-0.00710848
-0.00710998
-0.0074707
-0.00746583
-0.00746583
-0.0074707
-0.00806471
-0.00806157
-0.00806157
-0.00806471
-0.00869029
-0.00868601
-0.00868601
-0.00869029
-0.0094723
-0.00946802
-0.00946802
-0.0094723
-0.0103872
-0.010382
-0.010382
-0.0103872
-0.0115063
-0.0115002
-0.0115002
-0.0115063
-0.0128252
-0.0128185
-0.0128185
-0.0128252
-0.0143593
-0.0143525
-0.0143525
-0.0143593
-0.0160179
-0.0160126
-0.0160126
-0.0160179
-0.0174874
-0.0174819
-0.0174819
-0.0174874
-0.0186484
-0.0186418
-0.0186418
-0.0186484
-0.0188631
-0.0188568
-0.0188568
-0.0188631
-0.0177413
-0.0177331
-0.0177331
-0.0177413
-0.0159361
-0.015919
-0.015919
-0.0159361
-0.00861287
-0.00859027
-0.00859027
-0.00861286
-0.00190051
-0.00193531
-0.00193531
-0.00190051
0.00674165
0.00672026
0.00672026
0.00674165
0.0113358
0.0112923
0.0112923
0.0113358
0.0140078
0.0139878
0.0139878
0.0140078
0.01497
0.0149744
0.0149744
0.01497
0.0149967
0.0150017
0.0150017
0.0149967
0.0144552
0.0144606
0.0144606
0.0144552
0.0136723
0.0136754
0.0136754
0.0136723
0.0128566
0.012858
0.012858
0.0128566
0.014596
0.0145977
0.0145977
0.014596
0.0162222
0.0162243
0.0162243
0.0162222
0.0176311
0.0176352
0.0176352
0.0176311
0.0186743
0.018677
0.018677
0.0186743
0.0192244
0.0192255
0.0192255
0.0192244
0.0192457
0.0192461
0.0192461
0.0192457
0.0187209
0.0187207
0.0187207
0.0187209
0.0176811
0.0176801
0.0176801
0.0176811
0.01622
0.0162199
0.0162199
0.01622
0.0144863
0.0144856
0.0144856
0.0144863
0.0127996
0.0127985
0.0127985
0.0127996
0.0136049
0.0136048
0.0136048
0.0136049
0.0142623
0.0142619
0.0142619
0.0142623
0.0147205
0.0147227
0.0147227
0.0147205
0.0146448
0.0146487
0.0146487
0.0146448
0.013969
0.0139772
0.0139772
0.013969
0.0119273
0.0119345
0.0119345
0.0119273
0.00823183
0.00823048
0.00823048
0.00823183
0.00131304
0.00128779
0.00128779
0.00131304
-0.00789567
-0.0079141
-0.0079141
-0.00789567
-0.012384
-0.0123562
-0.0123562
-0.012384
-0.0159336
-0.0159286
-0.0159286
-0.0159336
-0.0180544
-0.0180532
-0.0180532
-0.0180544
-0.018322
-0.0183168
-0.0183168
-0.018322
-0.0171236
-0.0171172
-0.0171172
-0.0171236
-0.0158684
-0.0158657
-0.0158657
-0.0158684
-0.0144818
-0.0144786
-0.0144786
-0.0144818
-0.0130779
-0.013073
-0.013073
-0.0130779
-0.0118087
-0.0118036
-0.0118036
-0.0118087
-0.010659
-0.0106534
-0.0106534
-0.010659
-0.0096985
-0.00969306
-0.00969306
-0.0096985
-0.00884343
-0.00883612
-0.00883612
-0.00884343
-0.00827937
-0.00827921
-0.00827921
-0.00827937
-0.00763649
-0.00763063
-0.00763063
-0.00763649
-0.00718782
-0.00718728
-0.00718728
-0.00718782
-0.00672037
-0.00672038
-0.00672038
-0.00672037
-0.00628088
-0.00627946
-0.00627946
-0.00628088
-0.00586064
-0.00586399
-0.00586399
-0.00586064
-0.00523394
-0.00523033
-0.00523033
-0.00523394
-0.00470369
-0.0046994
-0.0046994
-0.00470369
-0.0043833
-0.00438532
-0.00438532
-0.0043833
-0.00408261
-0.00408446
-0.00408446
-0.00408261
-0.00378784
-0.0037876
-0.0037876
-0.00378784
-0.00353797
-0.00354037
-0.00354037
-0.00353797
-0.00325756
-0.003261
-0.003261
-0.00325756
-0.00286398
-0.00286222
-0.00286222
-0.00286398
-0.00249978
-0.00249967
-0.00249967
-0.00249978
-0.00258537
-0.00258337
-0.00258337
-0.00258537
-0.00266471
-0.00266371
-0.00266371
-0.00266471
-0.00270178
-0.00270167
-0.00270167
-0.00270178
-0.00270578
-0.00270623
-0.00270623
-0.00270578
-0.00268938
-0.00269
-0.00269
-0.00268938
-0.00269942
-0.00270005
-0.00270005
-0.00269942
-0.00272145
-0.00272201
-0.00272201
-0.00272145
-0.00273551
-0.00273612
-0.00273612
-0.00273551
-0.00269635
-0.00269653
-0.00269653
-0.00269635
-0.00264622
-0.00264736
-0.00264736
-0.00264622
-0.00253665
-0.00253908
-0.00253908
-0.00253665
0.0109988
0.0109991
0.0109991
0.0109988
0.0115368
0.0115374
0.0115374
0.0115368
0.0118548
0.0118547
0.0118547
0.0118548
0.0119157
0.0119186
0.0119186
0.0119157
0.0115223
0.0115282
0.0115282
0.0115223
0.0105935
0.0106019
0.0106019
0.0105935
0.00875113
0.00875613
0.00875613
0.00875113
0.00569553
0.00568737
0.00568737
0.00569553
0.00110431
0.00108051
0.00108051
0.00110431
-0.00507972
-0.00511432
-0.00511432
-0.00507972
-0.00893172
-0.00892796
-0.00892796
-0.00893172
-0.0117352
-0.0117294
-0.0117294
-0.0117352
-0.0135497
-0.0135434
-0.0135434
-0.0135497
-0.0141692
-0.0141601
-0.0141601
-0.0141692
-0.0137635
-0.0137533
-0.0137533
-0.0137635
-0.0130278
-0.0130205
-0.0130205
-0.0130278
-0.0121674
-0.0121623
-0.0121623
-0.0121674
-0.0112463
-0.0112409
-0.0112409
-0.0112463
-0.0103625
-0.0103571
-0.0103571
-0.0103625
-0.00954126
-0.00953579
-0.00953579
-0.00954126
-0.00882578
-0.00882064
-0.00882064
-0.00882578
-0.00815489
-0.00814927
-0.00814927
-0.00815489
-0.00762121
-0.0076196
-0.0076196
-0.00762121
-0.00708329
-0.00707949
-0.00707949
-0.00708329
-0.00665418
-0.0066542
-0.0066542
-0.00665418
-0.00624423
-0.00624385
-0.00624386
-0.00624423
-0.00586168
-0.00586282
-0.00586282
-0.00586168
-0.00545103
-0.00545336
-0.00545336
-0.00545103
-0.00495817
-0.00495503
-0.00495503
-0.00495817
-0.0045293
-0.00453129
-0.00453129
-0.0045293
-0.00413934
-0.00414103
-0.00414103
-0.00413934
-0.00382613
-0.00382803
-0.00382803
-0.00382613
-0.00354274
-0.0035437
-0.0035437
-0.00354274
-0.00329248
-0.00329619
-0.00329619
-0.00329248
-0.00299152
-0.0029939
-0.0029939
-0.00299152
-0.00264205
-0.00264039
-0.00264039
-0.00264205
-0.00231521
-0.00231452
-0.00231452
-0.00231522
-0.00198125
-0.00198111
-0.00198111
-0.00198125
-0.00215087
-0.00215196
-0.00215196
-0.00215087
-0.00226089
-0.00226329
-0.00226329
-0.0022609
-0.00232899
-0.00233114
-0.00233114
-0.00232899
-0.00234576
-0.00234676
-0.00234676
-0.00234576
-0.00233989
-0.00234063
-0.00234063
-0.00233989
-0.00233028
-0.00233098
-0.00233098
-0.00233028
-0.00233295
-0.00233373
-0.00233373
-0.00233295
-0.00235198
-0.00235293
-0.00235293
-0.00235198
-0.00236641
-0.00236807
-0.00236807
-0.00236641
-0.00234309
-0.00234492
-0.00234492
-0.00234309
-0.00228037
-0.00228129
-0.00228129
-0.00228037
-0.00216324
-0.00216303
-0.00216303
-0.00216325
-0.00199211
-0.00199153
-0.00199153
-0.00199212
-0.00233135
-0.00233268
-0.00233269
-0.00233136
-0.00264324
-0.00264425
-0.00264425
-0.00264324
-0.00294609
-0.00294617
-0.00294617
-0.0029461
-0.00326066
-0.00326318
-0.00326318
-0.00326066
-0.00356303
-0.00356419
-0.00356419
-0.00356303
-0.00389934
-0.00390406
-0.00390406
-0.00389934
-0.00421631
-0.00422148
-0.00422148
-0.00421631
-0.00456437
-0.00456293
-0.00456293
-0.00456437
-0.00504422
-0.00503555
-0.00503555
-0.00504422
-0.00571778
-0.00572816
-0.00572816
-0.00571778
-0.00598633
-0.0059898
-0.0059898
-0.00598633
-0.0062758
-0.00627453
-0.00627453
-0.0062758
-0.00658791
-0.00658578
-0.00658578
-0.00658791
-0.00696469
-0.00696062
-0.00696062
-0.00696469
-0.00744094
-0.0074382
-0.0074382
-0.00744094
-0.00798355
-0.00798
-0.00798
-0.00798355
-0.00861398
-0.00861097
-0.00861097
-0.00861398
-0.00932338
-0.0093195
-0.0093195
-0.00932338
-0.0101341
-0.0101285
-0.0101285
-0.0101341
-0.0110563
-0.0110469
-0.0110469
-0.0110563
-0.0120984
-0.0120868
-0.0120868
-0.0120984
-0.0131986
-0.0131886
-0.0131886
-0.0131986
-0.0140749
-0.0140655
-0.0140655
-0.0140749
-0.0146199
-0.0146088
-0.0146088
-0.0146199
-0.0143829
-0.0143659
-0.0143659
-0.0143829
-0.0135061
-0.0134909
-0.0134909
-0.0135061
-0.0110142
-0.0110387
-0.0110387
-0.0110142
-0.00529049
-0.00529924
-0.00529924
-0.00529049
2.99197e-05
5.47806e-05
5.47803e-05
2.99193e-05
0.00433374
0.00433421
0.00433421
0.00433374
0.00813092
0.00811783
0.00811783
0.00813092
0.0105979
0.0105872
0.0105872
0.0105979
0.0117444
0.0117441
0.0117441
0.0117444
0.0120843
0.01209
0.01209
0.0120843
0.011999
0.0120046
0.0120046
0.011999
0.0115824
0.0115866
0.0115866
0.0115824
0.0110495
0.0110514
0.0110514
0.0110495
0.0104694
0.0104688
0.0104688
0.0104694
0.0120541
0.0120529
0.0120529
0.0120541
0.0135694
0.0135678
0.0135678
0.0135694
0.0149373
0.0149368
0.0149368
0.0149373
0.0160858
0.0160868
0.0160868
0.0160858
0.0169136
0.0169147
0.0169147
0.0169136
0.0173556
0.0173555
0.0173555
0.0173556
0.0173588
0.0173584
0.0173584
0.0173588
0.0169183
0.016917
0.016917
0.0169183
0.0160939
0.0160908
0.0160908
0.0160939
0.0149236
0.0149207
0.0149207
0.0149236
0.0135212
0.0135188
0.0135188
0.0135212
0.0119809
0.0119796
0.0119796
0.0119809
0.0104306
0.0104294
0.0104294
0.0104306
-0.00166979
-0.00167152
-0.00167152
-0.00166979
-0.00182103
-0.00182323
-0.00182323
-0.00182103
-0.00190971
-0.00191093
-0.00191093
-0.0019097
-0.00195491
-0.00195541
-0.00195541
-0.00195491
-0.00197827
-0.00197928
-0.00197928
-0.00197827
-0.00196906
-0.00196973
-0.00196973
-0.00196906
-0.00195745
-0.001958
-0.001958
-0.00195744
-0.00195736
-0.0019579
-0.0019579
-0.00195736
-0.00197002
-0.00197054
-0.00197054
-0.00197002
-0.00197902
-0.00197965
-0.00197965
-0.00197903
-0.00195911
-0.0019594
-0.0019594
-0.00195911
-0.00189919
-0.001899
-0.001899
-0.00189919
-0.00180377
-0.0018034
-0.0018034
-0.00180377
-0.00166333
-0.00166316
-0.00166316
-0.00166333
-0.00146532
-0.00146448
-0.00146448
-0.00146532
-0.00175634
-0.00175569
-0.00175569
-0.00175634
-0.002044
-0.00204414
-0.00204414
-0.002044
-0.00232341
-0.00232369
-0.00232369
-0.00232342
-0.00259947
-0.00260063
-0.00260063
-0.00259947
-0.00286477
-0.00286742
-0.00286742
-0.00286478
-0.00313181
-0.00313647
-0.00313647
-0.00313181
-0.00341024
-0.0034153
-0.0034153
-0.00341024
-0.00371349
-0.00371408
-0.00371408
-0.00371349
-0.00407152
-0.0040662
-0.0040662
-0.00407152
-0.0044959
-0.00449019
-0.00449019
-0.0044959
-0.00491952
-0.00492386
-0.00492386
-0.00491952
-0.0051998
-0.00520183
-0.00520183
-0.0051998
-0.00548321
-0.00548376
-0.00548376
-0.00548322
-0.00577229
-0.00577157
-0.00577157
-0.00577229
-0.00611502
-0.00611319
-0.00611319
-0.00611502
-0.00650981
-0.00650756
-0.00650756
-0.00650981
-0.00695853
-0.00695582
-0.00695582
-0.00695853
-0.00746274
-0.00746076
-0.00746076
-0.00746274
-0.00801557
-0.00801407
-0.00801407
-0.00801557
-0.00861474
-0.00861335
-0.00861335
-0.00861474
-0.00924793
-0.00924517
-0.00924517
-0.00924793
-0.00989623
-0.00989185
-0.00989185
-0.00989623
-0.0104949
-0.0104888
-0.0104888
-0.0104949
-0.0109066
-0.0108961
-0.0108961
-0.0109066
-0.0110269
-0.0110087
-0.0110087
-0.0110269
-0.0106694
-0.010646
-0.010646
-0.0106694
-0.00967615
-0.00966382
-0.00966382
-0.00967615
-0.00727362
-0.0072986
-0.0072986
-0.00727362
-0.00341291
-0.00343447
-0.00343447
-0.00341291
0.000314556
0.000315262
0.000315262
0.000314556
0.00345238
0.00344991
0.00344991
0.00345238
0.00611572
0.00610702
0.00610702
0.00611572
0.00798001
0.00797451
0.00797451
0.00798001
0.0090868
0.0090863
0.0090863
0.0090868
0.00960827
0.0096132
0.0096132
0.00960827
0.00971849
0.00972467
0.00972467
0.00971849
0.00955446
0.00955964
0.00955964
0.00955446
0.00923728
0.00924027
0.00924027
0.00923728
0.00884556
0.00884587
0.00884587
0.00884556
0.008461
0.00845863
0.00845863
0.008461
0.00993801
0.00993545
0.00993545
0.00993801
0.0113656
0.0113629
0.0113629
0.0113656
0.0126966
0.012694
0.012694
0.0126966
0.0138664
0.0138641
0.0138641
0.0138664
0.0148155
0.014815
0.014815
0.0148155
0.0154946
0.0154955
0.0154955
0.0154946
0.0158527
0.0158531
0.0158531
0.0158527
0.015847
0.0158466
0.0158466
0.015847
0.0154851
0.0154836
0.0154836
0.0154851
0.014801
0.0147974
0.0147974
0.014801
0.0138428
0.0138382
0.0138382
0.0138428
0.0126541
0.0126497
0.0126497
0.0126541
0.0112999
0.0112969
0.0112969
0.0112999
0.00988252
0.00987957
0.00987957
0.00988252
0.00842786
0.00842548
0.00842548
0.00842786
0.00881515
0.00881489
0.00881489
0.00881515
0.00919367
0.00919491
0.00919491
0.00919367
0.00949571
0.00949745
0.00949745
0.00949571
0.00961546
0.00961786
0.00961786
0.00961546
0.00947349
0.0094771
0.0094771
0.00947349
0.00899374
0.00899872
0.00899872
0.00899374
0.00801256
0.00801472
0.00801472
0.00801256
0.00643043
0.00643177
0.00643177
0.00643043
0.00397911
0.0039661
0.0039661
0.00397911
0.00074719
0.000730124
0.000730124
0.00074719
-0.00331624
-0.00334239
-0.00334239
-0.00331624
-0.00636464
-0.00636975
-0.00636975
-0.00636464
-0.00856321
-0.00855544
-0.00855544
-0.00856321
-0.00997261
-0.00996307
-0.00996307
-0.00997261
-0.0106811
-0.0106721
-0.0106721
-0.0106811
-0.010768
-0.0107566
-0.0107566
-0.010768
-0.0104346
-0.010425
-0.010425
-0.0104346
-0.00993262
-0.0099274
-0.0099274
-0.00993262
-0.00935584
-0.00935222
-0.00935222
-0.00935584
-0.00875058
-0.00874708
-0.00874708
-0.00875058
-0.00814461
-0.00814039
-0.00814039
-0.00814461
-0.00757685
-0.00757363
-0.00757363
-0.00757685
-0.00704516
-0.00704178
-0.00704178
-0.00704516
-0.00658044
-0.00657978
-0.00657978
-0.00658044
-0.00615766
-0.0061565
-0.0061565
-0.00615766
-0.00579093
-0.00578974
-0.00578974
-0.00579093
-0.00543716
-0.00543631
-0.00543631
-0.00543716
-0.00508522
-0.0050859
-0.0050859
-0.00508522
-0.00472422
-0.00472464
-0.00472464
-0.00472422
-0.00435549
-0.00435583
-0.00435583
-0.00435549
-0.00398771
-0.00398678
-0.00398678
-0.00398771
-0.00366202
-0.00366151
-0.00366151
-0.00366202
-0.00338343
-0.00338431
-0.00338431
-0.00338343
-0.00313082
-0.00313214
-0.00313214
-0.00313081
-0.00287398
-0.00287566
-0.00287566
-0.00287397
-0.00261182
-0.00261391
-0.00261391
-0.00261182
-0.00232468
-0.00232381
-0.00232381
-0.00232468
-0.00204297
-0.00204219
-0.00204219
-0.00204297
-0.00175081
-0.00175009
-0.00175009
-0.00175081
-0.00146076
-0.00146084
-0.00146084
-0.00146076
0.00693332
0.00693162
0.00693162
0.00693332
0.00718622
0.00718597
0.00718597
0.00718622
0.00742355
0.0074247
0.0074247
0.00742355
0.00755873
0.0075604
0.0075604
0.00755873
0.00756059
0.00756411
0.00756411
0.00756059
0.00734596
0.0073479
0.0073479
0.00734596
0.00686079
0.0068637
0.0068637
0.00686079
0.00594124
0.00594008
0.00594008
0.00594124
0.0046309
0.00463187
0.00463187
0.0046309
0.002743
0.00273323
0.00273323
0.002743
0.00051871
0.000510742
0.000510742
0.00051871
-0.00206584
-0.00208064
-0.00208064
-0.00206584
-0.00433608
-0.00434229
-0.00434229
-0.00433608
-0.0060215
-0.00601918
-0.00601918
-0.0060215
-0.00720237
-0.00719524
-0.00719524
-0.00720237
-0.0078892
-0.00788126
-0.00788126
-0.0078892
-0.00813036
-0.00812111
-0.00812111
-0.00813036
-0.00803537
-0.00802646
-0.00802646
-0.00803537
-0.0077601
-0.00775399
-0.00775399
-0.0077601
-0.00739217
-0.00738824
-0.00738824
-0.00739217
-0.00697904
-0.00697599
-0.00697599
-0.00697904
-0.0065501
-0.00654696
-0.00654696
-0.0065501
-0.00613493
-0.00613242
-0.00613242
-0.00613493
-0.0057447
-0.00574264
-0.00574264
-0.0057447
-0.00538769
-0.00538673
-0.00538673
-0.00538769
-0.00506188
-0.00506167
-0.00506167
-0.00506188
-0.00475506
-0.00475458
-0.00475458
-0.00475506
-0.00447686
-0.00447677
-0.00447677
-0.00447686
-0.00419768
-0.00419713
-0.00419713
-0.00419768
-0.0039185
-0.003918
-0.003918
-0.0039185
-0.00362581
-0.00362477
-0.00362477
-0.00362581
-0.00333306
-0.00333202
-0.00333202
-0.00333306
-0.00306146
-0.00306174
-0.00306174
-0.00306146
-0.00282308
-0.00282495
-0.00282495
-0.00282308
-0.00260518
-0.00260719
-0.00260719
-0.00260518
-0.00238775
-0.00238935
-0.00238935
-0.00238775
-0.00216873
-0.00217035
-0.00217035
-0.00216873
-0.0019372
-0.00193731
-0.00193731
-0.0019372
-0.00170065
-0.00169977
-0.00169977
-0.00170066
-0.00146201
-0.00146093
-0.00146093
-0.00146201
-0.00121934
-0.00121828
-0.00121828
-0.00121934
-0.000983371
-0.000983189
-0.000983188
-0.000983368
-0.00117655
-0.00117637
-0.00117637
-0.00117655
-0.00133956
-0.00133911
-0.00133911
-0.00133956
-0.0014559
-0.00145496
-0.00145496
-0.0014559
-0.00153573
-0.00153538
-0.00153538
-0.00153573
-0.00158039
-0.00158063
-0.00158062
-0.00158039
-0.001594
-0.00159428
-0.00159428
-0.001594
-0.0015866
-0.0015868
-0.0015868
-0.0015866
-0.0015776
-0.00157773
-0.00157773
-0.0015776
-0.00157821
-0.00157836
-0.00157836
-0.00157821
-0.00158858
-0.00158886
-0.00158886
-0.00158858
-0.00159665
-0.00159703
-0.00159703
-0.00159665
-0.00158787
-0.00158871
-0.00158871
-0.00158787
-0.00153863
-0.0015393
-0.0015393
-0.00153863
-0.00145546
-0.00145575
-0.00145574
-0.00145546
-0.00133802
-0.00133795
-0.00133795
-0.00133802
-0.00117902
-0.00117849
-0.00117848
-0.00117901
-0.000984889
-0.000983731
-0.000983728
-0.000984885
-0.00122468
-0.00122338
-0.00122338
-0.00122468
-0.00146738
-0.00146663
-0.00146663
-0.00146737
-0.0017039
-0.00170386
-0.00170386
-0.0017039
-0.00193486
-0.0019351
-0.0019351
-0.00193486
-0.00216441
-0.00216597
-0.00216597
-0.00216441
-0.00238864
-0.00239186
-0.00239186
-0.00238864
-0.00261002
-0.0026152
-0.0026152
-0.00261002
-0.00283427
-0.00283852
-0.00283851
-0.00283427
-0.0030982
-0.00309666
-0.00309666
-0.0030982
-0.0034034
-0.00339752
-0.00339752
-0.0034034
-0.00372541
-0.0037218
-0.0037218
-0.00372541
-0.00400832
-0.00400865
-0.00400865
-0.00400832
-0.00424328
-0.00424455
-0.00424455
-0.00424328
-0.00447727
-0.00447921
-0.00447921
-0.00447727
-0.00473066
-0.00473084
-0.00473084
-0.00473066
-0.0050124
-0.00501172
-0.00501172
-0.0050124
-0.00532235
-0.00532082
-0.00532082
-0.00532235
-0.00566885
-0.00566678
-0.00566678
-0.00566885
-0.00605147
-0.00604884
-0.00604884
-0.00605147
-0.00646895
-0.00646549
-0.00646549
-0.00646895
-0.00691314
-0.00690904
-0.00690904
-0.00691314
-0.00736349
-0.00735937
-0.00735937
-0.00736349
-0.00778063
-0.00777727
-0.00777727
-0.00778063
-0.0081029
-0.00809875
-0.00809875
-0.0081029
-0.00826135
-0.00825254
-0.00825254
-0.00826135
-0.00818262
-0.00816679
-0.00816679
-0.00818262
-0.00774925
-0.00773266
-0.00773266
-0.00774925
-0.00673737
-0.00673738
-0.00673738
-0.00673737
-0.00488789
-0.00490245
-0.00490245
-0.00488789
-0.00232804
-0.00234176
-0.00234176
-0.00232804
0.0001961
0.000187678
0.000187678
0.0001961
0.00249668
0.00249246
0.00249246
0.00249668
0.00444308
0.00443461
0.00443461
0.00444308
0.00595633
0.00595216
0.00595216
0.00595633
0.00690972
0.00690924
0.00690924
0.00690972
0.00743174
0.00743555
0.00743555
0.00743174
0.00762433
0.00762938
0.00762938
0.00762433
0.00759887
0.00760383
0.00760383
0.00759887
0.00743768
0.00744112
0.00744112
0.00743768
0.00720646
0.00720707
0.00720707
0.00720646
0.00695561
0.00695352
0.00695352
0.00695561
0.00669759
0.0066943
0.0066943
0.00669759
0.00810409
0.00809994
0.00809994
0.00810409
0.00947168
0.00946692
0.00946692
0.00947168
0.0107681
0.0107631
0.0107631
0.0107681
0.011948
0.0119436
0.0119436
0.011948
0.0129693
0.0129658
0.0129658
0.0129693
0.0137817
0.0137799
0.0137799
0.0137817
0.0143528
0.014352
0.014352
0.0143528
0.0146498
0.014649
0.014649
0.0146498
0.0146475
0.0146462
0.0146462
0.0146475
0.0143459
0.0143437
0.0143437
0.0143459
0.0137678
0.0137636
0.0137636
0.0137678
0.0129477
0.0129415
0.0129415
0.0129477
0.0119188
0.0119125
0.0119125
0.0119188
0.0107228
0.0107179
0.0107179
0.0107228
0.00942818
0.00942386
0.00942386
0.00942818
0.00806492
0.00806086
0.00806086
0.00806492
0.00667082
0.00666751
0.00666751
0.00667082
-0.00077386
-0.000772739
-0.000772737
-0.000773858
-0.000959478
-0.000958342
-0.00095834
-0.000959474
-0.00114278
-0.00114239
-0.00114239
-0.00114278
-0.00132349
-0.00132332
-0.00132332
-0.00132349
-0.00150427
-0.00150439
-0.0015044
-0.00150428
-0.00168319
-0.00168416
-0.00168416
-0.0016832
-0.00186024
-0.00186249
-0.00186249
-0.00186025
-0.00203698
-0.00203998
-0.00203998
-0.00203698
-0.00222041
-0.00222222
-0.00222222
-0.00222041
-0.00242205
-0.00242102
-0.00242102
-0.00242205
-0.00264266
-0.00264
-0.00264
-0.00264266
-0.00286737
-0.00286596
-0.00286596
-0.00286737
-0.00307052
-0.00307077
-0.00307077
-0.00307052
-0.00326398
-0.0032643
-0.0032643
-0.00326398
-0.00345651
-0.0034572
-0.0034572
-0.00345651
-0.00365364
-0.00365362
-0.00365362
-0.00365364
-0.00386766
-0.00386739
-0.00386739
-0.00386766
-0.00409854
-0.00409778
-0.00409778
-0.00409854
-0.00435135
-0.00435029
-0.00435029
-0.00435135
-0.00462457
-0.0046227
-0.0046227
-0.00462457
-0.00491791
-0.00491481
-0.00491481
-0.00491791
-0.00522348
-0.00521914
-0.00521914
-0.00522348
-0.00552399
-0.00551917
-0.00551917
-0.00552399
-0.00578478
-0.00578015
-0.00578015
-0.00578478
-0.00595916
-0.00595348
-0.00595348
-0.00595916
-0.00600266
-0.00599299
-0.00599299
-0.00600266
-0.00585815
-0.00584523
-0.00584523
-0.00585815
-0.00542355
-0.00541537
-0.00541537
-0.00542355
-0.0045504
-0.00455524
-0.00455524
-0.0045504
-0.00319837
-0.00320889
-0.00320889
-0.00319837
-0.00154016
-0.00154741
-0.00154741
-0.00154016
0.000147732
0.000143292
0.000143292
0.000147732
0.00174361
0.00174179
0.00174179
0.00174361
0.00314654
0.00314235
0.00314235
0.00314654
0.0042741
0.00427216
0.00427216
0.0042741
0.00503728
0.00503758
0.00503758
0.00503728
0.00550211
0.00550429
0.00550429
0.00550211
0.00573067
0.00573373
0.00573373
0.00573067
0.00578217
0.00578645
0.00578645
0.00578217
0.0057008
0.00570421
0.00570421
0.0057008
0.00557461
0.0055753
0.0055753
0.00557461
0.00542544
0.00542408
0.00542408
0.00542544
0.00526306
0.00526136
0.00526136
0.00526306
0.00507516
0.00507272
0.00507272
0.00507516
0.0064575
0.00645313
0.00645313
0.0064575
0.00780005
0.00779464
0.00779464
0.00780005
0.00908603
0.00908041
0.00908041
0.00908603
0.010279
0.0102737
0.0102737
0.010279
0.0113464
0.011342
0.011342
0.0113464
0.0122582
0.0122547
0.0122547
0.0122582
0.0129782
0.012976
0.012976
0.0129782
0.0134792
0.0134781
0.0134781
0.0134792
0.0137359
0.0137349
0.0137349
0.0137359
0.0137327
0.0137313
0.0137313
0.0137327
0.0134711
0.0134686
0.0134686
0.0134711
0.0129659
0.012962
0.012962
0.0129659
0.0122414
0.0122357
0.0122357
0.0122414
0.0113227
0.0113159
0.0113159
0.0113227
0.0102457
0.0102386
0.0102386
0.0102457
0.00904708
0.00904048
0.00904048
0.00904708
0.00776289
0.00775683
0.00775683
0.00776289
0.00643313
0.00642846
0.00642846
0.00643313
0.00505679
0.0050548
0.0050548
0.00505679
0.00521585
0.00521535
0.00521535
0.00521585
0.00541258
0.00541311
0.00541311
0.00541258
0.00558268
0.00558242
0.00558242
0.00558268
0.0057026
0.00570307
0.00570307
0.0057026
0.00574217
0.00574275
0.00574275
0.00574217
0.00568258
0.00568485
0.00568485
0.00568258
0.00544342
0.00544472
0.00544472
0.00544342
0.00500548
0.00500845
0.00500845
0.00500548
0.00426484
0.00426487
0.00426487
0.00426484
0.00326394
0.00326644
0.00326644
0.00326394
0.00192819
0.00192462
0.00192462
0.00192819
0.000413116
0.000408845
0.000408845
0.000413116
-0.00127595
-0.00128681
-0.00128681
-0.00127595
-0.00286205
-0.00287126
-0.00287126
-0.00286205
-0.00413263
-0.00413493
-0.00413493
-0.00413263
-0.00504501
-0.00504109
-0.00504109
-0.00504501
-0.00561329
-0.00560679
-0.00560679
-0.00561329
-0.0058749
-0.0058675
-0.0058675
-0.0058749
-0.00589455
-0.005887
-0.005887
-0.00589455
-0.00575775
-0.00575146
-0.00575146
-0.00575775
-0.00553191
-0.00552742
-0.00552742
-0.00553191
-0.00526122
-0.0052581
-0.0052581
-0.00526122
-0.00497182
-0.00496929
-0.00496929
-0.00497182
-0.00468219
-0.00468018
-0.00468018
-0.00468219
-0.00440348
-0.00440192
-0.00440192
-0.00440348
-0.00413984
-0.00413878
-0.00413878
-0.00413984
-0.00389433
-0.00389387
-0.00389387
-0.00389433
-0.00366094
-0.00366045
-0.00366045
-0.00366094
-0.00344142
-0.00344125
-0.00344125
-0.00344142
-0.00323334
-0.00323257
-0.00323257
-0.00323334
-0.00301927
-0.00301867
-0.00301867
-0.00301927
-0.00280159
-0.00280104
-0.00280104
-0.00280159
-0.00258607
-0.00258557
-0.00258557
-0.00258607
-0.00238107
-0.00238137
-0.00238137
-0.00238107
-0.00219948
-0.00220054
-0.00220054
-0.00219948
-0.00202676
-0.00202794
-0.00202793
-0.00202676
-0.00185604
-0.00185697
-0.00185697
-0.00185604
-0.00168214
-0.00168273
-0.00168273
-0.00168214
-0.0015054
-0.00150556
-0.00150556
-0.0015054
-0.0013241
-0.00132351
-0.00132351
-0.0013241
-0.0011441
-0.00114323
-0.00114323
-0.0011441
-0.000957221
-0.000956009
-0.000956009
-0.000957222
-0.00077282
-0.000772371
-0.000772371
-0.00077282
-0.000590348
-0.000590294
-0.000590294
-0.000590348
-0.000749691
-0.000749722
-0.000749722
-0.000749691
-0.000900374
-0.000900524
-0.000900525
-0.000900375
-0.0010269
-0.00102726
-0.00102726
-0.0010269
-0.00111711
-0.0011175
-0.0011175
-0.00111712
-0.00117466
-0.00117511
-0.00117511
-0.00117467
-0.00120507
-0.00120555
-0.00120555
-0.00120508
-0.00121266
-0.00121319
-0.00121319
-0.00121266
-0.0012079
-0.00120861
-0.00120861
-0.0012079
-0.00120383
-0.00120467
-0.00120467
-0.00120383
-0.00120511
-0.00120597
-0.00120597
-0.00120511
-0.00121105
-0.00121184
-0.00121184
-0.00121105
-0.00121763
-0.00121831
-0.00121831
-0.00121762
-0.00121333
-0.0012141
-0.0012141
-0.00121333
-0.00118307
-0.00118413
-0.00118413
-0.00118307
-0.0011224
-0.00112367
-0.00112367
-0.00112241
-0.00102684
-0.00102757
-0.00102758
-0.00102685
-0.000899293
-0.000899165
-0.000899166
-0.000899299
-0.000748467
-0.000747686
-0.000747686
-0.000748472
-0.000588151
-0.000587169
-0.000587169
-0.000588155
0.00364738
0.00364708
0.00364708
0.00364738
0.00375443
0.0037546
0.0037546
0.00375443
0.00385114
0.00385163
0.00385163
0.00385114
0.00395541
0.0039555
0.0039555
0.00395541
0.00403268
0.00403297
0.00403297
0.00403268
0.00403213
0.004032
0.004032
0.00403213
0.00395256
0.00395414
0.00395414
0.00395256
0.00374559
0.00374707
0.00374707
0.00374559
0.00340677
0.00340994
0.00340994
0.00340677
0.00287699
0.00287815
0.00287815
0.00287699
0.00218218
0.00218403
0.00218403
0.00218218
0.00129959
0.00129743
0.00129743
0.00129959
0.000298574
0.000294008
0.000294008
0.000298574
-0.000781872
-0.00079103
-0.00079103
-0.000781872
-0.00182443
-0.00183356
-0.00183356
-0.00182443
-0.00269246
-0.00269641
-0.00269641
-0.00269246
-0.00332869
-0.00332679
-0.00332679
-0.00332869
-0.00373684
-0.00373193
-0.00373193
-0.00373684
-0.00394651
-0.00394107
-0.00394107
-0.00394651
-0.00399739
-0.00399231
-0.00399231
-0.00399739
-0.00393709
-0.00393294
-0.00393294
-0.00393709
-0.00380888
-0.00380601
-0.00380601
-0.00380888
-0.00364399
-0.00364224
-0.00364224
-0.00364399
-0.00346169
-0.00346047
-0.00346047
-0.00346169
-0.00327364
-0.00327259
-0.00327259
-0.00327364
-0.00308813
-0.00308728
-0.00308728
-0.00308813
-0.00290886
-0.00290825
-0.00290825
-0.00290886
-0.00273928
-0.00273908
-0.00273908
-0.00273929
-0.00257774
-0.00257766
-0.00257766
-0.00257774
-0.00242408
-0.00242416
-0.00242416
-0.00242408
-0.00227423
-0.00227421
-0.00227421
-0.00227423
-0.00212572
-0.00212568
-0.00212568
-0.00212572
-0.00197884
-0.00197884
-0.00197884
-0.00197884
-0.00183644
-0.00183661
-0.00183661
-0.00183644
-0.00169836
-0.00169868
-0.00169868
-0.00169836
-0.00156696
-0.00156748
-0.00156748
-0.00156696
-0.00144143
-0.0014421
-0.0014421
-0.00144143
-0.0013186
-0.00131919
-0.00131919
-0.0013186
-0.00119467
-0.00119499
-0.00119499
-0.00119467
-0.00106969
-0.0010698
-0.0010698
-0.00106969
-0.00094223
-0.000941955
-0.000941956
-0.000942231
-0.000815428
-0.000815042
-0.000815044
-0.000815431
-0.00068559
-0.000684842
-0.000684843
-0.000685592
-0.000555529
-0.000555187
-0.000555188
-0.000555529
-0.000425972
-0.000425869
-0.000425869
-0.000425972
-0.000302579
-0.000302723
-0.000302724
-0.000302579
-0.000417306
-0.000417661
-0.000417663
-0.000417306
-0.000528998
-0.000529447
-0.000529451
-0.000528999
-0.000633777
-0.000634221
-0.000634225
-0.000633779
-0.000717645
-0.000717787
-0.000717791
-0.000717647
-0.00077592
-0.000775629
-0.000775632
-0.000775922
-0.000810581
-0.000809904
-0.000809906
-0.000810581
-0.000828215
-0.000827372
-0.000827374
-0.000828216
-0.000830911
-0.000829983
-0.000829984
-0.000830912
-0.000819828
-0.000818809
-0.00081881
-0.000819829
-0.000802942
-0.000801924
-0.000801924
-0.000802942
-0.000803305
-0.00080228
-0.00080228
-0.000803305
-0.000823639
-0.000822623
-0.000822624
-0.000823637
-0.000835395
-0.000834422
-0.000834423
-0.000835394
-0.000833354
-0.000832392
-0.000832395
-0.000833353
-0.000815334
-0.000814418
-0.000814422
-0.000815334
-0.000779328
-0.000778844
-0.000778847
-0.00077933
-0.000719599
-0.000719771
-0.000719775
-0.000719601
-0.000632616
-0.00063299
-0.000632993
-0.000632617
-0.000526647
-0.000527063
-0.000527065
-0.000526647
-0.000413088
-0.000413347
-0.000413349
-0.00041309
-0.000297375
-0.000297466
-0.000297468
-0.000297377
-0.000423454
-0.000422616
-0.000422618
-0.000423459
-0.000557166
-0.000556304
-0.000556303
-0.000557165
-0.000685841
-0.000685237
-0.000685236
-0.000685839
-0.000813192
-0.000813053
-0.000813054
-0.000813192
-0.000940351
-0.000940243
-0.000940244
-0.000940353
-0.00106842
-0.00106868
-0.00106868
-0.00106842
-0.00119478
-0.00119558
-0.00119558
-0.00119479
-0.00132105
-0.00132247
-0.00132247
-0.00132105
-0.00144878
-0.00145009
-0.00145009
-0.00144878
-0.00158303
-0.00158332
-0.00158332
-0.00158303
-0.00172624
-0.00172544
-0.00172544
-0.00172624
-0.00187545
-0.00187473
-0.00187473
-0.00187546
-0.00202075
-0.00202065
-0.00202065
-0.00202075
-0.00215987
-0.00216027
-0.00216027
-0.00215987
-0.00229656
-0.00229702
-0.00229702
-0.00229656
-0.00243438
-0.0024348
-0.0024348
-0.00243438
-0.0025758
-0.00257587
-0.00257587
-0.0025758
-0.00272578
-0.00272572
-0.00272572
-0.00272578
-0.00288556
-0.00288531
-0.00288531
-0.00288556
-0.0030571
-0.00305678
-0.00305678
-0.0030571
-0.00323906
-0.00323833
-0.00323833
-0.00323906
-0.00343022
-0.0034288
-0.0034288
-0.00343022
-0.00362369
-0.0036215
-0.0036215
-0.00362369
-0.0038064
-0.00380378
-0.00380378
-0.0038064
-0.00395576
-0.00395252
-0.00395252
-0.00395576
-0.0040449
-0.00403961
-0.00403961
-0.0040449
-0.00404321
-0.00403482
-0.00403482
-0.00404321
-0.003904
-0.00389537
-0.00389537
-0.003904
-0.00355231
-0.00354989
-0.00354989
-0.00355231
-0.00291852
-0.0029242
-0.0029242
-0.00291852
-0.00201286
-0.00202102
-0.00202102
-0.00201286
-0.000957402
-0.000962739
-0.000962739
-0.000957402
0.000131897
0.00012868
0.00012868
0.000131897
0.00118165
0.00118031
0.00118031
0.00118165
0.00210582
0.00210469
0.00210469
0.00210582
0.00286459
0.00286529
0.00286529
0.00286459
0.00341541
0.00341647
0.00341647
0.00341541
0.00378065
0.00378225
0.00378225
0.00378065
0.00398318
0.00398483
0.00398483
0.00398318
0.00406033
0.00406281
0.00406281
0.00406033
0.00403803
0.00404023
0.00404023
0.00403803
0.00396553
0.00396634
0.00396634
0.00396553
0.0038817
0.00388168
0.00388168
0.0038817
0.00377098
0.00377114
0.00377114
0.00377098
0.00367127
0.00367067
0.00367067
0.00367127
0.00355792
0.00355511
0.00355511
0.00355792
0.00493433
0.00492991
0.00492991
0.00493433
0.00627516
0.00626956
0.00626956
0.00627516
0.00756787
0.00756166
0.00756166
0.00756787
0.00878433
0.00877815
0.00877815
0.00878433
0.00990138
0.00989564
0.00989564
0.00990138
0.0108924
0.0108876
0.0108876
0.0108924
0.0117307
0.011727
0.011727
0.0117307
0.012388
0.0123854
0.0123854
0.012388
0.0128408
0.012839
0.012839
0.0128408
0.0130714
0.0130698
0.0130698
0.0130714
0.0130693
0.0130675
0.0130675
0.0130693
0.0128343
0.0128316
0.0128316
0.0128343
0.0123768
0.0123728
0.0123728
0.0123768
0.0117152
0.0117096
0.0117096
0.0117152
0.0108733
0.0108666
0.0108666
0.0108733
0.00987959
0.00987218
0.00987218
0.00987959
0.00875916
0.00875169
0.00875169
0.00875916
0.00754182
0.00753467
0.00753467
0.00754182
0.00625775
0.00625214
0.00625214
0.00625775
0.00491589
0.00491204
0.00491204
0.00491589
0.00354901
0.00354671
0.00354671
0.00354901
-0.000179414
-0.000179371
-0.000179372
-0.000179415
-0.000255658
-0.000255095
-0.000255096
-0.00025566
-0.000334099
-0.000333553
-0.000333553
-0.000334098
-0.000409473
-0.000409033
-0.000409033
-0.000409472
-0.000484944
-0.000484747
-0.000484747
-0.000484944
-0.00056017
-0.000559988
-0.000559989
-0.000560171
-0.000635812
-0.0006359
-0.000635901
-0.000635813
-0.000710234
-0.000710601
-0.000710601
-0.000710235
-0.000784862
-0.000785426
-0.000785426
-0.000784862
-0.000860604
-0.000860909
-0.000860909
-0.000860603
-0.000939065
-0.00093889
-0.00093889
-0.000939064
-0.00101835
-0.00101773
-0.00101773
-0.00101835
-0.00109733
-0.00109635
-0.00109635
-0.00109733
-0.00118163
-0.00118113
-0.00118113
-0.00118163
-0.00126533
-0.00126519
-0.00126519
-0.00126533
-0.00134684
-0.00134674
-0.00134674
-0.00134684
-0.00142784
-0.00142757
-0.00142757
-0.00142784
-0.00151079
-0.00151023
-0.00151023
-0.00151079
-0.00159792
-0.00159714
-0.00159714
-0.00159792
-0.00169028
-0.00168924
-0.00168924
-0.00169028
-0.0017886
-0.00178732
-0.00178732
-0.0017886
-0.00189213
-0.00189044
-0.00189044
-0.00189213
-0.00199927
-0.00199716
-0.00199716
-0.00199927
-0.00210512
-0.00210269
-0.00210269
-0.00210512
-0.00220149
-0.00219888
-0.00219888
-0.00220149
-0.00227653
-0.00227324
-0.00227324
-0.00227653
-0.002317
-0.00231208
-0.00231208
-0.002317
-0.00230522
-0.00229865
-0.00229865
-0.00230522
-0.00221176
-0.00220613
-0.00220613
-0.00221176
-0.00199461
-0.00199352
-0.00199352
-0.00199461
-0.0016254
-0.00162898
-0.00162898
-0.0016254
-0.00111834
-0.00112358
-0.00112358
-0.00111834
-0.000530378
-0.000535041
-0.000535041
-0.000530378
8.35009e-05
8.00708e-05
8.00708e-05
8.35008e-05
0.000678873
0.000677071
0.000677071
0.000678873
0.00120909
0.0012084
0.0012084
0.00120909
0.00164771
0.00164856
0.00164856
0.00164771
0.00197688
0.00197795
0.00197795
0.00197688
0.00220642
0.00220769
0.00220769
0.00220642
0.00234286
0.00234375
0.00234375
0.00234286
0.00240696
0.0024078
0.0024078
0.00240696
0.00241357
0.00241403
0.00241403
0.00241357
0.00238484
0.00238539
0.00238539
0.00238484
0.00232983
0.00233073
0.00233073
0.00232983
0.00226462
0.00226612
0.00226612
0.00226462
0.00219142
0.00219275
0.00219275
0.00219142
0.00214329
0.00214192
0.00214192
0.00214329
0.00211733
0.00211254
0.00211254
0.00211733
0.00349954
0.00349404
0.00349404
0.00349954
0.00485063
0.00484476
0.00484476
0.00485063
0.00616057
0.0061544
0.0061544
0.00616057
0.00741171
0.00740554
0.00740554
0.00741171
0.00858352
0.00857769
0.00857769
0.00858352
0.00965295
0.00964782
0.00964782
0.00965295
0.0105955
0.0105914
0.0105914
0.0105955
0.0113872
0.0113841
0.0113841
0.0113872
0.0120053
0.0120033
0.0120033
0.0120053
0.0124299
0.0124287
0.0124287
0.0124299
0.0126451
0.0126441
0.0126441
0.0126451
0.0126427
0.0126414
0.0126414
0.0126427
0.0124236
0.0124215
0.0124215
0.0124236
0.011996
0.0119926
0.0119926
0.011996
0.0113742
0.0113694
0.0113694
0.0113742
0.0105775
0.0105713
0.0105713
0.0105775
0.00963135
0.00962406
0.00962406
0.00963135
0.00855995
0.00855228
0.00855228
0.00855995
0.00738714
0.0073798
0.0073798
0.00738714
0.00613107
0.00612513
0.00612513
0.00613107
0.00483523
0.00482922
0.00482922
0.00483523
0.00349711
0.00349167
0.00349167
0.00349711
0.00211797
0.00211415
0.00211415
0.00211797
0.00214862
0.00214764
0.00214764
0.00214862
0.0021933
0.00219429
0.00219429
0.0021933
0.0022486
0.00225
0.00225
0.0022486
0.00232047
0.00232128
0.00232128
0.00232047
0.0023743
0.00237398
0.00237398
0.0023743
0.00240443
0.00240415
0.00240415
0.00240443
0.0023898
0.00238944
0.00238944
0.0023898
0.00232734
0.00232836
0.00232836
0.00232734
0.00219088
0.00219204
0.00219204
0.00219088
0.00197806
0.00198019
0.00198019
0.00197806
0.00166115
0.00166193
0.00166193
0.00166115
0.0012506
0.00125095
0.00125095
0.0012506
0.000743051
0.000740925
0.000740925
0.000743051
0.000170501
0.000166312
0.000166312
0.000170501
-0.000434159
-0.000440144
-0.000440144
-0.000434159
-0.00101718
-0.00102277
-0.00102277
-0.00101718
-0.00151013
-0.0015124
-0.0015124
-0.00151013
-0.00187624
-0.00187449
-0.00187449
-0.00187624
-0.0021151
-0.00211106
-0.00211106
-0.0021151
-0.00224483
-0.00224037
-0.00224037
-0.00224483
-0.00228726
-0.00228296
-0.00228296
-0.00228726
-0.00226519
-0.00226124
-0.00226124
-0.00226519
-0.00220134
-0.00219803
-0.00219803
-0.00220134
-0.00211367
-0.0021111
-0.0021111
-0.00211367
-0.00201397
-0.00201191
-0.00201191
-0.00201397
-0.00190923
-0.00190745
-0.00190745
-0.00190923
-0.00180447
-0.00180296
-0.00180296
-0.00180447
-0.00170248
-0.00170127
-0.00170127
-0.00170248
-0.00160517
-0.00160431
-0.00160431
-0.00160517
-0.00151225
-0.00151162
-0.00151162
-0.00151225
-0.00142288
-0.00142242
-0.00142242
-0.00142288
-0.00133553
-0.00133514
-0.00133514
-0.00133553
-0.00124902
-0.00124867
-0.00124867
-0.00124902
-0.00116266
-0.00116228
-0.00116228
-0.00116266
-0.00107845
-0.00107803
-0.00107803
-0.00107845
-0.000999489
-0.000999128
-0.000999128
-0.000999489
-0.000926414
-0.000926454
-0.000926455
-0.000926413
-0.000854598
-0.000854747
-0.000854747
-0.000854597
-0.000782704
-0.000782798
-0.000782798
-0.000782703
-0.00070975
-0.00070969
-0.00070969
-0.000709749
-0.000636104
-0.000635958
-0.000635958
-0.000636104
-0.00056101
-0.000560684
-0.000560685
-0.000561011
-0.000485825
-0.000485482
-0.000485483
-0.000485827
-0.000408884
-0.000408453
-0.000408454
-0.000408886
-0.000332488
-0.000332299
-0.000332299
-0.000332489
-0.000257413
-0.000257226
-0.000257226
-0.000257413
-0.000182882
-0.000182745
-0.000182745
-0.000182882
-0.000107534
-0.0001072
-0.0001072
-0.000107533
-0.000178437
-0.000178212
-0.000178212
-0.000178436
-0.000246497
-0.000246405
-0.000246407
-0.000246497
-0.000312832
-0.000312862
-0.000312865
-0.000312833
-0.000373156
-0.000373303
-0.000373306
-0.000373157
-0.000422108
-0.000422495
-0.000422497
-0.000422107
-0.000456676
-0.000457526
-0.000457527
-0.000456673
-0.000476704
-0.000478133
-0.000478133
-0.000476701
-0.00048565
-0.000487609
-0.000487609
-0.000485648
-0.000489119
-0.000491273
-0.000491273
-0.000489118
-0.000497993
-0.000499906
-0.000499906
-0.000497994
-0.000519103
-0.000520959
-0.000520959
-0.000519104
-0.000519728
-0.000521607
-0.000521607
-0.000519728
-0.000501257
-0.000503262
-0.000503262
-0.000501257
-0.000494358
-0.000496637
-0.000496638
-0.000494358
-0.00049087
-0.000492948
-0.00049295
-0.000490871
-0.000480218
-0.000481631
-0.000481633
-0.000480219
-0.000458687
-0.000459386
-0.000459389
-0.000458687
-0.000423749
-0.000424131
-0.000424133
-0.000423748
-0.000372899
-0.000373202
-0.000373202
-0.000372896
-0.000309612
-0.000309897
-0.000309897
-0.000309609
-0.000242489
-0.000242778
-0.000242779
-0.000242488
-0.000174373
-0.000174595
-0.000174596
-0.000174373
-0.000106073
-0.000106116
-0.000106116
-0.000106073
0.00211162
0.00210617
0.00210617
0.00211162
0.00347995
0.00347376
0.00347376
0.00347995
0.00481307
0.00480687
0.00480687
0.00481307
0.00610348
0.00609733
0.00609733
0.00610348
0.0073333
0.00732733
0.00732733
0.0073333
0.00848206
0.00847652
0.00847652
0.00848206
0.00952759
0.00952279
0.00952279
0.00952759
0.0104472
0.0104434
0.0104434
0.0104472
0.0112178
0.0112151
0.0112151
0.0112178
0.0118178
0.011816
0.011816
0.0118178
0.0122283
0.0122273
0.0122273
0.0122283
0.0124364
0.0124357
0.0124357
0.0124364
0.0124351
0.0124341
0.0124341
0.0124351
0.0122238
0.012222
0.012222
0.0122238
0.0118098
0.0118069
0.0118069
0.0118098
0.0112063
0.0112021
0.0112021
0.0112063
0.0104332
0.0104276
0.0104276
0.0104332
0.00951131
0.00950464
0.00950464
0.00951131
0.00846279
0.00845558
0.00845558
0.00846279
0.00730998
0.00730296
0.00730296
0.00730998
0.00607709
0.00607079
0.00607079
0.00607709
0.00479622
0.00478942
0.00478942
0.00479622
0.00347208
0.00346505
0.00346505
0.00347208
0.00210768
0.00210192
0.00210192
0.00210768
0.000704714
0.000702702
0.000702702
0.000704714
0.000710726
0.000709458
0.000709458
0.000710726
0.000715884
0.000715897
0.000715897
0.000715884
0.000732903
0.000733824
0.000733824
0.000732903
0.000754265
0.00075505
0.00075505
0.000754265
0.000776877
0.000777278
0.000777278
0.000776877
0.000792644
0.000792527
0.000792527
0.000792644
0.000800206
0.000800091
0.000800091
0.000800206
0.000792826
0.000792736
0.000792736
0.000792826
0.000769213
0.000769622
0.000769622
0.000769213
0.000720708
0.000721118
0.000721118
0.000720708
0.000646369
0.000646943
0.000646943
0.000646369
0.000538143
0.000538027
0.000538027
0.000538143
0.000399208
0.000398478
0.000398478
0.000399208
0.000230262
0.000228216
0.000228216
0.000230262
3.9891e-05
3.67157e-05
3.67157e-05
3.9891e-05
-0.000159887
-0.000163658
-0.000163658
-0.000159887
-0.000351831
-0.000355412
-0.000355412
-0.000351831
-0.000514549
-0.000516973
-0.000516973
-0.000514549
-0.0006354
-0.000636413
-0.000636413
-0.0006354
-0.000713922
-0.000714102
-0.000714102
-0.000713922
-0.000756276
-0.000756283
-0.000756283
-0.000756276
-0.000769875
-0.000769934
-0.000769934
-0.000769875
-0.000762244
-0.000762399
-0.000762399
-0.000762244
-0.000740749
-0.000741071
-0.000741071
-0.000740749
-0.000711319
-0.00071183
-0.00071183
-0.000711319
-0.000677946
-0.000678581
-0.000678581
-0.000677946
-0.000642997
-0.000643668
-0.000643668
-0.000642997
-0.000608119
-0.000608806
-0.000608806
-0.000608119
-0.000574231
-0.000574929
-0.000574929
-0.000574231
-0.000541883
-0.000542602
-0.000542602
-0.000541883
-0.000511036
-0.000511733
-0.000511733
-0.000511037
-0.000481528
-0.000482161
-0.000482161
-0.000481528
-0.000453179
-0.000453694
-0.000453694
-0.000453179
-0.000425962
-0.000426344
-0.000426344
-0.000425962
-0.000399631
-0.000399948
-0.000399948
-0.000399631
-0.000373355
-0.000373768
-0.000373768
-0.000373355
-0.000344944
-0.000345373
-0.000345373
-0.000344944
-0.000315223
-0.000315394
-0.000315394
-0.000315223
-0.00028765
-0.000287829
-0.000287829
-0.00028765
-0.000262228
-0.000262487
-0.000262487
-0.000262227
-0.000237418
-0.000237626
-0.000237625
-0.000237418
-0.00021261
-0.000212742
-0.000212742
-0.00021261
-0.000187345
-0.000187369
-0.000187369
-0.000187346
-0.000161979
-0.000161965
-0.000161965
-0.00016198
-0.000136271
-0.000136212
-0.000136212
-0.000136272
-0.000111074
-0.000111059
-0.000111059
-0.000111074
-8.59172e-05
-8.58325e-05
-8.58322e-05
-8.5917e-05
-6.1044e-05
-6.0942e-05
-6.09416e-05
-6.10438e-05
-3.58677e-05
-3.56578e-05
-3.56573e-05
-3.58673e-05
-1.14833e-05
-1.1438e-05
-1.14378e-05
-1.14832e-05
-3.65332e-05
-3.66101e-05
-3.66097e-05
-3.65334e-05
-6.18889e-05
-6.21328e-05
-6.21324e-05
-6.18898e-05
-8.59297e-05
-8.62859e-05
-8.62859e-05
-8.59318e-05
-0.000107282
-0.000107617
-0.000107617
-0.000107285
-0.00012359
-0.000123612
-0.000123612
-0.000123592
-0.000131473
-0.000130758
-0.000130756
-0.000131472
-0.000128954
-0.000127127
-0.000127125
-0.000128953
-0.000114716
-0.000111745
-0.000111743
-0.000114714
-8.76911e-05
-8.41131e-05
-8.41117e-05
-8.76899e-05
-5.02728e-05
-4.68994e-05
-4.68987e-05
-5.02724e-05
-1.31706e-05
-1.04809e-05
-1.04808e-05
-1.31707e-05
1.87993e-05
2.11179e-05
2.1118e-05
1.87991e-05
1.6887e-05
1.92168e-05
1.92171e-05
1.68865e-05
-1.38141e-05
-1.10373e-05
-1.1037e-05
-1.38153e-05
-5.09658e-05
-4.74756e-05
-4.74754e-05
-5.09679e-05
-8.79143e-05
-8.42333e-05
-8.42331e-05
-8.79168e-05
-0.000114463
-0.00011141
-0.00011141
-0.000114465
-0.000128645
-0.000126738
-0.000126737
-0.000128645
-0.000131531
-0.000130776
-0.000130774
-0.00013153
-0.000123108
-0.000123164
-0.000123162
-0.000123106
-0.000105835
-0.000106275
-0.000106273
-0.000105833
-8.45854e-05
-8.51174e-05
-8.51164e-05
-8.45847e-05
-6.11249e-05
-6.15492e-05
-6.15489e-05
-6.11245e-05
-3.63963e-05
-3.66027e-05
-3.66026e-05
-3.63957e-05
-1.15943e-05
-1.15866e-05
-1.15866e-05
-1.15943e-05
-3.55624e-05
-3.5477e-05
-3.54771e-05
-3.55624e-05
-6.00021e-05
-5.99429e-05
-5.9943e-05
-6.00028e-05
-8.51735e-05
-8.49675e-05
-8.49675e-05
-8.51735e-05
-0.000111412
-0.000111257
-0.000111256
-0.000111412
-0.000136653
-0.000136531
-0.000136531
-0.000136653
-0.000161917
-0.000161927
-0.000161927
-0.000161917
-0.000187038
-0.000187102
-0.000187102
-0.000187039
-0.000212397
-0.000212609
-0.000212609
-0.000212397
-0.000237424
-0.000237771
-0.000237771
-0.000237424
-0.000262616
-0.000263059
-0.000263059
-0.000262616
-0.000288412
-0.000288735
-0.000288735
-0.000288412
-0.000316396
-0.000316441
-0.00031644
-0.000316396
-0.000348436
-0.000348363
-0.000348363
-0.000348436
-0.000383846
-0.00038422
-0.00038422
-0.000383846
-0.000410426
-0.000410799
-0.000410799
-0.000410426
-0.000434276
-0.00043469
-0.00043469
-0.000434276
-0.00045842
-0.000458964
-0.000458964
-0.00045842
-0.000483877
-0.000484535
-0.000484535
-0.000483877
-0.000510837
-0.000511537
-0.000511537
-0.000510837
-0.000539561
-0.000540287
-0.000540287
-0.000539561
-0.000570197
-0.000570915
-0.000570915
-0.000570197
-0.000602925
-0.000603619
-0.000603619
-0.000602925
-0.000637521
-0.000638137
-0.000638137
-0.000637521
-0.000673374
-0.000673931
-0.000673931
-0.000673374
-0.000708752
-0.00070931
-0.00070931
-0.000708752
-0.000740884
-0.000741467
-0.000741467
-0.000740884
-0.00076602
-0.000766389
-0.000766389
-0.00076602
-0.000780036
-0.000779823
-0.000779824
-0.000780036
-0.000776949
-0.000776215
-0.000776215
-0.000776949
-0.000746505
-0.000746198
-0.000746198
-0.000746505
-0.000674812
-0.000676083
-0.000676083
-0.000674812
-0.000553139
-0.00055603
-0.00055603
-0.000553139
-0.000386676
-0.000390295
-0.000390295
-0.000386676
-0.000192413
-0.000196074
-0.000196074
-0.000192413
1.1948e-05
8.77372e-06
8.77371e-06
1.1948e-05
0.000209762
0.000207628
0.000207628
0.000209762
0.000386138
0.000385118
0.000385118
0.000386138
0.000533098
0.00053305
0.00053305
0.000533098
0.0006452
0.000645483
0.000645483
0.0006452
0.00072497
0.000725456
0.000725456
0.00072497
0.000773888
0.000774239
0.000774239
0.000773888
0.00079875
0.000798987
0.000798987
0.00079875
0.00080451
0.000804589
0.000804589
0.00080451
0.000797695
0.000797959
0.000797959
0.000797695
0.000780972
0.000781653
0.000781653
0.000780972
0.000756509
0.000757735
0.000757735
0.000756509
0.000725325
0.00072643
0.00072643
0.000725325
0.0007094
0.000709092
0.000709092
0.0007094
0.000710747
0.000708545
0.000708545
0.000710747
0.000706881
0.000704574
0.000704574
0.000706881
-0.00430724
-0.00430778
-0.00430778
-0.00430724
-0.00432267
-0.00432308
-0.00432308
-0.00432267
-0.00487611
-0.00487683
-0.00487683
-0.0048761
-0.0061965
-0.00619837
-0.00619837
-0.00619649
-0.00465027
-0.00465061
-0.00465061
-0.00465027
-0.00525732
-0.0052578
-0.0052578
-0.00525732
-0.00629042
-0.00629098
-0.00629098
-0.00629043
-0.00652657
-0.00652779
-0.00652779
-0.00652657
-0.0068396
-0.00684001
-0.00684001
-0.0068396
-0.00701774
-0.00701528
-0.00701528
-0.00701774
-0.00757698
-0.00757521
-0.00757521
-0.00757698
-0.00815889
-0.00815615
-0.00815615
-0.00815889
-0.00877114
-0.00876708
-0.00876708
-0.00877114
-0.00958685
-0.00958197
-0.00958197
-0.00958685
-0.0105745
-0.0105699
-0.0105699
-0.0105745
-0.0117318
-0.0117273
-0.0117273
-0.0117318
-0.0131407
-0.0131357
-0.0131357
-0.0131407
-0.0148922
-0.0148878
-0.0148878
-0.0148922
-0.0170529
-0.0170491
-0.0170491
-0.0170529
-0.0196488
-0.0196467
-0.0196467
-0.0196488
-0.0223926
-0.0223893
-0.0223893
-0.0223926
-0.025187
-0.0251933
-0.0251933
-0.025187
-0.0265296
-0.0265239
-0.0265239
-0.0265296
-0.030765
-0.0307595
-0.0307595
-0.030765
-0.0332094
-0.0332251
-0.0332251
-0.0332094
-0.0227659
-0.0228017
-0.0228017
-0.0227659
0.0134897
0.0134701
0.0134701
0.0134897
0.0374047
0.0373959
0.0373959
0.0374047
0.0538986
0.0539014
0.0539014
0.0538986
0.0534145
0.0534165
0.0534165
0.0534145
0.0403559
0.0403495
0.0403495
0.0403559
0.0116043
0.011577
0.011577
0.0116043
-0.0235489
-0.0235913
-0.0235913
-0.0235489
-0.0389924
-0.0389878
-0.0389878
-0.0389924
-0.0309474
-0.0309366
-0.0309366
-0.0309474
-0.0286859
-0.028691
-0.028691
-0.0286859
-0.0263458
-0.0263419
-0.0263419
-0.0263458
-0.0229241
-0.0229189
-0.0229189
-0.0229241
-0.0198028
-0.0197964
-0.0197964
-0.0198028
-0.0167809
-0.0167738
-0.0167738
-0.0167809
-0.0145041
-0.0144969
-0.0144969
-0.0145041
-0.0127447
-0.0127377
-0.0127377
-0.0127447
-0.0113659
-0.0113599
-0.0113599
-0.0113659
-0.0102618
-0.0102571
-0.0102571
-0.0102618
-0.00934529
-0.00934045
-0.00934045
-0.00934529
-0.00860673
-0.0086045
-0.0086045
-0.00860673
-0.00786371
-0.00785807
-0.00785807
-0.00786371
-0.00745013
-0.00745101
-0.00745101
-0.00745014
-0.00689058
-0.00688414
-0.00688414
-0.00689058
-0.00718491
-0.00718782
-0.00718781
-0.0071849
-0.00738711
-0.00738815
-0.00738815
-0.00738711
-0.00672263
-0.006727
-0.00672699
-0.00672262
-0.00666957
-0.00666382
-0.00666382
-0.00666958
-0.00550941
-0.00550897
-0.00550897
-0.0055094
)
;

boundaryField
{
    inlet
    {
        type            zeroGradient;
    }
    outlet
    {
        type            fixedValue;
        value           uniform 0;
    }
    obstacle
    {
        type            zeroGradient;
    }
    topbottomsurface
    {
        type            empty;
    }
}


// ************************************************************************* //
