/*--------------------------------*- C++ -*----------------------------------*\
| =========                 |                                                 |
| \\      /  F ield         | OpenFOAM: The Open Source CFD Toolbox           |
|  \\    /   O peration     | Version:  v1806                                 |
|   \\  /    A nd           | Web:      www.OpenFOAM.com                      |
|    \\/     M anipulation  |                                                 |
\*---------------------------------------------------------------------------*/
FoamFile
{
    version     2.0;
    format      ascii;
    class       volVectorField;
    location    "350";
    object      U;
}
// * * * * * * * * * * * * * * * * * * * * * * * * * * * * * * * * * * * * * //

dimensions      [0 1 -1 0 0 0 0];


internalField   nonuniform List<vector> 
2400
(
(0.3 -0.000265102 0)
(0.299996 -0.000814775 0)
(0.299988 -0.00136856 0)
(0.299974 -0.00196339 0)
(0.299954 -0.00258305 0)
(0.299927 -0.00326737 0)
(0.299894 -0.00399799 0)
(0.299852 -0.0048129 0)
(0.299804 -0.00569099 0)
(0.299749 -0.00666362 0)
(0.299689 -0.00770472 0)
(0.299628 -0.00883127 0)
(0.299569 -0.0100053 0)
(0.299518 -0.0112203 0)
(0.299483 -0.0124155 0)
(0.299474 -0.0135548 0)
(0.299501 -0.0145467 0)
(0.299573 -0.0153352 0)
(0.299696 -0.0158094 0)
(0.299875 -0.01593 0)
(0.299999 -0.000262669 0)
(0.299989 -0.000810594 0)
(0.299971 -0.00135869 0)
(0.299942 -0.00195156 0)
(0.299904 -0.00256439 0)
(0.299855 -0.00324674 0)
(0.299797 -0.00396987 0)
(0.299728 -0.0047833 0)
(0.299652 -0.00565449 0)
(0.299568 -0.00662738 0)
(0.299485 -0.00766474 0)
(0.299404 -0.00879578 0)
(0.299337 -0.00997338 0)
(0.299292 -0.0112008 0)
(0.299286 -0.0124114 0)
(0.299331 -0.013575 0)
(0.299443 -0.0145967 0)
(0.299633 -0.01542 0)
(0.299906 -0.0159298 0)
(0.300257 -0.0160737 0)
(0.299999 -0.000257838 0)
(0.299982 -0.000802413 0)
(0.299952 -0.00133996 0)
(0.299906 -0.00193009 0)
(0.299845 -0.00253098 0)
(0.299767 -0.00321163 0)
(0.299676 -0.00392222 0)
(0.299569 -0.00473589 0)
(0.299454 -0.00559605 0)
(0.299331 -0.00657335 0)
(0.29921 -0.00760579 0)
(0.299095 -0.00874955 0)
(0.299008 -0.00993554 0)
(0.298958 -0.01119 0)
(0.298972 -0.0124299 0)
(0.29907 -0.0136395 0)
(0.299275 -0.0147111 0)
(0.299603 -0.0155937 0)
(0.300057 -0.0161528 0)
(0.300621 -0.0163475 0)
(0.299998 -0.000250453 0)
(0.299975 -0.000790469 0)
(0.299932 -0.00131183 0)
(0.299869 -0.00189897 0)
(0.299783 -0.00248164 0)
(0.299676 -0.00316174 0)
(0.299549 -0.00385309 0)
(0.299402 -0.00467008 0)
(0.299243 -0.0055128 0)
(0.299072 -0.00650048 0)
(0.298907 -0.00752391 0)
(0.29875 -0.00869082 0)
(0.298633 -0.00988708 0)
(0.298566 -0.0111853 0)
(0.298592 -0.0124667 0)
(0.298733 -0.0137458 0)
(0.299026 -0.0148903 0)
(0.299492 -0.0158573 0)
(0.300135 -0.01649 0)
(0.300936 -0.016742 0)
(0.299998 -0.00024039 0)
(0.299968 -0.000775108 0)
(0.299913 -0.00127383 0)
(0.299832 -0.00185839 0)
(0.299722 -0.0024151 0)
(0.299583 -0.00309682 0)
(0.29942 -0.00375972 0)
(0.29923 -0.00458471 0)
(0.299026 -0.00539982 0)
(0.298803 -0.00640626 0)
(0.298589 -0.0074114 0)
(0.298381 -0.00861535 0)
(0.298227 -0.00981775 0)
(0.298131 -0.0111809 0)
(0.298159 -0.0125112 0)
(0.298331 -0.013889 0)
(0.298707 -0.0151295 0)
(0.299309 -0.016213 0)
(0.30015 -0.016947 0)
(0.301208 -0.0172742 0)
(0.299997 -0.000227518 0)
(0.299961 -0.000756671 0)
(0.299893 -0.0012255 0)
(0.299796 -0.00180883 0)
(0.299659 -0.00233034 0)
(0.299491 -0.00301741 0)
(0.299289 -0.00363992 0)
(0.299056 -0.00448019 0)
(0.298803 -0.00525288 0)
(0.298525 -0.00629067 0)
(0.298256 -0.00726111 0)
(0.297989 -0.00852216 0)
(0.297789 -0.00971708 0)
(0.29765 -0.0111749 0)
(0.29767 -0.0125521 0)
(0.297855 -0.0140676 0)
(0.298309 -0.0154236 0)
(0.299044 -0.0166657 0)
(0.300095 -0.0175339 0)
(0.301437 -0.0179642 0)
(0.299995 -0.000211761 0)
(0.299955 -0.000735468 0)
(0.299873 -0.00116645 0)
(0.299759 -0.00175078 0)
(0.299597 -0.00222639 0)
(0.299398 -0.00292436 0)
(0.299157 -0.00349155 0)
(0.298879 -0.00435762 0)
(0.298574 -0.00506751 0)
(0.298236 -0.00615483 0)
(0.297908 -0.00706463 0)
(0.297571 -0.00841207 0)
(0.297316 -0.0095714 0)
(0.297114 -0.0111676 0)
(0.297115 -0.0125724 0)
(0.297292 -0.0142831 0)
(0.297817 -0.0157628 0)
(0.298676 -0.0172235 0)
(0.299956 -0.0182637 0)
(0.301615 -0.0188336 0)
(0.299994 -0.000193168 0)
(0.299949 -0.000711687 0)
(0.299853 -0.00109642 0)
(0.299724 -0.00168465 0)
(0.299534 -0.00210251 0)
(0.299306 -0.00281842 0)
(0.299023 -0.00331252 0)
(0.2987 -0.00421808 0)
(0.29834 -0.0048388 0)
(0.297938 -0.00600016 0)
(0.297544 -0.00681187 0)
(0.297125 -0.00828684 0)
(0.296805 -0.00936264 0)
(0.296517 -0.0111617 0)
(0.296486 -0.0125465 0)
(0.296618 -0.0145414 0)
(0.297213 -0.0161264 0)
(0.298174 -0.0179006 0)
(0.299709 -0.0191495 0)
(0.301728 -0.0199112 0)
(0.299992 -0.000171994 0)
(0.299944 -0.000685255 0)
(0.299833 -0.00101551 0)
(0.29969 -0.00161054 0)
(0.299471 -0.00195839 0)
(0.299215 -0.00269993 0)
(0.298888 -0.0031012 0)
(0.298521 -0.00406215 0)
(0.2981 -0.00456209 0)
(0.297632 -0.00582766 0)
(0.297163 -0.00649196 0)
(0.29665 -0.00814845 0)
(0.296251 -0.00906905 0)
(0.295849 -0.0111618 0)
(0.295772 -0.0124385 0)
(0.295813 -0.0148549 0)
(0.296474 -0.0164764 0)
(0.297496 -0.0187233 0)
(0.299329 -0.0201979 0)
(0.301751 -0.021239 0)
(0.29999 -0.00014878 0)
(0.299941 -0.000655702 0)
(0.299814 -0.000924355 0)
(0.299658 -0.00152799 0)
(0.299408 -0.00179454 0)
(0.299126 -0.00256842 0)
(0.298753 -0.00285712 0)
(0.298342 -0.00388929 0)
(0.297856 -0.00423404 0)
(0.297319 -0.00563679 0)
(0.296765 -0.00609493 0)
(0.296148 -0.0079972 0)
(0.295653 -0.00866742 0)
(0.295108 -0.0111725 0)
(0.294962 -0.0122035 0)
(0.294851 -0.0152422 0)
(0.295578 -0.0167512 0)
(0.296582 -0.0197376 0)
(0.298787 -0.0213896 0)
(0.301644 -0.0228826 0)
(0.299988 -0.000124429 0)
(0.299939 -0.000622014 0)
(0.299795 -0.000824324 0)
(0.299628 -0.00143581 0)
(0.299346 -0.00161268 0)
(0.299042 -0.00242222 0)
(0.298618 -0.00258161 0)
(0.298167 -0.00369708 0)
(0.297608 -0.00385392 0)
(0.297004 -0.00542409 0)
(0.29635 -0.00561406 0)
(0.295623 -0.00782905 0)
(0.295008 -0.00813686 0)
(0.294291 -0.0111932 0)
(0.294046 -0.0117932 0)
(0.293711 -0.0157206 0)
(0.294496 -0.0168662 0)
(0.295361 -0.0210115 0)
(0.298048 -0.0226618 0)
(0.301329 -0.0249487 0)
(0.299987 -0.000100254 0)
(0.299939 -0.000582516 0)
(0.299778 -0.000717738 0)
(0.299601 -0.00133178 0)
(0.299285 -0.00141609 0)
(0.298962 -0.00225801 0)
(0.298484 -0.00227854 0)
(0.297999 -0.00348039 0)
(0.297357 -0.00342497 0)
(0.296692 -0.00518172 0)
(0.29592 -0.00504837 0)
(0.295084 -0.00763267 0)
(0.294315 -0.00746353 0)
(0.293407 -0.0112117 0)
(0.293011 -0.0111631 0)
(0.292381 -0.0162938 0)
(0.293193 -0.0167232 0)
(0.293755 -0.0226225 0)
(0.29707 -0.0239081 0)
(0.300667 -0.0276043 0)
(0.299987 -7.79627e-05 0)
(0.299941 -0.000534814 0)
(0.299763 -0.000607987 0)
(0.299577 -0.00121257 0)
(0.299226 -0.00121002 0)
(0.298889 -0.00207038 0)
(0.298351 -0.00195512 0)
(0.297842 -0.00323058 0)
(0.297102 -0.00295583 0)
(0.296394 -0.00489591 0)
(0.295471 -0.00440516 0)
(0.294546 -0.00738679 0)
(0.293565 -0.00664526 0)
(0.292475 -0.0111987 0)
(0.291838 -0.0102808 0)
(0.290866 -0.0169413 0)
(0.291616 -0.0162229 0)
(0.291689 -0.0246342 0)
(0.29579 -0.0249779 0)
(0.29944 -0.0311061 0)
(0.29999 -5.95052e-05 0)
(0.299941 -0.000475902 0)
(0.299753 -0.000499498 0)
(0.299554 -0.00107366 0)
(0.299172 -0.00100181 0)
(0.298822 -0.0018515 0)
(0.298223 -0.00162259 0)
(0.297699 -0.00293453 0)
(0.296846 -0.00246232 0)
(0.296118 -0.00454508 0)
(0.295002 -0.0037032 0)
(0.294034 -0.00705666 0)
(0.292746 -0.00569681 0)
(0.291538 -0.0111023 0)
(0.290488 -0.0091351 0)
(0.289212 -0.0176065 0)
(0.289676 -0.0152758 0)
(0.289121 -0.0270742 0)
(0.294095 -0.0256654 0)
(0.297324 -0.0357939 0)
(0.300001 -4.66469e-05 0)
(0.299935 -0.000402711 0)
(0.299753 -0.000397198 0)
(0.299523 -0.000909897 0)
(0.299133 -0.000800492 0)
(0.298751 -0.00159132 0)
(0.298111 -0.00129666 0)
(0.297562 -0.00257381 0)
(0.296602 -0.00196964 0)
(0.295864 -0.0040968 0)
(0.29452 -0.0029782 0)
(0.293567 -0.0065873 0)
(0.291844 -0.00465842 0)
(0.290657 -0.0108364 0)
(0.288888 -0.00774965 0)
(0.287541 -0.0181805 0)
(0.287191 -0.0138215 0)
(0.286147 -0.0299301 0)
(0.291745 -0.025747 0)
(0.293889 -0.042028 0)
(0.300024 -4.02073e-05 0)
(0.299912 -0.000313356 0)
(0.299774 -0.000305011 0)
(0.299471 -0.000717466 0)
(0.299125 -0.000614397 0)
(0.298657 -0.00128029 0)
(0.298044 -0.000994674 0)
(0.297401 -0.00212671 0)
(0.296411 -0.00151229 0)
(0.295599 -0.00350546 0)
(0.294078 -0.00229163 0)
(0.293118 -0.00589166 0)
(0.290901 -0.00361491 0)
(0.289853 -0.0102499 0)
(0.286992 -0.00620957 0)
(0.286005 -0.0184564 0)
(0.283828 -0.0118598 0)
(0.283122 -0.0331776 0)
(0.288129 -0.0248906 0)
(0.288883 -0.050968 0)
(0.300065 -3.92344e-05 0)
(0.299863 -0.000208564 0)
(0.299827 -0.000223794 0)
(0.29938 -0.000496899 0)
(0.299173 -0.000446884 0)
(0.298507 -0.000915928 0)
(0.298067 -0.000726974 0)
(0.297161 -0.00158066 0)
(0.296356 -0.00111834 0)
(0.295228 -0.00273034 0)
(0.293817 -0.00171538 0)
(0.292552 -0.00485945 0)
(0.290125 -0.00272627 0)
(0.288956 -0.0090821 0)
(0.284996 -0.0047281 0)
(0.284513 -0.0179925 0)
(0.279315 -0.0095158 0)
(0.280545 -0.0365635 0)
(0.281409 -0.022405 0)
(0.283253 -0.065081 0)
(0.300126 -4.07292e-05 0)
(0.299781 -9.27098e-05 0)
(0.299918 -0.000149929 0)
(0.299239 -0.000255339 0)
(0.299294 -0.000292665 0)
(0.298275 -0.000509156 0)
(0.298223 -0.00048724 0)
(0.296784 -0.000949885 0)
(0.296535 -0.000783837 0)
(0.294625 -0.00177999 0)
(0.293954 -0.00126749 0)
(0.2916 -0.00345485 0)
(0.28997 -0.00210753 0)
(0.287475 -0.00710531 0)
(0.283702 -0.00370743 0)
(0.282214 -0.0159163 0)
(0.274461 -0.00738354 0)
(0.277766 -0.0385657 0)
(0.268768 -0.0178942 0)
(0.280067 -0.084533 0)
(0.300202 -3.87759e-05 0)
(0.299672 2.64991e-05 0)
(0.300038 -7.58752e-05 0)
(0.299056 -5.01127e-06 0)
(0.299479 -0.000136063 0)
(0.297971 -8.23458e-05 0)
(0.298508 -0.000247081 0)
(0.296272 -0.000278627 0)
(0.29697 -0.000457508 0)
(0.293751 -0.000733839 0)
(0.294603 -0.000851239 0)
(0.290087 -0.0017868 0)
(0.290858 -0.00163521 0)
(0.284804 -0.00437612 0)
(0.284459 -0.00327586 0)
(0.277432 -0.0114964 0)
(0.272607 -0.00708512 0)
(0.270241 -0.0350887 0)
(0.253719 -0.0168287 0)
(0.280277 -0.110161 0)
(0.300276 -3.4404e-05 0)
(0.299556 0.000149872 0)
(0.300161 -5.32373e-06 0)
(0.298871 0.000251406 0)
(0.299684 1.51011e-05 0)
(0.297659 0.000361002 0)
(0.29884 -1.68594e-05 0)
(0.295734 0.000432393 0)
(0.29752 -0.000149803 0)
(0.292803 0.000393471 0)
(0.295534 -0.000479356 0)
(0.288331 2.05435e-05 0)
(0.292455 -0.00114692 0)
(0.281317 -0.001317 0)
(0.28729 -0.00258109 0)
(0.269611 -0.00611478 0)
(0.277128 -0.00614915 0)
(0.249724 -0.0275869 0)
(0.257572 -0.0168741 0)
(0.27371 -0.175638 0)
(0.300024 -0.0157348 0)
(0.300064 -0.0156717 0)
(0.3001 -0.0155986 0)
(0.300134 -0.0155163 0)
(0.300169 -0.0154249 0)
(0.300205 -0.0153244 0)
(0.300241 -0.0152147 0)
(0.300278 -0.0150961 0)
(0.300314 -0.0149687 0)
(0.30035 -0.0148331 0)
(0.300493 -0.0159038 0)
(0.300554 -0.0158483 0)
(0.300615 -0.0157825 0)
(0.300675 -0.0157062 0)
(0.300736 -0.0156196 0)
(0.300797 -0.0155227 0)
(0.300857 -0.0154159 0)
(0.300918 -0.0152993 0)
(0.300978 -0.0151728 0)
(0.301038 -0.0150376 0)
(0.300999 -0.0161765 0)
(0.301099 -0.016119 0)
(0.301196 -0.0160501 0)
(0.301291 -0.0159704 0)
(0.301385 -0.0158802 0)
(0.301479 -0.0157795 0)
(0.301573 -0.0156684 0)
(0.301665 -0.0155472 0)
(0.301755 -0.015416 0)
(0.301844 -0.0152756 0)
(0.301473 -0.0165748 0)
(0.301615 -0.0165173 0)
(0.301751 -0.0164477 0)
(0.301883 -0.0163666 0)
(0.302015 -0.016274 0)
(0.302147 -0.01617 0)
(0.302277 -0.0160547 0)
(0.302405 -0.0159283 0)
(0.302531 -0.0157908 0)
(0.302654 -0.0156433 0)
(0.301921 -0.0171143 0)
(0.302108 -0.0170572 0)
(0.302288 -0.0169864 0)
(0.302463 -0.0169025 0)
(0.302637 -0.0168057 0)
(0.302811 -0.0166958 0)
(0.302982 -0.0165732 0)
(0.303151 -0.016438 0)
(0.303316 -0.0162904 0)
(0.303478 -0.0161316 0)
(0.302349 -0.0178138 0)
(0.302588 -0.0177571 0)
(0.302818 -0.0176845 0)
(0.303042 -0.0175968 0)
(0.303264 -0.0174939 0)
(0.303485 -0.0173761 0)
(0.303704 -0.0172435 0)
(0.303918 -0.0170963 0)
(0.304129 -0.0169349 0)
(0.304334 -0.0167607 0)
(0.302757 -0.0186971 0)
(0.303057 -0.0186413 0)
(0.303345 -0.0185666 0)
(0.303626 -0.0184738 0)
(0.303905 -0.018363 0)
(0.304182 -0.0182343 0)
(0.304456 -0.0180881 0)
(0.304724 -0.0179247 0)
(0.304987 -0.0177444 0)
(0.305242 -0.0175493 0)
(0.303141 -0.0197973 0)
(0.303514 -0.0197436 0)
(0.303872 -0.0196669 0)
(0.304222 -0.0195677 0)
(0.304569 -0.0194463 0)
(0.304913 -0.0193032 0)
(0.305253 -0.0191386 0)
(0.305586 -0.0189532 0)
(0.305911 -0.0187474 0)
(0.306226 -0.0185241 0)
(0.303491 -0.0211622 0)
(0.303953 -0.0211128 0)
(0.304399 -0.021034 0)
(0.304836 -0.0209265 0)
(0.305268 -0.0207908 0)
(0.305696 -0.0206278 0)
(0.306117 -0.020438 0)
(0.306528 -0.0202225 0)
(0.306928 -0.0199817 0)
(0.307314 -0.0197203 0)
(0.303794 -0.0228646 0)
(0.30437 -0.0228214 0)
(0.304931 -0.0227391 0)
(0.305479 -0.022619 0)
(0.30602 -0.0224624 0)
(0.306553 -0.0222707 0)
(0.307076 -0.0220451 0)
(0.307585 -0.0217872 0)
(0.308078 -0.0214976 0)
(0.308551 -0.0211833 0)
(0.304033 -0.0250165 0)
(0.304765 -0.0249789 0)
(0.30548 -0.0248867 0)
(0.306176 -0.024744 0)
(0.306857 -0.024554 0)
(0.307526 -0.0243187 0)
(0.308178 -0.0240399 0)
(0.30881 -0.0237202 0)
(0.309419 -0.0233607 0)
(0.31 -0.0229717 0)
(0.304199 -0.0277814 0)
(0.30516 -0.0277412 0)
(0.306088 -0.0276226 0)
(0.306977 -0.0274374 0)
(0.307841 -0.0271913 0)
(0.308684 -0.026887 0)
(0.309502 -0.0265267 0)
(0.310289 -0.0261147 0)
(0.311042 -0.0256525 0)
(0.311754 -0.0251564 0)
(0.304305 -0.0313915 0)
(0.305615 -0.0313248 0)
(0.306837 -0.0311452 0)
(0.307978 -0.0308801 0)
(0.309076 -0.0305393 0)
(0.310143 -0.0301247 0)
(0.311173 -0.029639 0)
(0.312156 -0.0290884 0)
(0.313086 -0.028475 0)
(0.313957 -0.0278245 0)
(0.304414 -0.0361497 0)
(0.306269 -0.0360129 0)
(0.307893 -0.0357137 0)
(0.309349 -0.0353058 0)
(0.310741 -0.034805 0)
(0.312095 -0.034213 0)
(0.313397 -0.0335327 0)
(0.314627 -0.032774 0)
(0.315779 -0.0319382 0)
(0.316843 -0.0310679 0)
(0.304683 -0.0423923 0)
(0.307388 -0.0421344 0)
(0.309581 -0.0416495 0)
(0.311453 -0.0410217 0)
(0.313222 -0.040272 0)
(0.314945 -0.0394021 0)
(0.316589 -0.0384184 0)
(0.318125 -0.0373379 0)
(0.319545 -0.0361629 0)
(0.32084 -0.0349653 0)
(0.30557 -0.0508004 0)
(0.309536 -0.0502539 0)
(0.312538 -0.0494494 0)
(0.315002 -0.0485003 0)
(0.317311 -0.047414 0)
(0.319539 -0.0461789 0)
(0.321625 -0.0447976 0)
(0.323518 -0.0432946 0)
(0.325209 -0.0416629 0)
(0.326681 -0.0400359 0)
(0.309052 -0.0627668 0)
(0.314525 -0.0613283 0)
(0.318202 -0.0595405 0)
(0.321063 -0.0576296 0)
(0.32375 -0.055612 0)
(0.326328 -0.053464 0)
(0.328665 -0.0511851 0)
(0.330679 -0.0488088 0)
(0.332356 -0.0463202 0)
(0.333729 -0.0439113 0)
(0.318438 -0.0807587 0)
(0.325576 -0.0786807 0)
(0.329077 -0.0760917 0)
(0.330924 -0.073157 0)
(0.332375 -0.0698833 0)
(0.333593 -0.0663029 0)
(0.334402 -0.0624834 0)
(0.334698 -0.0585123 0)
(0.334531 -0.0543913 0)
(0.33386 -0.050413 0)
(0.317482 -0.083911 0)
(0.321825 -0.0767622 0)
(0.321311 -0.0709298 0)
(0.319083 -0.0658147 0)
(0.316456 -0.0608837 0)
(0.313408 -0.0559968 0)
(0.309764 -0.0511587 0)
(0.305542 -0.0463665 0)
(0.300988 -0.0415858 0)
(0.295849 -0.0367993 0)
(0.272799 -0.113306 0)
(0.252157 -0.0970587 0)
(0.225467 -0.08288 0)
(0.203654 -0.070318 0)
(0.186354 -0.0589349 0)
(0.171445 -0.0486532 0)
(0.158178 -0.0394811 0)
(0.146589 -0.0313576 0)
(0.136493 -0.024126 0)
(0.127312 -0.0174347 0)
(0.300472 -0.0143421 0)
(0.300695 -0.0132519 0)
(0.300908 -0.0119666 0)
(0.301095 -0.0105566 0)
(0.301252 -0.00909916 0)
(0.301374 -0.00765821 0)
(0.301468 -0.00628722 0)
(0.301531 -0.0050179 0)
(0.301576 -0.00387237 0)
(0.301596 -0.00286059 0)
(0.30161 -0.00198276 0)
(0.301602 -0.00124027 0)
(0.3016 -0.00061631 0)
(0.301577 -0.000111892 0)
(0.301571 0.000300635 0)
(0.301539 0.000617157 0)
(0.301536 0.000864201 0)
(0.301498 0.00104005 0)
(0.301498 0.0011556 0)
(0.301452 0.00122149 0)
(0.301238 -0.0145376 0)
(0.301533 -0.0134205 0)
(0.301777 -0.0121066 0)
(0.301952 -0.0106677 0)
(0.302062 -0.00918256 0)
(0.302109 -0.00771666 0)
(0.302114 -0.00632446 0)
(0.302079 -0.005038 0)
(0.30203 -0.00387902 0)
(0.301958 -0.00285764 0)
(0.301891 -0.00197297 0)
(0.30181 -0.00122662 0)
(0.30175 -0.000600208 0)
(0.301673 -9.50477e-05 0)
(0.301632 0.000317358 0)
(0.301562 0.000633233 0)
(0.301542 0.000879276 0)
(0.301475 0.00105587 0)
(0.30147 0.00117127 0)
(0.301396 0.00124049 0)
(0.302138 -0.0147626 0)
(0.302559 -0.0136074 0)
(0.302883 -0.0122433 0)
(0.303086 -0.0107513 0)
(0.303179 -0.00921787 0)
(0.303167 -0.00771249 0)
(0.303089 -0.00629081 0)
(0.302954 -0.00498416 0)
(0.302798 -0.00381292 0)
(0.302617 -0.00278613 0)
(0.302448 -0.00190082 0)
(0.302267 -0.0011578 0)
(0.302123 -0.000536678 0)
(0.301965 -3.83886e-05 0)
(0.301866 0.000366553 0)
(0.301732 0.000675564 0)
(0.301679 0.000915513 0)
(0.301557 0.00108945 0)
(0.30154 0.00120189 0)
(0.301411 0.00127361 0)
(0.303061 -0.0150996 0)
(0.303632 -0.0138687 0)
(0.304055 -0.0124176 0)
(0.304303 -0.010839 0)
(0.304389 -0.00923058 0)
(0.30433 -0.00766596 0)
(0.304177 -0.00620162 0)
(0.303949 -0.00486703 0)
(0.303694 -0.00368023 0)
(0.303408 -0.00264838 0)
(0.30314 -0.00176519 0)
(0.30286 -0.0010305 0)
(0.302634 -0.00042062 0)
(0.30239 6.38323e-05 0)
(0.302231 0.000455119 0)
(0.302025 0.000751418 0)
(0.301937 0.000980261 0)
(0.301752 0.00114769 0)
(0.301719 0.00125421 0)
(0.301523 0.00132778 0)
(0.304011 -0.015544 0)
(0.304746 -0.0142057 0)
(0.305276 -0.0126328 0)
(0.305567 -0.010936 0)
(0.305643 -0.00922688 0)
(0.305531 -0.00758416 0)
(0.3053 -0.00606443 0)
(0.304978 -0.0046943 0)
(0.304625 -0.00348835 0)
(0.304235 -0.00245127 0)
(0.303873 -0.00157203 0)
(0.303496 -0.000849813 0)
(0.303193 -0.000255528 0)
(0.302866 0.000209053 0)
(0.302653 0.000581451 0)
(0.302379 0.000859867 0)
(0.30226 0.00107345 0)
(0.302013 0.00123123 0)
(0.301969 0.00132972 0)
(0.301708 0.00140507 0)
(0.305009 -0.0161115 0)
(0.305925 -0.0146261 0)
(0.306565 -0.01289 0)
(0.306892 -0.0110387 0)
(0.306944 -0.00920139 0)
(0.306764 -0.00746148 0)
(0.306444 -0.00587442 0)
(0.306017 -0.0044624 0)
(0.305558 -0.00323527 0)
(0.305061 -0.00219423 0)
(0.304602 -0.00132196 0)
(0.304129 -0.000617155 0)
(0.30375 -4.35434e-05 0)
(0.303345 0.000395123 0)
(0.303082 0.000742862 0)
(0.302744 0.000997828 0)
(0.3026 0.00119168 0)
(0.302299 0.00133706 0)
(0.302248 0.00142541 0)
(0.30193 0.00150332 0)
(0.306081 -0.0168165 0)
(0.307198 -0.0151342 0)
(0.307949 -0.0131851 0)
(0.308298 -0.0111384 0)
(0.308305 -0.0091439 0)
(0.308038 -0.00728784 0)
(0.307609 -0.00562261 0)
(0.307063 -0.00416407 0)
(0.306486 -0.00291557 0)
(0.305873 -0.00187348 0)
(0.305311 -0.00101297 0)
(0.30474 -0.000331545 0)
(0.304284 0.000214366 0)
(0.3038 0.000619767 0)
(0.30349 0.000936334 0)
(0.303094 0.00116191 0)
(0.30293 0.0013309 0)
(0.302582 0.00146134 0)
(0.302527 0.00153706 0)
(0.302162 0.0016192 0)
(0.307258 -0.0176776 0)
(0.308597 -0.0157346 0)
(0.309457 -0.013512 0)
(0.309808 -0.0112235 0)
(0.309742 -0.00904128 0)
(0.30936 -0.00705039 0)
(0.308798 -0.00529779 0)
(0.308115 -0.0037901 0)
(0.307405 -0.00252221 0)
(0.306665 -0.00148395 0)
(0.305993 -0.00064153 0)
(0.305319 8.49818e-06 0)
(0.304783 0.000518554 0)
(0.304221 0.000882233 0)
(0.303865 0.00116003 0)
(0.303415 0.00134958 0)
(0.303235 0.00148759 0)
(0.302846 0.00160057 0)
(0.302793 0.00166065 0)
(0.302389 0.00174956 0)
(0.308577 -0.0187182 0)
(0.310164 -0.0164305 0)
(0.311124 -0.0138606 0)
(0.311444 -0.0112784 0)
(0.311269 -0.00887641 0)
(0.310738 -0.00673287 0)
(0.310015 -0.00488613 0)
(0.309171 -0.00332948 0)
(0.308312 -0.00204671 0)
(0.307433 -0.00101981 0)
(0.306642 -0.000202706 0)
(0.305859 0.000405476 0)
(0.30524 0.000870689 0)
(0.304599 0.00118283 0)
(0.304199 0.00141282 0)
(0.303696 0.00155864 0)
(0.303505 0.00165843 0)
(0.303082 0.00175155 0)
(0.303035 0.00179241 0)
(0.302599 0.00189182 0)
(0.310093 -0.0199657 0)
(0.311953 -0.0172216 0)
(0.312989 -0.0142152 0)
(0.313234 -0.0112819 0)
(0.312901 -0.00862725 0)
(0.312177 -0.00631497 0)
(0.31126 -0.00437093 0)
(0.310229 -0.00276903 0)
(0.309202 -0.00148001 0)
(0.308171 -0.000473334 0)
(0.307252 0.000306662 0)
(0.30635 0.00086162 0)
(0.305646 0.00127206 0)
(0.304921 0.0015215 0)
(0.304479 0.00169361 0)
(0.303921 0.00178705 0)
(0.303725 0.00184038 0)
(0.303267 0.00191168 0)
(0.303232 0.00192917 0)
(0.302764 0.00204474 0)
(0.311879 -0.0214503 0)
(0.314029 -0.0181013 0)
(0.3151 -0.0145522 0)
(0.315204 -0.011206 0)
(0.314652 -0.00826572 0)
(0.313685 -0.00577245 0)
(0.312534 -0.00373231 0)
(0.311285 -0.00209422 0)
(0.310068 -0.00081092 0)
(0.308866 0.000161856 0)
(0.307807 0.000891282 0)
(0.306775 0.001381 0)
(0.305979 0.00172608 0)
(0.305157 0.00189999 0)
(0.304672 0.0020035 0)
(0.304047 0.00203464 0)
(0.303849 0.00203266 0)
(0.303343 0.00208083 0)
(0.303324 0.00207042 0)
(0.302807 0.00221059 0)
(0.314043 -0.0232003 0)
(0.316482 -0.0190519 0)
(0.317516 -0.0148381 0)
(0.317391 -0.011013 0)
(0.316542 -0.00775643 0)
(0.315267 -0.00507627 0)
(0.313829 -0.0029472 0)
(0.312321 -0.00128736 0)
(0.310884 -2.63222e-05 0)
(0.309484 0.000895122 0)
(0.308263 0.00156182 0)
(0.307074 0.00197311 0)
(0.306166 0.0022416 0)
(0.305218 0.00232529 0)
(0.304674 0.00234988 0)
(0.30395 0.00230701 0)
(0.303742 0.00224142 0)
(0.303151 0.00226537 0)
(0.303145 0.00222288 0)
(0.302532 0.00239913 0)
(0.316737 -0.025238 0)
(0.319431 -0.0200434 0)
(0.320314 -0.0150264 0)
(0.319837 -0.0106507 0)
(0.318582 -0.0070497 0)
(0.316904 -0.00418625 0)
(0.315101 -0.00198496 0)
(0.313265 -0.000321506 0)
(0.311548 0.000895103 0)
(0.30989 0.00174861 0)
(0.308456 0.00233962 0)
(0.307049 0.00265863 0)
(0.30598 0.00284035 0)
(0.304839 0.00281767 0)
(0.30419 0.00275506 0)
(0.303298 0.00262328 0)
(0.303043 0.00248829 0)
(0.302293 0.00248496 0)
(0.302278 0.00240794 0)
(0.30148 0.00263275 0)
(0.320213 -0.0275567 0)
(0.323056 -0.0210181 0)
(0.32359 -0.0150415 0)
(0.322555 -0.0100348 0)
(0.320694 -0.00605933 0)
(0.318433 -0.00302432 0)
(0.316104 -0.000780178 0)
(0.313795 0.000848321 0)
(0.311665 0.00199694 0)
(0.309626 0.00276686 0)
(0.307863 0.00327106 0)
(0.306121 0.00348494 0)
(0.304779 0.00357178 0)
(0.303331 0.00342488 0)
(0.302477 0.00326937 0)
(0.301306 0.00302739 0)
(0.300921 0.00282106 0)
(0.299905 0.00277912 0)
(0.299828 0.00266802 0)
(0.298736 0.0029478 0)
(0.3249 -0.0300996 0)
(0.32754 -0.0218844 0)
(0.327266 -0.0147649 0)
(0.325213 -0.00903453 0)
(0.322307 -0.00464564 0)
(0.319068 -0.00143243 0)
(0.315873 0.000813827 0)
(0.312804 0.00235577 0)
(0.310018 0.00340131 0)
(0.307383 0.00406005 0)
(0.305093 0.00445836 0)
(0.302839 0.004549 0)
(0.301059 0.00452904 0)
(0.299155 0.00423434 0)
(0.297952 0.00397863 0)
(0.296383 0.00359289 0)
(0.295749 0.00331442 0)
(0.294391 0.00320286 0)
(0.294175 0.0030593 0)
(0.292746 0.00338059 0)
(0.331143 -0.0330537 0)
(0.332342 -0.0225744 0)
(0.330072 -0.0139182 0)
(0.325947 -0.00735127 0)
(0.321123 -0.00256929 0)
(0.316186 0.000742578 0)
(0.311551 0.00293478 0)
(0.307311 0.00435177 0)
(0.303557 0.00525484 0)
(0.300106 0.00576431 0)
(0.297114 0.00602623 0)
(0.294234 0.00596468 0)
(0.291913 0.00581311 0)
(0.289499 0.00533707 0)
(0.287875 0.00496423 0)
(0.285913 0.0043846 0)
(0.284975 0.00402753 0)
(0.283374 0.00378513 0)
(0.282984 0.00360624 0)
(0.28143 0.0039215 0)
(0.337304 -0.0339273 0)
(0.333479 -0.02116 0)
(0.326601 -0.0108339 0)
(0.318463 -0.00353643 0)
(0.310484 0.00128841 0)
(0.303123 0.0042949 0)
(0.296687 0.00612622 0)
(0.291148 0.00719144 0)
(0.286461 0.00778435 0)
(0.282364 0.00801789 0)
(0.278903 0.00804648 0)
(0.275696 0.00776174 0)
(0.273118 0.00742209 0)
(0.270531 0.00671646 0)
(0.268755 0.00619065 0)
(0.266767 0.00535286 0)
(0.265754 0.00489554 0)
(0.264383 0.00443192 0)
(0.263967 0.00420436 0)
(0.262942 0.00443624 0)
(0.330786 -0.0340762 0)
(0.315285 -0.0178582 0)
(0.301359 -0.00562459 0)
(0.287985 0.00186156 0)
(0.276868 0.00645325 0)
(0.267879 0.00890596 0)
(0.26087 0.0101104 0)
(0.255422 0.0105657 0)
(0.251226 0.010631 0)
(0.247878 0.0104266 0)
(0.245247 0.010108 0)
(0.242948 0.00953692 0)
(0.241193 0.00896573 0)
(0.23947 0.00800895 0)
(0.238413 0.00730302 0)
(0.237308 0.00616394 0)
(0.236911 0.00558157 0)
(0.236665 0.00481276 0)
(0.236656 0.00452491 0)
(0.237208 0.0046086 0)
(0.281059 -0.020816 0)
(0.247699 -0.00475181 0)
(0.230135 0.00698723 0)
(0.215841 0.011318 0)
(0.207183 0.0136858 0)
(0.201469 0.0141436 0)
(0.19827 0.013868 0)
(0.196667 0.0131962 0)
(0.196154 0.0124612 0)
(0.196244 0.011717 0)
(0.1967 0.0110454 0)
(0.197239 0.0102493 0)
(0.197929 0.00951386 0)
(0.198536 0.00838732 0)
(0.199418 0.00755025 0)
(0.200367 0.00614649 0)
(0.201492 0.00546955 0)
(0.203334 0.00438077 0)
(0.204276 0.00407885 0)
(0.207344 0.00401465 0)
(0.119876 0.00836112 0)
(0.106127 0.00823913 0)
(0.109265 0.0148229 0)
(0.1084 0.0141035 0)
(0.113316 0.0149322 0)
(0.117747 0.0138089 0)
(0.12318 0.0128725 0)
(0.128683 0.0117436 0)
(0.1342 0.0108109 0)
(0.139468 0.0100347 0)
(0.144379 0.00941532 0)
(0.148896 0.00873457 0)
(0.152993 0.00808765 0)
(0.156825 0.00700845 0)
(0.160355 0.00619411 0)
(0.164061 0.0046629 0)
(0.167154 0.00401408 0)
(0.171536 0.0026697 0)
(0.173628 0.00251638 0)
(0.179454 0.00231653 0)
(0.0450567 -0.00187501 0)
(0.0369355 0.00392546 0)
(0.0518952 0.0107814 0)
(0.056212 0.0102941 0)
(0.0672358 0.0112477 0)
(0.0761137 0.0101526 0)
(0.0858246 0.00938564 0)
(0.0948772 0.00842886 0)
(0.103525 0.00771464 0)
(0.111531 0.0071888 0)
(0.118859 0.00681241 0)
(0.12558 0.00638086 0)
(0.131604 0.00592599 0)
(0.1373 0.00502402 0)
(0.142314 0.00429777 0)
(0.147622 0.00287725 0)
(0.151712 0.00221442 0)
(0.157496 0.000994975 0)
(0.160065 0.000785658 0)
(0.16729 0.00075555 0)
(0.0208407 -0.00871557 0)
(0.0127623 0.00294767 0)
(0.0304112 0.00903735 0)
(0.0365634 0.00863531 0)
(0.0498239 0.00936364 0)
(0.0603786 0.00833856 0)
(0.071706 0.0076142 0)
(0.0821093 0.0067599 0)
(0.0919535 0.00615752 0)
(0.101012 0.0057595 0)
(0.109275 0.00550468 0)
(0.116859 0.00519591 0)
(0.123644 0.00483641 0)
(0.130084 0.00402845 0)
(0.135686 0.00334615 0)
(0.141635 0.00200416 0)
(0.146105 0.00132399 0)
(0.152436 0.000213961 0)
(0.155172 -6.64663e-05 0)
(0.162919 5.66896e-05 0)
(0.00441528 -0.00958545 0)
(-0.0053349 0.00206186 0)
(0.0134971 0.00700799 0)
(0.0210183 0.00674524 0)
(0.0360089 0.00720077 0)
(0.047901 0.00629531 0)
(0.0605143 0.00562293 0)
(0.0719987 0.00490048 0)
(0.0828028 0.00442955 0)
(0.0927096 0.00417706 0)
(0.101739 0.00405694 0)
(0.110036 0.00388287 0)
(0.11746 0.00362734 0)
(0.124532 0.00292696 0)
(0.13063 0.00229582 0)
(0.137125 0.00105233 0)
(0.141904 0.000358414 0)
(0.148682 -0.00061751 0)
(0.15154 -0.000976006 0)
(0.159685 -0.000675621 0)
(-0.00570772 -0.00803233 0)
(-0.0176442 0.00122751 0)
(0.00153383 0.00474062 0)
(0.0100047 0.0046054 0)
(0.0262131 0.00479804 0)
(0.0390696 0.00404574 0)
(0.0526057 0.0034496 0)
(0.0648669 0.00288386 0)
(0.0763621 0.00256269 0)
(0.086885 0.00247009 0)
(0.0964813 0.00249452 0)
(0.105317 0.00246402 0)
(0.113235 0.00231834 0)
(0.120805 0.00173632 0)
(0.12729 0.00116359 0)
(0.134214 3.3178e-05 0)
(0.13922 -0.000664644 0)
(0.146327 -0.00149438 0)
(0.149261 -0.00192124 0)
(0.15767 -0.00144279 0)
(-0.0107592 -0.00515626 0)
(-0.0243774 0.000485919 0)
(-0.00521937 0.00237989 0)
(0.00381204 0.00232274 0)
(0.0207329 0.00223809 0)
(0.0341604 0.00166007 0)
(0.0482345 0.00115674 0)
(0.0609443 0.000763864 0)
(0.0728391 0.000603973 0)
(0.0837235 0.000679132 0)
(0.0936678 0.000852555 0)
(0.102849 0.000969578 0)
(0.111097 0.000936026 0)
(0.11901 0.000479766 0)
(0.125759 -2.92086e-05 0)
(0.132981 -0.00103433 0)
(0.138125 -0.00172685 0)
(0.145432 -0.00239996 0)
(0.148394 -0.00288625 0)
(0.156924 -0.00223003 0)
(-0.0114891 -0.00170708 0)
(-0.025677 -0.000155469 0)
(-0.00662038 7.91556e-07 0)
(0.00260286 -2.34145e-05 0)
(0.019736 -0.000395421 0)
(0.0333303 -0.000787793 0)
(0.0475448 -0.00119003 0)
(0.0603613 -0.00140228 0)
(0.0723513 -0.00139647 0)
(0.0833298 -0.00115233 0)
(0.0933904 -0.000830911 0)
(0.102709 -0.000567513 0)
(0.111112 -0.000490356 0)
(0.119203 -0.00081714 0)
(0.126083 -0.00125918 0)
(0.133461 -0.00212956 0)
(0.138649 -0.00280877 0)
(0.146021 -0.00331726 0)
(0.148962 -0.00385514 0)
(0.157465 -0.00302269 0)
(-0.0081243 0.00152224 0)
(-0.0215989 -0.000785505 0)
(-0.0026324 -0.00237003 0)
(0.00641867 -0.00237028 0)
(0.0232629 -0.00302148 0)
(0.0366133 -0.00322644 0)
(0.0505659 -0.00352556 0)
(0.063144 -0.00355734 0)
(0.0749214 -0.0033881 0)
(0.0857231 -0.00298005 0)
(0.0956637 -0.00251687 0)
(0.104907 -0.00211307 0)
(0.113282 -0.00193026 0)
(0.12138 -0.00212763 0)
(0.128253 -0.00250178 0)
(0.135641 -0.00323146 0)
(0.140778 -0.0038903 0)
(0.148077 -0.00422986 0)
(0.150951 -0.00481165 0)
(0.159283 -0.00380706 0)
(-0.000398081 0.00373021 0)
(-0.0121055 -0.00146764 0)
(0.00668461 -0.00470509 0)
(0.015186 -0.00464713 0)
(0.0312247 -0.00555841 0)
(0.0439191 -0.00558308 0)
(0.0572115 -0.00578439 0)
(0.0692121 -0.00564388 0)
(0.0804759 -0.00532025 0)
(0.0908356 -0.00475951 0)
(0.100424 -0.00416592 0)
(0.109383 -0.00363221 0)
(0.117549 -0.00335241 0)
(0.125483 -0.00342417 0)
(0.13221 -0.00373197 0)
(0.139462 -0.00431854 0)
(0.144455 -0.00495153 0)
(0.151549 -0.00512119 0)
(0.154311 -0.00574049 0)
(0.162334 -0.00456885 0)
(0.0123873 0.00394839 0)
(0.00293043 -0.00224013 0)
(0.0211609 -0.0069235 0)
(0.0287081 -0.0067743 0)
(0.0434034 -0.00792414 0)
(0.0550347 -0.00778621 0)
(0.0672807 -0.0079026 0)
(0.0783811 -0.00760664 0)
(0.088847 -0.00714419 0)
(0.0985152 -0.00644784 0)
(0.107532 -0.00573987 0)
(0.116007 -0.00509098 0)
(0.123791 -0.00472618 0)
(0.131396 -0.00467974 0)
(0.137846 -0.00492517 0)
(0.144821 -0.00537 0)
(0.149582 -0.00597324 0)
(0.156347 -0.00597569 0)
(0.158956 -0.00662697 0)
(0.166545 -0.00529519 0)
(0.0312111 0.000653738 0)
(0.0237455 -0.00325282 0)
(0.0405276 -0.00894238 0)
(0.0466563 -0.00870064 0)
(0.0594514 -0.0100431 0)
(0.0696279 -0.00978566 0)
(0.0804638 -0.00982666 0)
(0.0903684 -0.00940145 0)
(0.0997784 -0.00881998 0)
(0.10853 -0.00800982 0)
(0.116777 -0.00720705 0)
(0.124589 -0.00646136 0)
(0.131831 -0.00602538 0)
(0.138956 -0.00587243 0)
(0.145005 -0.00605954 0)
(0.151578 -0.00636998 0)
(0.156025 -0.00693674 0)
(0.16235 -0.00678506 0)
(0.164771 -0.00745152 0)
(0.171814 -0.00598709 0)
(0.0742857 -0.00771474 0)
(0.0688291 -0.00609824 0)
(0.0805196 -0.011915 0)
(0.0833533 -0.011614 0)
(0.0920242 -0.0130744 0)
(0.0991514 -0.0127572 0)
(0.107078 -0.0126619 0)
(0.114546 -0.0120786 0)
(0.121816 -0.0113339 0)
(0.128713 -0.0103749 0)
(0.135385 -0.00944948 0)
(0.141829 -0.00857768 0)
(0.147928 -0.00804499 0)
(0.154031 -0.00774195 0)
(0.159226 -0.00783263 0)
(0.16494 -0.00794477 0)
(0.16874 -0.00842507 0)
(0.174178 -0.00806707 0)
(0.176223 -0.00868873 0)
(0.182209 -0.0071187 0)
(0.190678 0.000157036 0)
(0.162333 -0.00514242 0)
(0.156819 -0.0120286 0)
(0.150858 -0.013112 0)
(0.151107 -0.0148029 0)
(0.152222 -0.0149563 0)
(0.154813 -0.0148959 0)
(0.15785 -0.0143502 0)
(0.161311 -0.0135779 0)
(0.164913 -0.0125886 0)
(0.168757 -0.011641 0)
(0.17272 -0.0107307 0)
(0.176687 -0.0101538 0)
(0.180869 -0.00975119 0)
(0.184441 -0.00973374 0)
(0.188543 -0.00967262 0)
(0.191154 -0.0099895 0)
(0.195041 -0.00949692 0)
(0.196405 -0.0099177 0)
(0.200638 -0.00844081 0)
(0.286018 0.0197585 0)
(0.251847 0.00539202 0)
(0.233982 -0.00576647 0)
(0.220163 -0.0101792 0)
(0.212469 -0.0132102 0)
(0.207514 -0.014461 0)
(0.204826 -0.0149486 0)
(0.203432 -0.0147819 0)
(0.2031 -0.0142584 0)
(0.203414 -0.013455 0)
(0.204401 -0.0126601 0)
(0.205836 -0.0118611 0)
(0.207582 -0.0113557 0)
(0.209732 -0.0109661 0)
(0.21158 -0.0109135 0)
(0.213953 -0.0107709 0)
(0.215316 -0.010967 0)
(0.217595 -0.0104156 0)
(0.218257 -0.0106698 0)
(0.220731 -0.00932376 0)
(0.332827 0.0315146 0)
(0.308766 0.0149496 0)
(0.290579 0.00220211 0)
(0.275013 -0.0047869 0)
(0.263574 -0.00931858 0)
(0.254963 -0.0118378 0)
(0.248734 -0.0131722 0)
(0.244142 -0.0136284 0)
(0.240954 -0.0135681 0)
(0.238725 -0.0131245 0)
(0.237433 -0.0126199 0)
(0.2368 -0.0120504 0)
(0.236683 -0.0117074 0)
(0.237073 -0.011423 0)
(0.237424 -0.0114015 0)
(0.238245 -0.0112597 0)
(0.238519 -0.0113875 0)
(0.239364 -0.0108458 0)
(0.239428 -0.0109814 0)
(0.240369 -0.00979331 0)
(0.345341 0.0366726 0)
(0.333402 0.0211258 0)
(0.320794 0.0086937 0)
(0.308251 0.000543163 0)
(0.297419 -0.00493539 0)
(0.288319 -0.00838762 0)
(0.280999 -0.0104832 0)
(0.275085 -0.0115683 0)
(0.270508 -0.0120237 0)
(0.266911 -0.0120049 0)
(0.264291 -0.0118468 0)
(0.262371 -0.0115628 0)
(0.26104 -0.0114227 0)
(0.260205 -0.0112951 0)
(0.259511 -0.0113426 0)
(0.259176 -0.01126 0)
(0.258671 -0.0113601 0)
(0.258431 -0.0108845 0)
(0.258072 -0.0109418 0)
(0.25787 -0.0099322 0)
(0.342354 0.037396 0)
(0.338636 0.0238789 0)
(0.331752 0.0126998 0)
(0.323401 0.00457217 0)
(0.31512 -0.00124311 0)
(0.30746 -0.00517013 0)
(0.300812 -0.00776092 0)
(0.295098 -0.00932054 0)
(0.290421 -0.0102076 0)
(0.286544 -0.0105725 0)
(0.283524 -0.0107351 0)
(0.281104 -0.0107275 0)
(0.279245 -0.0107813 0)
(0.277781 -0.0108176 0)
(0.27655 -0.0109416 0)
(0.275537 -0.0109434 0)
(0.274605 -0.0110404 0)
(0.273702 -0.010661 0)
(0.273113 -0.0106736 0)
(0.272212 -0.00984402 0)
(0.335384 0.0362237 0)
(0.335727 0.0246309 0)
(0.332612 0.0148169 0)
(0.327578 0.00720616 0)
(0.321876 0.00147703 0)
(0.31613 -0.00260779 0)
(0.310819 -0.00545982 0)
(0.306029 -0.00732351 0)
(0.301961 -0.00851924 0)
(0.298468 -0.00918212 0)
(0.295655 -0.00959889 0)
(0.293294 -0.00982077 0)
(0.291415 -0.0100312 0)
(0.2898 -0.0102078 0)
(0.288442 -0.0103961 0)
(0.287172 -0.0104799 0)
(0.286111 -0.0105842 0)
(0.284927 -0.0103054 0)
(0.284272 -0.0102975 0)
(0.283069 -0.00963159 0)
(0.329007 0.0345823 0)
(0.330847 0.0245348 0)
(0.329665 0.0158615 0)
(0.326676 0.00883898 0)
(0.32283 0.00337809 0)
(0.318662 -0.000708902 0)
(0.31463 -0.00367352 0)
(0.31086 -0.00571718 0)
(0.307583 -0.00711938 0)
(0.304699 -0.00800042 0)
(0.302346 -0.00860472 0)
(0.300308 -0.00900302 0)
(0.298671 -0.00932899 0)
(0.297186 -0.00961249 0)
(0.295945 -0.00984731 0)
(0.294701 -0.00999644 0)
(0.293704 -0.0101102 0)
(0.292515 -0.0099197 0)
(0.291899 -0.00990676 0)
(0.290683 -0.00937756 0)
(0.32408 0.0329493 0)
(0.326302 0.0241604 0)
(0.325977 0.0163903 0)
(0.324086 0.0099001 0)
(0.321375 0.00470363 0)
(0.318283 0.000694923 0)
(0.315206 -0.00230938 0)
(0.312257 -0.00446497 0)
(0.309668 -0.00600897 0)
(0.307354 -0.00705203 0)
(0.305468 -0.00779559 0)
(0.303803 -0.00832813 0)
(0.302473 -0.00873915 0)
(0.301226 -0.0091003 0)
(0.300194 -0.00936789 0)
(0.299115 -0.00956366 0)
(0.298268 -0.00968675 0)
(0.297224 -0.00956622 0)
(0.296697 -0.00955715 0)
(0.29563 -0.00913521 0)
(0.320261 0.0314285 0)
(0.322513 0.0237071 0)
(0.322577 0.0166773 0)
(0.321273 0.0106487 0)
(0.319234 0.00569228 0)
(0.316824 0.00178213 0)
(0.314387 -0.00123792 0)
(0.31202 -0.00347425 0)
(0.309937 -0.00512483 0)
(0.308064 -0.00629551 0)
(0.306549 -0.00714884 0)
(0.3052 -0.00778734 0)
(0.304139 -0.00826559 0)
(0.303128 -0.00868429 0)
(0.302301 -0.00897783 0)
(0.301423 -0.0092058 0)
(0.300738 -0.00933891 0)
(0.29989 -0.00927103 0)
(0.299462 -0.0092709 0)
(0.298602 -0.00893018 0)
(0.317141 0.0300299 0)
(0.319324 0.0232302 0)
(0.319609 0.0168347 0)
(0.318669 0.0112115 0)
(0.317062 0.00647616 0)
(0.315106 0.00265406 0)
(0.313101 -0.000368795 0)
(0.311139 -0.00266518 0)
(0.309412 -0.00440123 0)
(0.307854 -0.00567758 0)
(0.306604 -0.00662321 0)
(0.305492 -0.00734946 0)
(0.304628 -0.00788604 0)
(0.30381 -0.00835033 0)
(0.303146 -0.00866828 0)
(0.302449 -0.0089197 0)
(0.301901 -0.00906469 0)
(0.301241 -0.00903645 0)
(0.3009 -0.00904805 0)
(0.300241 -0.00876854 0)
(0.314478 0.0287568 0)
(0.316544 0.022747 0)
(0.316978 0.0169055 0)
(0.316308 0.0116441 0)
(0.315022 0.007114 0)
(0.313405 0.00337672 0)
(0.311723 0.000362048 0)
(0.310062 -0.00198256 0)
(0.308594 -0.00379065 0)
(0.307268 -0.00515682 0)
(0.306206 -0.00618311 0)
(0.305267 -0.00698449 0)
(0.304542 -0.00757475 0)
(0.303867 -0.00807788 0)
(0.303323 -0.00842107 0)
(0.302768 -0.00869167 0)
(0.302327 -0.00885076 0)
(0.301821 -0.00885358 0)
(0.301548 -0.00887825 0)
(0.301057 -0.00864588 0)
(0.312146 0.027617 0)
(0.314053 0.0222707 0)
(0.314582 0.0169116 0)
(0.31413 0.011973 0)
(0.31311 0.00763351 0)
(0.311776 0.00398099 0)
(0.310362 0.000983841 0)
(0.30895 -0.00139852 0)
(0.307692 -0.00326684 0)
(0.306552 -0.00470894 0)
(0.305636 -0.00580604 0)
(0.304831 -0.00667234 0)
(0.304209 -0.00731264 0)
(0.303643 -0.00785035 0)
(0.303186 -0.00821978 0)
(0.302742 -0.00850786 0)
(0.302382 -0.00868274 0)
(0.301995 -0.00871124 0)
(0.301776 -0.00874927 0)
(0.301413 -0.00855438 0)
(0.310069 0.0266163 0)
(0.311783 0.0218154 0)
(0.312359 0.0168703 0)
(0.31208 0.0122158 0)
(0.311289 0.00805081 0)
(0.310205 0.00448228 0)
(0.309031 0.00150619 0)
(0.307842 -0.000901465 0)
(0.306773 -0.0028178 0)
(0.3058 -0.00432266 0)
(0.305013 -0.00548102 0)
(0.304325 -0.00640302 0)
(0.30379 -0.00708922 0)
(0.303316 -0.00765812 0)
(0.302932 -0.0080538 0)
(0.302575 -0.00835854 0)
(0.302281 -0.00854986 0)
(0.301986 -0.00860039 0)
(0.301812 -0.00865122 0)
(0.301547 -0.00848673 0)
(0.308186 0.025756 0)
(0.309686 0.021394 0)
(0.310267 0.0167967 0)
(0.310123 0.0123873 0)
(0.309531 0.00837818 0)
(0.308673 0.00488958 0)
(0.307721 0.00193824 0)
(0.306744 -0.000485096 0)
(0.305856 -0.00243879 0)
(0.305046 -0.00399449 0)
(0.304385 -0.0052048 0)
(0.303812 -0.00617385 0)
(0.303364 -0.00690098 0)
(0.302976 -0.00749766 0)
(0.302661 -0.0079182 0)
(0.302381 -0.00823863 0)
(0.302147 -0.0084458 0)
(0.301927 -0.00851512 0)
(0.301791 -0.00857753 0)
(0.301602 -0.00843745 0)
(0.306447 0.0250335 0)
(0.307722 0.0210162 0)
(0.308276 0.0167038 0)
(0.308238 0.0125002 0)
(0.307819 0.00862586 0)
(0.30717 0.00521 0)
(0.306431 0.00228486 0)
(0.305662 -0.000147687 0)
(0.304958 -0.00212971 0)
(0.304314 -0.00372565 0)
(0.303788 -0.00497883 0)
(0.303334 -0.00598664 0)
(0.302981 -0.00674881 0)
(0.30268 -0.00736933 0)
(0.302437 -0.00781183 0)
(0.302227 -0.00814614 0)
(0.302051 -0.00836725 0)
(0.301892 -0.00845187 0)
(0.301792 -0.00852393 0)
(0.301658 -0.00840253 0)
(0.304804 0.0244433 0)
(0.305855 0.0206882 0)
(0.306366 0.0166012 0)
(0.306414 0.0125642 0)
(0.306157 0.00880147 0)
(0.30571 0.00544811 0)
(0.305184 0.00254743 0)
(0.304628 0.000110494 0)
(0.304117 -0.00189282 0)
(0.303647 -0.00351972 0)
(0.303266 -0.0048067 0)
(0.302938 -0.00584483 0)
(0.302685 -0.00663496 0)
(0.302472 -0.00727434 0)
(0.3023 -0.00773432 0)
(0.302154 -0.00807955 0)
(0.30203 -0.00831136 0)
(0.301919 -0.00840736 0)
(0.301849 -0.00848652 0)
(0.301754 -0.00837838 0)
(0.303224 0.0239762 0)
(0.304068 0.0204088 0)
(0.304539 0.01649 0)
(0.304677 0.0125802 0)
(0.304587 0.00890432 0)
(0.304352 0.00560125 0)
(0.304051 0.00272185 0)
(0.303716 0.00028506 0)
(0.303407 -0.00173238 0)
(0.303116 -0.00338042 0)
(0.302881 -0.00469082 0)
(0.302677 -0.00574956 0)
(0.30252 -0.00655889 0)
(0.302385 -0.00721069 0)
(0.302274 -0.00768216 0)
(0.302178 -0.00803428 0)
(0.302094 -0.00827254 0)
(0.302014 -0.00837603 0)
(0.301965 -0.00845922 0)
(0.301889 -0.00836058 0)
(0.301729 0.0236241 0)
(0.302416 0.0201593 0)
(0.302887 0.0163471 0)
(0.303146 0.0125251 0)
(0.30325 0.00891411 0)
(0.30324 0.00565313 0)
(0.303169 0.00279674 0)
(0.303051 0.000368825 0)
(0.30293 -0.0016509 0)
(0.302799 -0.00330637 0)
(0.30269 -0.00462699 0)
(0.302583 -0.00569476 0)
(0.302498 -0.00651322 0)
(0.302417 -0.00717015 0)
(0.302346 -0.00764659 0)
(0.302277 -0.00800143 0)
(0.302215 -0.0082417 0)
(0.302147 -0.0083497 0)
(0.302105 -0.00843367 0)
(0.302031 -0.00834328 0)
(0.300534 0.0232795 0)
(0.301176 0.0198912 0)
(0.30172 0.0161489 0)
(0.302132 0.0123889 0)
(0.302425 0.00883107 0)
(0.302607 0.00561105 0)
(0.302714 0.00278426 0)
(0.30275 0.000373642 0)
(0.302751 -0.0016331 0)
(0.302716 -0.0032822 0)
(0.302675 -0.00460135 0)
(0.302618 -0.00566887 0)
(0.302564 -0.00648873 0)
(0.302503 -0.00714582 0)
(0.302444 -0.0076228 0)
(0.302381 -0.00797788 0)
(0.302322 -0.00821742 0)
(0.302252 -0.00832788 0)
(0.302209 -0.00841067 0)
(0.30213 -0.00832613 0)
(0.213009 0.084039 0)
(0.179536 0.0615331 0)
(0.146671 0.0437067 0)
(0.123011 0.0296593 0)
(0.10577 0.0188807 0)
(0.092442 0.0109752 0)
(0.0822585 0.00533537 0)
(0.0748389 0.00129029 0)
(0.0695236 -0.00170894 0)
(0.0658045 -0.00388102 0)
(0.314241 0.105979 0)
(0.309507 0.0921495 0)
(0.297866 0.0798794 0)
(0.284882 0.0683387 0)
(0.27216 0.0573163 0)
(0.259636 0.0470583 0)
(0.247354 0.0377434 0)
(0.235618 0.0293816 0)
(0.22472 0.0218545 0)
(0.214297 0.0150485 0)
(0.336141 0.106294 0)
(0.342078 0.0992818 0)
(0.342205 0.0918355 0)
(0.339667 0.0841029 0)
(0.336142 0.076159 0)
(0.331841 0.0682064 0)
(0.326696 0.0604476 0)
(0.320792 0.0529992 0)
(0.314417 0.0459432 0)
(0.307478 0.0391711 0)
(0.329763 0.0931148 0)
(0.338058 0.0895615 0)
(0.342301 0.0852594 0)
(0.344606 0.0805432 0)
(0.34615 0.0755066 0)
(0.347018 0.0702291 0)
(0.347037 0.0648217 0)
(0.346173 0.0593941 0)
(0.344539 0.0540339 0)
(0.342268 0.0488422 0)
(0.318727 0.079091 0)
(0.32627 0.0771114 0)
(0.331083 0.0745685 0)
(0.334664 0.0717084 0)
(0.337837 0.0685757 0)
(0.340618 0.0651897 0)
(0.342828 0.0616026 0)
(0.344399 0.0578971 0)
(0.345349 0.0541082 0)
(0.345795 0.0504435 0)
(0.311305 0.0676933 0)
(0.317264 0.0664531 0)
(0.321369 0.0648051 0)
(0.324668 0.0629217 0)
(0.327767 0.0608241 0)
(0.330681 0.0585158 0)
(0.33327 0.0560244 0)
(0.335464 0.053407 0)
(0.337259 0.0506713 0)
(0.338698 0.0480128 0)
(0.307655 0.0590219 0)
(0.312158 0.0581709 0)
(0.315396 0.0570006 0)
(0.318072 0.0556443 0)
(0.320634 0.0541182 0)
(0.323107 0.052423 0)
(0.325394 0.0505754 0)
(0.327438 0.0486144 0)
(0.329235 0.0465411 0)
(0.330787 0.0445029 0)
(0.306001 0.052366 0)
(0.309407 0.0517645 0)
(0.311963 0.050902 0)
(0.314114 0.049883 0)
(0.316178 0.0487226 0)
(0.318185 0.0474209 0)
(0.320072 0.0459894 0)
(0.321795 0.0444548 0)
(0.323353 0.0428189 0)
(0.324737 0.0411864 0)
(0.305112 0.0470897 0)
(0.30772 0.0466646 0)
(0.309773 0.0460243 0)
(0.311539 0.0452479 0)
(0.313231 0.0443495 0)
(0.314876 0.0433295 0)
(0.316433 0.042196 0)
(0.317872 0.0409682 0)
(0.319189 0.0396486 0)
(0.320378 0.0383117 0)
(0.304488 0.0428273 0)
(0.306501 0.0425229 0)
(0.308166 0.0420424 0)
(0.309634 0.0414432 0)
(0.311042 0.0407377 0)
(0.312409 0.0399269 0)
(0.313709 0.0390168 0)
(0.314921 0.0380213 0)
(0.316042 0.0369431 0)
(0.317064 0.0358358 0)
(0.303974 0.0393733 0)
(0.305534 0.0391441 0)
(0.306884 0.0387729 0)
(0.308105 0.0382993 0)
(0.309279 0.0377333 0)
(0.31042 0.0370765 0)
(0.31151 0.0363336 0)
(0.312535 0.0355144 0)
(0.313491 0.0346215 0)
(0.314371 0.0336937 0)
(0.303514 0.0365795 0)
(0.304726 0.0363933 0)
(0.305818 0.0360933 0)
(0.306827 0.0357058 0)
(0.307802 0.0352384 0)
(0.30875 0.034693 0)
(0.309661 0.0340733 0)
(0.310524 0.0333864 0)
(0.311335 0.0326343 0)
(0.312089 0.0318454 0)
(0.303074 0.0343268 0)
(0.304019 0.0341624 0)
(0.304897 0.0339072 0)
(0.305725 0.0335773 0)
(0.306528 0.0331785 0)
(0.307311 0.0327127 0)
(0.308067 0.0321827 0)
(0.308787 0.0315939 0)
(0.30947 0.0309478 0)
(0.310108 0.0302652 0)
(0.302628 0.0325189 0)
(0.303367 0.0323636 0)
(0.30407 0.032135 0)
(0.304741 0.0318427 0)
(0.305397 0.0314909 0)
(0.306037 0.0310813 0)
(0.306657 0.0306163 0)
(0.307253 0.0300995 0)
(0.30782 0.0295325 0)
(0.308354 0.0289305 0)
(0.30216 0.0310795 0)
(0.302737 0.0309257 0)
(0.303293 0.0307117 0)
(0.303831 0.0304432 0)
(0.304358 0.030123 0)
(0.304875 0.0297526 0)
(0.305378 0.0293338 0)
(0.305863 0.0288696 0)
(0.306327 0.0283609 0)
(0.306767 0.0278194 0)
(0.301659 0.029949 0)
(0.302104 0.0297923 0)
(0.302537 0.0295852 0)
(0.302959 0.0293309 0)
(0.303375 0.0290313 0)
(0.303784 0.0286877 0)
(0.304183 0.0283014 0)
(0.30457 0.0278747 0)
(0.304942 0.0274084 0)
(0.305297 0.0269114 0)
(0.301111 0.0290823 0)
(0.301446 0.0289202 0)
(0.301773 0.0287146 0)
(0.302095 0.0284677 0)
(0.302413 0.0281807 0)
(0.302726 0.0278545 0)
(0.303034 0.0274901 0)
(0.303333 0.0270894 0)
(0.303622 0.0266529 0)
(0.303899 0.0261879 0)
(0.300502 0.0284444 0)
(0.30074 0.0282772 0)
(0.300975 0.0280707 0)
(0.301208 0.0278264 0)
(0.30144 0.0275455 0)
(0.30167 0.0272288 0)
(0.301896 0.0268772 0)
(0.302117 0.0264922 0)
(0.302333 0.0260744 0)
(0.302541 0.0256296 0)
(0.299828 0.0279978 0)
(0.299983 0.0278284 0)
(0.300138 0.0276233 0)
(0.300293 0.0273825 0)
(0.30045 0.0271066 0)
(0.300608 0.0267968 0)
(0.300765 0.0264539 0)
(0.30092 0.0260792 0)
(0.301074 0.0256731 0)
(0.301225 0.0252412 0)
(0.2992 0.0276989 0)
(0.299305 0.0275093 0)
(0.299406 0.0272857 0)
(0.299506 0.0270303 0)
(0.29961 0.0267434 0)
(0.299717 0.0264253 0)
(0.299827 0.0260766 0)
(0.299938 0.0256984 0)
(0.300049 0.0252914 0)
(0.300157 0.0248601 0)
(0.300289 0.000137651 0)
(0.299536 0.000297452 0)
(0.300185 0.000626332 0)
(0.298865 0.000756434 0)
(0.29975 0.00116087 0)
(0.29767 0.00127064 0)
(0.298955 0.00180383 0)
(0.295762 0.00188898 0)
(0.297686 0.00261151 0)
(0.292841 0.00268392 0)
(0.295722 0.00366819 0)
(0.288382 0.0038262 0)
(0.29259 0.00511832 0)
(0.281385 0.00584036 0)
(0.287106 0.00732742 0)
(0.269623 0.010807 0)
(0.27579 0.0117715 0)
(0.247923 0.0302594 0)
(0.247033 0.0269288 0)
(0.26036 0.180667 0)
(0.300239 0.000152689 0)
(0.299615 0.000353899 0)
(0.300104 0.000697929 0)
(0.298998 0.000891622 0)
(0.299623 0.00129924 0)
(0.297901 0.00150992 0)
(0.298749 0.00201803 0)
(0.296161 0.00228039 0)
(0.297341 0.00291626 0)
(0.29353 0.00331886 0)
(0.295128 0.00408272 0)
(0.289602 0.00488506 0)
(0.291548 0.0056748 0)
(0.283689 0.00771404 0)
(0.285246 0.00810106 0)
(0.274699 0.0144812 0)
(0.272414 0.0127481 0)
(0.263588 0.0385047 0)
(0.243757 0.0230468 0)
(0.293332 0.158409 0)
(0.300184 0.000162907 0)
(0.2997 0.000415286 0)
(0.300017 0.000760065 0)
(0.299145 0.00103362 0)
(0.299487 0.00142153 0)
(0.298155 0.00175999 0)
(0.298533 0.00220603 0)
(0.296597 0.00268897 0)
(0.296983 0.00317858 0)
(0.294282 0.00398019 0)
(0.294519 0.0044259 0)
(0.290932 0.00598218 0)
(0.290489 0.00609385 0)
(0.286188 0.00963871 0)
(0.28343 0.00852613 0)
(0.279947 0.0181516 0)
(0.270038 0.0126537 0)
(0.275733 0.0447342 0)
(0.249654 0.0203217 0)
(0.292429 0.126881 0)
(0.300129 0.000168925 0)
(0.299784 0.000479141 0)
(0.299932 0.000815668 0)
(0.299289 0.00117805 0)
(0.299361 0.00153241 0)
(0.298404 0.00201302 0)
(0.298343 0.00237596 0)
(0.297018 0.00310127 0)
(0.296686 0.00341255 0)
(0.294992 0.00464446 0)
(0.294047 0.00472297 0)
(0.292142 0.00707185 0)
(0.289772 0.00643219 0)
(0.288306 0.0114903 0)
(0.282613 0.00881395 0)
(0.283738 0.0212984 0)
(0.270992 0.012662 0)
(0.281343 0.0473296 0)
(0.262844 0.0214089 0)
(0.284646 0.10087 0)
(0.300079 0.000171278 0)
(0.299857 0.000544631 0)
(0.299859 0.000865221 0)
(0.299418 0.00132297 0)
(0.299263 0.00163316 0)
(0.298623 0.00226491 0)
(0.29821 0.00253126 0)
(0.297382 0.00350843 0)
(0.296506 0.00362708 0)
(0.29558 0.0052912 0)
(0.293823 0.00499809 0)
(0.293074 0.00810135 0)
(0.289606 0.00676144 0)
(0.289749 0.0131162 0)
(0.283081 0.00920101 0)
(0.28579 0.0234965 0)
(0.274547 0.013417 0)
(0.282687 0.0466512 0)
(0.275484 0.0245004 0)
(0.281478 0.0824303 0)
(0.300038 0.000171277 0)
(0.299915 0.000609793 0)
(0.299805 0.000910578 0)
(0.299522 0.00146469 0)
(0.299202 0.00172743 0)
(0.2988 0.00250856 0)
(0.29815 0.00267937 0)
(0.297667 0.00389652 0)
(0.296466 0.00383795 0)
(0.296016 0.00589189 0)
(0.293871 0.00528597 0)
(0.293703 0.00901 0)
(0.289969 0.00715994 0)
(0.290579 0.0143939 0)
(0.284488 0.00984167 0)
(0.28669 0.0246766 0)
(0.27892 0.0147567 0)
(0.282832 0.0444046 0)
(0.284013 0.0274217 0)
(0.283444 0.0693476 0)
(0.300007 0.000170327 0)
(0.299956 0.000672329 0)
(0.299772 0.000954007 0)
(0.299599 0.00159913 0)
(0.299181 0.00181934 0)
(0.298933 0.00273665 0)
(0.298161 0.0028279 0)
(0.297877 0.00425242 0)
(0.296555 0.00405924 0)
(0.29632 0.00642328 0)
(0.294143 0.00561184 0)
(0.294105 0.00976017 0)
(0.290686 0.00766548 0)
(0.291056 0.0152951 0)
(0.286275 0.0107191 0)
(0.287185 0.0250741 0)
(0.28284 0.0163328 0)
(0.283469 0.0417637 0)
(0.288869 0.0294779 0)
(0.28745 0.0599322 0)
(0.299987 0.000169616 0)
(0.299981 0.000730308 0)
(0.299757 0.000997321 0)
(0.299653 0.00172302 0)
(0.299193 0.00191189 0)
(0.299029 0.00294379 0)
(0.298231 0.00298162 0)
(0.29803 0.00456779 0)
(0.296739 0.0042979 0)
(0.296539 0.00687452 0)
(0.294553 0.0059825 0)
(0.294394 0.0103479 0)
(0.291555 0.00826476 0)
(0.291433 0.0158795 0)
(0.288029 0.011718 0)
(0.287766 0.0250145 0)
(0.285891 0.0178758 0)
(0.284883 0.0392265 0)
(0.291574 0.0306739 0)
(0.291293 0.0528665 0)
(0.299975 0.000169991 0)
(0.299994 0.000782412 0)
(0.299758 0.00104156 0)
(0.299689 0.00183431 0)
(0.299231 0.00200643 0)
(0.299101 0.00312714 0)
(0.298341 0.00314183 0)
(0.298152 0.00483981 0)
(0.296979 0.00455346 0)
(0.296725 0.00724682 0)
(0.295024 0.00638849 0)
(0.294667 0.0107946 0)
(0.292432 0.00891598 0)
(0.291865 0.016238 0)
(0.289568 0.0127349 0)
(0.288589 0.024723 0)
(0.288173 0.0192406 0)
(0.286736 0.0369217 0)
(0.293265 0.0312362 0)
(0.294263 0.0473433 0)
(0.29997 0.000171899 0)
(0.299998 0.000827968 0)
(0.299769 0.00108697 0)
(0.299714 0.00193215 0)
(0.299286 0.00210274 0)
(0.299161 0.00328618 0)
(0.298474 0.00330688 0)
(0.298264 0.00507004 0)
(0.297243 0.00481994 0)
(0.296913 0.00754927 0)
(0.295504 0.006812 0)
(0.294976 0.0111309 0)
(0.293253 0.00957768 0)
(0.292402 0.0164463 0)
(0.290876 0.0137044 0)
(0.289609 0.0243231 0)
(0.28993 0.0203794 0)
(0.288659 0.0348622 0)
(0.294493 0.0313719 0)
(0.296392 0.04296 0)
(0.299969 0.00017542 0)
(0.299997 0.000866871 0)
(0.299787 0.0011331 0)
(0.299734 0.00201664 0)
(0.299349 0.00219945 0)
(0.299219 0.00342208 0)
(0.298616 0.00347319 0)
(0.298382 0.00526268 0)
(0.297512 0.00508884 0)
(0.297124 0.00779358 0)
(0.295968 0.00723513 0)
(0.295338 0.0113839 0)
(0.294004 0.0102194 0)
(0.293033 0.0165567 0)
(0.292002 0.0145909 0)
(0.290721 0.0238804 0)
(0.291365 0.0212956 0)
(0.290448 0.0330472 0)
(0.295464 0.0312218 0)
(0.297874 0.0394815 0)
(0.299971 0.000180351 0)
(0.299995 0.00089943 0)
(0.299807 0.00117903 0)
(0.299754 0.00208858 0)
(0.299416 0.00229449 0)
(0.299281 0.00353689 0)
(0.298761 0.00363639 0)
(0.298512 0.0054227 0)
(0.297778 0.00535171 0)
(0.297361 0.00799051 0)
(0.296413 0.00764342 0)
(0.295747 0.0115746 0)
(0.294698 0.0108214 0)
(0.293722 0.0166036 0)
(0.293004 0.0153788 0)
(0.291841 0.0234341 0)
(0.292593 0.0220117 0)
(0.292029 0.0314771 0)
(0.296249 0.0308818 0)
(0.298875 0.0367214 0)
(0.299974 0.000186313 0)
(0.299992 0.000926201 0)
(0.299829 0.00122363 0)
(0.299775 0.00214904 0)
(0.299484 0.00238557 0)
(0.299348 0.00363291 0)
(0.298905 0.00379225 0)
(0.298656 0.0055547 0)
(0.298039 0.00560135 0)
(0.297623 0.00814883 0)
(0.296841 0.00802615 0)
(0.29619 0.0117183 0)
(0.295352 0.0113713 0)
(0.294438 0.0166104 0)
(0.293923 0.0160634 0)
(0.292924 0.0230111 0)
(0.293673 0.0225546 0)
(0.293398 0.0301487 0)
(0.296885 0.0304234 0)
(0.29951 0.0345286 0)
(0.299977 0.000192846 0)
(0.29999 0.00094784 0)
(0.299852 0.00126569 0)
(0.299799 0.00219917 0)
(0.299552 0.0024705 0)
(0.299422 0.00371229 0)
(0.299049 0.00393702 0)
(0.298811 0.00566263 0)
(0.298297 0.00583194 0)
(0.297903 0.00827544 0)
(0.297259 0.00837562 0)
(0.296655 0.0118264 0)
(0.295981 0.0118621 0)
(0.29516 0.0165942 0)
(0.294783 0.0166463 0)
(0.29395 0.0226305 0)
(0.294635 0.0229518 0)
(0.294571 0.0290517 0)
(0.297399 0.0299052 0)
(0.299868 0.0327873 0)
(0.29998 0.000199478 0)
(0.299989 0.000965003 0)
(0.299874 0.00130409 0)
(0.299826 0.00224004 0)
(0.29962 0.00254729 0)
(0.299501 0.00377691 0)
(0.299192 0.00406749 0)
(0.298976 0.00574974 0)
(0.298553 0.00603885 0)
(0.298197 0.00837575 0)
(0.297672 0.00868626 0)
(0.297132 0.0119075 0)
(0.296592 0.0122899 0)
(0.295876 0.0165676 0)
(0.295595 0.0171325 0)
(0.294913 0.0223051 0)
(0.2955 0.0232312 0)
(0.29557 0.0281694 0)
(0.297812 0.0293771 0)
(0.300016 0.0314118 0)
(0.299984 0.000205768 0)
(0.299989 0.000978296 0)
(0.299897 0.0013378 0)
(0.299854 0.00227259 0)
(0.299688 0.00261422 0)
(0.299584 0.00382837 0)
(0.299336 0.00418098 0)
(0.299148 0.00581872 0)
(0.298808 0.00621836 0)
(0.298499 0.00845413 0)
(0.298079 0.00895398 0)
(0.297614 0.0119684 0)
(0.297186 0.0126528 0)
(0.296579 0.0165399 0)
(0.296364 0.017529 0)
(0.295814 0.0220415 0)
(0.296281 0.0234203 0)
(0.296415 0.0274816 0)
(0.298139 0.0288809 0)
(0.300006 0.0303386 0)
(0.299987 0.000211334 0)
(0.299991 0.000988255 0)
(0.29992 0.00136597 0)
(0.299884 0.00229765 0)
(0.299756 0.00266987 0)
(0.29967 0.00386811 0)
(0.299479 0.00427536 0)
(0.299323 0.00587192 0)
(0.299061 0.00636764 0)
(0.298804 0.00851437 0)
(0.29848 0.00917584 0)
(0.298092 0.0120148 0)
(0.297761 0.0129502 0)
(0.29726 0.0165182 0)
(0.297089 0.0178437 0)
(0.296647 0.0218422 0)
(0.296983 0.0235456 0)
(0.297119 0.0269674 0)
(0.298384 0.0284497 0)
(0.299869 0.0295209 0)
(0.299991 0.000215843 0)
(0.299993 0.000995329 0)
(0.299942 0.00138795 0)
(0.299915 0.00231607 0)
(0.299824 0.00271341 0)
(0.299757 0.00389775 0)
(0.29962 0.00434961 0)
(0.299496 0.00591222 0)
(0.299307 0.00648556 0)
(0.299101 0.008561 0)
(0.298864 0.00935127 0)
(0.298553 0.012053 0)
(0.298305 0.0131842 0)
(0.297901 0.0165095 0)
(0.297756 0.0180868 0)
(0.297398 0.0217089 0)
(0.297597 0.0236317 0)
(0.297684 0.0266085 0)
(0.298535 0.0281088 0)
(0.299617 0.0289194 0)
(0.299994 0.00021903 0)
(0.299996 0.000999808 0)
(0.299964 0.00140349 0)
(0.299946 0.00232872 0)
(0.299887 0.00274501 0)
(0.299839 0.0039193 0)
(0.299749 0.00440463 0)
(0.299655 0.00594325 0)
(0.299529 0.00657416 0)
(0.299369 0.00859984 0)
(0.299208 0.00948424 0)
(0.298962 0.0120914 0)
(0.298783 0.0133626 0)
(0.29846 0.0165235 0)
(0.298326 0.0182737 0)
(0.298024 0.0216467 0)
(0.298085 0.0237042 0)
(0.298085 0.0263934 0)
(0.298563 0.0278757 0)
(0.299251 0.0285025 0)
(0.299996 0.000220763 0)
(0.3 0.00100189 0)
(0.299981 0.00141238 0)
(0.299971 0.00233588 0)
(0.299935 0.00276428 0)
(0.2999 0.00393294 0)
(0.299844 0.00443971 0)
(0.299771 0.00596483 0)
(0.299689 0.00663231 0)
(0.29956 0.00863001 0)
(0.29945 0.00957347 0)
(0.299248 0.0121278 0)
(0.299114 0.0134853 0)
(0.298841 0.0165556 0)
(0.298706 0.018408 0)
(0.298427 0.0216462 0)
(0.298369 0.023773 0)
(0.298274 0.0263059 0)
(0.298456 0.0277518 0)
(0.298821 0.0282719 0)
(0.300315 -1.02329e-05 0)
(0.299495 0.000188383 0)
(0.300222 8.84654e-05 0)
(0.29878 0.000360494 0)
(0.299791 0.000189725 0)
(0.297506 0.000553851 0)
(0.299016 0.000258872 0)
(0.295474 0.00074122 0)
(0.297806 0.000263324 0)
(0.29235 0.000874733 0)
(0.295985 0.000138302 0)
(0.287555 0.000811264 0)
(0.293134 -0.000233368 0)
(0.279952 8.10395e-05 0)
(0.288085 -0.00116417 0)
(0.267029 -0.00314275 0)
(0.276873 -0.00388966 0)
(0.24154 -0.0187861 0)
(0.240905 -0.0232452 0)
(0.177513 -0.129753 0)
(0.300329 3.13849e-06 0)
(0.299473 0.000199283 0)
(0.300244 0.000139234 0)
(0.298746 0.000399329 0)
(0.299831 0.000280778 0)
(0.29745 0.000623194 0)
(0.299083 0.000403585 0)
(0.295379 0.000851195 0)
(0.297913 0.000483844 0)
(0.292187 0.00104555 0)
(0.296151 0.000476965 0)
(0.287277 0.00109024 0)
(0.293372 0.000271264 0)
(0.279481 0.000592656 0)
(0.288318 -0.000359491 0)
(0.266232 -0.001933 0)
(0.27636 -0.00242596 0)
(0.239761 -0.0148786 0)
(0.231934 -0.0179226 0)
(0.165961 -0.0981688 0)
(0.30034 1.73319e-05 0)
(0.299455 0.000208485 0)
(0.300262 0.000191818 0)
(0.29872 0.000435196 0)
(0.299863 0.000375129 0)
(0.297408 0.000687809 0)
(0.299135 0.000553731 0)
(0.295308 0.000953659 0)
(0.297998 0.000712693 0)
(0.292066 0.00120527 0)
(0.296279 0.000821556 0)
(0.287071 0.0013531 0)
(0.293546 0.000796451 0)
(0.279149 0.00109591 0)
(0.288447 0.00048638 0)
(0.265745 -0.000701192 0)
(0.275664 -0.000862971 0)
(0.239095 -0.0103787 0)
(0.223959 -0.0122586 0)
(0.159786 -0.0675566 0)
(0.300347 3.18359e-05 0)
(0.299443 0.000217606 0)
(0.300275 0.000244271 0)
(0.298703 0.000470709 0)
(0.299886 0.000469559 0)
(0.29738 0.000752084 0)
(0.299174 0.000704115 0)
(0.295262 0.00105588 0)
(0.298058 0.000941918 0)
(0.291988 0.00136522 0)
(0.296368 0.00116612 0)
(0.28694 0.00161924 0)
(0.29366 0.0013236 0)
(0.278945 0.00161455 0)
(0.288501 0.00131985 0)
(0.265494 0.00060937 0)
(0.275021 0.000665264 0)
(0.23892 -0.00535826 0)
(0.218249 -0.00655764 0)
(0.156097 -0.0382631 0)
(0.300351 4.65853e-05 0)
(0.299437 0.000226584 0)
(0.300282 0.000296768 0)
(0.298694 0.000505894 0)
(0.299899 0.000564149 0)
(0.297368 0.000815973 0)
(0.299196 0.00085485 0)
(0.295242 0.00115773 0)
(0.298093 0.00117181 0)
(0.291954 0.00152509 0)
(0.296417 0.00151236 0)
(0.286883 0.00188721 0)
(0.293715 0.00185151 0)
(0.27886 0.00214222 0)
(0.288507 0.00214859 0)
(0.265411 0.00197522 0)
(0.274613 0.00217116 0)
(0.238899 -5.42278e-05 0)
(0.215364 -0.000605006 0)
(0.154362 -0.00960924 0)
(0.300351 6.14464e-05 0)
(0.299437 0.000235426 0)
(0.300283 0.00034927 0)
(0.298695 0.000540779 0)
(0.299903 0.000658762 0)
(0.297372 0.000879487 0)
(0.299202 0.00100568 0)
(0.295248 0.00125917 0)
(0.298101 0.00140191 0)
(0.291965 0.00168474 0)
(0.296424 0.00185913 0)
(0.2869 0.00215583 0)
(0.293714 0.00237908 0)
(0.278891 0.00267381 0)
(0.288481 0.00297526 0)
(0.265459 0.00336118 0)
(0.274533 0.00367452 0)
(0.238893 0.00532897 0)
(0.21549 0.00545641 0)
(0.15445 0.0188698 0)
(0.300348 7.62363e-05 0)
(0.299442 0.000244299 0)
(0.300278 0.000401528 0)
(0.298706 0.000575617 0)
(0.299896 0.000752946 0)
(0.297391 0.00094302 0)
(0.299192 0.00115583 0)
(0.295282 0.00136082 0)
(0.298083 0.00163094 0)
(0.292022 0.00184502 0)
(0.29639 0.00220431 0)
(0.286993 0.00242557 0)
(0.293655 0.00290435 0)
(0.279035 0.00320595 0)
(0.288422 0.00380113 0)
(0.265638 0.00473546 0)
(0.274776 0.00518989 0)
(0.238913 0.0106008 0)
(0.218579 0.0113976 0)
(0.156343 0.0475907 0)
(0.300341 9.08173e-05 0)
(0.299453 0.000253283 0)
(0.300267 0.000453418 0)
(0.298725 0.000610534 0)
(0.29988 0.000846435 0)
(0.297426 0.00100675 0)
(0.299166 0.00130487 0)
(0.295343 0.00146294 0)
(0.298039 0.00185821 0)
(0.292125 0.0020061 0)
(0.296315 0.00254696 0)
(0.287162 0.00269586 0)
(0.293538 0.00342686 0)
(0.279301 0.00373348 0)
(0.288314 0.00462974 0)
(0.265987 0.00606652 0)
(0.275241 0.00673237 0)
(0.239124 0.0155649 0)
(0.224322 0.0170756 0)
(0.160126 0.0770074 0)
(0.300331 0.000105089 0)
(0.29947 0.000262432 0)
(0.30025 0.000504828 0)
(0.298754 0.000645666 0)
(0.299855 0.000938965 0)
(0.297476 0.00107088 0)
(0.299125 0.00145233 0)
(0.295429 0.00156581 0)
(0.29797 0.00208299 0)
(0.292271 0.00216829 0)
(0.296199 0.00288593 0)
(0.287406 0.00296656 0)
(0.293358 0.00394509 0)
(0.279699 0.00425342 0)
(0.288127 0.0054599 0)
(0.266576 0.00733409 0)
(0.275738 0.00830054 0)
(0.239889 0.0200281 0)
(0.231933 0.0225338 0)
(0.166253 0.107403 0)
(0.300317 0.000118545 0)
(0.299491 0.000272897 0)
(0.300229 0.000554101 0)
(0.298791 0.000682916 0)
(0.29982 0.00102794 0)
(0.29754 0.00113856 0)
(0.299069 0.00159385 0)
(0.29554 0.00167475 0)
(0.297877 0.00229777 0)
(0.29246 0.0023407 0)
(0.296043 0.00320807 0)
(0.287726 0.00325347 0)
(0.293112 0.00443534 0)
(0.280239 0.00479273 0)
(0.28783 0.0062469 0)
(0.267483 0.00857894 0)
(0.276025 0.00979081 0)
(0.241801 0.0239591 0)
(0.239651 0.0271994 0)
(0.177659 0.137106 0)
)
;

boundaryField
{
    inlet
    {
        type            fixedValue;
        value           uniform (0.3 0 0);
    }
    outlet
    {
        type            zeroGradient;
    }
    upAndBottom
    {
        type            empty;
    }
    obstacle
    {
        type            noSlip;
    }
}


// ************************************************************************* //
