/*--------------------------------*- C++ -*----------------------------------*\
| =========                 |                                                 |
| \\      /  F ield         | OpenFOAM: The Open Source CFD Toolbox           |
|  \\    /   O peration     | Version:  v1806                                 |
|   \\  /    A nd           | Web:      www.OpenFOAM.com                      |
|    \\/     M anipulation  |                                                 |
\*---------------------------------------------------------------------------*/
FoamFile
{
    version     2.0;
    format      ascii;
    class       surfaceScalarField;
    location    "30";
    object      phi;
}
// * * * * * * * * * * * * * * * * * * * * * * * * * * * * * * * * * * * * * //

dimensions      [0 3 -1 0 0 0 0];
oriented        oriented;


internalField   nonuniform List<scalar> 
4680
(
0.0749998
-0.000441758
0.0749991
-0.00133789
0.0749979
-0.00224793
0.0749961
-0.00317347
0.0749938
-0.00411628
0.0749909
-0.0050784
0.0749876
-0.0060603
0.0749841
-0.00706131
0.0749805
-0.00808288
0.0749769
-0.00912807
0.0749733
-0.0101995
0.0749699
-0.011288
0.0749666
-0.012393
0.0749631
-0.0135159
0.0749571
-0.0146675
0.0749462
-0.0158789
0.0749295
-0.017074
0.074901
-0.0183097
0.0748583
-0.0195468
-0.0207184
0.0747972
0.0749995
-0.000441232
0.0749978
-0.00133622
0.074995
-0.00224518
0.0749913
-0.00316975
0.0749869
-0.00411182
0.0749819
-0.00507346
0.0749769
-0.00605526
0.0749723
-0.0070567
0.0749685
-0.00807915
0.074966
-0.0091255
0.0749647
-0.0101982
0.0749652
-0.0112885
0.0749675
-0.0123953
0.0749711
-0.0135195
0.0749739
-0.0146702
0.0749715
-0.0158765
0.074963
-0.0170655
0.0749409
-0.0182876
0.0749034
-0.0195094
-0.0206564
0.0748415
0.0749991
-0.000440301
0.0749962
-0.00133334
0.0749914
-0.00224041
0.0749851
-0.00316341
0.0749776
-0.00410431
0.0749694
-0.00506532
0.0749614
-0.00604722
0.0749543
-0.00704966
0.0749491
-0.00807393
0.0749464
-0.00912277
0.0749466
-0.0101984
0.0749505
-0.0112924
0.0749583
-0.0124031
0.0749696
-0.0135308
0.0749819
-0.0146825
0.0749905
-0.0158851
0.0749939
-0.0170688
0.0749839
-0.0182777
0.0749564
-0.0194819
-0.0206036
0.0749036
0.0749986
-0.000438871
0.0749942
-0.00132892
0.0749869
-0.00223313
0.0749772
-0.0031537
0.0749657
-0.00409281
0.0749532
-0.00505288
0.0749409
-0.00603489
0.07493
-0.00703878
0.0749219
-0.00806578
0.0749176
-0.00911853
0.0749181
-0.0101989
0.0749246
-0.0112989
0.0749376
-0.0124161
0.0749568
-0.01355
0.0749801
-0.0147059
0.0750024
-0.0159073
0.0750215
-0.017088
0.0750289
-0.018285
0.0750191
-0.0194721
-0.02057
0.0749855
0.0749979
-0.000436797
0.0749916
-0.00132255
0.074981
-0.00222262
0.074967
-0.00313964
0.0749503
-0.00407608
0.074932
-0.00503465
0.0749137
-0.0060166
0.0748972
-0.00702225
0.0748842
-0.00805279
0.0748766
-0.00911093
0.0748758
-0.0101981
0.0748836
-0.0113067
0.0749011
-0.0124336
0.0749285
-0.0135775
0.0749641
-0.0147415
0.0750027
-0.0159459
0.0750421
-0.0171274
0.0750731
-0.018316
0.0750893
-0.0194882
-0.0205648
0.075084
0.0749971
-0.000433889
0.0749882
-0.00131366
0.0749735
-0.00220795
0.0749539
-0.00311996
0.0749303
-0.00405248
0.0749043
-0.00500868
0.0748778
-0.00599009
0.0748531
-0.00699761
0.0748327
-0.00803237
0.0748192
-0.00909743
0.0748147
-0.0101936
0.074822
-0.0113141
0.0748427
-0.0124543
0.0748782
-0.013613
0.0749273
-0.0147905
0.0749851
-0.0160038
0.0750495
-0.0171918
0.0751106
-0.0183771
0.0751615
-0.0195391
-0.0205982
0.0751949
0.074996
-0.000429914
0.0749839
-0.00130155
0.0749639
-0.00218798
0.074937
-0.00309304
0.0749045
-0.00401997
0.0748683
-0.00497249
0.0748307
-0.0059525
0.0747948
-0.00696169
0.0747635
-0.00800111
0.0747407
-0.00907461
0.0747291
-0.010182
0.0747332
-0.0113181
0.0747549
-0.012476
0.0747978
-0.0136558
0.0748608
-0.0148535
0.0749407
-0.0160837
0.0750348
-0.0172859
0.0751334
-0.0184756
0.0752288
-0.0196344
-0.0206812
0.0753117
0.0749947
-0.000424595
0.0749785
-0.0012854
0.0749519
-0.00216131
0.0749158
-0.00305695
0.0748718
-0.00397604
0.0748224
-0.00492304
0.0747701
-0.00590023
0.0747189
-0.00691045
0.0746723
-0.00795456
0.0746356
-0.00903791
0.0746124
-0.0101587
0.0746091
-0.0113148
0.0746284
-0.0124954
0.074677
-0.0137044
0.0747534
-0.0149299
0.0748582
-0.0161886
0.0749867
-0.0174144
0.0751312
-0.0186201
0.0752821
-0.0197853
-0.0208264
0.0754274
0.074993
-0.000417613
0.0749719
-0.00126425
0.0749369
-0.00212636
0.0748894
-0.00300944
0.0748311
-0.00391774
0.0747647
-0.00485668
0.0746934
-0.00582893
0.0746219
-0.0068389
0.0745544
-0.0078871
0.0744979
-0.0089814
0.0744567
-0.0101175
0.0744405
-0.0112985
0.074452
-0.012507
0.0745032
-0.0137555
0.074591
-0.0150177
0.0747234
-0.016321
0.0748902
-0.0175812
0.0750912
-0.0188211
0.07531
-0.0200041
-0.0210501
0.0755336
0.074991
-0.000408615
0.0749638
-0.00123703
0.0749188
-0.00208133
0.0748572
-0.00294793
0.0747812
-0.0038417
0.0746937
-0.00476918
0.0745982
-0.00573343
0.0745003
-0.00674099
0.074405
-0.00779175
0.0743211
-0.00889752
0.0742537
-0.0100502
0.0742166
-0.0112614
0.0742124
-0.0125028
0.074261
-0.0138041
0.0743556
-0.0151123
0.0745179
-0.0164834
0.0747258
-0.0177891
0.0749973
-0.0190926
0.0752973
-0.0203041
-0.021375
0.0756222
0.0749886
-0.00039722
0.0749542
-0.0012026
0.0748971
-0.00202429
0.0748188
-0.00286964
0.0747213
-0.00374419
0.0746079
-0.00465573
0.0744823
-0.00560781
0.0743508
-0.00660954
0.0742191
-0.00766007
0.0740983
-0.00877669
0.073994
-0.00994584
0.0739254
-0.0111929
0.0738939
-0.0124713
0.0739321
-0.0138423
0.0740246
-0.0152048
0.0742188
-0.0166776
0.0744674
-0.0180377
0.0748288
-0.0194541
0.0752242
-0.0206994
-0.0218366
0.0756857
0.0749858
-0.00038304
0.074943
-0.00115978
0.074872
-0.00195324
0.074774
-0.00277164
0.074651
-0.00362122
0.0745063
-0.00451109
0.074344
-0.00544544
0.0741707
-0.00643623
0.0739927
-0.00748207
0.073823
-0.00860703
0.0736682
-0.00979104
0.0735536
-0.0110782
0.0734789
-0.0123966
0.073494
-0.0138574
0.0735697
-0.0152805
0.0737965
-0.0169044
0.074079
-0.0183202
0.0745595
-0.0199345
0.0750631
-0.021203
-0.0224912
0.0757178
0.0749827
-0.0003657
0.0749303
-0.00110745
0.0748433
-0.00186622
0.0747227
-0.00265099
0.0745702
-0.00346876
0.0743889
-0.00432979
0.0741827
-0.00523924
0.0739583
-0.00621183
0.0737226
-0.00724636
0.0734896
-0.00837407
0.0732677
-0.00956912
0.0730872
-0.0108977
0.0729482
-0.0122576
0.0729197
-0.0138289
0.0729563
-0.0153171
0.0732121
-0.0171602
0.0735108
-0.0186189
0.074155
-0.0205787
0.0747705
-0.0218185
-0.0234343
0.0757135
0.0749792
-0.000344868
0.0749163
-0.00104459
0.0748116
-0.00176147
0.0746656
-0.00250502
0.0744798
-0.00328297
0.0742565
-0.00410649
0.0739993
-0.00498203
0.073714
-0.00592654
0.0734081
-0.00694044
0.0730949
-0.00806093
0.072786
-0.00926019
0.0725132
-0.0106249
0.0722829
-0.0120273
0.0721775
-0.0137235
0.0721447
-0.0152843
0.0724108
-0.0174263
0.0726949
-0.018903
0.0735672
-0.021451
0.0742703
-0.0225216
-0.0248395
0.0756755
0.0749754
-0.000320287
0.0749013
-0.000970423
0.0747774
-0.00163759
0.0746039
-0.00233155
0.0743815
-0.0030606
0.0741115
-0.00383646
0.0737965
-0.00466706
0.0734408
-0.00557078
0.0730516
-0.00655122
0.0726397
-0.00764908
0.0722205
-0.00884102
0.071822
-0.0102263
0.0714659
-0.0116712
0.0712311
-0.0134887
0.0710922
-0.0151453
0.0713126
-0.0176467
0.0715494
-0.0191397
0.0727079
-0.0226096
0.0734298
-0.0232434
-0.0270567
0.075647
0.0749715
-0.000291824
0.0748856
-0.000884531
0.0747418
-0.00149376
0.0745395
-0.0021292
0.0742783
-0.00279941
0.073958
-0.00351623
0.0735798
-0.00428885
0.0731453
-0.00513627
0.0726603
-0.0060662
0.0721313
-0.00712008
0.0715758
-0.00828553
0.0710128
-0.00966334
0.0704848
-0.0111432
0.0700468
-0.0130507
0.0697508
-0.0148494
0.0698035
-0.0176994
0.0699887
-0.0193249
0.0713795
-0.0240003
0.0720634
-0.0239273
-0.0307601
0.0757668
0.0749677
-0.000259501
0.0748701
-0.000786952
0.0747063
-0.00132995
0.0744748
-0.00189774
0.0741741
-0.00249869
0.0738021
-0.00314421
0.0733575
-0.00384422
0.0728386
-0.00461744
0.0722477
-0.00547531
0.0715857
-0.00645805
0.0708672
-0.00756697
0.0701002
-0.00889638
0.0693396
-0.0103826
0.0686082
-0.0123193
0.0680611
-0.0143023
0.0677592
-0.0173975
0.0679019
-0.0194676
0.0691935
-0.025292
0.0700615
-0.0247954
-0.0367808
0.0760822
0.074964
-0.000223535
0.0748554
-0.000678277
0.0746725
-0.00114708
0.0744131
-0.00163837
0.0740742
-0.00215974
0.0736514
-0.00272148
0.0731406
-0.00333342
0.0725362
-0.00401297
0.0718346
-0.00477376
0.0710296
-0.00565303
0.0701262
-0.00666353
0.0691202
-0.00789046
0.0680569
-0.00931929
0.0669367
-0.0111991
0.0659603
-0.0133258
0.0650956
-0.0165329
0.0650388
-0.0194108
0.065572
-0.0258252
0.067506
-0.0267293
-0.0447708
0.075496
0.0749609
-0.000184424
0.0748423
-0.000559667
0.0746423
-0.000947116
0.0743579
-0.00135392
0.0739843
-0.0017862
0.0735151
-0.00225227
0.0729429
-0.00276119
0.0722574
-0.00332745
0.0714487
-0.00396505
0.0705009
-0.00470526
0.0694049
-0.00556749
0.0681383
-0.00662393
0.0667144
-0.0078954
0.0651084
-0.00959301
0.0634642
-0.0116816
0.0617598
-0.0148285
0.0608811
-0.0185321
0.0603028
-0.0252469
0.0642943
-0.0307208
-0.0502184
0.0697419
0.0749586
-0.000143006
0.0748316
-0.000432637
0.0746176
-0.000733211
0.0743127
-0.00104895
0.0739104
-0.00138394
0.0734023
-0.00174411
0.0727781
-0.00213701
0.072023
-0.00257235
0.0711208
-0.00306288
0.0700452
-0.0036297
0.068772
-0.00429423
0.0672539
-0.00510583
0.0654616
-0.00610313
0.0633096
-0.007441
0.0608085
-0.00918052
0.0578368
-0.0118569
0.0548407
-0.015536
0.0520966
-0.0225027
0.0543148
-0.032939
0.05074
-0.0466436
0.0745911
-0.0364405
0.0742305
-0.0403947
0.0736801
-0.0433601
0.0727244
-0.0467414
0.0710213
-0.052321
0.0683437
-0.0603216
0.0647389
-0.0692663
0.0603399
-0.0768341
0.0552563
-0.0811633
-0.0819391
0.0494423
0.0746206
-0.0362196
0.0742215
-0.0399956
0.0736286
-0.0427672
0.0726572
-0.04577
0.0709852
-0.050649
0.0684161
-0.0577525
0.065025
-0.0658753
0.0609613
-0.0727704
0.0563089
-0.0765108
-0.0766084
0.0509782
0.0746926
-0.0360087
0.0742972
-0.0396002
0.0737093
-0.0421793
0.0727546
-0.0448153
0.0711313
-0.0490257
0.068665
-0.0552863
0.0654196
-0.0626298
0.0615049
-0.0688558
0.0569624
-0.0719683
-0.0714078
0.0517617
0.0748031
-0.0358262
0.0744309
-0.039228
0.0738696
-0.041618
0.0729608
-0.0439065
0.0714268
-0.0474917
0.0691173
-0.0529767
0.0660907
-0.0596032
0.0624147
-0.0651798
0.0580931
-0.0676466
-0.0663434
0.0530287
0.0749497
-0.0356919
0.0746266
-0.038905
0.0741167
-0.0411081
0.0732693
-0.0430591
0.0718363
-0.0460587
0.069696
-0.0508365
0.0668782
-0.0567854
0.0633729
-0.0616745
0.0591312
-0.063405
-0.0612911
0.0540789
0.0751294
-0.0356264
0.0748772
-0.0386528
0.0744323
-0.0406632
0.0736567
-0.0422834
0.0723505
-0.0447525
0.0704228
-0.0489088
0.0678466
-0.0542092
0.0645076
-0.0583355
0.0603035
-0.0592008
-0.0561582
0.0551705
0.0753377
-0.0356524
0.0751783
-0.0384934
0.0748103
-0.0402951
0.0741161
-0.0415892
0.0729596
-0.043596
0.0712694
-0.0472187
0.0689212
-0.051861
0.0656742
-0.0550885
0.0613878
-0.0549144
-0.0508421
0.0560718
0.0755715
-0.0357965
0.0755239
-0.0384458
0.0752378
-0.0400091
0.0746358
-0.0409872
0.0736602
-0.0426204
0.0722304
-0.0457888
0.0700758
-0.0497064
0.0668229
-0.0518356
0.0623255
-0.050417
-0.0452336
0.0567169
0.0758269
-0.0360898
0.0759057
-0.0385246
0.0757065
-0.0398098
0.0752191
-0.0404998
0.0744574
-0.0418588
0.0732714
-0.0446028
0.0712022
-0.0476373
0.0677762
-0.0484095
0.0629063
-0.0455471
-0.0392437
0.0569164
0.0761001
-0.0365677
0.0763155
-0.03874
0.0762156
-0.0397099
0.0758785
-0.0401627
0.0753427
-0.0413229
0.0743083
-0.0435684
0.072122
-0.045451
0.0682948
-0.0445822
0.0628861
-0.0401384
-0.0328235
0.0564658
0.076386
-0.037268
0.0767515
-0.0391054
0.0767825
-0.0397409
0.0766279
-0.0400081
0.0762518
-0.0409469
0.0751373
-0.042454
0.0725086
-0.0428223
0.0680061
-0.0400797
0.061931
-0.0340633
-0.0260109
0.0551185
0.0766826
-0.0382329
0.0772328
-0.0396556
0.0774379
-0.0399461
0.0774247
-0.0399949
0.0769659
-0.0404881
0.0753461
-0.0408341
0.0718478
-0.0393241
0.0664194
-0.0346513
0.059665
-0.0273089
-0.0189786
0.0526326
0.0770056
-0.0395249
0.0778047
-0.0404547
0.0781634
-0.0403048
0.0780338
-0.0398653
0.0769657
-0.03942
0.0742266
-0.038095
0.0694293
-0.0345268
0.0629704
-0.0281924
0.0557341
-0.0200725
-0.0120772
0.0488327
0.0773999
-0.0412493
0.0784819
-0.0415367
0.0787035
-0.0405264
0.0777988
-0.0389606
0.0752913
-0.0369125
0.0707768
-0.0335805
0.0644514
-0.0282014
0.0571701
-0.0209111
0.0499431
-0.0128455
-0.00583134
0.0436972
0.0778991
-0.0435015
0.0790016
-0.0426392
0.0782168
-0.0397416
0.0754197
-0.0361635
0.0705544
-0.0320472
0.0639
-0.0269261
0.056307
-0.0206084
0.0488677
-0.0134718
0.0424282
-0.00640602
-0.000858353
0.0374552
0.078307
-0.0460416
0.0783126
-0.0426447
0.0749157
-0.0363447
0.0689923
-0.0302401
0.0613205
-0.0243753
0.0529513
-0.0185569
0.0450719
-0.012729
0.0385582
-0.00695811
0.0337817
-0.00162952
0.00237617
0.0305472
0.0773564
-0.0473159
0.0740426
-0.0393309
0.0661574
-0.0284595
0.0567136
-0.0207964
0.0470906
-0.0147523
0.0385811
-0.0100473
0.0319649
-0.00611281
0.0274536
-0.00244685
0.0248823
0.000941758
0.00371967
0.0235388
0.0716279
-0.0434478
0.0622851
-0.0299881
0.0496649
-0.0158393
0.0386092
-0.00974066
0.0296696
-0.00581272
0.0232632
-0.00364096
0.0191437
-0.00199331
0.0170022
-0.000305347
0.0164929
0.00145107
0.00345238
0.0167602
0.0551756
-0.0288815
0.039442
-0.0142546
0.0265802
-0.00297752
0.0184914
-0.00165189
0.0133792
-0.000700479
0.0102852
-0.000546996
0.00860049
-0.000308566
0.0081732
0.000121939
0.00888374
0.000740536
0.00204609
0.01029
0.0218585
0.00760394
0.00462642
0.00297453
0.00227405
0.00172706
0.00141849
0.00154043
0.00228096
0.00432706
0.0361956
-0.161109
0.0243849
-0.143751
0.0156629
-0.122947
0.00996914
-0.102322
0.00647734
-0.0838461
0.00435717
-0.0684183
0.00304394
-0.0558558
0.00220105
-0.04568
0.00163847
-0.0373948
0.00124888
-0.0306009
0.000970594
-0.0249918
0.000766949
-0.0203336
0.000615402
-0.0164434
0.000501567
-0.013174
0.000415981
-0.0104035
0.000352285
-0.00802851
0.000306169
-0.00595975
0.00027485
-0.00411893
0.000256305
-0.00245996
-0.00108552
0.0385448
-0.148676
0.0270439
-0.13225
0.018094
-0.113997
0.011917
-0.0961452
0.00792988
-0.079859
0.00541493
-0.0659034
0.00381573
-0.0542566
0.00277208
-0.0446364
0.0020684
-0.0366912
0.00157825
-0.0301108
0.00122699
-0.0246406
0.000969525
-0.0200762
0.000777774
-0.0162517
0.000633697
-0.0130299
0.000525369
-0.0102952
0.000444747
-0.00794789
0.000386397
-0.0059014
0.000346785
-0.00407932
0.000323505
-0.00243668
-0.00107609
0.0395789
-0.136493
0.0283744
-0.121045
0.0195877
-0.10521
0.0133721
-0.0899296
0.0092044
-0.0756913
0.00646744
-0.0631664
0.00466221
-0.0524514
0.00344748
-0.0434216
0.00260778
-0.0358515
0.00201104
-0.029514
0.00157645
-0.024206
0.00125379
-0.0197535
0.00101104
-0.0160089
0.000827171
-0.0128461
0.00068808
-0.0101561
0.000584102
-0.00784391
0.00050865
-0.00582595
0.000457396
-0.00402807
0.000427433
-0.00240672
-0.00106357
0.040988
-0.124452
0.0298298
-0.109887
0.0209968
-0.0963771
0.0146735
-0.0836063
0.010353
-0.0713708
0.00744835
-0.0602618
0.00548286
-0.0504859
0.00412697
-0.0420658
0.00316809
-0.0348926
0.00247281
-0.0288188
0.00195766
-0.0236908
0.00156958
-0.0193654
0.00127409
-0.0157134
0.0010481
-0.0126201
0.00087583
-0.0099838
0.000746327
-0.00771441
0.000652023
-0.00573164
0.00058789
-0.00396393
0.000550473
-0.0023693
-0.0010477
0.0420318
-0.112405
0.0309492
-0.0988046
0.0221489
-0.0875768
0.0157875
-0.0772449
0.0113711
-0.0669544
0.00834521
-0.0572359
0.00625461
-0.0483953
0.0047819
-0.040593
0.00371951
-0.0338302
0.00293521
-0.0280345
0.00234488
-0.0231005
0.00189418
-0.0189147
0.00154714
-0.0153664
0.00127931
-0.0123522
0.00107369
-0.00977818
0.00091829
-0.00755901
0.000804743
-0.0056181
0.000727405
-0.00388659
0.000682295
-0.00232419
-0.00102841
0.0429419
-0.100176
0.0318464
-0.087709
0.0230758
-0.0788062
0.0167202
-0.0708893
0.0122592
-0.0624933
0.00915495
-0.0541317
0.00697056
-0.0462109
0.00540246
-0.0390249
0.00425066
-0.0326784
0.00338639
-0.0271702
0.0027266
-0.0224407
0.0022168
-0.0184049
0.00182036
-0.0149699
0.00151194
-0.0120438
0.00127368
-0.00953992
0.00109277
-0.0073781
0.00096018
-0.0054855
0.000869711
-0.00379613
0.00081689
-0.00227137
-0.00100567
0.0435665
-0.0876711
0.0324675
-0.0766101
0.0237691
-0.0701077
0.0174745
-0.0645947
0.0130199
-0.0580388
0.00987793
-0.0509896
0.00762888
-0.0439618
0.0059851
-0.0373812
0.00475687
-0.0314502
0.0038211
-0.0262344
0.00309738
-0.021717
0.00253213
-0.0178397
0.0020887
-0.0145265
0.00174132
-0.0116964
0.0014715
-0.00927009
0.00126579
-0.0071724
0.00111461
-0.00533432
0.00101126
-0.00369278
0.000950808
-0.00221092
-0.000979503
0.0438572
-0.0748114
0.032788
-0.0655409
0.0242224
-0.0615421
0.0180522
-0.0584245
0.0136566
-0.0536432
0.0105162
-0.0478493
0.00822994
-0.0416756
0.00652884
-0.0356801
0.00523624
-0.0301576
0.00423692
-0.0252351
0.00345455
-0.0209346
0.00283744
-0.0172226
0.00234951
-0.0140386
0.00196491
-0.0113118
0.00166475
-0.00896993
0.00143511
-0.00694276
0.00126591
-0.00516512
0.00115002
-0.00357688
0.00108207
-0.00214296
-0.000949942
0.0437115
-0.0616065
0.0327698
-0.0545992
0.0244274
-0.0531997
0.0184562
-0.0524533
0.0141736
-0.0493606
0.0110731
-0.0447488
0.00877544
-0.0393779
0.007034
-0.0339386
0.0056882
-0.0288118
0.00463271
-0.0241796
0.00379673
-0.0200986
0.00313123
-0.0165571
0.00260127
-0.0135086
0.00218122
-0.0108918
0.00185203
-0.00864074
0.00159939
-0.00669013
0.00141283
-0.00497856
0.00128477
-0.00344883
0.00120949
-0.00206768
-0.000917035
0.0430252
-0.0481659
0.032374
-0.043948
0.0243759
-0.0452016
0.0186898
-0.0467672
0.0145768
-0.0452476
0.0115533
-0.0417253
0.00926804
-0.0370926
0.00750176
-0.0321724
0.00611289
-0.0274229
0.00500806
-0.0230748
0.00412314
-0.0192137
0.00341259
-0.0158465
0.00284302
-0.0129391
0.00238933
-0.0104381
0.00203243
-0.00828385
0.00175778
-0.00641547
0.00155453
-0.0047753
0.00141473
-0.00330904
0.00133232
-0.00198526
-0.000880847
0.0416915
-0.0347389
0.0315661
-0.0338226
0.024063
-0.0376986
0.0187589
-0.041463
0.0148736
-0.0413623
0.0119624
-0.0388142
0.00971127
-0.0348415
0.00793388
-0.030395
0.00651093
-0.0259999
0.00536287
-0.0219267
0.00443334
-0.0182842
0.00368089
-0.0150941
0.00307408
-0.0123323
0.00258853
-0.00995254
0.0022053
-0.00790062
0.00190963
-0.0061198
0.00169041
-0.00455608
0.00153933
-0.00315796
0.00145003
-0.00189596
-0.000841457
0.0396238
-0.02173
0.0303233
-0.0245222
0.0234904
-0.0308656
0.0186724
-0.036645
0.0150735
-0.0377634
0.0123076
-0.0360483
0.0101094
-0.0326433
0.0083326
-0.0286181
0.00688326
-0.0245506
0.00569732
-0.0207408
0.00472709
-0.017314
0.0039357
-0.0143027
0.00329392
-0.0116905
0.00277827
-0.0094369
0.00237007
-0.00749241
0.00205443
-0.00580416
0.00181998
-0.00432164
0.00165812
-0.00299609
0.00156219
-0.00180003
-0.000798957
0.036798
-0.00969536
0.028644
-0.0163681
0.0226691
-0.0248908
0.0184441
-0.0324199
0.0151886
-0.034508
0.0125973
-0.0334569
0.0104676
-0.0305136
0.00870061
-0.0268511
0.00723104
-0.023081
0.00601173
-0.0195215
0.00500426
-0.0163065
0.00417666
-0.0134751
0.00350207
-0.0110159
0.00295808
-0.00889291
0.00252627
-0.0070606
0.00219171
-0.0054696
0.00194283
-0.00407275
0.00177067
-0.00282394
0.00166842
-0.00169777
-0.00075345
0.0332647
0.000737164
0.0265526
-0.00965599
0.021623
-0.0199611
0.0180941
-0.028891
0.0152344
-0.0316483
0.0128415
-0.0310641
0.0107915
-0.0284636
0.00904088
-0.0251005
0.00755564
-0.0215958
0.00630655
-0.0182724
0.0052648
-0.0152647
0.00440346
-0.0126137
0.00369815
-0.0103106
0.0031275
-0.00832226
0.00267347
-0.00660656
0.00232106
-0.0051172
0.00205854
-0.00381023
0.00187664
-0.00264205
0.00176839
-0.00158952
-0.00070505
0.0291488
0.00904357
0.0241016
-0.00460874
0.0203924
-0.0162519
0.0176513
-0.02615
0.0152298
-0.0292268
0.0130517
-0.028886
0.0110874
-0.0264994
0.00935664
-0.0233697
0.00785852
-0.0200977
0.00658227
-0.0169961
0.00550871
-0.0141912
0.00461587
-0.0117209
0.00388178
-0.00957649
0.00328615
-0.00772664
0.00281126
-0.00613167
0.0024421
-0.00474804
0.00216676
-0.00353488
0.00197569
-0.00245098
0.00186178
-0.00147561
-0.00065388
0.0246546
0.0149361
0.0213749
-0.00132896
0.0190404
-0.0139175
0.0171561
-0.0242656
0.0151985
-0.0272692
0.0132403
-0.0269278
0.011362
-0.024621
0.00965119
-0.0216589
0.00814115
-0.0185876
0.00683942
-0.0156944
0.00573601
-0.0130878
0.00481365
-0.0107985
0.00405264
-0.00881548
0.00343365
-0.00710765
0.00293927
-0.0056373
0.00255446
-0.00436323
0.00226715
-0.00324757
0.00206748
-0.00225131
0.00194831
-0.00135645
-0.000600064
0.0199791
0.0184958
0.0184901
0.000160134
0.0176599
-0.0130873
0.0166624
-0.0232682
0.0151686
-0.0257754
0.0134215
-0.0251807
0.0116221
-0.0228217
0.00992776
-0.0199646
0.00840497
-0.0170648
0.00707848
-0.0143679
0.00594671
-0.011956
0.00499659
-0.00984839
0.0042104
-0.00802929
0.00356964
-0.00646689
0.00305715
-0.0051248
0.00265781
-0.00396389
0.00235939
-0.00294916
0.00215173
-0.00204364
0.00202771
-0.00123243
-0.000543734
0.0153069
0.0199492
0.0156328
-0.000165857
0.0163811
-0.0138355
0.0162384
-0.0231256
0.0151722
-0.0247091
0.0136099
-0.0236185
0.0118745
-0.0210862
0.0101894
-0.0182795
0.00865123
-0.0155267
0.00729986
-0.0130166
0.0061408
-0.0107969
0.00516448
-0.00887208
0.00435476
-0.00721957
0.0036938
-0.00580593
0.00316456
-0.00459556
0.00275182
-0.00355115
0.00244319
-0.00264053
0.00222816
-0.00182861
0.00209972
-0.00110398
-0.000485033
0.0109111
0.0193281
0.0130989
-0.00235368
0.0153691
-0.0161056
0.0159619
-0.0237184
0.0152425
-0.0239897
0.01382
-0.0221959
0.0121253
-0.0193916
0.0104387
-0.0165928
0.00888097
-0.013969
0.00750385
-0.0116394
0.0063182
-0.00961128
0.00531707
-0.00787095
0.00448542
-0.00638792
0.00380581
-0.00512631
0.0032612
-0.00405095
0.00283622
-0.00312617
0.00251828
-0.00232259
0.00229653
-0.00160687
0.00216412
-0.000971567
-0.000424113
0.00732708
0.0163281
0.0112927
-0.00631935
0.0148084
-0.0196213
0.0159026
-0.0248125
0.0154142
-0.0235013
0.0140614
-0.0208431
0.0123789
-0.0177091
0.0106769
-0.0148908
0.00909469
-0.0123868
0.00769061
-0.0102354
0.00647902
-0.00839969
0.00545444
-0.00684638
0.00460244
-0.00553591
0.00390571
-0.00442959
0.00334711
-0.00349235
0.00291106
-0.00269013
0.00258466
-0.00199619
0.00235699
-0.0013792
0.00222052
-0.000835096
-0.000361848
0.00239476
0.0139333
0.00430314
-0.00822773
0.00595711
-0.0212753
0.00640392
-0.0252594
0.00625447
-0.0233519
0.0056989
-0.0202875
0.00502362
-0.0170338
0.00433353
-0.0142007
0.00369291
-0.0117461
0.00312355
-0.009666
0.00263205
-0.00790819
0.00221616
-0.00643049
0.00187018
-0.00518994
0.00158719
-0.00414659
0.00136021
-0.00326537
0.00118309
-0.00251301
0.00105023
-0.00186333
0.000958133
-0.0012871
0.000901278
-0.000778241
-0.000338522
0.00220105
0.0117323
0.00428194
-0.0103086
0.00600814
-0.0230015
0.00645844
-0.0257096
0.0063096
-0.023203
0.00574681
-0.0197247
0.00506571
-0.0163527
0.0043695
-0.0135045
0.00372359
-0.0111002
0.00314949
-0.0090919
0.00265392
-0.00741262
0.00223456
-0.00601113
0.00188568
-0.00484106
0.0016003
-0.00386122
0.0013714
-0.00303647
0.0011928
-0.00233441
0.00105878
-0.00172931
0.000965944
-0.00119427
0.000908453
-0.00072075
-0.000315188
0.0021302
0.00960207
0.00435905
-0.0125375
0.00609939
-0.0247419
0.00653637
-0.0261466
0.00637231
-0.023039
0.0057982
-0.0191506
0.00510833
-0.0156628
0.00440504
-0.0128012
0.00375333
-0.0104485
0.00317435
-0.00851292
0.00267468
-0.00691295
0.0022519
-0.00558835
0.00190021
-0.00448936
0.00161254
-0.00357355
0.00138181
-0.00280574
0.00120179
-0.00215438
0.0010667
-0.00159422
0.000973114
-0.00110068
0.000915152
-0.000662789
-0.000291638
0.00220009
0.00740198
0.00452705
-0.0148644
0.00623511
-0.0264499
0.00663482
-0.0265463
0.00644333
-0.0228475
0.00585251
-0.0185598
0.00515138
-0.0149617
0.00444
-0.0120899
0.00378206
-0.0097906
0.00319807
-0.00792893
0.00269433
-0.0064092
0.00226821
-0.00516223
0.00191379
-0.00413494
0.00162394
-0.0032837
0.00139148
-0.00257327
0.00121011
-0.00197301
0.00107401
-0.00145812
0.000979726
-0.0010064
0.000921319
-0.000604381
-0.000267896
0.00241845
0.00498353
0.0047839
-0.0172299
0.00641454
-0.0280806
0.00675341
-0.0268852
0.00652244
-0.0226165
0.00590964
-0.017947
0.0051948
-0.0142468
0.00447434
-0.0113694
0.00380977
-0.00912602
0.00322066
-0.00733982
0.00271285
-0.00590139
0.00228347
-0.00473286
0.00192643
-0.00377791
0.00163449
-0.00299176
0.00140039
-0.00233917
0.00121776
-0.00179039
0.00108072
-0.00132109
0.000985777
-0.000911455
0.000926949
-0.000545553
-0.000243985
0.00278832
0.00219521
0.00512573
-0.0195673
0.00663586
-0.0295907
0.00689131
-0.0271407
0.0066093
-0.0223345
0.00596943
-0.0173072
0.00523854
-0.013516
0.00450803
-0.0106389
0.00383642
-0.00845441
0.00324209
-0.00674548
0.00273023
-0.00538953
0.00229767
-0.0043003
0.00193812
-0.00341836
0.0016442
-0.00269784
0.00140854
-0.00210351
0.00122473
-0.00160657
0.00108682
-0.00118317
0.000991263
-0.0008159
0.00093204
-0.000486331
-0.000219927
0.003307
-0.0011118
0.00554685
-0.0218071
0.0068962
-0.03094
0.00704724
-0.0272917
0.00670336
-0.0219906
0.00603165
-0.0166354
0.00528248
-0.0127668
0.00454103
-0.00989744
0.00386201
-0.00777539
0.00326234
-0.00614581
0.00274647
-0.00487366
0.00231081
-0.00386464
0.00194884
-0.00305639
0.00165304
-0.00240203
0.00141594
-0.00186641
0.00123102
-0.00142166
0.0010923
-0.00104446
0.00099618
-0.000719778
0.000936589
-0.000426739
-0.000195747
0.00396474
-0.00507654
0.00603994
-0.0238824
0.00719159
-0.0320917
0.00721952
-0.0273196
0.00680392
-0.021575
0.00609602
-0.0159275
0.00532651
-0.0119973
0.00457326
-0.00914419
0.00388648
-0.00708861
0.0032814
-0.00554074
0.00276154
-0.0043538
0.00232287
-0.00342597
0.0019586
-0.00269211
0.00166102
-0.00210445
0.00142256
-0.00162795
0.00123663
-0.00123572
0.00109717
-0.000904998
0.00100053
-0.000623135
0.000940593
-0.000366806
-0.000171467
0.00474449
-0.00982103
0.00659637
-0.0257342
0.00751734
-0.0330126
0.00740601
-0.0272083
0.00691015
-0.0210792
0.00616219
-0.0151796
0.00537048
-0.0112056
0.00460468
-0.00837839
0.00390982
-0.00639375
0.00329925
-0.00493018
0.00277545
-0.00382999
0.00233385
-0.00298437
0.00196738
-0.00232564
0.00166813
-0.00180521
0.00142842
-0.00138824
0.00124154
-0.00104884
0.00110141
-0.000764869
0.0010043
-0.000526019
0.000944048
-0.000306556
-0.000147114
0.00560748
-0.0154285
0.00722163
-0.0273484
0.00786009
-0.0336511
0.00761068
-0.0269589
0.00702056
-0.0204891
0.00623086
-0.0143899
0.00541446
-0.0103892
0.00463543
-0.00759936
0.00393206
-0.00569038
0.0033159
-0.00431402
0.00278814
-0.00330223
0.00234369
-0.00253992
0.00197511
-0.00195706
0.0016743
-0.0015044
0.00143343
-0.00114737
0.00124569
-0.000861097
0.00110499
-0.000624169
0.00100737
-0.000428407
0.00094702
-0.000246203
-0.0001224
0.0256332
-0.024117
-0.0169447
0.0291197
-0.0308348
0.0289125
-0.033444
0.0271196
-0.025166
0.0243508
-0.0177203
0.0214036
-0.0114427
0.0184643
-0.00744987
0.015751
-0.00488599
0.0133269
-0.00326631
0.0112195
-0.00220662
0.00942178
-0.00150451
0.00791216
-0.00103031
0.00666265
-0.000707553
0.0056443
-0.00048604
0.00482986
-0.000332934
0.0041952
-0.000226441
0.0037208
-0.000149769
0.00338951
-9.71153e-05
0.00319155
-4.82442e-05
-3.03562e-05
0.0385218
-0.0247051
-0.0379337
0.0371612
-0.0294743
0.0334633
-0.0297461
0.0296303
-0.021333
0.0257312
-0.0138211
0.0221737
-0.00788522
0.0189225
-0.0041987
0.0160348
-0.00199831
0.0135098
-0.000741243
0.0113398
-3.66041e-05
0.00950236
0.000332894
0.00796664
0.000505412
0.00669976
0.000559325
0.00566973
0.000543985
0.00484745
0.000489351
0.00420756
0.000413447
0.00372969
0.000328099
0.00339632
0.000236259
0.00319728
0.000150797
6.24454e-05
0.0496034
-0.0191362
-0.0551723
0.0440262
-0.023897
0.0375035
-0.0232234
0.0319041
-0.0157336
0.027003
-0.00892005
0.022875
-0.00375726
0.0193181
-0.000641773
0.0162581
0.00106171
0.013634
0.00188281
0.0114065
0.00219097
0.0095339
0.00220545
0.0079774
0.00206192
0.00669835
0.00183837
0.0056614
0.00158093
0.00483536
0.00131539
0.00419364
0.00105517
0.00371491
0.000806824
0.00338149
0.000569685
0.00318182
0.00035047
0.000154301
0.0579284
-0.00919158
-0.067873
0.0491724
-0.015141
0.0406738
-0.0147248
0.0337466
-0.0088064
0.0280634
-0.0032368
0.0234577
0.000848407
0.019629
0.00318694
0.0164086
0.00428206
0.0136932
0.00459821
0.0114138
0.00447043
0.00951311
0.0041061
0.00794219
0.00363284
0.0066568
0.00312376
0.00561807
0.00261966
0.00479265
0.00214081
0.00415266
0.00169517
0.00367586
0.00128362
0.00334435
0.000901197
0.00314553
0.000549291
0.000244803
0.0634313
0.00305513
-0.0756781
0.0526679
-0.00437761
0.0429405
-0.00499738
0.0351169
-0.000982757
0.0288717
0.00300841
0.0238927
0.00582735
0.0198322
0.00724751
0.0164737
0.00764053
0.0136798
0.00739215
0.0113582
0.00679199
0.00943764
0.00602666
0.00785963
0.00521085
0.00657432
0.00440908
0.00553933
0.00365465
0.00471913
0.00296101
0.00408456
0.00232974
0.00361256
0.00175562
0.00328498
0.00122878
0.00308849
0.000745781
0.000333536
0.066507
0.0160203
-0.0794722
0.0547608
0.00736859
0.0443865
0.00537688
0.0360423
0.00736146
0.0294151
0.00963563
0.0241579
0.0110846
0.0199138
0.0114915
0.0164433
0.011111
0.0135874
0.0102481
0.011236
0.00914343
0.00930529
0.00795733
0.00772848
0.00678767
0.00645027
0.00568729
0.00542488
0.00468003
0.00461473
0.00377116
0.00398942
0.00295504
0.00352517
0.00221987
0.00320359
0.00155035
0.00301087
0.000938504
0.000420021
0.0677827
0.028835
-0.0805973
0.0557577
0.0193936
0.045162
0.0159726
0.036554
0.0159694
0.0296943
0.0164954
0.0242432
0.0165357
0.0198632
0.0158715
0.0163095
0.0146648
0.0134107
0.0131468
0.0110436
0.0115105
0.00911408
0.00988688
0.00754767
0.00835408
0.00628417
0.00695079
0.00527465
0.00568956
0.00447957
0.00456623
0.00386749
0.00356713
0.00341399
0.00267337
0.00310051
0.00186383
0.00291295
0.00112606
0.000503737
0.0678526
0.0411409
-0.0801586
0.0559525
0.0312938
0.0453953
0.0265297
0.0367023
0.0246624
0.0297182
0.0234795
0.0241437
0.0221102
0.0196726
0.0203425
0.0160656
0.0182718
0.0131451
0.0160673
0.0107783
0.0138774
0.00886238
0.0118028
0.00731644
0.00990002
0.0060758
0.00819142
0.00508871
0.00667665
0.00431396
0.00534099
0.00371916
0.00416193
0.00327946
0.00311307
0.0029762
0.00216708
0.00279517
0.0013071
0.000584149
0.0671662
0.052883
-0.0789083
0.0555761
0.042884
0.045195
0.0369108
0.0365274
0.03333
0.0294969
0.03051
0.023857
0.0277501
0.0193366
0.024863
0.0157066
0.0219018
0.012787
0.0189869
0.0104377
0.0162267
0.008549
0.0136915
0.00703433
0.0114147
0.00582519
0.00940056
0.0048674
0.00763444
0.00411835
0.00609003
0.00354498
0.0047353
0.00312215
0.0035359
0.00283125
0.00245799
0.00265806
0.00148029
0.000660718
0.06603
0.064141
-0.0772879
0.0547947
0.0541192
0.0446429
0.0470626
0.0360619
0.041911
0.02904
0.0375319
0.0233826
0.0334075
0.0188515
0.0293941
0.0152289
0.0255244
0.0123336
0.0218821
0.0100203
0.01854
0.0081732
0.0155386
0.00670125
0.0128867
0.00553265
0.0105692
0.00461127
0.00855582
0.00389346
0.00680784
0.00334572
0.00528304
0.00294283
0.00393878
0.00266637
0.00273445
0.00250231
0.00164435
0.000732917
0.0646328
0.075053
-0.0755449
0.0537198
0.0650323
0.0437978
0.0569846
0.035331
0.0503777
0.0283556
0.0445073
0.0227208
0.0390424
0.0182149
0.0338999
0.0146297
0.0291097
0.011783
0.0247287
0.0095249
0.0207982
0.00773476
0.0173287
0.00631752
0.0143039
0.00519885
0.0116878
0.00432118
0.0094335
0.00364019
0.00748882
0.00312228
0.00580095
0.0027424
0.00431866
0.00248244
0.00299442
0.00232872
0.00179806
0.000800243
0.0630737
0.0857448
-0.0737655
0.0524199
0.0756862
0.0426989
0.0667056
0.0343527
0.0587239
0.0274501
0.0514099
0.021872
0.0446205
0.0174253
0.0383465
0.0139073
0.0326277
0.0111342
0.0275019
0.00895135
0.022981
0.007234
0.0190461
0.00588389
0.015654
0.00482479
0.0127469
0.00399823
0.0102601
0.0033597
0.00812734
0.00287581
0.00628485
0.00252193
0.00467254
0.00228046
0.00323588
0.00213824
0.00194028
0.000862226
0.0614357
0.0963675
-0.0720584
0.0509411
0.0861807
0.0413714
0.0762753
0.0331388
0.0669565
0.0263275
0.0582212
0.0208364
0.0501117
0.0164816
0.0427013
0.0130609
0.0360484
0.0103868
0.030176
0.00829998
0.0250678
0.00667183
0.0206742
0.0054016
0.0169242
0.00441187
0.0137366
0.00364387
0.0110281
0.00305341
0.00871781
0.00260765
0.0067306
0.00228269
0.00499751
0.00206163
0.00345694
0.00193197
0.00206994
0.000918442
0.0596931
0.106996
-0.0703215
0.0492892
0.0965846
0.0398251
0.0857394
0.0316945
0.0750871
0.0249892
0.0649264
0.0196136
0.0554873
0.015383
0.0469319
0.0120902
0.0393411
0.00954136
0.0327248
0.00757195
0.0270372
0.00604982
0.0221964
0.00487245
0.0181016
0.00396195
0.0146471
0.00325994
0.0117301
0.00272305
0.0092547
0.00231945
0.0071342
0.00202621
0.00529075
0.00182735
0.0036558
0.00171121
0.00218609
0.000968519
0.0579889
0.117815
-0.0688075
0.0475155
0.107058
0.0380724
0.0951825
0.030021
0.0831385
0.023434
0.0715134
0.0182022
0.0607191
0.0141289
0.0510052
0.0109956
0.0424745
0.00859926
0.0351211
0.00676929
0.0288672
0.00537038
0.0235953
0.00429898
0.019173
0.00347758
0.0154685
0.00284887
0.0123588
0.00237092
0.00973265
0.00201332
0.0074918
0.00175446
0.00554962
0.00157946
0.00383079
0.00147767
0.00228788
0.00101215
0.0559985
0.128849
-0.0670324
0.0454803
0.117576
0.0360717
0.104591
0.0281074
0.0911028
0.0216574
0.0779634
0.0166001
0.0657764
0.0127192
0.054886
0.00977858
0.0454151
0.00756312
0.0373366
0.00589542
0.0305349
0.00463734
0.0248534
0.00368515
0.0201252
0.00296259
0.0161911
0.0024143
0.0129071
0.0020004
0.0101466
0.00169242
0.00779978
0.00147037
0.00577167
0.00132072
0.00398044
0.00123399
0.00237462
0.00104908
0.0544009
0.140272
-0.0658248
0.0435343
0.128443
0.0339351
0.11419
0.0259698
0.099068
0.0196555
0.0842778
0.0148041
0.0706278
0.0111541
0.0585361
0.00844215
0.048127
0.00643804
0.0393407
0.00495673
0.0320162
0.00385773
0.0259524
0.00303809
0.0209448
0.00242391
0.0168053
0.00196274
0.0133682
0.00161755
0.0104917
0.00136235
0.00805498
0.0011792
0.00595482
0.00105613
0.0041035
0.000984977
0.00244577
0.00107916
0.0517918
0.152287
-0.0638062
0.0407395
0.139495
0.0312292
0.123701
0.0234677
0.10683
0.0173957
0.0903497
0.0128095
0.075214
0.0094362
0.0619094
0.00699397
0.0505692
0.00523582
0.0410988
0.00396776
0.0332843
0.00304723
0.0268729
0.00237343
0.0216186
0.0018764
0.0173023
0.00150795
0.0137367
0.00123494
0.0107647
0.00103465
0.00825527
0.000891637
0.00609784
0.00079579
0.00419935
0.000740417
0.00250114
0.00110232
0.0506968
0.164681
-0.0630908
0.0391466
0.151045
0.029157
0.13369
0.0211129
0.114874
0.015029
0.0964337
0.0106442
0.0795988
0.00757662
0.064977
0.00545705
0.0526888
0.00399166
0.0425642
0.00296969
0.0343063
0.0022478
0.0275948
0.00173083
0.0221356
0.00135603
0.0176771
0.00108191
0.0140108
0.000880898
0.0109658
0.000734526
0.00840164
0.000630506
0.00620186
0.000560911
0.00426895
0.000520607
0.00254145
0.0011188
0.0467516
-0.0605509
0.0344617
0.0244542
0.0169202
0.0115898
0.00796731
0.00555019
0.00393874
0.00285321
0.00210983
0.00159118
0.00122275
0.000957018
0.000763288
0.000621482
0.000518324
0.000445026
0.000395944
0.0003673
0.048888
0.0312812
-0.0801693
0.0283841
0.0205039
0.0192651
0.00911896
0.0149667
0.00429841
0.0130568
0.00190995
0.0122846
0.000772216
0.0121177
0.000166866
0.0125346
-0.00041692
0.0137142
-0.00117958
-0.00323054
0.0910693
0.0356413
-0.0954293
0.0818648
0.0297084
0.0698571
0.0211267
0.059432
0.0147235
0.0510979
0.0102441
0.0449178
0.00695232
0.0407605
0.00432417
0.0383879
0.00195565
0.0377384
-0.000530091
-0.00342584
0.101067
0.0342158
-0.0996418
0.099405
0.0313706
0.0939453
0.0265864
0.0869689
0.0216998
0.0796631
0.01755
0.0726603
0.0139551
0.0664985
0.010486
0.0614347
0.00701946
0.0578802
0.0030244
-0.000717929
0.102242
0.0316766
-0.099703
0.103261
0.0303522
0.101892
0.0279552
0.0986508
0.0249409
0.0942544
0.0219464
0.0890869
0.0191226
0.0835126
0.0160602
0.0778746
0.0126575
0.0726152
0.00828375
0.00402429
0.101854
0.0294725
-0.0996497
0.10303
0.0291758
0.103035
0.02795
0.10178
0.0261968
0.0994289
0.024297
0.0960688
0.0224827
0.0917877
0.0203414
0.0867608
0.0176844
0.0812565
0.0137881
0.00960277
0.101236
0.0280017
-0.099765
0.10204
0.0283712
0.10218
0.0278102
0.101565
0.0268121
0.100133
0.0257291
0.0978033
0.0248123
0.0944935
0.0236512
0.0902301
0.0219477
0.0851052
0.018913
0.0152358
0.100676
0.0271397
-0.0998135
0.101079
0.0279674
0.101013
0.0278765
0.100438
0.0273869
0.0992357
0.0269316
0.0972765
0.0267714
0.0944262
0.0265015
0.0906561
0.0257178
0.0859664
0.0236027
0.0206049
0.100162
0.0267377
-0.0997601
0.100222
0.0279071
0.0999127
0.028186
0.0991955
0.0281041
0.0979292
0.0281979
0.0959744
0.0287263
0.0932155
0.0292604
0.0896417
0.0292916
0.0852407
0.0280036
0.025687
0.0996803
0.0266805
-0.0996231
0.0994531
0.0281343
0.0989183
0.0287208
0.0980217
0.0290007
0.0965965
0.0296231
0.094495
0.0308278
0.0916386
0.0321168
0.0880625
0.0328677
0.0837856
0.0322806
0.0305643
0.0992261
0.026885
-0.0994306
0.0987597
0.0286007
0.0980234
0.0294571
0.0969452
0.0300789
0.0953338
0.0312346
0.0930339
0.0331276
0.0900019
0.0351488
0.0863207
0.0365489
0.0820528
0.0365484
0.0353292
0.0988029
0.027293
-0.0992109
0.0981373
0.0292662
0.0972202
0.0303742
0.0959666
0.0313325
0.0941692
0.033032
0.0916683
0.0356285
0.0884437
0.0383734
0.0846132
0.0403794
0.0802806
0.0408811
0.0400648
0.0984198
0.0278621
-0.0989889
0.0975914
0.0300947
0.0965168
0.0314488
0.095094
0.0327552
0.0931028
0.0350233
0.0903873
0.038344
0.0869544
0.0418063
0.0829527
0.044381
0.0785194
0.0453144
0.0448188
0.0980906
0.0285582
-0.0987867
0.0971269
0.0310584
0.09591
0.0326657
0.094327
0.0343382
0.0921544
0.0371959
0.0892444
0.041254
0.0856211
0.0454296
0.0814494
0.0485528
0.0768879
0.0498759
0.0496483
0.0978283
0.0293529
-0.098623
0.0967589
0.0321278
0.095424
0.0340007
0.0936905
0.0360716
0.0913263
0.0395601
0.0881946
0.0443858
0.0843457
0.0492785
0.0799692
0.0529293
0.0752471
0.054598
0.0545738
0.0976511
0.0302193
-0.0985175
0.0964942
0.0332847
0.0950498
0.0354451
0.0931773
0.0379441
0.0906482
0.0420891
0.0873375
0.0476966
0.0833093
0.0533067
0.0787609
0.0574777
0.0738836
0.0594753
0.0596499
0.097575
0.0311275
-0.0984833
0.0963647
0.034495
0.0948387
0.0369711
0.0928305
0.0399523
0.0901057
0.044814
0.0865532
0.051249
0.082258
0.0576018
0.0774361
0.0622996
0.0723001
0.0646113
0.0649176
0.0976147
0.0320522
-0.0985394
0.0963675
0.0357421
0.094775
0.0385637
0.0926577
0.0420696
0.0897769
0.0476948
0.0860394
0.0549865
0.0815597
0.0620815
0.0765699
0.0672894
0.0712838
0.0698975
0.0703766
0.0978016
0.0329491
-0.0986985
0.0965623
0.0369814
0.0949401
0.0401858
0.0927305
0.0442792
0.0896755
0.0507498
0.0856689
0.0589931
0.0808271
0.0669234
0.0754034
0.072713
0.0696508
0.0756501
0.0762212
0.0981296
0.033791
-0.0989714
0.0969224
0.0381885
0.0952779
0.0418304
0.0929721
0.046585
0.0897511
0.0539708
0.08555
0.0631943
0.0805329
0.0719404
0.0749727
0.0782732
0.0691161
0.0815067
0.0822466
0.0987389
-0.0994034
0.0977339
0.0962609
0.0939987
0.0906193
0.0860234
0.0803978
0.0740724
0.0673654
0.100445
9.08006e-05
-3.54668e-05
0.100275
0.000270716
-0.000101537
0.0999901
0.00045517
-0.000169824
0.0995833
0.000651316
-0.000244459
0.0990467
0.000865593
-0.000329005
0.0983692
0.0011057
-0.000428229
0.0975375
0.00138092
-0.000549227
0.0965332
0.00170511
-0.000700822
0.0953355
0.00209239
-0.00089461
0.0939134
0.00257155
-0.00114943
0.0922374
0.00316195
-0.00148595
0.0902574
0.00393638
-0.00195644
0.0879495
0.0049028
-0.00259484
0.08524
0.0062785
-0.00356908
0.0822254
0.00793329
-0.00491866
0.0788732
0.0106441
-0.00729192
0.0762285
0.0132224
-0.0105777
0.0745191
0.0192556
-0.0175462
0.0796219
0.0218221
-0.0269249
0.0394937
-0.040041
0.100449
0.000141371
0.100296
0.000424013
0.100038
0.00071372
0.0996699
0.00101899
0.0991878
0.00134772
0.0985839
0.00170957
0.0978503
0.00211454
0.0969767
0.00257864
0.0959544
0.00311476
0.0947706
0.00375529
0.0934231
0.0045095
0.0919029
0.00545655
0.0902454
0.0065603
0.088464
0.00805987
0.0867437
0.0096536
0.0851884
0.0121995
0.0843417
0.0140691
0.0844775
0.0191197
0.0867687
0.0195309
0.030833
0.100456
0.000185685
0.100322
0.000558192
0.100096
0.000939457
0.0997761
0.0013387
0.0993596
0.00176422
0.098843
0.00222617
0.0982234
0.00273412
0.0974984
0.00330367
0.0966682
0.00394487
0.0957354
0.00468814
0.0947119
0.00553298
0.0936169
0.00655154
0.0924961
0.00768111
0.0914157
0.00914031
0.090486
0.0105833
0.0899072
0.0127783
0.0897066
0.0142698
0.0909981
0.0178282
0.0922601
0.0182689
0.0234514
0.100463
0.000223118
0.100349
0.000671646
0.100159
0.0011299
0.0998902
0.00160716
0.099543
0.00211139
0.099117
0.00265226
0.0986129
0.00323813
0.098034
0.00388257
0.0973862
0.00459272
0.0966808
0.0053935
0.0959345
0.00627932
0.0951808
0.00730518
0.0944534
0.00840858
0.0938455
0.00974816
0.0933747
0.0110541
0.0933238
0.0128292
0.0934578
0.0141358
0.0948558
0.0164302
0.0958893
0.0172355
0.0196376
0.100469
0.000253699
0.100377
0.000764519
0.100221
0.00128554
0.100003
0.00182553
0.0997222
0.00239175
0.0993818
0.00299268
0.0989846
0.00363529
0.0985369
0.00433028
0.098047
0.00508264
0.0975302
0.00591032
0.0970023
0.00680721
0.0964999
0.00780757
0.0960439
0.00886458
0.0957206
0.0100714
0.0955101
0.0112646
0.0956451
0.0126943
0.0958929
0.0138879
0.0968819
0.0154412
0.0977225
0.0163948
0.0177104
0.100476
0.000277911
0.100402
0.000838287
0.100278
0.00140907
0.100106
0.00199815
0.0998858
0.00261185
0.0996212
0.00325726
0.0993165
0.00393997
0.0989791
0.00466774
0.0986176
0.00544412
0.0982472
0.00628064
0.0978817
0.00717275
0.097552
0.0081373
0.0972704
0.00914612
0.0971
0.0102418
0.0970235
0.0113411
0.0971758
0.0125419
0.0974291
0.0136347
0.0980587
0.0148116
0.098706
0.0157475
0.0166514
0.100481
0.000296522
0.100424
0.000895253
0.100329
0.00150451
0.100196
0.00213112
0.100027
0.00278042
0.0998266
0.00345813
0.0995979
0.00416864
0.0993485
0.00491714
0.0990864
0.00570624
0.0988244
0.00654268
0.0985733
0.0074238
0.0983552
0.00835537
0.0981802
0.0093212
0.0980866
0.0103354
0.0980683
0.0113595
0.0981879
0.0124223
0.0983943
0.0134283
0.0987815
0.0144244
0.0992275
0.0153015
0.0160654
0.100486
0.000310426
0.100443
0.000938098
0.100371
0.00157644
0.100271
0.00223122
0.100145
0.00290681
0.0999952
0.00360775
0.0998264
0.0043374
0.0996445
0.00509906
0.0994561
0.00589463
0.0992709
0.00672793
0.0990969
0.00759774
0.098949
0.0085033
0.0988352
0.00943499
0.0987765
0.0103941
0.0987727
0.0113632
0.0988474
0.0123476
0.0989835
0.0132923
0.0992024
0.0142055
0.0994615
0.0150423
0.0157669
0.10049
0.000320531
0.100458
0.000969531
0.100405
0.00162947
0.100332
0.00230508
0.100238
0.00299994
0.100129
0.00371761
0.100005
0.00446067
0.0998733
0.00523109
0.0997376
0.00603029
0.099605
0.00686059
0.0994813
0.00772146
0.0993755
0.00860904
0.0992936
0.00951694
0.0992456
0.010442
0.0992326
0.0113762
0.0992599
0.0123203
0.0993212
0.013231
0.099414
0.0141127
0.0995191
0.0149372
0.0156629
0.100493
0.000327677
0.10047
0.000992065
0.100432
0.0016678
0.100378
0.0023587
0.100311
0.00306768
0.100231
0.0037976
0.100141
0.00455044
0.100045
0.00532733
0.0999455
0.00612941
0.0998478
0.00695828
0.0997553
0.00781395
0.099673
0.00869131
0.0996044
0.00958557
0.0995535
0.010493
0.0995199
0.0114098
0.0995013
0.012339
0.0994935
0.0132388
0.0994873
0.0141189
0.0994704
0.0149541
0.0157028
0.100495
0.000332598
0.100479
0.00100788
0.100452
0.00169505
0.100414
0.00239717
0.100365
0.00311661
0.100306
0.0038558
0.100241
0.00461626
0.100169
0.00539863
0.100095
0.00620393
0.100019
0.00703361
0.0999452
0.00788819
0.0998743
0.00876218
0.0998081
0.00965182
0.099747
0.010554
0.0996891
0.0114677
0.0996283
0.0123997
0.0995606
0.0133065
0.0994752
0.0142043
0.099362
0.0150672
0.0158538
0.100497
0.000335897
0.100486
0.00101879
0.100467
0.0017142
0.100439
0.0024246
0.100404
0.00315199
0.100361
0.00389847
0.100312
0.00466534
0.100258
0.00545296
0.100199
0.00626235
0.100138
0.00709519
0.100073
0.00795255
0.100007
0.00882892
0.0999371
0.00972139
0.0998632
0.0106279
0.0997812
0.0115497
0.0996837
0.0124972
0.099566
0.0134243
0.0994168
0.0143535
0.0992277
0.0152564
0.0160926
0.100498
0.000338055
0.10049
0.00102621
0.100477
0.00172759
0.100457
0.00244419
0.100432
0.00317778
0.1004
0.00393032
0.100362
0.00470294
0.100319
0.00549592
0.100271
0.00631043
0.100218
0.00714854
0.100158
0.00801195
0.100092
0.00889527
0.100017
0.00979642
0.0999305
0.0107144
0.0998274
0.0116528
0.0996996
0.012625
0.0995417
0.0135822
0.0993424
0.0145528
0.099094
0.0155048
0.0163998
0.100499
0.000339436
0.100494
0.00103123
0.100484
0.00173696
0.10047
0.0024583
0.100451
0.00319689
0.100427
0.00395465
0.100397
0.00473267
0.100362
0.00553121
0.10032
0.00635171
0.100272
0.00719679
0.100215
0.0080688
0.100148
0.00896248
0.100068
0.00987658
0.0999711
0.0108112
0.0998516
0.0117723
0.0997006
0.012776
0.0995125
0.0137703
0.0992755
0.0147898
0.0989828
0.0157976
0.0167596
0.100499
0.000340305
0.100496
0.00103463
0.100489
0.00174357
0.100479
0.00246861
0.100464
0.00321133
0.100445
0.00397369
0.100421
0.00475682
0.100391
0.00556102
0.100355
0.00638809
0.10031
0.00724128
0.100256
0.00812358
0.100188
0.00902989
0.100105
0.00995981
0.100002
0.0109145
0.0998717
0.0119024
0.0997056
0.0129421
0.0994976
0.0139783
0.0992355
0.0150518
0.098913
0.0161201
0.0171551
0.100499
0.000340848
0.100497
0.00103694
0.100492
0.00174828
0.100485
0.00247623
0.100474
0.00322238
0.100459
0.0039888
0.100439
0.00477668
0.100413
0.00558642
0.100381
0.00642023
0.100341
0.00728201
0.100289
0.00817544
0.100223
0.00909549
0.10014
0.0100427
0.100036
0.0110192
0.0999017
0.0120362
0.0997294
0.0131144
0.0995122
0.0141954
0.0992377
0.0153264
0.0988995
0.0164583
0.0175713
0.1005
0.000341189
0.100498
0.00103852
0.100495
0.00175164
0.100489
0.00248184
0.100481
0.00323079
0.100469
0.00400069
0.100453
0.00479278
0.100432
0.00560763
0.100404
0.00644785
0.100368
0.00731805
0.100321
0.00822254
0.10026
0.00915631
0.100182
0.0101208
0.100082
0.0111193
0.0999521
0.0121658
0.0997833
0.0132833
0.099569
0.0144097
0.0992956
0.0155997
0.0989576
0.0167963
0.0179896
0.1005
0.0003414
0.100499
0.00103959
0.100496
0.00175396
0.100492
0.0024858
0.100486
0.0032369
0.100477
0.00400958
0.100465
0.00480516
0.100448
0.00562432
0.100426
0.00647012
0.100396
0.00734786
0.100356
0.00826242
0.100304
0.00920874
0.100236
0.0101893
0.100147
0.0112083
0.10003
0.0122827
0.099875
0.0134379
0.0996766
0.0146081
0.0994206
0.0158557
0.099099
0.0171179
0.0183901
0.1005
0.000341512
0.100499
0.00104024
0.100498
0.00175538
0.100495
0.00248829
0.100491
0.00324083
0.100486
0.00401548
0.100477
0.0048136
0.100465
0.00563596
0.10045
0.00648604
0.100428
0.00736976
0.100397
0.00829256
0.100357
0.00924914
0.100303
0.010243
0.100232
0.0112792
0.100137
0.0123781
0.100008
0.0135671
0.099839
0.0147769
0.0996169
0.0160779
0.0993356
0.0173991
0.0187543
0.1005
0.1005
0.100499
0.100498
0.100496
0.100493
0.100488
0.100482
0.100472
0.100458
0.100439
0.100413
0.100377
0.100329
0.100262
0.100171
0.10005
0.0998858
0.0996723
0.0299825
-0.000125465
0.0299302
-0.000380385
0.029842
-0.000644975
0.0297157
-0.00092268
0.0295487
-0.00121696
0.0293374
-0.00153277
0.0290767
-0.00187632
0.0287601
-0.00225579
0.028379
-0.0026817
0.0279215
-0.00317224
0.0273721
-0.00374486
0.0267093
-0.00444296
0.0259039
-0.00529777
0.0249126
-0.00644966
0.0236787
-0.0079467
0.0220961
-0.0102742
0.0200419
-0.0134819
0.0169755
-0.0194363
0.0119273
-0.0278908
-0.0347163
0.0299822
-0.000107684
0.0299293
-0.000327422
0.0298397
-0.000555412
0.0297115
-0.000794438
0.0295417
-0.00104723
0.0293266
-0.00131768
0.0290609
-0.00161056
0.0287374
-0.00193232
0.0283468
-0.00229109
0.027876
-0.00270144
0.0273078
-0.00317666
0.0266162
-0.00375143
0.0257683
-0.00444988
0.0247048
-0.00538614
0.0233568
-0.0065987
0.021557
-0.00847431
0.0191337
-0.0110586
0.0154195
-0.0157221
0.00962629
-0.0220976
-0.02509
0.0299821
-8.98053e-05
0.0299286
-0.000273858
0.029838
-0.000464838
0.0297083
-0.000664706
0.0295364
-0.000875402
0.0293185
-0.00109971
0.0290488
-0.00134093
0.02872
-0.00160352
0.0283222
-0.00189328
0.0278411
-0.00222028
0.0272584
-0.00259399
0.0265443
-0.0030373
0.025663
-0.00356862
0.0245417
-0.00426486
0.0231023
-0.00515924
0.0211352
-0.00650724
0.0184434
-0.00836684
0.0143255
-0.0116042
0.00814809
-0.0159202
-0.0169419
0.029982
-7.1847e-05
0.0299281
-0.000219898
0.0298368
-0.000373579
0.0297061
-0.00053396
0.0295328
-0.000702154
0.0293129
-0.000879772
0.0290406
-0.00106866
0.0287082
-0.0012711
0.0283055
-0.00149057
0.0278173
-0.00173207
0.0272247
-0.00200142
0.0264952
-0.00230776
0.0255908
-0.00266422
0.0244299
-0.00310396
0.0229262
-0.00365557
0.0208473
-0.0044283
0.0179746
-0.00549418
0.0136174
-0.00724696
0.00729242
-0.00959519
-0.0096495
0.029982
-5.38431e-05
0.0299278
-0.000165733
0.0298362
-0.000281965
0.0297049
-0.000402686
0.029531
-0.000528162
0.02931
-0.000658816
0.0290364
-0.000795017
0.0287021
-0.000936818
0.0282968
-0.00108532
0.0278051
-0.0012403
0.0272075
-0.00140382
0.0264702
-0.00157054
0.0255541
-0.00174812
0.0243733
-0.00192315
0.0228365
-0.00211878
0.0207002
-0.00229191
0.0177331
-0.00252716
0.0132563
-0.00277009
0.00688052
-0.00321944
-0.00276898
0.029982
-3.58335e-05
0.0299278
-0.000111556
0.0298362
-0.00019033
0.0297049
-0.000271377
0.0295308
-0.000354114
0.0293098
-0.000437793
0.0290361
-0.000521284
0.0287017
-0.000602458
0.0282964
-0.000679989
0.0278046
-0.00074854
0.027207
-0.000806237
0.0264702
-0.000833681
0.0255545
-0.000832403
0.0243743
-0.000743043
0.0228374
-0.00058186
0.0206983
-0.000152818
0.0177232
0.00044792
0.0132248
0.00172836
0.0068375
0.00316784
0.00406852
0.029982
-1.78569e-05
0.029928
-5.75578e-05
0.0298367
-9.90047e-05
0.0297058
-0.000140524
0.0295324
-0.000180698
0.0293123
-0.000217654
0.0290398
-0.000248746
0.0287071
-0.000269809
0.0283041
-0.000276995
0.0278159
-0.000260362
0.0272234
-0.000213736
0.0264949
-0.00010519
0.0255917
7.08254e-05
0.0244331
0.000415575
0.0229294
0.000921812
0.0208431
0.00193353
0.0179472
0.00334378
0.0135245
0.00615109
0.00715916
0.00953317
0.0112277
0.0299821
5.54758e-08
0.0299285
-3.92997e-06
0.0298378
-8.31983e-06
0.0297079
-1.06135e-05
0.0295358
-8.59358e-06
0.0293174
6.62537e-07
0.0290474
2.13352e-05
0.0287182
5.93828e-05
0.0283199
0.000121281
0.0278387
0.000220791
0.0272562
0.000368805
0.0265439
0.000607153
0.0256646
0.000950102
0.0245477
0.00153245
0.0231096
0.00235991
0.021133
0.00391017
0.0184066
0.00607011
0.0141764
0.0103813
0.00790769
0.0158019
0.0191354
0.0299822
1.7888e-05
0.0299291
4.91281e-05
0.0298394
8.13972e-05
0.0297109
0.000117879
0.0295408
0.000161535
0.0293252
0.000216251
0.0290588
0.00028774
0.0287347
0.000383447
0.0283434
0.000512577
0.0278725
0.000691671
0.0273045
0.00093686
0.0266153
0.00129629
0.0257707
0.0017948
0.0247145
0.0025886
0.0233722
0.00370224
0.0215663
0.00571605
0.0191072
0.00852922
0.0152299
0.0142587
0.00927896
0.0217528
0.0284143
0.0299824
0.02993
0.0298416
0.029715
0.0295475
0.0293356
0.0290741
0.0287567
0.0283747
0.0279169
0.0273678
0.0267077
0.0259076
0.0249271
0.0237107
0.0221348
0.0200864
0.0167989
0.0116267
)
;

boundaryField
{
    inlet
    {
        type            calculated;
        value           nonuniform List<scalar> 
50
(
-0.075
-0.075
-0.075
-0.075
-0.075
-0.075
-0.075
-0.075
-0.075
-0.075
-0.075
-0.075
-0.075
-0.075
-0.075
-0.075
-0.075
-0.075
-0.075
-0.075
-0.03
-0.03
-0.03
-0.03
-0.03
-0.03
-0.03
-0.03
-0.03
-0.03
-0.1005
-0.1005
-0.1005
-0.1005
-0.1005
-0.1005
-0.1005
-0.1005
-0.1005
-0.1005
-0.1005
-0.1005
-0.1005
-0.1005
-0.1005
-0.1005
-0.1005
-0.1005
-0.1005
-0.1005
)
;
    }
    outlet
    {
        type            calculated;
        value           nonuniform List<scalar> 
150
(
0.00024913
0.000314075
0.000414914
0.000534607
0.000663001
0.000794152
0.000924642
0.0010525
0.00117658
0.00129613
0.00141064
0.00151969
0.00162291
0.00171999
0.00181061
0.0018945
0.00197138
0.00204102
0.0021032
0.00215826
0.000877952
0.000885119
0.000891602
0.000897577
0.000903038
0.000907983
0.000912409
0.000916313
0.000919695
0.000922306
0.00309951
0.00310448
0.00308996
0.00305503
0.00299976
0.00292438
0.00282924
0.00271476
0.00258149
0.00243011
0.0022614
0.00207626
0.00187575
0.00166113
0.00143404
0.00119705
0.000954901
0.000717257
0.000504129
0.000356164
0.000341538
0.00104049
0.00175598
0.00248943
0.00324277
0.00401858
0.00481827
0.00564271
0.00649565
0.00738342
0.0083118
0.00927545
0.0102788
0.0113274
0.0124445
0.0136583
0.0148982
0.0162419
0.0176126
0.0190233
0.0344555
0.0391935
0.0433033
0.0488472
0.0573502
0.0677901
0.0775661
0.0845986
0.0882138
0.0890611
0.17848
0.163335
0.143698
0.122408
0.101764
0.0832213
0.0673941
0.0543002
0.0436498
0.0350496
0.0281134
0.022504
0.0179429
0.0142045
0.0111076
0.0085048
0.00627516
0.00431803
0.00257009
0.00112993
0.000441944
0.00133857
0.00224915
0.00317526
0.00411864
0.00508129
0.0060636
0.00706482
0.00808646
0.00913167
0.0102031
0.0112914
0.0123963
0.0135194
0.0146734
0.0158898
0.0170908
0.0183382
0.0195896
0.0207795
0.0366466
0.0407553
0.0439105
0.047697
0.0540241
0.0629992
0.0728711
0.0812332
0.0862469
0.0877531
0.174356
0.155561
0.131669
0.108016
0.087338
0.0705385
0.057169
0.0465229
0.0379574
0.0309905
0.0252701
0.0205373
0.016595
0.0132878
0.0104891
0.00809221
0.00600586
0.00415025
0.0024785
0.00109269
)
;
    }
    upAndBottom
    {
        type            empty;
        value           nonuniform 0();
    }
    obstacle
    {
        type            calculated;
        value           uniform 0;
    }
}


// ************************************************************************* //
