/*--------------------------------*- C++ -*----------------------------------*\
| =========                 |                                                 |
| \\      /  F ield         | OpenFOAM: The Open Source CFD Toolbox           |
|  \\    /   O peration     | Version:  v1806                                 |
|   \\  /    A nd           | Web:      www.OpenFOAM.com                      |
|    \\/     M anipulation  |                                                 |
\*---------------------------------------------------------------------------*/
FoamFile
{
    version     2.0;
    format      ascii;
    class       surfaceScalarField;
    location    "1";
    object      phi;
}
// * * * * * * * * * * * * * * * * * * * * * * * * * * * * * * * * * * * * * //

dimensions      [0 3 -1 0 0 0 0];
oriented        oriented;


internalField   nonuniform List<scalar> 
8600
(
0.45181
-0.615084
-0.484421
0.647695
0.375519
-0.590114
0.666405
0.293247
-0.599731
0.682003
0.265841
-0.614559
0.641964
0.260148
-0.616101
0.621795
0.266989
-0.611384
0.604543
0.282115
-0.602842
0.587716
0.301757
-0.59157
0.571928
0.324033
-0.57901
0.556733
0.348023
-0.565004
0.541014
0.374024
-0.551938
0.525937
0.399524
-0.531894
0.506395
0.430238
-0.525936
0.495222
0.454631
-0.486056
0.461663
0.490804
-0.503419
0.467246
0.517066
-0.430881
0.40462
0.55225
-0.465632
0.430447
0.585174
-0.382525
0.349602
0.620053
-0.402126
0.367247
-0.326553
0.290597
0.152251
-0.525297
-0.242039
0.152327
-0.59019
0.183255
-0.630659
0.212784
-0.644088
0.239966
-0.643283
0.264092
-0.63551
0.286699
-0.625448
0.309722
-0.614593
0.333739
-0.603027
0.358843
-0.590108
0.386045
-0.579141
0.411763
-0.557612
0.445155
-0.559328
0.468623
-0.509523
0.508053
-0.542848
0.535825
-0.458654
0.571889
-0.501695
0.608039
-0.418675
0.645447
-0.439534
-0.366516
0.281549
-0.583689
-0.223157
0.310846
-0.619487
0.306457
-0.62627
0.294743
-0.632373
0.287563
-0.636103
0.290592
-0.63854
0.302829
-0.637685
0.321562
-0.633326
0.344214
-0.625679
0.36944
-0.615334
0.397416
-0.607117
0.423168
-0.583364
0.45941
-0.59557
0.481634
-0.531748
0.52399
-0.585204
0.554079
-0.488743
0.590027
-0.537643
0.629366
-0.458014
0.669478
-0.479646
-0.410395
0.129969
-0.590608
-0.12305
0.131359
-0.620877
0.154293
-0.649204
0.190337
-0.668417
0.228749
-0.674515
0.263251
-0.673042
0.293572
-0.668006
0.32179
-0.661544
0.349088
-0.652977
0.377089
-0.643335
0.406734
-0.636762
0.433005
-0.609634
0.472458
-0.635024
0.493118
-0.552407
0.538154
-0.63024
0.571292
-0.521881
0.606195
-0.572546
0.648639
-0.500458
0.691373
-0.522381
-0.458253
0.192588
-0.642037
-0.141159
0.23211
-0.660399
0.25574
-0.672834
0.267869
-0.680546
0.278105
-0.684751
0.291851
-0.686787
0.310119
-0.686274
0.33257
-0.683994
0.357462
-0.677869
0.385362
-0.671235
0.41504
-0.66644
0.441836
-0.63643
0.483675
-0.676863
0.502904
-0.571637
0.549838
-0.677174
0.586615
-0.558658
0.619634
-0.605565
0.665106
-0.54593
0.710305
-0.56758
-0.509879
0.124442
-0.67297
-0.0935089
0.152016
-0.687973
0.178141
-0.698959
0.207272
-0.709677
0.238418
-0.715897
0.269357
-0.717727
0.299298
-0.716215
0.328744
-0.713441
0.357564
-0.706689
0.388234
-0.701905
0.418575
-0.696782
0.447758
-0.665612
0.490167
-0.719272
0.509691
-0.591161
0.557175
-0.724658
0.597575
-0.599058
0.628484
-0.636474
0.677199
-0.594646
0.724557
-0.614938
-0.564839
0.141603
-0.710922
-0.10365
0.172902
-0.719272
0.202917
-0.728974
0.229012
-0.735772
0.252983
-0.739868
0.276885
-0.741629
0.301904
-0.741234
0.328325
-0.739862
0.35607
-0.734434
0.386425
-0.732259
0.415667
-0.726024
0.448597
-0.698542
0.486901
-0.757576
0.510815
-0.615075
0.556235
-0.770078
0.598851
-0.641675
0.628591
-0.666213
0.681216
-0.647272
0.730001
-0.663723
-0.622345
0.114037
-0.744721
-0.0802381
0.146357
-0.751592
0.174215
-0.756832
0.200728
-0.762285
0.227484
-0.766624
0.254694
-0.768839
0.282532
-0.769071
0.310345
-0.767675
0.339666
-0.763755
0.369424
-0.762018
0.398778
-0.755379
0.4354
-0.735163
0.46441
-0.786586
0.500112
-0.650778
0.538886
-0.808851
0.580573
-0.683362
0.611945
-0.697586
0.668677
-0.704004
0.717098
-0.712143
-0.681155
0.10412
-0.773202
-0.0756399
0.130172
-0.777644
0.156596
-0.783256
0.181965
-0.787654
0.206096
-0.790755
0.229722
-0.792465
0.253845
-0.793194
0.27806
-0.791891
0.305218
-0.790913
0.330563
-0.787362
0.360278
-0.785094
0.394713
-0.769598
0.415516
-0.807388
0.465662
-0.700924
0.491798
-0.834988
0.530653
-0.722216
0.566655
-0.733587
0.623925
-0.761274
0.668431
-0.75665
-0.73936
0.0803248
-0.797179
-0.0563479
0.10318
-0.800499
0.12348
-0.803556
0.14263
-0.806804
0.161544
-0.809669
0.180716
-0.811637
0.200389
-0.812868
0.220501
-0.812002
0.242968
-0.81338
0.262826
-0.80722
0.290764
-0.813032
0.316169
-0.795004
0.334613
-0.825832
0.388309
-0.754619
0.399435
-0.846115
0.439037
-0.761818
0.479313
-0.773864
0.527057
-0.809017
0.563198
-0.792791
-0.793685
0.0546911
-0.811904
-0.0399655
0.0685924
-0.8144
0.0824346
-0.817398
0.0957248
-0.820094
0.108371
-0.822316
0.120775
-0.82404
0.133116
-0.825209
0.146501
-0.825388
0.160185
-0.827064
0.174535
-0.82157
0.193436
-0.831933
0.20881
-0.810377
0.225938
-0.84296
0.265341
-0.794022
0.266858
-0.847632
0.305926
-0.800885
0.339839
-0.807777
0.369313
-0.838491
0.396435
-0.819914
-0.837508
0.030234
-0.820585
-0.0215533
0.0383243
-0.82249
0.0452466
-0.824321
0.0513968
-0.826244
0.0571309
-0.82805
0.0627203
-0.82963
0.068236
-0.830724
0.0746474
-0.831799
0.0798298
-0.832246
0.0888905
-0.830631
0.0946089
-0.837652
0.105659
-0.821428
0.113119
-0.85042
0.13116
-0.812063
0.132133
-0.848606
0.158123
-0.826875
0.176011
-0.825665
0.186351
-0.848831
0.204916
-0.838479
-0.860746
0.0165868
-0.825236
-0.0119353
0.0208361
-0.82674
0.0245733
-0.828058
0.0276532
-0.829324
0.0301297
-0.830526
0.0321186
-0.831619
0.0338951
-0.832501
0.0355591
-0.833463
0.0365712
-0.833258
0.040363
-0.834423
0.0383144
-0.835603
0.0473104
-0.830424
0.0410916
-0.844201
0.050624
-0.821596
0.0488507
-0.846832
0.0537897
-0.831814
0.059075
-0.83095
0.0574395
-0.847195
0.0651912
-0.846231
-0.858599
0.0194695
-0.830882
-0.0138241
0.0242975
-0.831568
0.0284329
-0.832193
0.0321233
-0.833015
0.0354463
-0.833849
0.0384268
-0.834599
0.0411857
-0.83526
0.0434167
-0.835694
0.0457738
-0.835615
0.0480354
-0.836684
0.0478591
-0.835427
0.053492
-0.836057
0.0457535
-0.836463
0.0572161
-0.833058
0.0486199
-0.838236
0.0481702
-0.831365
0.0513401
-0.83412
0.0430764
-0.838931
0.0415385
-0.844693
-0.84366
0.0278948
-0.838171
-0.0206054
0.0348761
-0.838549
0.0418485
-0.839166
0.0487033
-0.839869
0.0553369
-0.840483
0.0617298
-0.840992
0.0678777
-0.841408
0.0737432
-0.84156
0.0799023
-0.841774
0.0850143
-0.841796
0.0908162
-0.841229
0.0958801
-0.841121
0.0993409
-0.839923
0.1082
-0.841918
0.105659
-0.835695
0.115158
-0.840864
0.119516
-0.838478
0.116294
-0.835709
0.115135
-0.843533
-0.83828
0.0273498
-0.845851
-0.0196702
0.0352453
-0.846444
0.0430252
-0.846946
0.0505884
-0.847433
0.0579789
-0.847874
0.0652303
-0.848243
0.0723598
-0.848537
0.0795389
-0.848739
0.0867453
-0.848981
0.0938252
-0.848876
0.101588
-0.848992
0.108712
-0.848244
0.118267
-0.849478
0.123665
-0.847315
0.134767
-0.846797
0.144966
-0.851063
0.152041
-0.845552
0.163017
-0.846686
0.169777
-0.850293
-0.848623
0.0163748
-0.851084
-0.011142
0.0214002
-0.85147
0.0261196
-0.851665
0.0305298
-0.851843
0.0347597
-0.852103
0.0388795
-0.852363
0.0429484
-0.852606
0.0470495
-0.85284
0.0511038
-0.853035
0.0554292
-0.853202
0.0595764
-0.853139
0.0650291
-0.853697
0.0694829
-0.853932
0.0745373
-0.85237
0.0843146
-0.856575
0.0858525
-0.852601
0.0949355
-0.854635
0.106885
-0.858635
0.113719
-0.857127
-0.859626
0.00672316
-0.852932
-0.00487517
0.00810567
-0.852852
0.00938933
-0.852949
0.0106021
-0.853056
0.0117025
-0.853204
0.012688
-0.853349
0.0135469
-0.853465
0.0142923
-0.853585
0.0149454
-0.853688
0.0154979
-0.853754
0.016117
-0.853758
0.0167808
-0.854361
0.0163059
-0.853457
0.0189994
-0.855063
0.0172588
-0.854834
0.0173807
-0.852723
0.0206506
-0.857905
0.0188727
-0.856857
0.0174504
-0.855704
-0.858704
0.00437934
-0.853952
-0.00335858
0.00548807
-0.853961
0.00660135
-0.854062
0.00766111
-0.854115
0.00859318
-0.854136
0.00939488
-0.85415
0.0100894
-0.854159
0.0106681
-0.854164
0.0111395
-0.854159
0.0115081
-0.854123
0.0119246
-0.854175
0.0116945
-0.854131
0.0121049
-0.853868
0.0117019
-0.85466
0.00980301
-0.852935
0.0119552
-0.854875
0.00859777
-0.854548
0.00438746
-0.852647
0.00241161
-0.853729
-0.853716
0.00311921
-0.00207155
0.0041581
0.00509616
0.00598079
0.00684489
0.00769443
0.00853501
0.00937129
0.0102119
0.0110889
0.0119144
0.0127837
0.0139161
0.014256
0.0163208
0.0164458
0.0168979
0.0192509
0.0205223
-0.39387
-0.0683133
0.462183
-0.330165
-0.0637046
-0.27498
-0.0551859
-0.223675
-0.0513048
-0.176831
-0.0468434
-0.13287
-0.0439616
-0.0913212
-0.0415485
-0.0515609
-0.0397603
-0.0131195
-0.0384414
0.0246353
-0.0377548
0.0622374
-0.0376021
0.100187
-0.0379498
0.139082
-0.0388946
0.179414
-0.0403323
0.221804
-0.0423894
0.266377
-0.0445739
0.314875
-0.0484971
0.365926
-0.0510513
0.424528
-0.0586019
-0.0598932
-0.138924
-0.0780384
0.148649
-0.129193
-0.073435
-0.113975
-0.0704044
-0.0975602
-0.0677194
-0.0786473
-0.0657563
-0.0584134
-0.0641956
-0.0369212
-0.0630407
-0.0144577
-0.0622237
0.00881529
-0.0617145
0.0325604
-0.0614999
0.0565247
-0.0615664
0.0804838
-0.0619088
0.104122
-0.0625328
0.127238
-0.0634484
0.149504
-0.0646552
0.171167
-0.0662369
0.190758
-0.0680881
0.210285
-0.070578
0.224946
-0.0732635
-0.0769855
-0.159602
-0.0926785
0.174243
-0.141948
-0.0910893
-0.123002
-0.0893506
-0.10291
-0.0878111
-0.0822732
-0.0863933
-0.0612753
-0.0851935
-0.0401017
-0.0842143
-0.0188533
-0.0834721
0.00240715
-0.0829749
0.0236357
-0.0827285
0.0448064
-0.0827371
0.0659002
-0.0830026
0.0868917
-0.0835243
0.107742
-0.0842991
0.128412
-0.085325
0.14876
-0.0865851
0.168766
-0.0880942
0.187994
-0.0898058
0.206406
-0.0916754
-0.0937367
-0.0580948
-0.0993605
0.0647768
-0.0509577
-0.0982264
-0.0430477
-0.0972606
-0.0344394
-0.0964193
-0.0251083
-0.0957244
-0.0151387
-0.0951631
-0.00462044
-0.0947326
0.00633553
-0.0944281
0.0176053
-0.0942447
0.029055
-0.0941782
0.0405428
-0.094225
0.0519229
-0.0943826
0.0630485
-0.0946499
0.0737761
-0.0950267
0.0839647
-0.0955136
0.0934938
-0.0961142
0.102226
-0.0968263
0.11008
-0.0976596
0.117014
-0.0986101
-0.0997726
-0.0852433
-0.109286
0.0951688
-0.0745911
-0.108879
-0.063404
-0.108448
-0.0517911
-0.108032
-0.0398694
-0.107646
-0.0277244
-0.107308
-0.0154268
-0.10703
-0.00303219
-0.106823
0.00941568
-0.106693
0.0218831
-0.106646
0.0343427
-0.106685
0.0467713
-0.106811
0.0591462
-0.107025
0.0714426
-0.107323
0.0836311
-0.107702
0.0956719
-0.108155
0.10752
-0.108675
0.11911
-0.109249
0.130349
-0.10985
-0.110582
-0.0388402
-0.116019
0.0455735
-0.0321137
-0.115605
-0.0253151
-0.115246
-0.018408
-0.114939
-0.0113699
-0.114684
-0.00419786
-0.11448
0.00309692
-0.114325
0.0104923
-0.114218
0.0179575
-0.114158
0.0254548
-0.114143
0.0329424
-0.114172
0.040376
-0.114245
0.0477114
-0.11436
0.0549059
-0.114518
0.0619216
-0.114718
0.0687271
-0.114961
0.0752991
-0.115247
0.0816268
-0.115577
0.0877326
-0.115955
-0.116359
-0.0534984
-0.123301
0.0607805
-0.0459034
-0.1232
-0.0380561
-0.123094
-0.0300058
-0.12299
-0.0217962
-0.122894
-0.0134643
-0.122812
-0.00504157
-0.122748
0.00344563
-0.122705
0.0119751
-0.122687
0.0205281
-0.122696
0.0290883
-0.122732
0.0376407
-0.122797
0.0461711
-0.12289
0.0546641
-0.123011
0.0631027
-0.123156
0.0714666
-0.123325
0.0797319
-0.123512
0.0878687
-0.123714
0.0958377
-0.123924
-0.124171
-0.0332893
-0.129531
0.0395185
-0.0271362
-0.129353
-0.0210299
-0.1292
-0.0149494
-0.12907
-0.00888009
-0.128963
-0.0028129
-0.128879
0.00325614
-0.128817
0.00932702
-0.128776
0.0153962
-0.128756
0.0214576
-0.128757
0.0275036
-0.128778
0.0335259
-0.12882
0.039516
-0.128881
0.0454666
-0.128961
0.0513721
-0.129062
0.05723
-0.129182
0.0630415
-0.129323
0.0688127
-0.129485
0.0745557
-0.129667
-0.129853
-0.034969
-0.134888
0.0403266
-0.0294718
-0.13485
-0.0238568
-0.134815
-0.0181441
-0.134783
-0.0123516
-0.134756
-0.00649549
-0.134735
-0.000590097
-0.134722
0.00535147
-0.134718
0.0113178
-0.134723
0.0172984
-0.134738
0.0232834
-0.134763
0.0292633
-0.134799
0.0352286
-0.134846
0.0411698
-0.134902
0.0470761
-0.134968
0.0529359
-0.135042
0.0587358
-0.135123
0.0644602
-0.135209
0.0700913
-0.135298
-0.135402
-0.0232227
-0.139245
0.0275795
-0.0189037
-0.139169
-0.0146146
-0.139104
-0.010349
-0.139048
-0.00610163
-0.139003
-0.00186874
-0.138968
0.00235225
-0.138943
0.00656298
-0.138928
0.0107639
-0.138924
0.0149551
-0.138929
0.0191361
-0.138944
0.0233063
-0.13897
0.0274652
-0.139005
0.0316129
-0.13905
0.03575
-0.139105
0.0398782
-0.13917
0.0440004
-0.139245
0.0481206
-0.13933
0.0522442
-0.139422
-0.139506
-0.0167612
-0.142038
0.0195545
-0.0139139
-0.142017
-0.011019
-0.141999
-0.0080833
-0.141984
-0.0051132
-0.141973
-0.00211491
-0.141966
0.000905743
-0.141964
0.00394321
-0.141966
0.00699226
-0.141973
0.0100479
-0.141985
0.0131054
-0.142002
0.0161603
-0.142024
0.019208
-0.142053
0.0222441
-0.142086
0.0252643
-0.142125
0.0282638
-0.14217
0.0312379
-0.14222
0.0341815
-0.142273
0.0370888
-0.142329
-0.142382
-0.00816907
-0.143678
0.00980903
-0.00653833
-0.143648
-0.00491637
-0.143621
-0.00330263
-0.143598
-0.00169661
-0.143579
-9.79496e-05
-0.143565
0.00149354
-0.143555
0.00307784
-0.14355
0.00465485
-0.14355
0.00622437
-0.143554
0.00778619
-0.143564
0.00934013
-0.143578
0.0108862
-0.143599
0.0124246
-0.143625
0.0139559
-0.143657
0.0154811
-0.143695
0.0170017
-0.14374
0.0185201
-0.143792
0.0200401
-0.143849
-0.143896
-0.00443749
-0.144526
0.00528498
-0.00357189
-0.144513
-0.00269038
-0.144502
-0.00179549
-0.144493
-0.000889904
-0.144485
2.35736e-05
-0.144479
0.00094201
-0.144474
0.0018625
-0.144471
0.00278202
-0.144469
0.0036975
-0.14447
0.00460575
-0.144472
0.00550351
-0.144476
0.0063874
-0.144483
0.00725394
-0.144491
0.00809954
-0.144502
0.00892052
-0.144516
0.00971331
-0.144533
0.0104749
-0.144553
0.0112027
-0.144577
-0.144628
-0.00490196
-0.14554
0.00591646
-0.00388705
-0.145528
-0.00287224
-0.145517
-0.00185791
-0.145507
-0.000844413
-0.145498
0.000167912
-0.145491
0.00117871
-0.145485
0.00218751
-0.14548
0.00319379
-0.145476
0.00419695
-0.145473
0.00519624
-0.145471
0.00619079
-0.145471
0.00717959
-0.145471
0.00816147
-0.145473
0.00913508
-0.145476
0.0100991
-0.14548
0.0110521
-0.145486
0.0119933
-0.145494
0.0129213
-0.145505
-0.145531
-0.00762592
-0.146959
0.0090447
-0.00620059
-0.146953
-0.00476856
-0.146949
-0.00332979
-0.146946
-0.00188429
-0.146944
-0.000432085
-0.146943
0.00102682
-0.146943
0.00249242
-0.146945
0.00396476
-0.146948
0.00544392
-0.146952
0.00693002
-0.146957
0.00842325
-0.146964
0.0099238
-0.146972
0.0114319
-0.146981
0.0129479
-0.146992
0.0144722
-0.147004
0.0160053
-0.147019
0.0175466
-0.147036
0.0190947
-0.147053
-0.147042
-0.00796946
-0.148403
0.00941356
-0.00652404
-0.148399
-0.00507767
-0.148395
-0.00363061
-0.148393
-0.0021831
-0.148391
-0.000735302
-0.148391
0.000712671
-0.148391
0.00216079
-0.148393
0.0036091
-0.148396
0.00505776
-0.148401
0.00650701
-0.148407
0.00795721
-0.148414
0.00940885
-0.148423
0.0108625
-0.148435
0.0123189
-0.148448
0.0137787
-0.148464
0.0152423
-0.148483
0.01671
-0.148503
0.0181832
-0.148526
-0.148529
-0.00467713
-0.149276
0.00555043
-0.00380206
-0.149274
-0.00292586
-0.149272
-0.00204922
-0.14927
-0.00117289
-0.149268
-0.000297708
-0.149266
0.000575394
-0.149265
0.0014454
-0.149263
0.00231119
-0.149262
0.00317152
-0.149261
0.00402501
-0.14926
0.00487014
-0.149259
0.00570522
-0.149259
0.00652841
-0.149258
0.00733754
-0.149257
0.00813011
-0.149257
0.00890348
-0.149256
0.00965589
-0.149256
0.010386
-0.149257
-0.149285
-0.00154338
-0.14961
0.00187694
-0.00120821
-0.149609
-0.000871423
-0.149608
-0.000533023
-0.149608
-0.000193028
-0.149608
0.000148527
-0.149608
0.000491581
-0.149608
0.000836021
-0.149608
0.00118168
-0.149608
0.00152833
-0.149608
0.00187561
-0.149607
0.00222308
-0.149607
0.00257013
-0.149606
0.00291598
-0.149604
0.00325962
-0.149601
0.00359988
-0.149597
0.00393566
-0.149592
0.00426546
-0.149586
0.00458665
-0.149578
-0.149573
-0.00120476
-0.149832
0.00142677
-0.000981919
-0.149832
-0.000758282
-0.149832
-0.000533879
-0.149832
-0.00030871
-0.149833
-8.2733e-05
-0.149834
0.000144148
-0.149834
0.000372088
-0.149836
0.000601321
-0.149837
0.000832173
-0.149839
0.00106507
-0.14984
0.00130057
-0.149842
0.00153932
-0.149844
0.00178212
-0.149847
0.00202993
-0.149849
0.0022839
-0.149851
0.00254496
-0.149853
0.00281331
-0.149854
0.00308927
-0.149854
-0.149843
-0.000943638
0.0011117
-0.000775535
-0.000607561
-0.000439906
-0.00027276
-0.000106323
5.91965e-05
0.000223586
0.00038663
0.000548112
0.00070782
0.000865563
0.00102118
0.00117458
0.00132575
0.00147474
0.0016218
0.00176779
0.00191409
-0.20924
-0.105963
0.106513
0.20869
-0.21167
-0.105294
0.107724
-0.216057
-0.104504
0.108892
-0.222822
-0.103332
0.110097
-0.232248
-0.101771
0.111197
-0.244511
-0.0999481
0.112211
-0.259821
-0.0981145
0.113424
-0.27851
-0.0965406
0.11523
-0.30091
-0.0953854
0.117785
-0.327044
-0.0947203
0.120854
-0.356369
-0.0946744
0.123999
-0.387696
-0.0954419
0.126768
-0.419207
-0.0970992
0.12861
-0.448582
-0.0994563
0.128832
-0.473291
-0.102014
0.126723
-0.490704
-0.104177
0.12159
-0.499123
-0.104344
0.112763
-0.498077
-0.100689
0.0996431
-0.486754
-0.0928059
0.0814829
-0.079846
0.0552753
-0.173318
-0.110689
0.178044
-0.167619
-0.110993
-0.161094
-0.111029
-0.153483
-0.110943
-0.144586
-0.110669
-0.134412
-0.110122
-0.123322
-0.109204
-0.112037
-0.107826
-0.101488
-0.105935
-0.0926505
-0.103558
-0.0865033
-0.100822
-0.084011
-0.0979343
-0.0861876
-0.0949226
-0.0931449
-0.0924991
-0.104019
-0.0911403
-0.117763
-0.0904327
-0.132312
-0.0897949
-0.144469
-0.0885324
-0.151182
-0.0860932
-0.0823789
-0.257102
-0.107569
0.253981
-0.260879
-0.107217
-0.26481
-0.107097
-0.268663
-0.107091
-0.272167
-0.107164
-0.275008
-0.107281
-0.276792
-0.10742
-0.27705
-0.107568
-0.27529
-0.107694
-0.271119
-0.107729
-0.264486
-0.107454
-0.255658
-0.106762
-0.244956
-0.105625
-0.233368
-0.104087
-0.222248
-0.10226
-0.212357
-0.100324
-0.203672
-0.0984797
-0.195344
-0.0968609
-0.185982
-0.0954545
-0.0941187
-0.133264
-0.115405
0.141101
-0.125361
-0.11512
-0.117831
-0.114628
-0.110966
-0.113956
-0.105032
-0.113098
-0.100251
-0.112062
-0.0967976
-0.110873
-0.0947153
-0.10965
-0.0939267
-0.108483
-0.0942201
-0.107435
-0.0951149
-0.106559
-0.0959967
-0.10588
-0.0962361
-0.105386
-0.0953019
-0.105021
-0.0928666
-0.104696
-0.0888942
-0.104296
-0.0836577
-0.103716
-0.0776282
-0.10289
-0.0712591
-0.101824
-0.100601
-0.214981
-0.117808
0.217383
-0.212534
-0.117566
-0.209791
-0.11737
-0.206576
-0.117171
-0.202712
-0.116962
-0.19804
-0.116734
-0.192453
-0.11646
-0.185988
-0.116115
-0.178788
-0.115682
-0.171076
-0.115148
-0.163123
-0.114513
-0.155206
-0.113797
-0.147553
-0.113038
-0.140283
-0.112292
-0.133364
-0.111615
-0.12661
-0.11105
-0.119719
-0.110607
-0.112348
-0.110261
-0.104213
-0.109959
-0.109645
-0.154286
-0.122558
0.159036
-0.149578
-0.122274
-0.144989
-0.121959
-0.140522
-0.121638
-0.136157
-0.121327
-0.131856
-0.121036
-0.127539
-0.120776
-0.123107
-0.120547
-0.118445
-0.120344
-0.113441
-0.120152
-0.107998
-0.119956
-0.102057
-0.119739
-0.0956072
-0.119488
-0.0887052
-0.119194
-0.0814713
-0.118849
-0.0740726
-0.118448
-0.0666845
-0.117996
-0.0594439
-0.117502
-0.0524139
-0.116989
-0.116486
-0.170148
-0.128206
0.175797
-0.164377
-0.128046
-0.158457
-0.127879
-0.152411
-0.127684
-0.146282
-0.127455
-0.140133
-0.127186
-0.134036
-0.126872
-0.128068
-0.126516
-0.12229
-0.126122
-0.116739
-0.125703
-0.111417
-0.125278
-0.106286
-0.12487
-0.101273
-0.124501
-0.0962767
-0.12419
-0.0911795
-0.123946
-0.0858613
-0.123767
-0.0802164
-0.123641
-0.0741691
-0.123549
-0.0676865
-0.123471
-0.123392
-0.148468
-0.132506
0.152768
-0.144177
-0.132337
-0.139886
-0.13217
-0.135558
-0.132013
-0.131141
-0.131872
-0.126576
-0.131751
-0.121795
-0.131653
-0.116736
-0.131575
-0.111348
-0.13151
-0.105602
-0.131449
-0.099498
-0.131381
-0.0930729
-0.131295
-0.0863933
-0.131181
-0.0795489
-0.131034
-0.0726392
-0.130856
-0.0657572
-0.130649
-0.058976
-0.130422
-0.0523391
-0.130186
-0.0458581
-0.129952
-0.129731
-0.131761
-0.137523
0.136778
-0.126681
-0.137417
-0.121545
-0.137306
-0.116375
-0.137182
-0.111203
-0.137044
-0.106065
-0.136889
-0.101002
-0.136717
-0.0960478
-0.136528
-0.0912307
-0.136327
-0.0865617
-0.136118
-0.0820325
-0.135911
-0.0776148
-0.135712
-0.0732631
-0.135533
-0.0689201
-0.135377
-0.0645253
-0.13525
-0.0600231
-0.135151
-0.05537
-0.135075
-0.0505394
-0.135016
-0.0455225
-0.134969
-0.134927
-0.104021
-0.140832
0.107329
-0.100703
-0.140734
-0.0973725
-0.140637
-0.0940122
-0.140542
-0.0906022
-0.140454
-0.0871189
-0.140372
-0.0835368
-0.140299
-0.0798313
-0.140234
-0.0759826
-0.140176
-0.0719791
-0.140122
-0.0678202
-0.140069
-0.0635184
-0.140014
-0.0590983
-0.139953
-0.0545934
-0.139882
-0.0500416
-0.139802
-0.0454794
-0.139713
-0.0409369
-0.139617
-0.0364344
-0.139519
-0.0319817
-0.139422
-0.13933
-0.0689439
-0.143465
0.0715767
-0.0662859
-0.143392
-0.0636096
-0.143313
-0.0609205
-0.143232
-0.0582263
-0.143148
-0.0555368
-0.143062
-0.0528629
-0.142973
-0.0502158
-0.142881
-0.0476047
-0.142787
-0.0450353
-0.142691
-0.0425078
-0.142597
-0.0400164
-0.142506
-0.0375492
-0.14242
-0.0350893
-0.142342
-0.0326174
-0.142274
-0.0301148
-0.142216
-0.0275654
-0.142167
-0.0249583
-0.142126
-0.022288
-0.142092
-0.142063
-0.0368762
-0.144578
0.0379895
-0.0357545
-0.144514
-0.0346208
-0.144447
-0.0334698
-0.144383
-0.0322956
-0.144322
-0.031091
-0.144266
-0.0298489
-0.144215
-0.0285619
-0.144168
-0.0272239
-0.144125
-0.0258303
-0.144085
-0.0243794
-0.144048
-0.0228729
-0.144012
-0.0213161
-0.143977
-0.0197173
-0.143941
-0.0180871
-0.143904
-0.0164366
-0.143866
-0.0147765
-0.143827
-0.013115
-0.143788
-0.0114581
-0.143749
-0.143712
-0.0188519
-0.145139
0.0194122
-0.0182793
-0.145087
-0.0176764
-0.14505
-0.017045
-0.145014
-0.0163886
-0.144979
-0.015711
-0.144944
-0.0150166
-0.144909
-0.0143096
-0.144875
-0.0135942
-0.14484
-0.0128737
-0.144805
-0.0121507
-0.144771
-0.0114259
-0.144737
-0.0106986
-0.144704
-0.0099666
-0.144673
-0.0092265
-0.144644
-0.00847433
-0.144618
-0.00770636
-0.144595
-0.0069197
-0.144574
-0.00611267
-0.144556
-0.14454
-0.0229349
-0.145839
0.0236346
-0.0222104
-0.145811
-0.0214648
-0.145795
-0.0206987
-0.14578
-0.0199122
-0.145765
-0.0191054
-0.145751
-0.0182784
-0.145736
-0.0174312
-0.145722
-0.0165633
-0.145708
-0.0156747
-0.145694
-0.0147653
-0.14568
-0.0138357
-0.145666
-0.0128871
-0.145653
-0.0119214
-0.145639
-0.010941
-0.145625
-0.00994889
-0.14561
-0.00894793
-0.145596
-0.00794083
-0.145581
-0.00692978
-0.145567
-0.145553
-0.0358716
-0.147258
0.0372912
-0.0344229
-0.14726
-0.0329805
-0.147238
-0.0315448
-0.147216
-0.0301154
-0.147195
-0.0286916
-0.147175
-0.0272728
-0.147155
-0.0258587
-0.147136
-0.024449
-0.147118
-0.0230436
-0.147099
-0.021642
-0.147082
-0.0202436
-0.147065
-0.0188478
-0.147049
-0.0174534
-0.147033
-0.0160592
-0.147019
-0.0146638
-0.147006
-0.0132659
-0.146994
-0.011864
-0.146983
-0.0104572
-0.146974
-0.146966
-0.0362103
-0.148667
0.037619
-0.0348123
-0.148658
-0.0334184
-0.148632
-0.032027
-0.148607
-0.0306372
-0.148584
-0.0292479
-0.148564
-0.0278577
-0.148545
-0.0264654
-0.148529
-0.0250699
-0.148513
-0.0236704
-0.148499
-0.0222663
-0.148486
-0.0208569
-0.148474
-0.0194422
-0.148463
-0.0180222
-0.148453
-0.016597
-0.148444
-0.0151672
-0.148435
-0.0137334
-0.148428
-0.012296
-0.14842
-0.0108559
-0.148414
-0.148408
-0.0209232
-0.149372
0.0216287
-0.0202343
-0.149347
-0.0195233
-0.149342
-0.0187915
-0.149339
-0.0180406
-0.149335
-0.0172729
-0.149332
-0.0164904
-0.149328
-0.015695
-0.149324
-0.0148881
-0.14932
-0.014071
-0.149316
-0.013245
-0.149312
-0.0124113
-0.149308
-0.0115707
-0.149304
-0.010724
-0.1493
-0.00987204
-0.149296
-0.00901529
-0.149292
-0.0081543
-0.149289
-0.00728951
-0.149285
-0.00642139
-0.149282
-0.149279
-0.00777559
-0.14961
0.00801363
-0.00750796
-0.149615
-0.00722982
-0.149621
-0.00694371
-0.149625
-0.00665082
-0.149628
-0.00635218
-0.14963
-0.00604887
-0.149631
-0.00574175
-0.149631
-0.00543142
-0.14963
-0.00511835
-0.149629
-0.00480284
-0.149627
-0.00448513
-0.149626
-0.00416538
-0.149624
-0.0038437
-0.149622
-0.00352019
-0.149619
-0.0031949
-0.149617
-0.00286789
-0.149616
-0.00253921
-0.149614
-0.00220889
-0.149612
-0.149611
-0.00564828
-0.14985
0.00588765
-0.00540222
-0.149861
-0.005162
-0.149861
-0.00492747
-0.149859
-0.00469843
-0.149857
-0.00447392
-0.149855
-0.00425281
-0.149852
-0.00403418
-0.14985
-0.00381729
-0.149847
-0.00360149
-0.149845
-0.00338623
-0.149843
-0.00317106
-0.149841
-0.00295566
-0.149839
-0.00273974
-0.149837
-0.00252314
-0.149836
-0.00230571
-0.149835
-0.00208737
-0.149834
-0.0018681
-0.149833
-0.00164789
-0.149833
-0.149832
-0.0040617
0.00421191
-0.0039223
-0.00378312
-0.0036426
-0.00349987
-0.00335468
-0.00320696
-0.00305668
-0.00290392
-0.00274883
-0.00259158
-0.00243236
-0.00227137
-0.00210881
-0.0019449
-0.00177982
-0.00161377
-0.00144694
-0.00127952
-0.22048
-0.0234071
0.243887
-0.198142
-0.0223373
-0.178452
-0.0196903
-0.160445
-0.0180065
-0.143978
-0.016467
-0.128772
-0.0152066
-0.114625
-0.0141472
-0.101366
-0.0132591
-0.0888536
-0.0125119
-0.0769758
-0.0118778
-0.0656477
-0.0113281
-0.0548184
-0.0108293
-0.0444808
-0.0103376
-0.0346833
-0.00979751
-0.0255442
-0.00913912
-0.0172786
-0.00826557
-0.0102015
-0.00707708
-0.00470522
-0.0054963
-0.00119849
-0.00350673
-0.00119849
-0.142693
-0.0299509
0.149237
-0.136688
-0.0283427
-0.12948
-0.0268985
-0.121837
-0.0256488
-0.113738
-0.0245665
-0.105319
-0.0236259
-0.0966578
-0.022808
-0.0878211
-0.0220958
-0.0788605
-0.0214725
-0.0698194
-0.0209189
-0.0607391
-0.0204085
-0.0516671
-0.0199012
-0.0426697
-0.019335
-0.033852
-0.0186153
-0.0253841
-0.017607
-0.0175146
-0.016135
-0.0105877
-0.014004
-0.00503811
-0.0110459
-0.00135215
-0.00719268
-0.00255064
-0.122693
-0.03462
0.127362
-0.117236
-0.0337998
-0.111148
-0.0329863
-0.104591
-0.0322061
-0.0976887
-0.0314687
-0.0905331
-0.0307814
-0.0831933
-0.0301478
-0.0757211
-0.0295679
-0.0681562
-0.0290375
-0.0605294
-0.0285457
-0.0528681
-0.0280698
-0.0452019
-0.0275674
-0.0375732
-0.0269637
-0.0300529
-0.0261357
-0.0227618
-0.0248981
-0.0158968
-0.023
-0.00975279
-0.020148
-0.00472884
-0.0160699
-0.0013064
-0.0106151
-0.00385704
-0.0938506
-0.0383053
0.0975359
-0.0898926
-0.0377578
-0.0856466
-0.0372323
-0.0811199
-0.0367328
-0.0763266
-0.036262
-0.0712868
-0.0358212
-0.0660236
-0.035411
-0.0605616
-0.0350299
-0.0549255
-0.0346736
-0.04914
-0.0343311
-0.0432306
-0.0339792
-0.0372264
-0.0335716
-0.0311665
-0.0330236
-0.025112
-0.0321901
-0.0191647
-0.0308454
-0.0134908
-0.0286739
-0.00834439
-0.0252944
-0.00407895
-0.0203353
-0.00113536
-0.0135587
-0.0049924
-0.0847877
-0.0419166
0.088399
-0.0809193
-0.0416262
-0.0768143
-0.0413373
-0.0724968
-0.0410503
-0.0679901
-0.0407688
-0.0633156
-0.0404957
-0.0584934
-0.0402332
-0.0535419
-0.0399814
-0.0484784
-0.0397372
-0.0433191
-0.0394904
-0.0380807
-0.0392175
-0.0327831
-0.0388692
-0.0274547
-0.038352
-0.0221428
-0.037502
-0.0169295
-0.0360587
-0.0119526
-0.0336507
-0.00742744
-0.0298196
-0.00365873
-0.024104
-0.00103414
-0.0161833
-0.00602654
-0.0766141
-0.0456806
0.0803781
-0.0727445
-0.0454958
-0.0687712
-0.0453106
-0.0646938
-0.0451277
-0.060514
-0.0449485
-0.0562357
-0.0447741
-0.0518639
-0.0446049
-0.0474052
-0.0444401
-0.0428671
-0.0442753
-0.0382584
-0.0440992
-0.0335899
-0.043886
-0.0288772
-0.043582
-0.0241448
-0.0430844
-0.0194353
-0.0422115
-0.0148231
-0.0406709
-0.0104324
-0.0380415
-0.00645468
-0.0337973
-0.00315843
-0.0274003
-0.000881159
-0.0184606
-0.00690769
-0.0725745
-0.0494547
0.0763485
-0.0687178
-0.0493525
-0.0647797
-0.0492487
-0.0607645
-0.049143
-0.0566766
-0.0490364
-0.0525209
-0.0489298
-0.0483026
-0.0488233
-0.0440271
-0.0487155
-0.0397005
-0.0486019
-0.0353299
-0.0484699
-0.0309243
-0.0482915
-0.0264978
-0.0480085
-0.0220738
-0.0475083
-0.0176938
-0.0465915
-0.0134295
-0.0449353
-0.0093981
-0.0420729
-0.00577628
-0.0374191
-0.00280445
-0.0303721
-0.000774488
-0.0204905
-0.00768218
-0.0700714
-0.0533556
0.0739723
-0.0661244
-0.0532995
-0.0621336
-0.0532395
-0.0581007
-0.0531758
-0.0540281
-0.0531091
-0.0499181
-0.0530397
-0.0457737
-0.0529676
-0.0415982
-0.0528911
-0.0373955
-0.0528046
-0.0331708
-0.0526945
-0.028932
-0.0525303
-0.0246921
-0.0522483
-0.0204746
-0.0517258
-0.0163212
-0.0507449
-0.0123036
-0.0489529
-0.00853672
-0.0458398
-0.00518879
-0.040767
-0.00248082
-0.0330801
-0.000667674
-0.0223037
-0.00834986
-0.068806
-0.0573807
0.0728311
-0.0647531
-0.0573523
-0.0606746
-0.0573179
-0.0565735
-0.057277
-0.0524527
-0.0572299
-0.0483154
-0.057177
-0.0441649
-0.0571181
-0.0400048
-0.0570512
-0.035839
-0.0569703
-0.0316728
-0.0568608
-0.0275139
-0.0566892
-0.0233756
-0.0563866
-0.0192817
-0.0558198
-0.0152745
-0.0547521
-0.0114262
-0.0528012
-0.00785071
-0.0494153
-0.00471078
-0.043907
-0.0022123
-0.0355786
-0.000577773
-0.0239382
-0.00892763
-0.0681965
-0.0615979
0.0724137
-0.0639673
-0.0615815
-0.0597305
-0.0615547
-0.0554907
-0.0615168
-0.0512526
-0.061468
-0.0470211
-0.0614085
-0.0428013
-0.0613379
-0.0385985
-0.061254
-0.0344185
-0.0611504
-0.0302677
-0.0610115
-0.0261551
-0.0608018
-0.0220944
-0.0604473
-0.0181089
-0.0598052
-0.0142396
-0.0586214
-0.010556
-0.0564848
-0.00716802
-0.0528033
-0.00423187
-0.0468431
-0.0019395
-0.0378709
-0.000483833
-0.0253939
-0.00941146
-0.0678809
-0.0660925
0.0723755
-0.0633842
-0.0660782
-0.0588932
-0.0660457
-0.0544162
-0.0659938
-0.0499626
-0.0659217
-0.0455422
-0.0658289
-0.0411658
-0.0657143
-0.0368448
-0.065575
-0.0325912
-0.065404
-0.0284177
-0.065185
-0.0243381
-0.0648814
-0.0203689
-0.0644165
-0.0165325
-0.0636417
-0.0128637
-0.0622901
-0.00942099
-0.0599275
-0.00629916
-0.0559251
-0.00363753
-0.0495048
-0.00160807
-0.0399004
-0.000371287
-0.0266307
-0.00978275
-0.0676013
-0.0710169
0.0725258
-0.0626728
-0.0710067
-0.0577535
-0.070965
-0.0528591
-0.0708882
-0.0480075
-0.0707733
-0.0432196
-0.0706168
-0.0385191
-0.0704147
-0.0339326
-0.0701615
-0.0294889
-0.0698477
-0.0252181
-0.0694558
-0.0211503
-0.0689492
-0.0173135
-0.0682533
-0.0137329
-0.0672224
-0.0104323
-0.0655908
-0.00744292
-0.0629168
-0.00481912
-0.0585489
-0.00265405
-0.0516698
-0.00107532
-0.0414791
-0.000194387
-0.0275116
-0.00997714
-0.0674338
-0.0765973
0.0730142
-0.0618184
-0.0766221
-0.0561886
-0.0765948
-0.0505703
-0.0765065
-0.0449963
-0.0763473
-0.0395071
-0.076106
-0.0341515
-0.0757703
-0.0289869
-0.075326
-0.0240786
-0.0747561
-0.0194972
-0.0740372
-0.0153144
-0.0731321
-0.0115947
-0.0719729
-0.0083858
-0.0704313
-0.00570777
-0.0682688
-0.00355047
-0.0650741
-0.00188772
-0.0602116
-0.000706829
-0.0528507
-2.60379e-05
-0.0421599
0.000153813
-0.0276914
-0.00982332
-0.0683934
-0.0830829
0.074879
-0.0617887
-0.0832269
-0.0550899
-0.0832936
-0.0483334
-0.0832629
-0.0415693
-0.0831113
-0.034864
-0.0828113
-0.0283028
-0.0823315
-0.0219919
-0.081637
-0.0160585
-0.0806894
-0.0106487
-0.0794471
-0.00591923
-0.0778615
-0.00202365
-0.0758685
0.000913383
-0.0733683
0.00282828
-0.0701837
0.00374843
-0.0659943
0.00380359
-0.0602668
0.00319477
-0.0522419
0.00214033
-0.0411055
0.000897682
-0.0264488
-0.00892564
-0.0733275
-0.0904926
0.0807373
-0.065655
-0.0908994
-0.0577383
-0.0912103
-0.0496089
-0.0913923
-0.0413176
-0.0914027
-0.0329411
-0.0911878
-0.0245909
-0.0906818
-0.0164205
-0.0898074
-0.0086305
-0.0884794
-0.0014683
-0.0866093
0.00477759
-0.0841074
0.00979561
-0.0808865
0.0132795
-0.0768522
0.0149851
-0.0718894
0.0148173
-0.0658265
0.0129162
-0.0583656
0.00969906
-0.0490248
0.00582302
-0.0372294
0.00214973
-0.0227755
-0.00677591
-0.0875792
-0.0981297
0.0952162
-0.0795302
-0.0989484
-0.071044
-0.0996964
-0.0621013
-0.100335
-0.0527008
-0.100803
-0.0428796
-0.101009
-0.0327339
-0.100827
-0.0224334
-0.100108
-0.0122256
-0.0986873
-0.0024339
-0.0964009
0.00654708
-0.0930884
0.0142599
-0.0885993
0.0201754
-0.0827676
0.0237492
-0.0754632
0.0245276
-0.0666049
0.0223202
-0.0561583
0.0174107
-0.0441153
0.0107141
-0.0305328
0.00393862
-0.016
-0.0028373
-0.117934
-0.10422
0.124024
-0.111325
-0.105557
-0.104056
-0.106965
-0.095965
-0.108427
-0.0869184
-0.10985
-0.0768667
-0.111061
-0.0658747
-0.11182
-0.0541194
-0.111863
-0.0418734
-0.110933
-0.0295047
-0.10877
-0.0174966
-0.105096
-0.00646315
-0.0996328
0.00290331
-0.0921341
0.00987854
-0.0824384
0.0138217
-0.070548
0.0143772
-0.0567138
0.0117712
-0.0415093
0.00709896
-0.0258605
0.00230995
-0.011211
-0.000527341
-0.162767
-0.106651
0.165197
-0.159872
-0.108452
-0.156195
-0.110642
-0.151391
-0.113231
-0.145198
-0.116042
-0.13748
-0.118779
-0.128193
-0.121106
-0.117315
-0.122741
-0.104819
-0.123429
-0.0907417
-0.122847
-0.0752836
-0.120555
-0.0588682
-0.116048
-0.0421662
-0.108836
-0.0261077
-0.098497
-0.0118777
-0.084778
-0.000823721
-0.0677678
0.00578859
-0.0481216
0.00725116
-0.0273231
0.00404055
-0.0080004
0.00351321
-0.195533
-0.105918
0.1948
-0.196469
-0.107516
-0.197364
-0.109747
-0.198141
-0.112453
-0.198803
-0.115381
-0.199333
-0.11825
-0.19953
-0.120909
-0.198917
-0.123355
-0.196807
-0.125539
-0.192492
-0.127163
-0.185348
-0.127698
-0.174849
-0.126547
-0.160583
-0.123101
-0.142346
-0.116734
-0.120243
-0.106881
-0.0948173
-0.0931937
-0.0672106
-0.0757282
-0.0393756
-0.0551581
-0.014454
-0.0329219
-0.0109408
-0.193886
0.194482
-0.193678
-0.194534
-0.196889
-0.201073
-0.207111
-0.214595
-0.22272
-0.230474
-0.236782
-0.240481
-0.24026
-0.234752
-0.222654
-0.202812
-0.174415
-0.13738
-0.0928954
-0.0443345
-0.631562
-0.285129
0.253463
-0.600651
-0.34158
0.310669
-0.571174
-0.330172
0.300694
-0.541195
-0.388802
0.358823
-0.515719
-0.365323
0.339847
-0.484221
-0.423369
0.391872
-0.461875
-0.404043
0.381697
-0.432712
-0.442263
0.4131
-0.409665
-0.440464
0.417417
-0.384281
-0.459682
0.434298
-0.361006
-0.4673
0.444025
-0.337904
-0.478595
0.455492
-0.315724
-0.487486
0.465305
-0.294326
-0.496198
0.474801
-0.27386
-0.504128
0.483662
-0.254507
-0.511433
0.49208
-0.236789
-0.517917
0.5002
-0.221972
-0.523232
0.508416
-0.211824
-0.527078
0.51693
-0.529198
0.526063
-0.656618
-0.320283
-0.623301
-0.374897
-0.591432
-0.362041
-0.56021
-0.420023
-0.532358
-0.393175
-0.499194
-0.456533
-0.47669
-0.426547
-0.44482
-0.474133
-0.421916
-0.463368
-0.394965
-0.486633
-0.3711
-0.491165
-0.34718
-0.502514
-0.324348
-0.510317
-0.30243
-0.518117
-0.281548
-0.52501
-0.261709
-0.531272
-0.242527
-0.537099
-0.223108
-0.542651
-0.202097
-0.548089
-0.553251
-0.680181
-0.35904
-0.644663
-0.410414
-0.61057
-0.396134
-0.578291
-0.452303
-0.547531
-0.423935
-0.513371
-0.490693
-0.490765
-0.449153
-0.455781
-0.509117
-0.433499
-0.485651
-0.404735
-0.515396
-0.38029
-0.515611
-0.355458
-0.527346
-0.331761
-0.534014
-0.309084
-0.540793
-0.28769
-0.546404
-0.268365
-0.550597
-0.252567
-0.552897
-0.242779
-0.55244
-0.242254
-0.548614
-0.541523
-0.701636
-0.401371
-0.664255
-0.447796
-0.628178
-0.432211
-0.59499
-0.48549
-0.560725
-0.4582
-0.526553
-0.524865
-0.503765
-0.471941
-0.465424
-0.547458
-0.44417
-0.506905
-0.413487
-0.54608
-0.388425
-0.540673
-0.362687
-0.553083
-0.33788
-0.558822
-0.313881
-0.564793
-0.290255
-0.57003
-0.26664
-0.574212
-0.241859
-0.577677
-0.214066
-0.580233
-0.180938
-0.581742
-0.58136
-0.720137
-0.44708
-0.681244
-0.486689
-0.643425
-0.470031
-0.609501
-0.519413
-0.571209
-0.496492
-0.538066
-0.558007
-0.514845
-0.495162
-0.473443
-0.58886
-0.453154
-0.527194
-0.420857
-0.578377
-0.395019
-0.566512
-0.368655
-0.579447
-0.343058
-0.584419
-0.318718
-0.589133
-0.295375
-0.593372
-0.27372
-0.595868
-0.25442
-0.596977
-0.238456
-0.596196
-0.226438
-0.59376
-0.590416
-0.733989
-0.495849
-0.693729
-0.526949
-0.654297
-0.509463
-0.62002
-0.55369
-0.577538
-0.538974
-0.545936
-0.58961
-0.521851
-0.519247
-0.478926
-0.631784
-0.458354
-0.547766
-0.425489
-0.611242
-0.398364
-0.593636
-0.371448
-0.606363
-0.344746
-0.611121
-0.319059
-0.61482
-0.293576
-0.618855
-0.268167
-0.621277
-0.242185
-0.62296
-0.214998
-0.623383
-0.186623
-0.622135
-0.618003
-0.739101
-0.54724
-0.697262
-0.568788
-0.655982
-0.550742
-0.622233
-0.58744
-0.576413
-0.584795
-0.545712
-0.62031
-0.519995
-0.544964
-0.479178
-0.672601
-0.455088
-0.571857
-0.424088
-0.642242
-0.395353
-0.62237
-0.36835
-0.633367
-0.341525
-0.637946
-0.315745
-0.6406
-0.29081
-0.64379
-0.266755
-0.645332
-0.243728
-0.645987
-0.221655
-0.645456
-0.199837
-0.643952
-0.642043
-0.726245
-0.600374
-0.682597
-0.612436
-0.638714
-0.594625
-0.607028
-0.619125
-0.561081
-0.630742
-0.529509
-0.651883
-0.500335
-0.574139
-0.467919
-0.705016
-0.435616
-0.60416
-0.409041
-0.668817
-0.379479
-0.651933
-0.352414
-0.660431
-0.326308
-0.664052
-0.300384
-0.666524
-0.275367
-0.668806
-0.250498
-0.670202
-0.225763
-0.670722
-0.200908
-0.67031
-0.176182
-0.668678
-0.665458
-0.678682
-0.653122
-0.634502
-0.656616
-0.587694
-0.641433
-0.558698
-0.648122
-0.518986
-0.670453
-0.486147
-0.684722
-0.449657
-0.610628
-0.431191
-0.723482
-0.391796
-0.643555
-0.36898
-0.691633
-0.341929
-0.678984
-0.315662
-0.686698
-0.292291
-0.687423
-0.268449
-0.690367
-0.246011
-0.691244
-0.224024
-0.692189
-0.202609
-0.692137
-0.181445
-0.691474
-0.159938
-0.690185
-0.688618
-0.575802
-0.701028
-0.536061
-0.696356
-0.489277
-0.688217
-0.461335
-0.676064
-0.433152
-0.698637
-0.405448
-0.712426
-0.361437
-0.654639
-0.353708
-0.731211
-0.316869
-0.680394
-0.295654
-0.712848
-0.274757
-0.69988
-0.252038
-0.709417
-0.232832
-0.706629
-0.213425
-0.709773
-0.194969
-0.709701
-0.176994
-0.710163
-0.159301
-0.70983
-0.14174
-0.709035
-0.124286
-0.707639
-0.705574
-0.410038
-0.737409
-0.382256
-0.724138
-0.346146
-0.724327
-0.318972
-0.703237
-0.299877
-0.717732
-0.284798
-0.727506
-0.24325
-0.696187
-0.237755
-0.736706
-0.213514
-0.704635
-0.196706
-0.729656
-0.182146
-0.71444
-0.167517
-0.724046
-0.153686
-0.720461
-0.141284
-0.722175
-0.12905
-0.721936
-0.117511
-0.721701
-0.106223
-0.721119
-0.0950538
-0.720204
-0.0836906
-0.719002
-0.717688
-0.214571
-0.755738
-0.201168
-0.737541
-0.184524
-0.740971
-0.164327
-0.723434
-0.151386
-0.730674
-0.145945
-0.732946
-0.123484
-0.718648
-0.118858
-0.741332
-0.106373
-0.71712
-0.100333
-0.735696
-0.0901356
-0.724638
-0.0849519
-0.72923
-0.077255
-0.728158
-0.0716011
-0.727829
-0.065744
-0.727793
-0.0601864
-0.727259
-0.0546528
-0.726653
-0.0490835
-0.725774
-0.043494
-0.724592
-0.723193
-0.0690006
-0.754524
-0.0640336
-0.742508
-0.0655352
-0.739469
-0.0584712
-0.730498
-0.0540328
-0.735112
-0.0530837
-0.733895
-0.0475083
-0.724223
-0.0503869
-0.738453
-0.0414884
-0.726018
-0.0446431
-0.732541
-0.0388154
-0.730466
-0.0384606
-0.729585
-0.0359333
-0.730685
-0.0340021
-0.72976
-0.0321258
-0.729669
-0.0301106
-0.729274
-0.0279342
-0.728829
-0.0254558
-0.728252
-0.0225931
-0.727455
-0.726373
-0.0443498
-0.742573
-0.0456273
-0.741231
-0.051384
-0.733712
-0.0505488
-0.731333
-0.053934
-0.731727
-0.0551932
-0.732636
-0.0494215
-0.729995
-0.0563017
-0.731573
-0.0492951
-0.733025
-0.0509997
-0.730837
-0.0481932
-0.733272
-0.0461499
-0.731628
-0.0443842
-0.732451
-0.0418759
-0.732268
-0.039475
-0.73207
-0.0368614
-0.731887
-0.0340796
-0.731611
-0.0310555
-0.731276
-0.0275486
-0.730962
-0.730287
-0.118643
-0.736385
-0.12091
-0.738964
-0.12088
-0.733743
-0.116655
-0.735558
-0.113386
-0.734996
-0.113086
-0.732936
-0.104488
-0.738593
-0.102046
-0.734016
-0.0974449
-0.737626
-0.0917615
-0.73652
-0.0876055
-0.737428
-0.0816786
-0.737555
-0.0766409
-0.737488
-0.0711941
-0.737715
-0.0656796
-0.737584
-0.0601223
-0.737445
-0.0545527
-0.73718
-0.0489872
-0.736841
-0.043348
-0.736601
-0.736344
-0.172406
-0.744505
-0.167223
-0.744147
-0.159156
-0.74181
-0.151342
-0.743372
-0.140893
-0.745445
-0.132276
-0.741552
-0.126943
-0.743926
-0.116645
-0.744314
-0.111152
-0.743119
-0.103206
-0.744466
-0.0967194
-0.743915
-0.089918
-0.744356
-0.0832455
-0.744161
-0.0767656
-0.744195
-0.0702282
-0.744122
-0.0636893
-0.743984
-0.0571118
-0.743758
-0.050479
-0.743474
-0.0439533
-0.743126
-0.742679
-0.117256
-0.754227
-0.108927
-0.752475
-0.0988346
-0.751903
-0.0929091
-0.749297
-0.0886267
-0.749727
-0.0790555
-0.751123
-0.0758601
-0.747121
-0.0705785
-0.749596
-0.0652206
-0.748477
-0.0613799
-0.748307
-0.0569375
-0.748357
-0.0531052
-0.748189
-0.0491626
-0.748103
-0.0454037
-0.747954
-0.0416826
-0.747843
-0.0379657
-0.747701
-0.0341514
-0.747572
-0.0301244
-0.747501
-0.0259183
-0.747332
-0.746968
-0.0201314
-0.752942
-0.0208099
-0.751796
-0.0196917
-0.753021
-0.0177328
-0.751256
-0.0195285
-0.747932
-0.0197168
-0.750935
-0.0171571
-0.749681
-0.0181086
-0.748644
-0.0169334
-0.749652
-0.0164463
-0.748794
-0.0158406
-0.748963
-0.0151851
-0.748844
-0.0145101
-0.748778
-0.0137716
-0.748692
-0.0129977
-0.748617
-0.0121769
-0.748521
-0.0113116
-0.748438
-0.0104363
-0.748377
-0.00943682
-0.748332
-0.748391
-0.00190341
-0.748555
-0.00522493
-0.748475
-0.00954985
-0.748696
-0.0107801
-0.750026
-0.00969881
-0.749013
-0.012365
-0.748269
-0.0120795
-0.749966
-0.0119575
-0.748766
-0.0123605
-0.749249
-0.0119262
-0.749228
-0.0117163
-0.749173
-0.0113297
-0.749231
-0.0108749
-0.749233
-0.010325
-0.749242
-0.00969701
-0.749245
-0.0089768
-0.749242
-0.0081832
-0.749231
-0.00738069
-0.749179
-0.00660806
-0.749105
-0.749112
-0.0205323
-0.0190073
-0.0177033
-0.017729
-0.0167419
-0.0150108
-0.0149771
-0.0137435
-0.0129923
-0.0122205
-0.0113931
-0.0106238
-0.00985699
-0.009099
-0.00834377
-0.00758542
-0.00681654
-0.00599565
-0.00510019
-0.206751
-0.0265002
0.0237053
-0.202364
-0.048911
0.0445237
-0.197986
-0.0586766
0.0542991
-0.192748
-0.0728635
0.0676254
-0.187069
-0.0851533
0.0794746
-0.180899
-0.0973503
0.0911796
-0.174325
-0.109027
0.102454
-0.167417
-0.120272
0.113364
-0.160263
-0.131078
0.123923
-0.152974
-0.14146
0.134172
-0.145711
-0.151433
0.14417
-0.138723
-0.161001
0.154013
-0.132462
-0.170128
0.163867
-0.127883
-0.178653
0.174074
-0.127115
-0.186116
0.185348
-0.133718
-0.191983
0.198586
-0.152403
-0.196711
0.215396
-0.191355
-0.200851
0.239803
-0.229984
-0.206152
0.244781
-0.222321
0.236223
-0.220613
-0.0296477
-0.21577
-0.0537539
-0.211016
-0.0634305
-0.205317
-0.0785618
-0.199201
-0.0912697
-0.19258
-0.103971
-0.185562
-0.116045
-0.178216
-0.127618
-0.170632
-0.138661
-0.162917
-0.149175
-0.155197
-0.159153
-0.147613
-0.168586
-0.140289
-0.177451
-0.133251
-0.185692
-0.1262
-0.193167
-0.118565
-0.199618
-0.111084
-0.204192
-0.107263
-0.204672
-0.113932
-0.199483
-0.187016
-0.235178
-0.033206
-0.229821
-0.0591108
-0.224648
-0.068604
-0.218422
-0.0847876
-0.211808
-0.0978835
-0.204666
-0.111113
-0.197124
-0.123587
-0.189249
-0.135494
-0.181131
-0.146778
-0.172878
-0.157428
-0.164623
-0.167408
-0.156545
-0.176664
-0.1489
-0.185097
-0.142046
-0.192546
-0.136421
-0.198792
-0.13244
-0.203598
-0.130175
-0.206458
-0.128812
-0.206035
-0.127733
-0.200561
-0.187387
-0.250476
-0.0372368
-0.244542
-0.0650451
-0.238897
-0.0742491
-0.232069
-0.0916149
-0.224895
-0.105058
-0.217158
-0.118851
-0.209013
-0.131732
-0.200515
-0.143992
-0.19175
-0.155543
-0.182807
-0.166372
-0.173782
-0.176433
-0.164785
-0.185661
-0.155927
-0.193955
-0.147309
-0.201163
-0.139045
-0.207057
-0.131377
-0.211267
-0.124651
-0.213183
-0.118461
-0.212225
-0.110694
-0.208329
-0.200545
-0.266538
-0.0418092
-0.259958
-0.0716249
-0.253785
-0.080422
-0.246277
-0.0991237
-0.238479
-0.112855
-0.230072
-0.127258
-0.221249
-0.140555
-0.212049
-0.153192
-0.202552
-0.16504
-0.192834
-0.17609
-0.182975
-0.186292
-0.173059
-0.195576
-0.163172
-0.203842
-0.153386
-0.210949
-0.14373
-0.216712
-0.134123
-0.220874
-0.124214
-0.223093
-0.113494
-0.222945
-0.101934
-0.219889
-0.21408
-0.283395
-0.0470003
-0.276097
-0.0789223
-0.269335
-0.0871836
-0.26106
-0.1074
-0.252577
-0.121337
-0.243425
-0.13641
-0.233855
-0.150125
-0.223879
-0.163168
-0.213574
-0.175345
-0.202997
-0.186667
-0.192206
-0.197083
-0.18125
-0.206532
-0.170166
-0.214925
-0.158972
-0.222144
-0.147655
-0.228029
-0.136156
-0.232373
-0.124304
-0.234945
-0.111681
-0.235567
-0.0973639
-0.234207
-0.231066
-0.301077
-0.0528957
-0.292985
-0.0870138
-0.285569
-0.0946003
-0.276434
-0.116534
-0.267208
-0.130563
-0.257238
-0.14638
-0.246857
-0.160507
-0.236042
-0.173982
-0.224871
-0.186516
-0.213386
-0.198153
-0.201625
-0.208844
-0.189615
-0.218541
-0.177368
-0.227173
-0.164867
-0.234645
-0.152059
-0.240837
-0.138823
-0.245609
-0.124942
-0.248826
-0.110123
-0.250386
-0.0940506
-0.250279
-0.248768
-0.319613
-0.0595901
-0.310647
-0.0959798
-0.302503
-0.102745
-0.292413
-0.126624
-0.282388
-0.140588
-0.271525
-0.157243
-0.260277
-0.171755
-0.24857
-0.185688
-0.236487
-0.198598
-0.224055
-0.210586
-0.211297
-0.221602
-0.198221
-0.231617
-0.184815
-0.240579
-0.171043
-0.248417
-0.156836
-0.255043
-0.142085
-0.26036
-0.126631
-0.264279
-0.110272
-0.266746
-0.0927683
-0.267783
-0.267564
-0.33903
-0.0671882
-0.329104
-0.105905
-0.32015
-0.111699
-0.309002
-0.137773
-0.298126
-0.151463
-0.286296
-0.169073
-0.274131
-0.183921
-0.261485
-0.198334
-0.248458
-0.211626
-0.235057
-0.223987
-0.221297
-0.235362
-0.20717
-0.245745
-0.192646
-0.255103
-0.177674
-0.263389
-0.162172
-0.270545
-0.146031
-0.276501
-0.129123
-0.281188
-0.111321
-0.284549
-0.092543
-0.28656
-0.287276
-0.359346
-0.0758049
-0.348371
-0.11688
-0.338515
-0.121555
-0.326199
-0.150089
-0.314426
-0.163236
-0.301549
-0.18195
-0.288425
-0.197045
-0.274799
-0.211959
-0.260804
-0.225622
-0.246426
-0.238365
-0.231672
-0.250115
-0.21652
-0.260897
-0.200928
-0.270695
-0.184828
-0.279489
-0.168128
-0.287244
-0.15072
-0.293909
-0.132488
-0.299419
-0.113343
-0.303694
-0.0932683
-0.306635
-0.30813
-0.380574
-0.0855671
-0.368453
-0.129002
-0.357589
-0.132419
-0.343992
-0.163685
-0.33128
-0.175949
-0.317271
-0.195959
-0.303153
-0.211163
-0.288511
-0.226601
-0.273532
-0.2406
-0.258178
-0.253719
-0.242452
-0.265841
-0.226318
-0.27703
-0.209721
-0.287292
-0.192578
-0.296632
-0.174781
-0.305041
-0.156203
-0.312487
-0.136714
-0.318908
-0.116214
-0.324194
-0.0947
-0.328149
-0.330455
-0.402714
-0.0966139
-0.389342
-0.142373
-0.377349
-0.144412
-0.362357
-0.178677
-0.348667
-0.189638
-0.333432
-0.211194
-0.318294
-0.226301
-0.3026
-0.242296
-0.286633
-0.256567
-0.270312
-0.27004
-0.253646
-0.282507
-0.236586
-0.294091
-0.219064
-0.304813
-0.20098
-0.314716
-0.182204
-0.323818
-0.162571
-0.33212
-0.141903
-0.339577
-0.120027
-0.346069
-0.0968547
-0.351322
-0.354784
-0.425755
-0.109099
-0.411017
-0.157111
-0.397754
-0.157676
-0.381253
-0.195178
-0.366551
-0.20434
-0.349986
-0.227759
-0.333814
-0.242473
-0.317031
-0.259079
-0.300077
-0.273521
-0.282806
-0.287311
-0.265243
-0.30007
-0.247325
-0.312009
-0.228978
-0.323161
-0.210083
-0.333611
-0.19048
-0.343421
-0.169958
-0.352642
-0.14825
-0.361285
-0.125043
-0.369276
-0.100022
-0.376343
-0.381792
-0.449664
-0.123192
-0.433434
-0.17334
-0.418742
-0.172369
-0.400625
-0.213295
-0.384877
-0.220088
-0.366864
-0.245772
-0.349657
-0.25968
-0.331744
-0.276992
-0.313813
-0.291452
-0.295612
-0.305512
-0.277204
-0.318478
-0.258511
-0.330702
-0.239458
-0.342214
-0.219915
-0.353153
-0.1997
-0.363636
-0.178546
-0.373795
-0.156083
-0.383748
-0.1318
-0.393559
-0.105015
-0.403127
-0.411928
-0.474386
-0.139082
-0.456524
-0.191203
-0.440226
-0.188666
-0.4204
-0.233121
-0.403571
-0.236917
-0.383979
-0.265364
-0.365755
-0.277904
-0.346658
-0.296089
-0.327768
-0.310342
-0.308657
-0.324623
-0.289461
-0.337674
-0.270081
-0.350082
-0.250458
-0.361836
-0.230467
-0.373145
-0.209922
-0.384181
-0.188533
-0.395184
-0.165848
-0.406433
-0.141157
-0.41825
-0.11335
-0.430935
-0.444541
-0.499835
-0.156975
-0.480184
-0.210855
-0.462091
-0.206759
-0.440489
-0.254723
-0.422532
-0.254874
-0.401216
-0.286679
-0.382018
-0.297103
-0.361667
-0.31644
-0.341847
-0.330161
-0.321838
-0.344632
-0.301908
-0.357604
-0.281925
-0.370065
-0.261868
-0.381893
-0.241637
-0.393376
-0.221092
-0.404726
-0.199998
-0.416278
-0.177953
-0.428477
-0.154224
-0.441979
-0.127442
-0.457718
-0.476766
-0.525884
-0.177102
-0.504275
-0.232463
-0.484195
-0.22684
-0.460782
-0.278136
-0.441634
-0.274022
-0.418445
-0.309869
-0.398343
-0.317204
-0.376638
-0.338145
-0.355932
-0.350868
-0.33502
-0.365544
-0.314404
-0.37822
-0.293883
-0.390587
-0.273504
-0.402271
-0.253211
-0.413669
-0.232958
-0.424979
-0.21267
-0.436566
-0.192236
-0.448911
-0.171401
-0.462814
-0.149412
-0.479706
-0.502154
-0.552354
-0.199714
-0.528617
-0.2562
-0.506363
-0.249094
-0.481154
-0.303344
-0.460719
-0.294458
-0.435514
-0.335073
-0.414616
-0.338103
-0.391415
-0.361346
-0.369889
-0.372394
-0.34804
-0.387393
-0.326769
-0.399491
-0.305739
-0.411617
-0.285107
-0.422904
-0.264864
-0.433912
-0.245081
-0.444762
-0.22586
-0.455788
-0.207454
-0.467317
-0.190492
-0.479776
-0.176167
-0.494032
-0.513124
-0.579008
-0.225077
-0.552981
-0.282227
-0.528398
-0.273677
-0.501461
-0.330281
-0.479591
-0.316327
-0.452265
-0.362399
-0.430711
-0.359657
-0.405816
-0.386241
-0.383576
-0.394633
-0.360706
-0.410263
-0.33878
-0.421417
-0.317193
-0.433204
-0.296259
-0.443838
-0.276013
-0.454158
-0.256651
-0.464124
-0.238403
-0.474037
-0.221598
-0.484122
-0.206861
-0.494513
-0.1964
-0.504492
-0.514724
-0.605539
-0.577096
-0.550079
-0.521537
-0.498018
-0.468545
-0.446505
-0.419646
-0.396863
-0.372828
-0.350219
-0.32793
-0.306463
-0.28582
-0.266282
-0.248239
-0.232161
-0.218259
-0.205821
-0.0520855
-0.006903
0.00647312
-0.0512231
-0.0150665
0.0142041
-0.0501165
-0.021413
0.0203064
-0.0487339
-0.0278443
0.0264616
-0.0470834
-0.0340907
0.0324402
-0.045167
-0.040159
0.0382425
-0.0429857
-0.0460292
0.0438479
-0.0405397
-0.051684
0.049238
-0.0378278
-0.0571066
0.0543948
-0.0348484
-0.0622808
0.0593014
-0.0315998
-0.0671926
0.063944
-0.0280828
-0.0718318
0.0683148
-0.0243034
-0.0761956
0.0724163
-0.0202788
-0.0802927
0.0762681
-0.0160461
-0.0841503
0.0799177
-0.0116733
-0.0878271
0.0834543
-0.00734385
-0.0914258
0.0870964
-0.00313116
-0.0949671
0.0907544
-0.000370982
-0.0975123
0.0947521
-0.0840684
0.0836974
-0.0544884
-0.00736161
-0.0535773
-0.0159776
-0.0524209
-0.0225695
-0.0509805
-0.0292847
-0.0492658
-0.0358054
-0.0472787
-0.0421461
-0.0450205
-0.0482873
-0.0424914
-0.0542131
-0.0396906
-0.0599074
-0.036617
-0.0653544
-0.0332702
-0.0705394
-0.0296527
-0.0754494
-0.0257733
-0.080075
-0.0216524
-0.0844136
-0.0173297
-0.088473
-0.0128776
-0.0922792
-0.00843341
-0.09587
-0.00422645
-0.099174
-0.000883469
-0.100855
-0.0849518
-0.0569993
-0.00785205
-0.056036
-0.0169408
-0.0548275
-0.023778
-0.0533274
-0.0307848
-0.051547
-0.0375857
-0.0494882
-0.0442049
-0.0471525
-0.0506231
-0.0445401
-0.0568256
-0.0416504
-0.0627971
-0.0384827
-0.0685222
-0.0350373
-0.0739848
-0.0313182
-0.0791685
-0.0273369
-0.0840563
-0.0231183
-0.0886321
-0.0187093
-0.0928821
-0.0141918
-0.0967967
-0.00970384
-0.100358
-0.00545199
-0.103426
-0.00182356
-0.104484
-0.0867754
-0.0596166
-0.00837579
-0.058599
-0.0179584
-0.0573368
-0.0250401
-0.0557756
-0.032346
-0.0539286
-0.0394327
-0.0517976
-0.0463359
-0.0493842
-0.0530365
-0.0466886
-0.0595211
-0.0437102
-0.0657755
-0.0404478
-0.0717845
-0.0369017
-0.0775309
-0.0330757
-0.0829945
-0.0289813
-0.0881507
-0.0246437
-0.0929697
-0.02011
-0.0974158
-0.0154602
-0.101447
-0.0108198
-0.104998
-0.006378
-0.107868
-0.00242005
-0.108442
-0.0891954
-0.0623428
-0.00893479
-0.0612682
-0.019033
-0.0599509
-0.0263573
-0.0583271
-0.0339699
-0.0564125
-0.0413473
-0.0542087
-0.0485397
-0.0517175
-0.0555277
-0.048939
-0.0622997
-0.045872
-0.0688425
-0.0425148
-0.0751417
-0.0388663
-0.0811794
-0.0349288
-0.086932
-0.0307118
-0.0923677
-0.0262383
-0.0974432
-0.0215528
-0.102101
-0.0167313
-0.106268
-0.0118899
-0.10984
-0.00720454
-0.112553
-0.00287901
-0.112767
-0.0920745
-0.0651801
-0.00953125
-0.0640458
-0.0201673
-0.0626718
-0.0277312
-0.0609838
-0.035658
-0.0590005
-0.0433305
-0.0567234
-0.0508168
-0.0541544
-0.0580968
-0.0512932
-0.0651608
-0.0481382
-0.0719976
-0.0446862
-0.0785937
-0.0409342
-0.0849314
-0.0368812
-0.0909849
-0.0325326
-0.0967162
-0.0279063
-0.10207
-0.023041
-0.106967
-0.0180063
-0.111303
-0.0129107
-0.114935
-0.00793681
-0.117527
-0.00322644
-0.117478
-0.0953009
-0.0681306
-0.0101676
-0.0669337
-0.0213642
-0.0655014
-0.0291635
-0.0637475
-0.0374119
-0.0616944
-0.0453836
-0.0593434
-0.0531678
-0.0566965
-0.0607437
-0.0537533
-0.068104
-0.0505112
-0.0752397
-0.0469654
-0.0821395
-0.0431098
-0.088787
-0.0389389
-0.0951558
-0.0344517
-0.101203
-0.0296579
-0.106863
-0.0245876
-0.112037
-0.0193021
-0.116588
-0.0139035
-0.120334
-0.00860891
-0.122822
-0.00348607
-0.1226
-0.098787
-0.0711966
-0.0108466
-0.0699339
-0.0226268
-0.0684415
-0.030656
-0.0666197
-0.0392337
-0.0644956
-0.0475077
-0.06207
-0.0555934
-0.0593454
-0.0634683
-0.0563211
-0.0711283
-0.0529936
-0.0785671
-0.0493561
-0.085777
-0.0453986
-0.0927445
-0.0411097
-0.0994447
-0.0364796
-0.105834
-0.0315066
-0.111836
-0.0262083
-0.117335
-0.020635
-0.122162
-0.0148799
-0.126089
-0.00923443
-0.128467
-0.00365876
-0.128176
-0.102446
-0.07438
-0.011571
-0.0730482
-0.0239587
-0.0714936
-0.0322106
-0.0696019
-0.0411254
-0.0674053
-0.0497043
-0.0649045
-0.0580942
-0.0621024
-0.0662705
-0.0589983
-0.0742323
-0.0555879
-0.0819775
-0.0518621
-0.0895029
-0.0478066
-0.0967999
-0.0434027
-0.103849
-0.0386293
-0.110607
-0.0334696
-0.116996
-0.0279236
-0.122881
-0.0220258
-0.128059
-0.0158518
-0.132263
-0.00981723
-0.134502
-0.00372522
-0.134268
-0.106171
-0.0776828
-0.012344
-0.0762782
-0.0253633
-0.0746593
-0.0338294
-0.0726953
-0.0430894
-0.0704246
-0.0519749
-0.0678477
-0.0606711
-0.0649684
-0.0691498
-0.0617862
-0.0774145
-0.0582962
-0.0854676
-0.0544872
-0.093312
-0.0503403
-0.100947
-0.0458285
-0.10836
-0.040917
-0.115518
-0.0355688
-0.122344
-0.0297597
-0.12869
-0.0235001
-0.134319
-0.016832
-0.138931
-0.0103452
-0.140988
-0.00364088
-0.140972
-0.109812
-0.0811069
-0.0131692
-0.0796255
-0.0268448
-0.0779399
-0.035515
-0.0759007
-0.0451286
-0.0735541
-0.0543216
-0.0709001
-0.0633252
-0.0679438
-0.072106
-0.0646855
-0.0806727
-0.0611201
-0.089033
-0.0572347
-0.0971973
-0.0530063
-0.105175
-0.0483986
-0.112968
-0.043361
-0.120556
-0.037831
-0.127874
-0.0317502
-0.134771
-0.0250906
-0.140979
-0.0178386
-0.146183
-0.0107838
-0.148043
-0.00332589
-0.14843
-0.113138
-0.0846543
-0.0140501
-0.0830916
-0.0284074
-0.0813366
-0.03727
-0.0792191
-0.0472461
-0.0767941
-0.0567466
-0.0740616
-0.0660577
-0.0710284
-0.0751392
-0.0676961
-0.0840051
-0.0640601
-0.092669
-0.060107
-0.10115
-0.0558102
-0.109472
-0.0511249
-0.117653
-0.0459825
-0.125698
-0.0402892
-0.133568
-0.033939
-0.141121
-0.0268399
-0.148078
-0.0189
-0.154123
-0.0110666
-0.155877
-0.00265339
-0.156844
-0.115791
-0.0883267
-0.0149911
-0.0866781
-0.030056
-0.0848505
-0.0390976
-0.0826508
-0.0494458
-0.0801447
-0.0592526
-0.0773318
-0.0688706
-0.0742213
-0.0782496
-0.0708168
-0.0874096
-0.0671156
-0.0963702
-0.0631049
-0.105161
-0.0587565
-0.11382
-0.0540184
-0.122392
-0.0488043
-0.130913
-0.0429834
-0.139389
-0.0363846
-0.14772
-0.0288099
-0.155652
-0.0200664
-0.162866
-0.0110937
-0.164849
-0.00145861
-0.166479
-0.11725
-0.092126
-0.0159967
-0.0903861
-0.0317959
-0.0884824
-0.0410013
-0.0861962
-0.051732
-0.0836055
-0.0618433
-0.0807095
-0.0717666
-0.0775207
-0.0814384
-0.0740454
-0.0908849
-0.0702841
-0.100131
-0.0662269
-0.109218
-0.0618467
-0.118201
-0.0570881
-0.12715
-0.0518499
-0.136151
-0.0459622
-0.145276
-0.0391686
-0.154514
-0.0311068
-0.163714
-0.0214452
-0.172528
-0.0107791
-0.175515
0.000381625
-0.177639
-0.116868
-0.0960542
-0.0170717
-0.0942173
-0.0336328
-0.0922332
-0.0429854
-0.0898552
-0.05411
-0.0871757
-0.0645229
-0.0841931
-0.0747493
-0.0809238
-0.0847077
-0.0773779
-0.0944307
-0.0735608
-0.103949
-0.069468
-0.113311
-0.065078
-0.122591
-0.0603381
-0.13189
-0.0551402
-0.141349
-0.0492818
-0.151135
-0.0424073
-0.161388
-0.0339314
-0.17219
-0.0233008
-0.183159
-0.0102856
-0.188531
0.00297804
-0.190903
-0.11389
-0.100113
-0.0182219
-0.0981728
-0.0355731
-0.0961037
-0.0450544
-0.0936279
-0.0565858
-0.0908542
-0.0672965
-0.0877802
-0.0778233
-0.0844269
-0.088061
-0.0808091
-0.0980485
-0.0769386
-0.107819
-0.0728195
-0.11743
-0.0684413
-0.126969
-0.0637636
-0.136568
-0.0586869
-0.146426
-0.0529976
-0.156824
-0.0462554
-0.16813
-0.0376461
-0.180799
-0.0262945
-0.19451
-0.0106611
-0.204164
0.00473888
-0.206303
-0.109151
-0.104305
-0.019453
-0.102254
-0.0376241
-0.100095
-0.0472139
-0.0975139
-0.0591665
-0.0946399
-0.0701706
-0.0914684
-0.0809948
-0.0880257
-0.0915037
-0.0843321
-0.101742
-0.0804074
-0.111744
-0.0762675
-0.12157
-0.0719192
-0.131317
-0.0673465
-0.14114
-0.0624827
-0.151289
-0.0571451
-0.162161
-0.0508779
-0.174398
-0.0427852
-0.188892
-0.0317394
-0.205556
-0.0147702
-0.221133
0.00173575
-0.222809
-0.107415
-0.108632
-0.0207718
-0.106463
-0.0397935
-0.104207
-0.0494701
-0.101513
-0.0618603
-0.0985311
-0.0731524
-0.0952544
-0.0842715
-0.0917149
-0.0950432
-0.0879387
-0.105518
-0.0839548
-0.115728
-0.0797935
-0.125731
-0.0754849
-0.135626
-0.0710529
-0.145572
-0.0664953
-0.155847
-0.0617247
-0.166932
-0.0564173
-0.179705
-0.0499419
-0.195367
-0.0413869
-0.214111
-0.0270095
-0.235511
-0.011833
-0.237986
-0.119248
-0.113097
-0.0221852
-0.110801
-0.0420898
-0.108441
-0.0518301
-0.105625
-0.0646763
-0.102526
-0.0762508
-0.0991351
-0.0876628
-0.095489
-0.0986893
-0.09162
-0.109387
-0.0875662
-0.119781
-0.0833736
-0.129924
-0.0791003
-0.139899
-0.0748232
-0.149849
-0.0706425
-0.160028
-0.0666548
-0.17092
-0.0628855
-0.183474
-0.059359
-0.198894
-0.0558509
-0.217619
-0.0492922
-0.242069
-0.042237
-0.245041
-0.161485
-0.117707
-0.115273
-0.112804
-0.109854
-0.106631
-0.103114
-0.099349
-0.0953727
-0.0912312
-0.0869836
-0.0827127
-0.0785488
-0.0747099
-0.0715551
-0.069681
-0.0699887
-0.0722121
-0.0744784
-0.074738
-0.0012444
-0.000237492
-0.00123644
-0.000591437
-0.00122394
-0.000976699
-0.00120688
-0.0013599
-0.00118528
-0.0017375
-0.00115918
-0.00210798
-0.00112864
-0.00246991
-0.0010938
-0.00282194
-0.00105477
-0.00316273
-0.00101172
-0.00349102
-0.000964831
-0.00380558
-0.000914284
-0.00410526
-0.00086029
-0.00438896
-0.000803068
-0.00465567
-0.000742847
-0.00490441
-0.000679865
-0.00513432
-0.000614362
-0.00534458
-0.000546588
-0.00553447
-0.000476789
-0.00570331
-0.00585082
-0.000405215
-0.00363416
-0.00024725
-0.00361078
-0.000614813
-0.00357375
-0.00101374
-0.00352314
-0.0014105
-0.00345911
-0.00180154
-0.00338186
-0.00218523
-0.00329169
-0.00256008
-0.00318897
-0.00292466
-0.00307414
-0.00327757
-0.00294767
-0.00361749
-0.00281011
-0.00394314
-0.00266203
-0.00425334
-0.00250405
-0.00454694
-0.00233682
-0.0048229
-0.00216101
-0.00508022
-0.00197732
-0.00531801
-0.00178647
-0.00553544
-0.00158918
-0.00573175
-0.00138621
-0.00590628
-0.00605873
-0.0011783
-0.00614599
-0.00026361
-0.0061064
-0.000654411
-0.00604312
-0.00107702
-0.00595647
-0.00149715
-0.00584683
-0.00191117
-0.00571471
-0.00231735
-0.0055607
-0.00271409
-0.0053855
-0.00309986
-0.00518991
-0.00347317
-0.00497479
-0.00383261
-0.00474109
-0.00417684
-0.00448983
-0.0045046
-0.00422207
-0.0048147
-0.00393893
-0.00510604
-0.00364157
-0.00537759
-0.00333115
-0.00562843
-0.00300889
-0.00585769
-0.00267602
-0.00606463
-0.00233376
-0.00624854
-0.00640915
-0.00198334
-0.00880646
-0.000287064
-0.00874951
-0.000711362
-0.00865821
-0.00116831
-0.00853308
-0.00162228
-0.00837475
-0.0020695
-0.00818401
-0.00250809
-0.0079618
-0.0029363
-0.00770921
-0.00335245
-0.00742742
-0.00375495
-0.00711776
-0.00414226
-0.00678165
-0.00451295
-0.00642057
-0.00486567
-0.00603611
-0.00519916
-0.0056299
-0.00551225
-0.00520362
-0.00580388
-0.00475897
-0.00607308
-0.00429769
-0.00631897
-0.00382153
-0.00654078
-0.00333225
-0.00673782
-0.00690982
-0.00283158
-0.0116822
-0.000318458
-0.0116059
-0.000787622
-0.0114837
-0.00129058
-0.0113161
-0.00178985
-0.0111042
-0.00228143
-0.010849
-0.00276325
-0.010552
-0.00323335
-0.0102146
-0.00368987
-0.00983847
-0.00413105
-0.00942553
-0.00455521
-0.00897771
-0.00496077
-0.00849709
-0.00534629
-0.00798582
-0.00571042
-0.00744613
-0.00605193
-0.00688031
-0.0063697
-0.00629064
-0.00666274
-0.00567945
-0.00693016
-0.00504906
-0.00717117
-0.00440178
-0.0073851
-0.00757173
-0.00373987
-0.0148466
-0.000359031
-0.0147482
-0.000886056
-0.0145907
-0.00144813
-0.014375
-0.00200552
-0.0141025
-0.00255396
-0.0137746
-0.00309107
-0.0133934
-0.00361463
-0.0129607
-0.00412254
-0.0124789
-0.00461281
-0.0119506
-0.00508358
-0.0113782
-0.00553311
-0.0107647
-0.00595983
-0.0101128
-0.00636228
-0.00942559
-0.00673918
-0.00870593
-0.00708936
-0.00795685
-0.00741183
-0.00718132
-0.00770569
-0.0063823
-0.0079702
-0.00556269
-0.00820471
-0.00840911
-0.0047253
-0.0183821
-0.000410505
-0.0182576
-0.00101063
-0.0180588
-0.0016469
-0.0177872
-0.00227715
-0.0174444
-0.0028967
-0.0170327
-0.00350281
-0.0165544
-0.00409291
-0.0160124
-0.00466457
-0.0154096
-0.00521553
-0.0147495
-0.00574366
-0.0140356
-0.00624706
-0.0132714
-0.00672398
-0.0124608
-0.00717288
-0.0116076
-0.0075924
-0.0107156
-0.00798138
-0.00978859
-0.00833882
-0.00883038
-0.00866391
-0.0078446
-0.00895598
-0.00683481
-0.0092145
-0.00943952
-0.0058044
-0.0223835
-0.000475239
-0.0222274
-0.00116676
-0.0219793
-0.00189499
-0.0216411
-0.00261532
-0.0212152
-0.00332263
-0.0207043
-0.00401364
-0.0201119
-0.00468533
-0.0194416
-0.00533486
-0.0186976
-0.00595957
-0.0178842
-0.00655706
-0.0170061
-0.00712516
-0.0160681
-0.00766196
-0.0150752
-0.00816581
-0.0140323
-0.00863531
-0.0129443
-0.00906933
-0.0118162
-0.00946698
-0.0106525
-0.00982759
-0.00945779
-0.0101507
-0.00823634
-0.010436
-0.0106838
-0.0069921
-0.0269623
-0.000556472
-0.0267673
-0.00136185
-0.0264589
-0.00220335
-0.0260399
-0.00303436
-0.0255133
-0.00384919
-0.024883
-0.0046439
-0.0241535
-0.00541483
-0.0233298
-0.00615857
-0.0224174
-0.006872
-0.0214221
-0.00755232
-0.0203502
-0.00819705
-0.0192081
-0.00880406
-0.0180023
-0.00937161
-0.0167393
-0.0098983
-0.0154256
-0.0103831
-0.0140672
-0.0108253
-0.0126701
-0.0112246
-0.0112399
-0.0115809
-0.00978157
-0.0118943
-0.0121657
-0.00829967
-0.0322527
-0.000658682
-0.0320085
-0.00160604
-0.031625
-0.00258683
-0.0311058
-0.00355361
-0.030455
-0.00449992
-0.029678
-0.00542093
-0.0287807
-0.00631215
-0.0277698
-0.00716943
-0.0266528
-0.00798899
-0.0254377
-0.00876748
-0.0241327
-0.00950203
-0.0227465
-0.0101902
-0.0212879
-0.0108303
-0.0197655
-0.0114207
-0.0181878
-0.0119608
-0.0165628
-0.0124503
-0.0148983
-0.0128892
-0.0132009
-0.0132783
-0.0114767
-0.0136184
-0.0139115
-0.00973092
-0.0384186
-0.000788088
-0.0381114
-0.0019133
-0.0376325
-0.0030657
-0.0369868
-0.00419927
-0.0361802
-0.00530659
-0.0352195
-0.00638163
-0.0341128
-0.00741878
-0.0328694
-0.00841286
-0.0314992
-0.00935919
-0.030013
-0.0102537
-0.0284222
-0.0110928
-0.0267385
-0.0118739
-0.0249739
-0.0125948
-0.0231403
-0.0132543
-0.0212492
-0.0138519
-0.0193115
-0.014388
-0.0173371
-0.0148636
-0.015335
-0.0152804
-0.0133125
-0.015641
-0.0159487
-0.0112752
-0.0456642
-0.000953376
-0.0452746
-0.00230289
-0.0446728
-0.0036675
-0.0438652
-0.00500681
-0.0428597
-0.00631212
-0.0416655
-0.00757582
-0.0402936
-0.00879076
-0.0387561
-0.00995035
-0.0370666
-0.0110486
-0.0352398
-0.0120804
-0.0332914
-0.0130413
-0.0312374
-0.0139278
-0.0290947
-0.0147376
-0.0268798
-0.0154693
-0.0246089
-0.0161228
-0.0222976
-0.0166994
-0.0199596
-0.0172015
-0.0176073
-0.0176328
-0.0152501
-0.0179981
-0.0183041
-0.0128947
-0.0542466
-0.00116669
-0.0537481
-0.00280137
-0.0529861
-0.00442953
-0.0519689
-0.00602395
-0.0507069
-0.00757416
-0.0492122
-0.00907044
-0.0474994
-0.0105036
-0.0455845
-0.0118652
-0.0434859
-0.0131473
-0.0412232
-0.0143431
-0.038818
-0.0154466
-0.0362927
-0.0164532
-0.0336708
-0.0173594
-0.0309764
-0.0181637
-0.0282331
-0.018866
-0.0254639
-0.0194686
-0.0226898
-0.0199756
-0.0199292
-0.0203934
-0.0171963
-0.020731
-0.0210005
-0.0144999
-0.0644926
-0.00144497
-0.0638489
-0.00344502
-0.0628768
-0.00540165
-0.0615868
-0.007314
-0.0599919
-0.00916902
-0.058108
-0.0109544
-0.0559534
-0.0126582
-0.0535493
-0.0142693
-0.0509193
-0.0157773
-0.0480898
-0.0171726
-0.0450897
-0.0184467
-0.0419501
-0.0195927
-0.0387045
-0.0206051
-0.0353877
-0.0214805
-0.0320356
-0.0222181
-0.028684
-0.0228202
-0.0253672
-0.0232924
-0.0221161
-0.0236445
-0.0189561
-0.023891
-0.0240546
-0.0159021
-0.0768182
-0.00181162
-0.0759805
-0.00428273
-0.0747332
-0.00664898
-0.0730884
-0.00895882
-0.0710622
-0.0111952
-0.068674
-0.0133425
-0.0659464
-0.0153858
-0.0629054
-0.0173103
-0.0595809
-0.0191019
-0.0560063
-0.0207471
-0.0522195
-0.0222336
-0.0482624
-0.0235498
-0.0441815
-0.024686
-0.0400275
-0.0256345
-0.0358549
-0.0263907
-0.0317214
-0.0269537
-0.0276861
-0.0273277
-0.0238068
-0.0275238
-0.0201377
-0.02756
-0.0274805
-0.0167118
-0.0917487
-0.00229844
-0.0906527
-0.00537876
-0.0890481
-0.00825364
-0.0869466
-0.0110603
-0.0843672
-0.0137746
-0.0813319
-0.0163778
-0.0778666
-0.0188511
-0.0740012
-0.0211756
-0.0697705
-0.0233326
-0.0652145
-0.0253032
-0.0603791
-0.0270689
-0.0553177
-0.0286112
-0.0500915
-0.0299122
-0.0447708
-0.0309551
-0.0394369
-0.0317247
-0.0341818
-0.0322088
-0.029109
-0.0324005
-0.0243283
-0.0323045
-0.0199751
-0.0319132
-0.031344
-0.0161117
-0.109936
-0.00294779
-0.1085
-0.00681464
-0.10644
-0.0103138
-0.103763
-0.0137375
-0.100489
-0.0170485
-0.0966413
-0.0202255
-0.0922466
-0.0232458
-0.0873355
-0.0260867
-0.0819439
-0.0287241
-0.0761138
-0.0311333
-0.0698947
-0.033288
-0.0633454
-0.0351604
-0.0565367
-0.0367209
-0.0495542
-0.0379376
-0.042503
-0.0387759
-0.0355154
-0.0391963
-0.0287594
-0.0391565
-0.0224089
-0.0386551
-0.0168809
-0.0374412
-0.0360153
-0.0122096
-0.132159
-0.00381405
-0.130284
-0.00868914
-0.127659
-0.0129387
-0.124277
-0.0171194
-0.120159
-0.0211673
-0.115323
-0.0250607
-0.109794
-0.0287749
-0.103597
-0.0322844
-0.096759
-0.0355617
-0.0893149
-0.0385774
-0.0813042
-0.0412988
-0.0727749
-0.0436897
-0.063787
-0.0457088
-0.0544146
-0.04731
-0.0447442
-0.0484463
-0.0349021
-0.0490385
-0.0251412
-0.0489174
-0.0157344
-0.0480619
-0.0075019
-0.0456737
-0.0424585
-0.00105873
-0.159322
-0.00496612
-0.156895
-0.0111153
-0.153597
-0.0162368
-0.149391
-0.0213256
-0.144297
-0.0262611
-0.138331
-0.0310267
-0.131508
-0.0355976
-0.123845
-0.0399483
-0.115355
-0.0440511
-0.106057
-0.0478759
-0.0959661
-0.0513894
-0.0851016
-0.0545542
-0.0734825
-0.057328
-0.0611286
-0.0596639
-0.0480634
-0.0615114
-0.0342805
-0.0628214
-0.0196595
-0.0635383
-0.00411126
-0.0636101
0.0133695
-0.0631545
-0.0601177
0.0310287
-0.192307
-0.189218
-0.185148
-0.180012
-0.173833
-0.166617
-0.158367
-0.149077
-0.138734
-0.127308
-0.114754
-0.100993
-0.0859047
-0.0693005
-0.0508943
-0.0302614
-0.00670334
0.0204409
0.0520385
0.0756182
-0.000376208
-0.00237682
-0.000346999
-0.00239579
-0.000317582
-0.00241294
-0.000287975
-0.00242863
-0.000258197
-0.00244286
-0.000228265
-0.00245561
-0.000198198
-0.00246688
-0.000168013
-0.00247666
-0.000137729
-0.00248496
-0.000107364
-0.00249176
-7.69356e-05
-0.00249706
-4.64619e-05
-0.00250086
-1.5961e-05
-0.00250315
1.45489e-05
-0.00250394
4.50496e-05
-0.00250322
7.55227e-05
-0.002501
0.00010595
-0.00249727
0.000136312
-0.00249203
0.00016659
-0.0024853
-0.00247662
0.000196795
-0.00109389
-0.00246123
-0.00100884
-0.00248084
-0.000923219
-0.00249856
-0.000837076
-0.00251477
-0.00075046
-0.00252947
-0.000663418
-0.00254265
-0.000575999
-0.0025543
-0.000488253
-0.00256441
-0.000400227
-0.00257299
-0.000311973
-0.00258001
-0.000223538
-0.00258549
-0.000134971
-0.00258942
-4.63225e-05
-0.0025918
4.23589e-05
-0.00259262
0.000131024
-0.00259189
0.000219623
-0.00258959
0.000308107
-0.00258575
0.000396428
-0.00258035
0.000484535
-0.00257341
-0.00256444
0.000572353
-0.00184117
-0.0026034
-0.00169796
-0.00262405
-0.00155381
-0.00264271
-0.0014088
-0.00265979
-0.00126301
-0.00267527
-0.00111651
-0.00268914
-0.000969399
-0.00270141
-0.000821745
-0.00271207
-0.000673633
-0.0027211
-0.000525143
-0.0027285
-0.000376356
-0.00273428
-0.000227353
-0.00273843
-7.82148e-05
-0.00274094
7.09774e-05
-0.00274181
0.000220142
-0.00274105
0.000369199
-0.00273865
0.000518066
-0.00273462
0.000666662
-0.00272895
0.000814905
-0.00272165
-0.00271223
0.000962694
-0.00262851
-0.00280648
-0.00242398
-0.00282858
-0.00221814
-0.00284855
-0.00201109
-0.00286683
-0.00180296
-0.0028834
-0.00159386
-0.00289825
-0.00138389
-0.00291138
-0.00117316
-0.00292279
-0.000961801
-0.00293246
-0.00074991
-0.0029404
-0.000537603
-0.00294659
-0.000324991
-0.00295104
-0.000112188
-0.00295374
0.000100695
-0.0029547
0.000313546
-0.0029539
0.000526251
-0.00295136
0.000738697
-0.00294707
0.000950773
-0.00294103
0.00116236
-0.00293324
-0.00292319
0.00137332
-0.0034715
-0.00307485
-0.00320127
-0.00309881
-0.00292935
-0.00312047
-0.0026559
-0.00314028
-0.00238105
-0.00315824
-0.00210495
-0.00317435
-0.00182775
-0.00318859
-0.00154958
-0.00320096
-0.00127058
-0.00321146
-0.00099091
-0.00322007
-0.000710698
-0.0032268
-0.000430091
-0.00323165
-0.000149231
-0.0032346
0.000131739
-0.00323567
0.000412677
-0.00323484
0.00069344
-0.00323212
0.000973882
-0.00322751
0.00125386
-0.00322101
0.00153323
-0.00321261
-0.00320176
0.00181181
-0.00438597
-0.00341418
-0.00404438
-0.0034404
-0.00370075
-0.0034641
-0.00335527
-0.00348577
-0.00300809
-0.00350542
-0.0026594
-0.00352304
-0.00230937
-0.00353862
-0.00195816
-0.00355217
-0.00160596
-0.00356366
-0.00125292
-0.00357311
-0.000899222
-0.0035805
-0.000545034
-0.00358584
-0.000190525
-0.00358911
0.000164134
-0.00359033
0.000518773
-0.00358948
0.00087322
-0.00358657
0.0012273
-0.00358159
0.00158085
-0.00357455
0.00193368
-0.00356545
-0.00355366
0.00228557
-0.00538717
-0.00383142
-0.00496733
-0.00386025
-0.00454513
-0.00388629
-0.0041208
-0.00391011
-0.00369451
-0.0039317
-0.00326648
-0.00395107
-0.00283689
-0.00396821
-0.00240594
-0.00398311
-0.00197383
-0.00399577
-0.00154075
-0.00400619
-0.00110688
-0.00401437
-0.000672426
-0.00402029
-0.000237571
-0.00402397
0.00019749
-0.00402539
0.000632565
-0.00402455
0.00106746
-0.00402146
0.00150198
-0.00401611
0.00193592
-0.0040085
0.00236909
-0.00399862
-0.00398579
0.00280123
-0.00648882
-0.0043347
-0.00598269
-0.00436638
-0.00547398
-0.004395
-0.00496292
-0.00442117
-0.00444973
-0.00444489
-0.00393462
-0.00446618
-0.00341781
-0.00448502
-0.00289949
-0.00450143
-0.00237988
-0.00451539
-0.00185917
-0.0045269
-0.00133757
-0.00453597
-0.000815267
-0.00454259
-0.000292475
-0.00454676
0.000230609
-0.00454847
0.000753782
-0.00454773
0.00127684
-0.00454452
0.00179957
-0.00453884
0.00232177
-0.00453069
0.00284321
-0.00452006
-0.00450619
0.00336361
-0.00770118
-0.00493319
-0.00709978
-0.00496779
-0.00649577
-0.00499901
-0.00588938
-0.00502756
-0.00528082
-0.00505345
-0.00467031
-0.00507669
-0.00405804
-0.00509729
-0.00344422
-0.00511525
-0.00282904
-0.00513057
-0.00221267
-0.00514326
-0.00159532
-0.00515332
-0.000977166
-0.00516075
-0.00035839
-0.00516553
0.000260818
-0.00516768
0.000880268
-0.00516718
0.00149976
-0.00516402
0.00211911
-0.00515819
0.0027381
-0.00514968
0.00335651
-0.00513848
-0.00512373
0.00397405
-0.00902742
-0.00563669
-0.00832134
-0.00567387
-0.00761296
-0.00570738
-0.00690249
-0.00573803
-0.00619012
-0.00576583
-0.005476
-0.00579081
-0.00476031
-0.00581299
-0.00404317
-0.00583239
-0.00332473
-0.00584901
-0.00260511
-0.00586288
-0.00188444
-0.00587399
-0.00116284
-0.00588235
-0.000440434
-0.00588794
0.000282648
-0.00589076
0.00100627
-0.0058908
0.0017303
-0.00588804
0.00245458
-0.00588247
0.00317895
-0.00587404
0.00390322
-0.00586275
-0.00584763
0.00462713
-0.0104571
-0.00645487
-0.00963734
-0.00649358
-0.00881633
-0.00652839
-0.00799413
-0.00656022
-0.00717084
-0.00658912
-0.0063465
-0.00661514
-0.00552116
-0.00663833
-0.00469481
-0.00665873
-0.00386746
-0.00667637
-0.00303907
-0.00669126
-0.00220964
-0.00670343
-0.00137912
-0.00671287
-0.000547481
-0.00671957
0.000285286
-0.00672353
0.00111919
-0.00672471
0.00195423
-0.00672308
0.00279037
-0.00671861
0.00362756
-0.00671123
0.0044657
-0.0067009
-0.00668655
0.00530462
-0.0119537
-0.00739588
-0.0110136
-0.00743367
-0.0100745
-0.00746751
-0.0091363
-0.00749843
-0.00819886
-0.00752656
-0.00726201
-0.00755199
-0.0063255
-0.00757485
-0.00538904
-0.00759519
-0.00445232
-0.00761309
-0.00351499
-0.00762859
-0.00257669
-0.00764172
-0.00163708
-0.00765249
-0.000695777
-0.00766087
0.000247539
-0.00766685
0.00119319
-0.00767036
0.00214144
-0.00767134
0.00309253
-0.0076697
0.00404664
-0.00766534
0.00500388
-0.00765815
-0.00764693
0.00596426
-0.0134318
-0.00846392
-0.0123699
-0.00849562
-0.0113137
-0.00852366
-0.0102629
-0.00854924
-0.00921689
-0.00857261
-0.00817488
-0.008594
-0.0071361
-0.00861363
-0.00609962
-0.00863166
-0.00506449
-0.00864822
-0.00402967
-0.00866341
-0.00299413
-0.00867727
-0.00195679
-0.00868982
-0.00091664
-0.00870103
0.000127338
-0.00871082
0.00117609
-0.00871911
0.00223048
-0.00872573
0.00329128
-0.0087305
0.00435915
-0.00873321
0.00543463
-0.00873362
-0.00873039
0.00651809
-0.0147107
-0.00965524
-0.0135364
-0.00967
-0.0123779
-0.00968212
-0.0112341
-0.00969306
-0.0101033
-0.00970338
-0.00898375
-0.00971355
-0.00787338
-0.00972401
-0.00676996
-0.00973508
-0.00567116
-0.00974703
-0.00457454
-0.00976003
-0.00347762
-0.00977418
-0.00237794
-0.00978951
-0.00127303
-0.00980594
-0.000160522
-0.00982333
0.00096184
-0.00984147
0.0020962
-0.00986008
0.00324446
-0.00987875
0.00440829
-0.00989704
0.00558909
-0.00991443
-0.00992939
0.00678809
-0.0154151
-0.0109519
-0.014159
-0.0109262
-0.0129401
-0.010901
-0.0117555
-0.0108777
-0.0106016
-0.0108573
-0.00947427
-0.0108409
-0.00836888
-0.0108294
-0.00728037
-0.0108236
-0.00620342
-0.010824
-0.00513253
-0.0108309
-0.00406212
-0.0108446
-0.00298659
-0.010865
-0.00190039
-0.0108921
-0.000798154
-0.0109256
0.000325231
-0.0109649
0.00147452
-0.0110094
0.00265412
-0.0110584
0.0038677
-0.0111106
0.00511829
-0.011165
-0.0112208
0.00640968
-0.0147522
-0.0123114
-0.0134903
-0.0121881
-0.0123149
-0.0120764
-0.0112171
-0.0119755
-0.0101869
-0.0118875
-0.00921384
-0.0118139
-0.00828716
-0.0117561
-0.00739586
-0.0117149
-0.00652878
-0.0116911
-0.00567465
-0.011685
-0.00482216
-0.0116971
-0.00395998
-0.0117272
-0.00307682
-0.0117753
-0.00216149
-0.0118409
-0.00120292
-0.0119234
-0.00019029
-0.012022
0.000886786
-0.0121354
0.00203853
-0.0122624
0.0032746
-0.0124011
-0.0125522
0.00460605
-0.0108967
-0.0136242
-0.00982434
-0.0132605
-0.00895857
-0.0129422
-0.00826213
-0.0126719
-0.00770554
-0.012444
-0.00726266
-0.0122568
-0.00690955
-0.0121092
-0.00662365
-0.0120008
-0.00638317
-0.0119315
-0.00616673
-0.0119015
-0.00595312
-0.0119107
-0.00572116
-0.0119592
-0.00544948
-0.012047
-0.00511629
-0.0121741
-0.00469898
-0.0123407
-0.00417339
-0.0125476
-0.00351286
-0.012796
-0.00268743
-0.0130878
-0.00166178
-0.0134267
-0.0138218
-0.000392222
-0.000316594
-0.0143663
-0.000164075
-0.013413
-0.000371027
-0.0127352
-0.000836653
-0.0122063
-0.00150006
-0.0117806
-0.0023191
-0.0114378
-0.00325883
-0.0111695
-0.00428766
-0.010972
-0.00537621
-0.010843
-0.00649668
-0.010781
-0.00762208
-0.0107853
-0.00872544
-0.0108558
-0.00977909
-0.0109933
-0.0107539
-0.0111992
-0.0116188
-0.0114759
-0.0123391
-0.0118273
-0.0128729
-0.0122622
-0.0131596
-0.012801
-0.0130939
-0.0134924
-0.0144652
-0.0124505
0.0304897
-0.0138273
0.0274501
-0.0103734
0.023353
-0.00863806
0.018966
-0.00781928
0.0145624
-0.00737705
0.0102077
-0.00708312
0.00590498
-0.00686669
0.00164214
-0.00670913
-0.00259589
-0.00660496
-0.00682498
-0.00655191
-0.0110613
-0.006549
-0.0153209
-0.00659617
-0.01962
-0.00669429
-0.0239736
-0.00684559
-0.0283935
-0.00705598
-0.0328745
-0.00734632
-0.0373436
-0.00779308
-0.0415158
-0.00862882
-0.0446321
-0.0103761
-0.0137735
-0.0453238
0.0617909
0.0514174
0.0427794
0.0349601
0.0275831
0.0204999
0.0136333
0.00692412
0.000319169
-0.00623275
-0.0127817
-0.0193779
-0.0260722
-0.0329178
-0.0399738
-0.0473201
-0.0551132
-0.063742
-0.0741181
-0.0878916
0.000282366
-0.00700052
0.000366581
-0.00688704
0.000449053
-0.00674006
0.000529397
-0.00655995
0.000607222
-0.00634748
0.000682144
-0.0061036
0.000753784
-0.00582942
0.000821774
-0.00552617
0.000885759
-0.00519524
0.000945401
-0.00483818
0.00100038
-0.00445667
0.00105041
-0.00405251
0.00109522
-0.00362763
0.00113458
-0.0031841
0.00116829
-0.00272408
0.0011962
-0.00224981
0.00121821
-0.00176364
0.0012343
-0.00126804
0.00124446
-0.00076715
-0.000297141
0.000820688
-0.00724885
0.00106532
-0.00713167
0.0013051
-0.00697984
0.00153888
-0.00679372
0.00176552
-0.00657412
0.0019839
-0.00632198
0.00219292
-0.00603844
0.0023915
-0.00572475
0.0025786
-0.00538235
0.00275324
-0.00501282
0.00291446
-0.00461789
0.00306139
-0.00419944
0.00319323
-0.00375947
0.00330926
-0.00330013
0.00340884
-0.00282366
0.00349147
-0.00233244
0.00355676
-0.00182893
0.00360445
-0.00131574
0.00363439
-0.000797089
-0.000309176
0.00138082
-0.00766698
0.00179285
-0.0075437
0.00219691
-0.0073839
0.0025911
-0.00718792
0.00297353
-0.00695655
0.00334234
-0.00669079
0.00369566
-0.00639175
0.00403167
-0.00606077
0.00434862
-0.0056993
0.0046448
-0.005309
0.00491858
-0.00489167
0.00516843
-0.00444929
0.00539294
-0.00398398
0.00559082
-0.003498
0.00576092
-0.00299376
0.00590226
-0.00247378
0.00601402
-0.00194069
0.00609557
-0.00139729
0.00614641
-0.00084793
-0.000329429
0.00197028
-0.00826394
0.00255879
-0.00813221
0.00313621
-0.00796132
0.00369987
-0.00775158
0.00424709
-0.00750377
0.00477519
-0.00721889
0.00528151
-0.00689807
0.00576342
-0.00654268
0.00621837
-0.00615424
0.00664386
-0.00573448
0.0070375
-0.00528532
0.00739705
-0.00480884
0.00772039
-0.00430732
0.0080056
-0.00378321
0.00825095
-0.00323911
0.00845492
-0.00267775
0.00861623
-0.00210201
0.00873386
-0.00151492
0.00880701
-0.000921074
-0.000358479
0.00260032
-0.00905245
0.0033781
-0.00890999
0.00414174
-0.00872496
0.00488773
-0.00849758
0.00561256
-0.0082286
0.00631268
-0.007919
0.00698452
-0.00756992
0.00762458
-0.00718274
0.00822938
-0.00675904
0.00879554
-0.00630064
0.0093198
-0.00580958
0.00979907
-0.0052881
0.0102304
-0.00473868
0.0106112
-0.00416399
0.010939
-0.00356689
0.0112117
-0.00295042
0.0114274
-0.00231776
0.0115848
-0.00167229
0.0116826
-0.00101892
-0.000397324
0.00328203
-0.0100489
0.00426566
-0.00989362
0.00523227
-0.00969157
0.00617751
-0.00944282
0.00709694
-0.00914803
0.00798603
-0.00880809
0.00884024
-0.00842413
0.00965499
-0.00799749
0.0104258
-0.00752981
0.0111481
-0.00702299
0.0118177
-0.00647921
0.0124305
-0.0059009
0.0129826
-0.00529078
0.0134705
-0.00465181
0.0138908
-0.0039872
0.0142407
-0.00330036
0.0145179
-0.0025949
0.0147202
-0.00187464
0.0148462
-0.00114493
-0.000447417
0.00402562
-0.0112733
0.00523554
-0.0111035
0.00642603
-0.0108821
0.0075918
-0.0106086
0.00872743
-0.0102837
0.00982728
-0.00990794
0.0108856
-0.00948246
0.0118966
-0.00900849
0.0128545
-0.00848768
0.0137535
-0.00792199
0.014588
-0.00731374
0.0153527
-0.00666562
0.0160426
-0.00598061
0.0166528
-0.00526206
0.0171792
-0.00451361
0.017618
-0.00373915
0.0179659
-0.00294285
0.0182204
-0.00212911
0.0183793
-0.00130384
-0.000510744
0.00483934
-0.012749
0.00629987
-0.0125641
0.00773947
-0.0123216
0.0091519
-0.012021
0.0105306
-0.0116623
0.0118686
-0.0112459
0.0131587
-0.0107726
0.0143936
-0.0102434
0.0155658
-0.0096599
0.016668
-0.00902417
0.0176929
-0.00833866
0.0186336
-0.0076063
0.0194834
-0.00683048
0.0202363
-0.00601498
0.0208867
-0.00516399
0.0214297
-0.00428207
0.0218609
-0.00337408
0.022177
-0.00244518
0.0223751
-0.001502
-0.000589975
0.00572745
-0.0145024
0.00746664
-0.0143033
0.00918519
-0.0140402
0.0108758
-0.0137117
0.0125306
-0.0133171
0.014141
-0.0128563
0.0156978
-0.0123294
0.0171918
-0.0117374
0.0186134
-0.0110815
0.0199531
-0.0103638
0.0212014
-0.00958696
0.0223493
-0.00875422
0.0233882
-0.00786943
0.0243103
-0.00693699
0.0251081
-0.00596179
0.0257752
-0.00494921
0.0263061
-0.00390503
0.0266964
-0.0028354
0.0269422
-0.00174784
-0.000688691
0.00668644
-0.0165617
0.00873579
-0.0163526
0.0107681
-0.0160725
0.012775
-0.0157185
0.0147466
-0.0152888
0.0166723
-0.0147819
0.0185403
-0.0141975
0.0203386
-0.0135357
0.0220547
-0.0127976
0.0236762
-0.0119853
0.0251907
-0.0111015
0.0265866
-0.0101501
0.0278525
-0.00913534
0.028978
-0.00806255
0.0299538
-0.00693756
0.0307714
-0.0057668
0.0314236
-0.00455723
0.0319045
-0.00331628
0.0322092
-0.00205259
-0.000811697
0.0076982
-0.0189553
0.0100922
-0.0187466
0.0124789
-0.0184593
0.0148482
-0.0180878
0.0171877
-0.0176282
0.0194833
-0.0170776
0.0217198
-0.016434
0.0238811
-0.0156969
0.0259506
-0.0148671
0.0279118
-0.0139465
0.0297486
-0.0129383
0.0314454
-0.0118469
0.0329876
-0.0106775
0.0343616
-0.00943657
0.0355552
-0.00813112
0.0365574
-0.00676903
0.037359
-0.0053588
0.0379522
-0.00390949
0.0383308
-0.00243118
-0.000965449
0.00871765
-0.0217087
0.0114934
-0.0215223
0.0142827
-0.0212486
0.0170723
-0.0208774
0.0198455
-0.0204014
0.0225829
-0.0198151
0.0252637
-0.0191147
0.0278656
-0.0182989
0.0303663
-0.0173678
0.0327436
-0.0163238
0.034976
-0.0151707
0.0370432
-0.013914
0.038926
-0.0125603
0.0406068
-0.0111174
0.0420698
-0.00959416
0.0433011
-0.00800033
0.0442887
-0.00634637
0.0450226
-0.00464341
0.0454948
-0.00290343
-0.00115864
0.00965025
-0.0248409
0.0128483
-0.0247204
0.0161005
-0.0245008
0.0193873
-0.0241643
0.0226837
-0.0236978
0.0259611
-0.0230925
0.0291892
-0.0223428
0.0323369
-0.0214465
0.0353731
-0.020404
0.0382679
-0.0192186
0.0409928
-0.0178956
0.043521
-0.0164422
0.0458278
-0.0148671
0.0478908
-0.0131804
0.04969
-0.0113933
0.0512075
-0.00951786
0.0524283
-0.00756717
0.0533398
-0.00555492
0.053932
-0.00349558
-0.00140297
0.0103083
-0.0283611
0.0139789
-0.028391
0.0177795
-0.0283014
0.0216753
-0.02806
0.0256246
-0.0276471
0.0295824
-0.0270503
0.0335029
-0.0262634
0.0373413
-0.0252848
0.0410544
-0.0241171
0.0446018
-0.0227661
0.0479462
-0.02124
0.0510531
-0.0195491
0.0538913
-0.0177053
0.0564327
-0.0157219
0.0586525
-0.0136131
0.0605289
-0.0113942
0.062043
-0.00908133
0.0631794
-0.00669132
0.063926
-0.00424212
-0.00171412
0.0103254
-0.0322767
0.0145504
-0.032616
0.0190446
-0.0327956
0.0237312
-0.0327465
0.0285358
-0.0324518
0.0333844
-0.0318989
0.0382067
-0.0310857
0.0429381
-0.0300162
0.0475197
-0.0286987
0.0518984
-0.0271448
0.0560268
-0.0253683
0.0598621
-0.0233845
0.0633666
-0.0212098
0.0665064
-0.0188617
0.0692519
-0.0163585
0.071577
-0.0137193
0.0734595
-0.0109638
0.0748804
-0.00811226
0.0758262
-0.00518784
-0.002113
0.00899772
-0.0366684
0.0139589
-0.0375772
0.0194356
-0.0382724
0.0252358
-0.0385467
0.0312297
-0.0384457
0.0372939
-0.0379631
0.0433231
-0.037115
0.0492282
-0.0359213
0.0549334
-0.0344039
0.0603735
-0.032585
0.0654923
-0.0304871
0.0702405
-0.0281326
0.0745749
-0.0255442
0.0784574
-0.0227442
0.0818545
-0.0197556
0.0847367
-0.0166015
0.0870782
-0.0133053
0.0888571
-0.00989117
0.0900595
-0.00639015
-0.00262731
0.00490578
-0.0419664
0.0111181
-0.0437896
0.0182769
-0.0454311
0.0258078
-0.0460776
0.0335543
-0.0461922
0.0413263
-0.045735
0.0489873
-0.044776
0.0564329
-0.0433669
0.0635791
-0.0415501
0.0703569
-0.0393627
0.0767076
-0.0368378
0.0825807
-0.0340057
0.0879318
-0.0308952
0.0927212
-0.0275337
0.0969138
-0.0239482
0.100478
-0.0201653
0.103385
-0.0162123
0.105609
-0.0121159
0.107141
-0.00792153
-0.00329348
-0.00499704
-0.0494199
0.00403377
-0.0528204
0.014299
-0.0556964
0.0248014
-0.0565799
0.035332
-0.0567229
0.0455933
-0.0559963
0.0554788
-0.0546615
0.0649324
-0.0528204
0.0738973
-0.050515
0.0823244
-0.0477899
0.0901704
-0.0446837
0.0973953
-0.0412306
0.103962
-0.0374615
0.109833
-0.0334056
0.114977
-0.0290917
0.11936
-0.0245483
0.122952
-0.0198048
0.125725
-0.0148889
0.127676
-0.00987224
-0.00415911
-0.0248841
-0.0698597
-0.00624578
-0.0714586
0.00980541
-0.0717476
0.0247395
-0.071514
0.0386356
-0.0706189
0.0517467
-0.0691074
0.0641498
-0.0670646
0.0758478
-0.0645184
0.086837
-0.0615042
0.0971035
-0.0580564
0.106626
-0.0542061
0.115377
-0.0499819
0.123327
-0.0454114
0.130443
-0.0405216
0.136691
-0.0353397
0.142037
-0.0298942
0.146447
-0.0242152
0.149887
-0.0183282
0.15237
-0.0123553
-0.0052876
-0.0601128
-0.0976384
-0.0279003
-0.103671
-0.00148718
-0.0981607
0.0213146
-0.0943158
0.0411196
-0.0904238
0.0588043
-0.0867922
0.0748081
-0.0830684
0.0894302
-0.0791406
0.102869
-0.0749426
0.115265
-0.0704529
0.126689
-0.0656297
0.13716
-0.0604533
0.146673
-0.0549242
0.155205
-0.0490532
0.162723
-0.0428584
0.169192
-0.0363627
0.174571
-0.0295948
0.178814
-0.0225708
0.181967
-0.0155079
-0.00675739
0.00150067
-0.0991391
0.00862278
-0.110793
0.0184131
-0.107951
0.0283319
-0.104235
0.0385134
-0.100605
0.0486258
-0.0969046
0.058534
-0.0929766
0.0681268
-0.0887333
0.0773152
-0.0841311
0.086013
-0.0791507
0.0941624
-0.0737791
0.101721
-0.068012
0.108651
-0.0618543
0.114916
-0.0553179
0.120479
-0.0484212
0.125303
-0.0411873
0.129355
-0.0336466
0.132588
-0.0258038
0.135061
-0.0179804
-0.00793928
0.00419042
-0.10333
0.0126615
-0.119264
0.022842
-0.118132
0.0337915
-0.115184
0.0449349
-0.111749
0.0559614
-0.107931
0.066722
-0.103737
0.0771261
-0.0991373
0.0871019
-0.0941069
0.0965843
-0.0886332
0.105516
-0.0827103
0.113843
-0.0763391
0.121516
-0.0695275
0.128487
-0.0622894
0.134711
-0.0546447
0.140141
-0.0466175
0.144736
-0.0382418
0.148435
-0.0295025
0.151337
-0.0208821
-0.00935956
0.00780194
-0.111131
0.0183636
-0.129826
0.0294804
-0.129248
0.0409739
-0.126678
0.0526495
-0.123424
0.0643248
-0.119606
0.0758374
-0.11525
0.0870611
-0.110361
0.0978951
-0.104941
0.108254
-0.0989915
0.118061
-0.0925179
0.12725
-0.0855284
0.135759
-0.078036
0.143528
-0.0700582
0.1505
-0.0616172
0.156622
-0.0527391
0.161844
-0.0434641
0.166083
-0.0337418
0.169498
-0.0242963
-0.0110707
0.00966215
-0.120794
0.0217621
-0.141926
0.0343741
-0.14186
0.0471905
-0.139494
0.060058
-0.136292
0.0728463
-0.132395
0.0854356
-0.127839
0.0977189
-0.122644
0.1096
-0.116822
0.120993
-0.110384
0.131815
-0.103341
0.141993
-0.0957063
0.151455
-0.0874981
0.160134
-0.0787366
0.167963
-0.0694468
0.17488
-0.0596554
0.180829
-0.0494139
0.185697
-0.0386095
0.189728
-0.0283269
-0.0131426
0.0112521
-0.132046
0.0250855
-0.155759
0.0392648
-0.15604
0.0535109
-0.15374
0.067722
-0.150503
0.0818018
-0.146474
0.0956506
-0.141688
0.10917
-0.136164
0.122266
-0.129918
0.13485
-0.122967
0.146835
-0.115326
0.158142
-0.107013
0.168692
-0.0980479
0.178409
-0.0884539
0.187221
-0.0782582
0.195052
-0.067487
0.201849
-0.0562105
0.207448
-0.0442082
0.212221
-0.0330998
-0.0156635
0.0126498
-0.144696
0.0281731
-0.171283
0.0440229
-0.171889
0.0598737
-0.169591
0.0756286
-0.166258
0.0912032
-0.162049
0.106508
-0.156992
0.12145
-0.151106
0.135937
-0.144406
0.149879
-0.13691
0.163189
-0.128635
0.175779
-0.119603
0.187566
-0.109835
0.198467
-0.0993555
0.208403
-0.0881939
0.217288
-0.0763719
0.225071
-0.0639934
0.231518
-0.0506557
0.237185
-0.0387668
-0.0187442
0.0140014
-0.158697
0.0312589
-0.18854
0.0488672
-0.189498
0.0664495
-0.187173
0.0839024
-0.183711
0.101142
-0.179289
0.11808
-0.17393
0.134624
-0.16765
0.150679
-0.160462
0.166154
-0.152384
0.180955
-0.143437
0.194994
-0.133642
0.208181
-0.123022
0.220427
-0.111602
0.231645
-0.0994125
0.241739
-0.0864655
0.250671
-0.0729254
0.2581
-0.0580847
0.264841
-0.0455078
-0.0225235
0.0153321
-0.174029
0.0343791
-0.207587
0.0538439
-0.208963
0.0732906
-0.20662
0.0925988
-0.203019
0.111677
-0.198367
0.130429
-0.192683
0.148758
-0.185978
0.166564
-0.178268
0.183751
-0.169571
0.200223
-0.159909
0.215886
-0.149304
0.230646
-0.137782
0.244411
-0.125366
0.257088
-0.11209
0.268563
-0.0979401
0.278832
-0.0831952
0.287391
-0.0666432
0.295418
-0.0535344
-0.0271743
0.0166342
-0.190663
0.0375411
-0.228494
0.0589655
-0.230387
0.08042
-0.228074
0.101752
-0.224351
0.122853
-0.219467
0.143611
-0.213442
0.163918
-0.206285
0.183667
-0.198017
0.202754
-0.188658
0.221082
-0.178236
0.238553
-0.166775
0.255072
-0.154301
0.270541
-0.140835
0.284869
-0.126417
0.297913
-0.110984
0.30974
-0.095022
0.319591
-0.0764945
0.329148
-0.0630914
-0.0329104
0.0178493
-0.208513
0.0406962
-0.251341
0.0641777
-0.253869
0.0878087
-0.251705
0.111363
-0.247905
0.134698
-0.242802
0.157677
-0.236421
0.180173
-0.228781
0.202066
-0.21991
0.22325
-0.209842
0.243625
-0.198611
0.263094
-0.186245
0.281564
-0.172771
0.298934
-0.158205
0.315118
-0.142602
0.329933
-0.125799
0.343571
-0.10866
0.354893
-0.0878166
0.366259
-0.0744573
-0.0399939
0.0188246
-0.227337
0.0437229
-0.276239
0.0693308
-0.279476
0.0953676
-0.277742
0.1214
-0.273938
0.147232
-0.268634
0.172685
-0.261874
0.197602
-0.253698
0.221855
-0.244163
0.245335
-0.233322
0.267947
-0.221223
0.289603
-0.207901
0.310217
-0.193385
0.329688
-0.177676
0.347951
-0.160866
0.364746
-0.142593
0.380491
-0.124405
0.393478
-0.100804
0.406964
-0.0879433
-0.0487427
0.0191896
-0.246527
0.0463488
-0.303398
0.0740973
-0.307225
0.102924
-0.306569
0.131808
-0.302822
0.160488
-0.297314
0.188719
-0.290106
0.216317
-0.281296
0.243149
-0.270995
0.269118
-0.259291
0.294148
-0.246253
0.318168
-0.23192
0.341111
-0.216328
0.362878
-0.199443
0.383455
-0.181443
0.402436
-0.161574
0.420632
-0.142601
0.435501
-0.115672
0.451446
-0.103888
-0.0595379
0.0180648
-0.264591
0.0479116
-0.333245
0.0778602
-0.337174
0.110241
-0.33895
0.142564
-0.335145
0.174571
-0.32932
0.205953
-0.321488
0.236505
-0.311848
0.266119
-0.300609
0.29474
-0.287912
0.322332
-0.273845
0.348861
-0.25845
0.374299
-0.241765
0.39854
-0.223685
0.421676
-0.204579
0.443034
-0.182932
0.464081
-0.163648
0.481076
-0.132667
0.499841
-0.122654
-0.0728302
0.0135456
-0.278137
0.0468666
-0.366566
0.0797353
-0.370042
0.117123
-0.376338
0.153799
-0.371821
0.189772
-0.365293
0.22472
-0.356436
0.258473
-0.345601
0.291012
-0.333149
0.322374
-0.319274
0.352605
-0.304077
0.38173
-0.287574
0.409787
-0.269822
0.436642
-0.25054
0.462598
-0.230535
0.48649
-0.206824
0.510845
-0.188003
0.53026
-0.152082
0.552224
-0.144617
-0.0891463
0.00277327
-0.28091
0.0406684
-0.404461
0.0790866
-0.40846
0.123535
-0.420786
0.165977
-0.414263
0.20674
-0.406056
0.245653
-0.395349
0.282738
-0.382686
0.318193
-0.368604
0.352237
-0.353318
0.385061
-0.3369
0.416769
-0.319283
0.447511
-0.300563
0.477055
-0.280084
0.506116
-0.259597
0.532641
-0.233349
0.560818
-0.21618
0.583024
-0.174288
0.608576
-0.170169
-0.109093
-0.0155763
-0.265334
0.0288008
-0.448838
0.0777207
-0.45738
0.130993
-0.474058
0.18101
-0.46428
0.227266
-0.452312
0.270132
-0.438215
0.310226
-0.422779
0.348201
-0.406578
0.384576
-0.389694
0.419741
-0.372066
0.453871
-0.353412
0.487293
-0.333985
0.519499
-0.31229
0.551999
-0.292097
0.581181
-0.262531
0.613728
-0.248726
0.63921
-0.199771
0.668756
-0.199714
-0.133361
-0.0254468
-0.239887
0.0218575
-0.496143
0.0858721
-0.521395
0.14848
-0.536667
0.205869
-0.521669
0.25593
-0.502373
0.300801
-0.483086
0.342293
-0.464271
0.381616
-0.445901
0.419515
-0.427593
0.456512
-0.409063
0.492726
-0.389626
0.528776
-0.370035
0.563478
-0.346992
0.59984
-0.328459
0.63162
-0.294311
0.66907
-0.286176
0.698473
-0.229174
0.732448
-0.233689
-0.162733
-0.0204968
-0.21939
0.0478072
-0.564447
0.134637
-0.608225
0.198822
-0.600851
0.253051
-0.575898
0.298421
-0.547743
0.339792
-0.524457
0.379494
-0.503973
0.418328
-0.484735
0.456647
-0.465912
0.494847
-0.447263
0.532695
-0.427473
0.571368
-0.408708
0.608233
-0.383858
0.64902
-0.369245
0.68329
-0.328581
0.726049
-0.328934
0.760181
-0.263306
0.799063
-0.272571
-0.198098
0.181405
-0.400795
0.230204
-0.613246
0.272884
-0.650905
0.295749
-0.623716
0.320149
-0.600298
0.350599
-0.578193
0.384291
-0.558149
0.419938
-0.53962
0.456903
-0.521699
0.494754
-0.503763
0.533682
-0.486192
0.572697
-0.466488
0.614203
-0.450213
0.652682
-0.422337
0.698649
-0.415213
0.735349
-0.365281
0.783574
-0.37716
0.823376
-0.303108
0.867666
-0.316861
-0.240428
0.2469
0.300059
0.331157
0.349405
0.370902
0.397251
0.426819
0.459127
0.494161
0.531411
0.571157
0.611063
0.656072
0.695398
0.74743
0.786769
0.840056
0.88655
0.936936
)
;

boundaryField
{
    inlet
    {
        type            calculated;
        value           nonuniform List<scalar> 
80
(
-0.855
-0.855
-0.855
-0.855
-0.855
-0.855
-0.855
-0.855
-0.855
-0.855
-0.855
-0.855
-0.855
-0.855
-0.855
-0.855
-0.855
-0.855
-0.855
-0.855
-0.15
-0.15
-0.15
-0.15
-0.15
-0.15
-0.15
-0.15
-0.15
-0.15
-0.15
-0.15
-0.15
-0.15
-0.15
-0.15
-0.15
-0.15
-0.15
-0.15
-0.15
-0.15
-0.15
-0.15
-0.15
-0.15
-0.15
-0.15
-0.15
-0.15
-0.15
-0.15
-0.15
-0.15
-0.15
-0.15
-0.15
-0.15
-0.15
-0.15
-0.75
-0.75
-0.75
-0.75
-0.75
-0.75
-0.75
-0.75
-0.75
-0.75
-0.75
-0.75
-0.75
-0.75
-0.75
-0.75
-0.75
-0.75
-0.75
-0.75
)
;
    }
    outlet
    {
        type            calculated;
        value           nonuniform List<scalar> 
200
(
0.00691494
0.00680282
0.00665759
0.0064796
0.00626965
0.00602868
0.00575778
0.00545818
0.00513126
0.00477854
0.00440169
0.00400248
0.00358282
0.00314475
0.00269037
0.0022219
0.00174163
0.00125196
0.000756986
0.000293024
0.00234781
0.00236658
0.00238352
0.00239902
0.00241308
0.00242568
0.00243681
0.00244648
0.00245468
0.00246139
0.00246663
0.00247038
0.00247265
0.00247343
0.00247272
0.00247052
0.00246684
0.00246167
0.00245502
0.00244642
0.00023414
0.000583477
0.000964198
0.00134284
0.0017159
0.00208187
0.00243938
0.00278709
0.00312371
0.00344797
0.00375869
0.00405471
0.00433497
0.00459844
0.00484419
0.00507134
0.00527908
0.00546669
0.00563352
0.00577924
0.656009
0.68541
0.713358
0.739231
0.761932
0.779518
0.787507
0.775908
0.726636
0.617524
0.440258
0.228153
0.0630441
0.0265996
0.109754
0.180121
0.124722
0.0165284
-0.00257692
0.0218066
0.136243
0.152757
0.171209
0.1918
0.214742
0.240266
0.26862
0.300068
0.334884
0.373343
0.415713
0.462241
0.513134
0.56854
0.628522
0.693024
0.761819
0.834429
0.909996
0.987105
0.00124858
0.00364643
0.00616667
0.00883606
0.0117215
0.0148963
0.0184426
0.0224544
0.0270409
0.0323322
0.0384845
0.045688
0.0541763
0.0642371
0.076225
0.0905738
0.107807
0.128542
0.153498
0.183436
0.663228
0.691773
0.718938
0.743967
0.765846
0.782759
0.790492
0.779379
0.73143
0.623707
0.446419
0.2329
0.0677865
0.0323988
0.112455
0.180525
0.126978
0.0188469
-0.00248371
0.0219772
0.209546
0.22376
0.238736
0.254507
0.27111
0.288586
0.306972
0.326308
0.346628
0.367963
0.390336
0.413761
0.43824
0.463757
0.490276
0.517729
0.546011
0.574965
0.604371
0.633925
0.0525154
0.0549471
0.0574897
0.0601404
0.0629018
0.0657765
0.068767
0.0718755
0.0751044
0.0784559
0.0819321
0.0855353
0.0892676
0.0931315
0.0971292
0.101263
0.105536
0.109951
0.114511
0.119227
0.00124775
0.00364392
0.00616235
0.00882991
0.0117136
0.0148872
0.0184336
0.0224482
0.0270436
0.0323549
0.038548
0.0458295
0.0544599
0.0647709
0.0771849
0.0922356
0.110585
0.133025
0.160474
0.193814
)
;
    }
    upAndBottom
    {
        type            empty;
        value           nonuniform 0();
    }
    obstacle
    {
        type            calculated;
        value           uniform 0;
    }
}


// ************************************************************************* //
