/*--------------------------------*- C++ -*----------------------------------*\
| =========                 |                                                 |
| \\      /  F ield         | OpenFOAM: The Open Source CFD Toolbox           |
|  \\    /   O peration     | Version:  v1806                                 |
|   \\  /    A nd           | Web:      www.OpenFOAM.com                      |
|    \\/     M anipulation  |                                                 |
\*---------------------------------------------------------------------------*/
FoamFile
{
    version     2.0;
    format      ascii;
    class       volScalarField;
    location    "10";
    object      p;
}
// * * * * * * * * * * * * * * * * * * * * * * * * * * * * * * * * * * * * * //

dimensions      [0 2 -2 0 0 0 0];


internalField   nonuniform List<scalar> 
5004
(
0.00100493
0.00100488
0.00100488
0.00100493
0.00106069
0.00106066
0.00106066
0.00106069
0.000928851
0.000928659
0.000928659
0.000928851
0.000904932
0.000904731
0.000904731
0.000904932
0.000922649
0.000922556
0.000922557
0.000922649
0.00082004
0.000819987
0.000819987
0.00082004
0.000821852
0.000821837
0.000821837
0.000821852
0.000842292
0.000842219
0.000842219
0.000842292
0.0338705
0.0338727
0.0338727
0.0338705
0.0341562
0.0341599
0.0341599
0.0341562
0.0337042
0.0337069
0.0337069
0.0337042
0.00106656
0.00106633
0.00106633
0.00106656
0.00119928
0.0011991
0.0011991
0.00119928
0.0332068
0.0332089
0.0332089
0.0332068
0.0339376
0.0339407
0.0339407
0.0339376
0.0322402
0.0322451
0.0322451
0.0322402
0.0298871
0.0298922
0.0298922
0.0298871
0.0293314
0.0293405
0.0293405
0.0293314
0.00175187
0.00175037
0.00175037
0.00175187
0.00148939
0.00148946
0.00148946
0.00148939
0.00162864
0.0016268
0.0016268
0.00162864
0.00265459
0.00265816
0.00265816
0.00265459
0.0349208
0.0349224
0.0349224
0.0349208
0.00250095
0.00250011
0.00250011
0.00250095
0.00155905
0.00155866
0.00155866
0.00155905
0.00139765
0.00139875
0.00139875
0.00139765
0.00142272
0.00142205
0.00142205
0.00142272
0.00131454
0.00131451
0.00131451
0.00131454
0.00118949
0.00118987
0.00118987
0.00118949
0.00123718
0.00123693
0.00123693
0.00123718
0.00267209
0.0026696
0.0026696
0.00267209
0.00361991
0.00362226
0.00362226
0.00361991
0.0281753
0.0281729
0.0281729
0.0281753
0.0303727
0.0303747
0.0303747
0.0303727
0.0315412
0.0315455
0.0315455
0.0315412
0.0324205
0.0324259
0.0324259
0.0324205
0.0331751
0.0331805
0.0331805
0.0331751
0.00117874
0.00117876
0.00117876
0.00117874
0.00106675
0.00106661
0.00106661
0.00106675
0.0239771
0.023973
0.023973
0.0239771
0.0332497
0.0332583
0.0332583
0.0332497
0.0042915
0.00429015
0.00429015
0.0042915
0.00509417
0.00509435
0.00509435
0.00509417
0.00591262
0.00591247
0.00591247
0.00591262
0.00678702
0.006787
0.006787
0.00678702
0.00773905
0.00773899
0.00773899
0.00773905
0.00878498
0.00878514
0.00878514
0.00878498
0.00994442
0.0099447
0.0099447
0.00994442
0.0112535
0.0112538
0.0112538
0.0112535
0.0126904
0.0126912
0.0126912
0.0126904
0.0142465
0.014247
0.014247
0.0142465
0.0159172
0.0159166
0.0159166
0.0159172
0.0177903
0.0177984
0.0177984
0.0177903
0.0193991
0.0193932
0.0193932
0.0193991
0.0233239
0.0233289
0.0233289
0.0233239
0.0262756
0.0262789
0.0262789
0.0262756
0.028393
0.0283965
0.0283965
0.028393
0.0298685
0.0298712
0.0298712
0.0298685
0.0311453
0.0311526
0.0311526
0.0311453
0.001039
0.00103909
0.00103909
0.001039
0.0349161
0.0349244
0.0349244
0.0349161
0.0333982
0.0334052
0.0334052
0.0333982
0.032359
0.0323549
0.0323549
0.032359
0.00216094
0.00216035
0.00216035
0.00216094
0.00190004
0.0019015
0.0019015
0.00190004
0.00164838
0.00164845
0.00164845
0.00164838
0.0014542
0.00145466
0.00145466
0.0014542
0.0012661
0.00126641
0.00126641
0.0012661
0.00109544
0.00109569
0.00109569
0.00109544
0.00103822
0.00103827
0.00103827
0.00103822
0.000965758
0.000965723
0.000965723
0.000965758
0.000913719
0.000913847
0.000913847
0.000913719
0.0321538
0.0321591
0.0321591
0.0321538
0.0347197
0.0347259
0.0347259
0.0347197
0.0326935
0.0326931
0.0326931
0.0326936
0.0328311
0.0328441
0.0328441
0.0328312
0.0325639
0.0325677
0.0325677
0.0325639
0.0329173
0.0329272
0.0329272
0.0329173
0.0341358
0.034138
0.034138
0.0341358
0.034401
0.03441
0.03441
0.034401
0.0348557
0.0348655
0.0348655
0.0348557
0.0353526
0.0353619
0.0353619
0.0353526
0.0354974
0.035507
0.035507
0.0354974
0.0352675
0.0352746
0.0352746
0.0352675
0.0347491
0.034755
0.034755
0.0347491
0.0328647
0.0328658
0.0328658
0.0328647
0.00137022
0.00136988
0.00136988
0.00137022
0.0310845
0.0310891
0.0310891
0.0310845
0.0297838
0.0297891
0.0297891
0.0297838
0.0282828
0.0282857
0.0282857
0.0282828
0.0265158
0.0265179
0.0265179
0.0265158
0.0242895
0.0242885
0.0242885
0.0242895
0.0218277
0.0218263
0.0218263
0.0218277
0.0190354
0.0190297
0.0190297
0.0190354
0.0173004
0.0173053
0.0173053
0.0173004
0.0155644
0.0155635
0.0155635
0.0155644
0.0139452
0.013945
0.013945
0.0139452
0.0124392
0.0124397
0.0124397
0.0124392
0.0110445
0.0110448
0.0110448
0.0110445
0.00975529
0.00975531
0.00975531
0.00975529
0.00859343
0.00859364
0.00859364
0.00859343
0.00756973
0.00756986
0.00756986
0.00756973
0.00662053
0.00662056
0.00662056
0.00662053
0.00574997
0.00574985
0.00574985
0.00574997
0.00495787
0.00495805
0.00495805
0.00495788
0.00421776
0.00421734
0.00421734
0.00421776
0.00355442
0.00355569
0.00355569
0.00355442
0.00286278
0.00286217
0.00286217
0.00286278
0.00239646
0.00239669
0.00239669
0.00239646
0.00203985
0.00204011
0.00204011
0.00203985
0.001752
0.00175201
0.00175201
0.001752
0.00152055
0.00152068
0.00152068
0.00152055
0.00131475
0.00131489
0.00131489
0.00131475
0.00112879
0.00112894
0.00112894
0.00112879
0.000967991
0.000968154
0.000968154
0.000967991
0.000946918
0.000947111
0.000947111
0.000946918
0.000910251
0.000910341
0.000910341
0.000910251
0.000858107
0.000858124
0.000858124
0.000858107
0.000806884
0.000807024
0.000807024
0.000806884
0.000752554
0.000752711
0.000752711
0.000752554
0.000856259
0.00085636
0.00085636
0.000856259
0.00097402
0.000974082
0.000974082
0.00097402
0.00109594
0.00109575
0.00109575
0.00109594
0.00118362
0.00118336
0.00118336
0.00118362
0.00125542
0.00125485
0.00125485
0.00125542
0.0320634
0.0320611
0.0320611
0.0320634
0.0314262
0.0314246
0.0314246
0.0314262
0.0332659
0.0332694
0.0332694
0.0332659
0.0312164
0.0312179
0.0312179
0.0312164
0.0339695
0.0339733
0.0339733
0.0339695
0.0308955
0.030891
0.030891
0.0308955
0.00107888
0.00107894
0.00107894
0.00107888
0.00103654
0.00103676
0.00103676
0.00103654
0.000966101
0.000966072
0.000966072
0.000966101
0.000874789
0.000874833
0.000874832
0.000874789
0.000784566
0.000784611
0.000784611
0.000784566
0.000694146
0.000694213
0.000694213
0.000694146
0.0290805
0.0290909
0.0290909
0.0290805
0.0307896
0.0307903
0.0307903
0.0307896
0.0318155
0.0318176
0.0318176
0.0318155
0.032792
0.0327925
0.0327925
0.032792
0.0335358
0.0335429
0.0335429
0.0335358
0.0340035
0.0340132
0.0340132
0.0340035
0.0341393
0.0341481
0.0341481
0.0341393
0.0350094
0.0350176
0.0350176
0.0350094
0.0355205
0.035527
0.035527
0.0355205
0.0356827
0.035688
0.035688
0.0356827
0.035516
0.035523
0.035523
0.035516
0.0350325
0.0350402
0.0350402
0.0350325
0.0342861
0.0342947
0.0342947
0.0342861
0.0332795
0.0332873
0.0332873
0.0332795
0.0329158
0.0329189
0.0329189
0.0329158
0.0321655
0.0321677
0.0321677
0.0321655
0.0310674
0.03107
0.0310699
0.0310674
0.0297769
0.0297786
0.0297786
0.0297769
0.0283398
0.0283434
0.0283434
0.0283398
0.0267639
0.0267677
0.0267677
0.0267639
0.0249783
0.0249807
0.0249807
0.0249783
0.0229174
0.0229168
0.0229168
0.0229174
0.0207894
0.0207892
0.0207892
0.0207894
0.0185601
0.0185568
0.0185568
0.0185601
0.016762
0.0167649
0.0167649
0.016762
0.015048
0.0150474
0.0150474
0.015048
0.0135066
0.0135059
0.0135059
0.0135066
0.0120808
0.0120807
0.0120807
0.0120808
0.0107178
0.010718
0.010718
0.0107178
0.00947355
0.0094734
0.0094734
0.00947355
0.00835641
0.00835648
0.00835648
0.00835641
0.00733657
0.00733643
0.00733643
0.00733657
0.00640678
0.00640656
0.00640656
0.00640678
0.00557663
0.00557622
0.00557622
0.00557663
0.00483061
0.00483053
0.00483053
0.00483061
0.00412599
0.00412538
0.00412538
0.00412599
0.00350399
0.00350465
0.00350465
0.00350399
0.00290198
0.0029009
0.0029009
0.00290198
0.00245274
0.00245266
0.00245266
0.00245274
0.00209318
0.0020934
0.0020934
0.00209318
0.00179677
0.0017969
0.0017969
0.00179677
0.00154642
0.00154666
0.00154666
0.00154642
0.0013253
0.00132553
0.00132553
0.0013253
0.00113497
0.00113523
0.00113523
0.00113497
0.000968415
0.000968664
0.000968664
0.000968415
0.000821306
0.00082153
0.00082153
0.000821306
0.000828247
0.000828415
0.000828415
0.000828247
0.000816056
0.00081621
0.00081621
0.000816056
0.000790123
0.000790237
0.000790237
0.000790123
0.000751954
0.000752014
0.000752014
0.000751954
0.000707081
0.000707201
0.000707201
0.000707081
0.000659819
0.000659918
0.000659918
0.000659819
0.000607879
0.000607929
0.000607929
0.000607879
0.000553351
0.000553383
0.000553383
0.000553351
0.000627832
0.000627864
0.000627864
0.000627832
0.000700569
0.000700565
0.000700565
0.000700569
0.000775573
0.000775547
0.000775547
0.000775573
0.000848941
0.000848813
0.000848813
0.000848941
0.000897574
0.000897514
0.000897514
0.000897574
0.000930711
0.000930623
0.000930623
0.000930711
0.000959694
0.000959633
0.000959633
0.000959694
0.0011604
0.00116071
0.00116071
0.0011604
0.000694436
0.000694613
0.000694613
0.000694436
0.00070444
0.000704603
0.000704603
0.00070444
0.000698607
0.000698741
0.000698741
0.000698607
0.000680059
0.000680181
0.000680181
0.000680059
0.000650718
0.000650811
0.000650811
0.000650718
0.000614058
0.000614176
0.000614176
0.000614058
0.000573876
0.000573966
0.000573966
0.000573876
0.000528973
0.000529024
0.000529024
0.000528973
0.000479941
0.000479969
0.000479969
0.000479941
0.0320616
0.0320679
0.0320679
0.0320616
0.0316645
0.031667
0.031667
0.0316645
0.0308373
0.0308392
0.0308392
0.0308373
0.0296502
0.0296542
0.0296542
0.0296502
0.0282822
0.0282865
0.0282865
0.0282821
0.026798
0.0268027
0.0268027
0.026798
0.0251993
0.0252038
0.0252038
0.0251993
0.0235079
0.023509
0.023509
0.0235079
0.0215435
0.0215421
0.0215421
0.0215435
0.0196206
0.0196195
0.0196195
0.0196206
0.0176838
0.0176815
0.0176815
0.0176838
0.0159643
0.0159641
0.0159641
0.0159643
0.0143483
0.0143466
0.0143466
0.0143483
0.0128627
0.012862
0.012862
0.0128627
0.0115408
0.0115412
0.0115412
0.0115408
0.0102792
0.0102796
0.0102796
0.0102792
0.00908295
0.00908273
0.00908273
0.00908295
0.00800757
0.00800739
0.00800739
0.00800757
0.00701859
0.00701833
0.00701833
0.00701859
0.00613807
0.00613781
0.00613782
0.00613807
0.00535428
0.00535399
0.00535399
0.00535428
0.00464516
0.00464523
0.00464523
0.00464516
0.00399792
0.00399788
0.00399788
0.00399792
0.00341357
0.00341404
0.00341404
0.00341357
0.00289075
0.00289057
0.00289057
0.00289075
0.00245446
0.00245473
0.00245473
0.00245446
0.00209258
0.0020929
0.0020929
0.00209258
0.00178666
0.0017869
0.0017869
0.00178666
0.00153109
0.0015314
0.0015314
0.00153109
0.00130628
0.00130655
0.00130655
0.00130628
0.00111288
0.00111308
0.00111308
0.00111288
0.000951202
0.000951422
0.000951422
0.000951202
0.000805445
0.000805688
0.000805688
0.000805445
0.000674979
0.000675135
0.000675135
0.000674979
0.0250569
0.0250541
0.0250541
0.0250569
0.0265716
0.0265734
0.0265734
0.0265716
0.0339829
0.0339934
0.0339934
0.0339829
0.0348374
0.0348464
0.0348464
0.0348374
0.0353592
0.0353674
0.0353674
0.0353592
0.0355461
0.0355545
0.0355545
0.0355461
0.0353992
0.0354074
0.0354074
0.0353992
0.0349432
0.0349531
0.0349531
0.0349432
0.0342039
0.0342162
0.0342162
0.0342039
0.0332205
0.0332318
0.0332318
0.0332205
0.0320072
0.0320166
0.0320166
0.0320072
0.0277219
0.0277232
0.0277232
0.0277219
0.0290922
0.0290927
0.0290927
0.0290922
0.0303287
0.0303317
0.0303317
0.0303287
0.0313872
0.0313908
0.0313908
0.0313872
0.0322459
0.0322518
0.0322518
0.0322459
0.0327762
0.0327825
0.0327825
0.0327762
0.0330066
0.0330155
0.0330155
0.0330066
0.0328127
0.032826
0.032826
0.0328126
0.0190323
0.0190419
0.0190419
0.0190323
0.0218245
0.0218304
0.0218304
0.0218245
0.0237714
0.0237754
0.0237754
0.0237714
0.0253844
0.0253855
0.0253855
0.0253844
0.0269922
0.0269914
0.0269914
0.0269922
0.0284099
0.0284123
0.0284123
0.0284099
0.0295602
0.0295671
0.0295671
0.0295602
0.0304724
0.0304812
0.0304812
0.0304724
0.0311199
0.0311254
0.0311254
0.0311199
0.0314608
0.0314701
0.0314701
0.0314608
0.0312772
0.0312884
0.0312884
0.0312772
0.030602
0.030614
0.030614
0.030602
0.0321401
0.032153
0.032153
0.0321401
0.0333519
0.0333642
0.0333642
0.0333519
0.0342151
0.0342271
0.0342271
0.0342151
0.0347437
0.0347559
0.0347559
0.0347437
0.0349512
0.0349642
0.0349642
0.0349512
0.0348448
0.0348587
0.0348587
0.0348448
0.0344256
0.0344399
0.0344399
0.0344256
0.0336983
0.0337138
0.0337138
0.0336983
0.0327074
0.0327229
0.0327229
0.0327074
0.0314945
0.0315101
0.0315101
0.0314945
0.0299825
0.0299953
0.0299953
0.0299825
0.0305256
0.0305323
0.0305323
0.0305256
0.0305229
0.0305278
0.0305278
0.0305229
0.0300271
0.0300336
0.0300336
0.0300271
0.0291664
0.0291753
0.0291753
0.0291664
0.028071
0.0280778
0.0280778
0.028071
0.0266257
0.0266285
0.0266285
0.0266257
0.0250841
0.0250865
0.0250865
0.0250841
0.0234931
0.0234949
0.0234949
0.0234931
0.021817
0.0218175
0.0218175
0.021817
0.0200446
0.0200436
0.0200436
0.0200446
0.0182977
0.018297
0.018297
0.0182977
0.0165921
0.0165905
0.0165905
0.0165921
0.0149785
0.0149781
0.0149781
0.0149785
0.0134345
0.013433
0.013433
0.0134345
0.0120475
0.0120465
0.0120465
0.0120475
0.0107854
0.0107851
0.0107851
0.0107854
0.00963368
0.00963344
0.00963344
0.00963368
0.00852418
0.00852376
0.00852376
0.00852418
0.00752299
0.00752272
0.00752272
0.00752299
0.00660498
0.00660481
0.00660481
0.00660498
0.00577071
0.00577056
0.00577056
0.00577071
0.0050299
0.00502973
0.00502973
0.0050299
0.00436924
0.00436926
0.00436926
0.00436924
0.0037775
0.00377747
0.00377747
0.0037775
0.00324069
0.00324093
0.00324093
0.00324069
0.00276469
0.00276475
0.00276475
0.00276469
0.00236152
0.00236173
0.00236174
0.00236152
0.00201686
0.00201708
0.00201708
0.00201686
0.00171923
0.00171941
0.00171941
0.00171923
0.00146777
0.00146797
0.00146797
0.00146777
0.0012521
0.00125232
0.00125232
0.0012521
0.00106544
0.00106565
0.00106565
0.00106544
0.000906541
0.000906806
0.000906806
0.000906541
0.000770632
0.000770893
0.000770893
0.000770632
0.000647707
0.000647882
0.000647882
0.000647707
0.000565878
0.000566004
0.000566004
0.000565878
0.00058405
0.000584181
0.000584181
0.00058405
0.000593538
0.000593676
0.000593676
0.000593538
0.000591352
0.000591474
0.000591474
0.000591352
0.000578175
0.000578284
0.000578284
0.000578175
0.000556274
0.000556361
0.000556361
0.000556274
0.000527342
0.000527427
0.000527427
0.000527342
0.000493895
0.000493964
0.000493964
0.000493895
0.000455375
0.000455414
0.000455414
0.000455375
0.000414394
0.000414413
0.000414413
0.000414394
0.000372045
0.000372066
0.000372066
0.000372045
0.000434506
0.00043452
0.00043452
0.000434506
0.00049586
0.00049587
0.00049587
0.00049586
0.000557705
0.000557743
0.000557743
0.000557705
0.000620848
0.000620842
0.000620842
0.000620848
0.000684565
0.000684541
0.000684541
0.000684565
0.000739572
0.000739567
0.000739567
0.000739572
0.00078152
0.000781523
0.000781523
0.00078152
0.000811713
0.000811706
0.000811706
0.000811713
0.00100768
0.00100793
0.00100793
0.00100768
0.000538832
0.000538955
0.000538955
0.000538832
0.000873334
0.000873163
0.000873163
0.000873334
0.000329845
0.000329856
0.000329856
0.000329846
0.000381497
0.00038154
0.00038154
0.000381497
0.000433247
0.000433264
0.000433264
0.000433247
0.000486172
0.000486226
0.000486226
0.000486172
0.000538985
0.000539062
0.000539062
0.000538985
0.000590596
0.00059068
0.00059068
0.000590596
0.000638113
0.000638169
0.000638169
0.000638113
0.000676342
0.000676383
0.000676383
0.000676342
0.000707936
0.000707967
0.000707967
0.000707936
0.000729785
0.000729805
0.000729805
0.000729785
0.00074692
0.000746933
0.000746933
0.00074692
0.000781669
0.000781738
0.000781738
0.000781669
0.000906482
0.000906466
0.000906466
0.000906482
0.000815474
0.000815339
0.000815339
0.000815474
0.000444267
0.000444367
0.000444367
0.000444267
0.000469409
0.000469515
0.000469515
0.000469409
0.000486345
0.000486457
0.000486457
0.000486345
0.000494723
0.000494834
0.000494834
0.000494723
0.000493739
0.000493847
0.000493847
0.000493739
0.000484511
0.000484603
0.000484603
0.000484511
0.000467993
0.000468064
0.000468064
0.000467993
0.000445523
0.000445585
0.000445585
0.000445523
0.000418065
0.000418108
0.000418108
0.000418065
0.000386155
0.000386177
0.000386177
0.000386155
0.00035151
0.000351519
0.000351519
0.00035151
0.000315826
0.000315826
0.000315826
0.000315826
0.000279036
0.000279028
0.000279028
0.000279036
0.0282109
0.0282269
0.0282269
0.0282109
0.028687
0.0286967
0.0286967
0.028687
0.0285747
0.0285819
0.0285819
0.0285747
0.0280407
0.0280488
0.0280488
0.0280407
0.0272085
0.0272154
0.0272154
0.0272085
0.0260747
0.0260784
0.0260784
0.0260747
0.0246441
0.0246443
0.0246443
0.0246441
0.0231127
0.0231121
0.0231121
0.0231127
0.0215241
0.021525
0.021525
0.0215241
0.0199544
0.0199557
0.0199557
0.0199544
0.0183565
0.0183562
0.0183562
0.0183565
0.0167451
0.0167449
0.0167449
0.0167451
0.0152225
0.0152214
0.0152214
0.0152225
0.0137554
0.013755
0.013755
0.0137554
0.0123509
0.0123505
0.0123505
0.0123509
0.0110422
0.0110424
0.0110424
0.0110422
0.0098827
0.00988333
0.00988333
0.0098827
0.0088035
0.00880408
0.00880408
0.0088035
0.00781006
0.00781036
0.00781036
0.00781006
0.00688913
0.00688905
0.00688905
0.00688913
0.00605742
0.00605747
0.00605747
0.00605742
0.00529501
0.0052951
0.0052951
0.00529501
0.00461294
0.004613
0.004613
0.00461294
0.00401125
0.00401139
0.00401139
0.00401125
0.00347705
0.00347739
0.00347739
0.00347705
0.00299096
0.00299147
0.00299147
0.00299096
0.00256342
0.00256374
0.00256374
0.00256342
0.00219454
0.00219484
0.00219484
0.00219454
0.00187576
0.00187599
0.00187599
0.00187576
0.00160151
0.00160167
0.00160167
0.00160151
0.00136597
0.00136623
0.00136623
0.00136597
0.00116474
0.00116501
0.00116501
0.00116474
0.000992367
0.00099262
0.00099262
0.000992367
0.000843104
0.000843408
0.000843408
0.000843104
0.000713258
0.000713488
0.000713488
0.000713258
0.000599373
0.00059953
0.00059953
0.000599373
0.000498613
0.00049873
0.00049873
0.000498613
0.000410127
0.000410219
0.000410219
0.000410127
0.0295214
0.0295316
0.0295316
0.0295214
0.0310949
0.0311068
0.0311068
0.0310949
0.0322964
0.0323062
0.0323062
0.0322964
0.0331649
0.0331746
0.0331746
0.0331649
0.0337071
0.0337179
0.0337179
0.0337071
0.0339319
0.0339435
0.0339435
0.0339319
0.0338379
0.0338495
0.0338495
0.0338379
0.03345
0.033462
0.033462
0.03345
0.032752
0.0327651
0.0327651
0.032752
0.0317583
0.0317719
0.0317719
0.0317583
0.0305
0.0305162
0.0305162
0.0305
0.028913
0.0289256
0.0289256
0.028913
0.027171
0.02719
0.02719
0.027171
0.0172952
0.0173007
0.0173007
0.0172952
0.0195112
0.019519
0.019519
0.0195112
0.0212408
0.0212464
0.0212464
0.0212408
0.0229006
0.0229023
0.0229023
0.0229006
0.0245476
0.0245458
0.0245458
0.0245476
0.02603
0.0260293
0.0260293
0.02603
0.0272931
0.0272964
0.0272964
0.0272931
0.0283088
0.0283171
0.0283171
0.0283088
0.0290368
0.0290452
0.0290452
0.0290368
0.0294415
0.0294526
0.0294526
0.0294415
0.0293394
0.0293511
0.0293511
0.0293394
0.0287962
0.0288125
0.0288125
0.0287962
0.0277413
0.027759
0.027759
0.0277413
0.0150142
0.0150151
0.0150151
0.0150142
0.0115231
0.0115219
0.0115219
0.0115231
0.00907296
0.00907673
0.00907673
0.00907296
0.000883806
0.000884074
0.000884074
0.000883807
0.000240071
0.000240061
0.000240061
0.000240071
0.000281707
0.000281706
0.000281706
0.000281707
0.000324611
0.000324637
0.000324637
0.000324611
0.000368514
0.000368536
0.000368536
0.000368514
0.000412128
0.000412155
0.000412155
0.000412128
0.000455993
0.000456056
0.000456056
0.000455993
0.000499663
0.000499768
0.000499768
0.000499663
0.000541493
0.000541586
0.000541586
0.000541493
0.000578944
0.000579033
0.000579033
0.000578944
0.000613392
0.000613482
0.000613482
0.000613392
0.000645716
0.000645802
0.000645802
0.000645716
0.000682369
0.000682476
0.000682476
0.000682369
0.000737577
0.000737683
0.000737683
0.000737577
0.000817278
0.000817483
0.000817483
0.000817279
0.0109551
0.0109579
0.0109579
0.0109551
0.0131191
0.0131171
0.0131171
0.0131191
0.0151448
0.0151447
0.0151447
0.0151448
0.0170162
0.0170219
0.0170219
0.0170162
0.018641
0.0186461
0.0186461
0.018641
0.0202323
0.0202352
0.0202352
0.0202323
0.0218195
0.0218189
0.0218189
0.0218195
0.0233034
0.0233027
0.0233027
0.0233034
0.0246073
0.0246086
0.0246086
0.0246073
0.0256886
0.0256941
0.0256941
0.0256886
0.0264796
0.0264869
0.0264869
0.0264796
0.0269092
0.0269182
0.0269182
0.0269092
0.0268755
0.0268841
0.0268841
0.0268755
0.0263217
0.0263313
0.0263313
0.0263217
0.0251928
0.0251989
0.0251989
0.0251928
0.0237413
0.0237328
0.0237327
0.0237413
0.0263401
0.0263451
0.0263451
0.0263401
0.0281363
0.0281321
0.0281321
0.0281363
0.0297522
0.0297518
0.0297518
0.0297522
0.0309819
0.0309797
0.0309797
0.0309819
0.0318698
0.0318669
0.0318669
0.0318698
0.0324213
0.0324184
0.0324184
0.0324213
0.0326627
0.0326604
0.0326604
0.0326627
0.0325946
0.0325926
0.0325926
0.0325946
0.0322169
0.0322154
0.0322154
0.0322169
0.0315257
0.0315246
0.0315246
0.0315257
0.030534
0.0305334
0.0305334
0.030534
0.0292375
0.0292395
0.0292395
0.0292375
0.027611
0.0276098
0.0276098
0.027611
0.0258506
0.0258609
0.0258609
0.0258506
0.0232581
0.0232555
0.0232555
0.0232581
0.0246955
0.0247034
0.0247034
0.0246955
0.0257909
0.0258
0.0258
0.0257909
0.0263025
0.0263088
0.0263088
0.0263025
0.0261973
0.0262024
0.0262024
0.0261973
0.0256626
0.0256695
0.0256695
0.0256626
0.0247895
0.0247937
0.0247937
0.0247895
0.0236537
0.0236567
0.0236567
0.0236537
0.0222993
0.0223003
0.0223003
0.0222993
0.0208289
0.020829
0.020829
0.0208289
0.0193258
0.0193274
0.0193274
0.0193258
0.0178584
0.0178609
0.0178609
0.0178584
0.0163805
0.0163822
0.0163822
0.0163805
0.0149597
0.0149597
0.0149597
0.0149597
0.0135652
0.0135643
0.0135643
0.0135652
0.0122632
0.0122638
0.0122638
0.0122632
0.0110187
0.0110194
0.0110194
0.0110187
0.00986452
0.00986528
0.00986528
0.00986452
0.00879924
0.00880069
0.00880069
0.00879924
0.00782503
0.00782575
0.00782575
0.00782503
0.00693664
0.00693695
0.00693695
0.00693664
0.00611773
0.00611788
0.00611788
0.00611773
0.00538154
0.00538161
0.00538161
0.00538154
0.00471174
0.00471197
0.00471197
0.00471174
0.00410741
0.00410766
0.00410766
0.00410741
0.00357026
0.00357067
0.00357067
0.00357026
0.00309249
0.00309312
0.00309312
0.00309249
0.00267023
0.0026707
0.0026707
0.00267023
0.00229186
0.00229209
0.00229209
0.00229186
0.00196176
0.00196192
0.00196192
0.00196176
0.0016796
0.00167976
0.00167976
0.0016796
0.00143433
0.00143452
0.00143452
0.00143433
0.00122394
0.00122422
0.00122422
0.00122394
0.00104357
0.00104384
0.00104384
0.00104357
0.000887238
0.00088742
0.00088742
0.000887238
0.000754594
0.000754818
0.000754818
0.000754594
0.000637415
0.000637596
0.000637596
0.000637415
0.000536027
0.000536161
0.000536161
0.000536027
0.000446395
0.000446504
0.000446504
0.000446395
0.000366646
0.000366726
0.000366726
0.000366646
0.000296147
0.000296199
0.000296199
0.000296147
0.000331746
0.0003318
0.0003318
0.000331746
0.0003608
0.000360875
0.000360875
0.0003608
0.000382879
0.000382966
0.000382966
0.000382879
0.000397464
0.000397554
0.000397554
0.000397464
0.000404956
0.000405052
0.000405052
0.000404956
0.000404814
0.000404898
0.000404898
0.000404814
0.000398167
0.000398242
0.000398242
0.000398167
0.000385668
0.000385728
0.000385728
0.000385668
0.000368177
0.000368225
0.000368225
0.000368177
0.000346388
0.000346411
0.000346411
0.000346388
0.000321113
0.000321118
0.000321118
0.000321113
0.000292637
0.000292631
0.000292631
0.000292637
0.000262894
0.000262881
0.000262881
0.000262894
0.000231659
0.00023165
0.00023165
0.000231659
0.000199238
0.000199223
0.000199223
0.000199238
0.000166326
0.000166311
0.000166311
0.000166326
0.000198754
0.000198729
0.000198729
0.000198754
0.000231967
0.000231958
0.000231958
0.000231967
0.000267049
0.000267065
0.000267065
0.000267049
0.000301893
0.000301927
0.000301927
0.000301893
0.00033734
0.000337373
0.000337373
0.00033734
0.000373605
0.000373668
0.000373668
0.000373605
0.000409866
0.000409977
0.000409977
0.000409866
0.000446011
0.000446132
0.000446132
0.000446011
0.000481112
0.000481233
0.000481233
0.000481112
0.000516613
0.000516744
0.000516744
0.000516613
0.000554275
0.000554406
0.000554406
0.000554275
0.00060275
0.000602912
0.000602912
0.00060275
0.000670105
0.000670263
0.000670263
0.000670105
0.000761498
0.000761725
0.000761725
0.000761498
0.000910835
0.00091086
0.00091086
0.000910835
0.000876632
0.000876693
0.000876693
0.000876632
0.0010629
0.00106354
0.00106354
0.0010629
0.00105202
0.00105241
0.00105241
0.00105202
0.00122536
0.00122464
0.00122464
0.00122536
0.00128585
0.00128543
0.00128544
0.00128585
0.0017387
0.00174058
0.00174058
0.0017387
0.0212562
0.0212743
0.0212743
0.0212562
0.0224905
0.0225171
0.0225171
0.0224905
0.0233291
0.0233501
0.0233501
0.0233291
0.0236161
0.0236259
0.0236259
0.0236161
0.023385
0.0233906
0.0233906
0.023385
0.0227959
0.0228016
0.0228016
0.0227959
0.0219138
0.0219165
0.0219165
0.0219138
0.0207949
0.0207975
0.0207975
0.0207949
0.0195438
0.0195452
0.0195452
0.0195438
0.0181811
0.0181816
0.0181816
0.0181811
0.0168075
0.0168086
0.0168086
0.0168075
0.0154725
0.0154749
0.0154749
0.0154725
0.014152
0.0141537
0.0141537
0.014152
0.012877
0.012877
0.012877
0.012877
0.0116556
0.0116556
0.0116556
0.0116556
0.0105192
0.0105205
0.0105205
0.0105192
0.00945775
0.00945854
0.00945854
0.00945775
0.00845555
0.00845578
0.00845578
0.00845555
0.0075367
0.00753758
0.00753758
0.0075367
0.00669036
0.00669068
0.00669068
0.00669036
0.00591598
0.0059163
0.0059163
0.00591598
0.00522141
0.00522174
0.00522174
0.00522141
0.00458902
0.00458932
0.00458932
0.00458902
0.00402002
0.00402039
0.00402039
0.00402002
0.00350764
0.0035079
0.0035079
0.00350764
0.00304888
0.00304937
0.00304937
0.00304888
0.00264123
0.0026417
0.0026417
0.00264123
0.00227881
0.00227909
0.00227909
0.00227881
0.00195906
0.00195929
0.00195929
0.00195906
0.00167988
0.00168003
0.00168003
0.00167988
0.00143739
0.00143759
0.00143759
0.00143739
0.00122902
0.00122924
0.00122924
0.00122902
0.00104892
0.00104913
0.00104913
0.00104892
0.000893815
0.000894023
0.000894023
0.000893815
0.000759982
0.000760141
0.000760141
0.000759982
0.000644645
0.000644837
0.000644837
0.000644645
0.000545573
0.000545737
0.000545737
0.000545573
0.000458455
0.000458581
0.000458581
0.000458455
0.000382224
0.000382317
0.000382317
0.000382224
0.000314634
0.000314703
0.000314703
0.000314634
0.000253282
0.000253318
0.000253318
0.000253282
0.000199444
0.00019946
0.00019946
0.000199444
0.000233067
0.000233092
0.000233092
0.000233067
0.00026209
0.000262129
0.000262129
0.00026209
0.000285699
0.000285754
0.000285754
0.000285699
0.000303733
0.000303808
0.000303808
0.000303733
0.000315701
0.000315772
0.000315772
0.0003157
0.000321904
0.000321976
0.000321976
0.000321904
0.000322427
0.000322495
0.000322495
0.000322427
0.000317808
0.000317868
0.000317868
0.000317808
0.000308528
0.000308577
0.000308577
0.000308528
0.000295197
0.000295235
0.000295235
0.000295197
0.000278421
0.000278443
0.000278443
0.000278421
0.000258728
0.000258734
0.000258734
0.000258728
0.000236452
0.00023644
0.00023644
0.000236452
0.00021236
0.000212347
0.000212347
0.00021236
0.000186796
0.000186782
0.000186782
0.000186796
0.000160618
0.000160593
0.000160593
0.000160618
0.000133708
0.000133695
0.000133695
0.000133708
0.00203277
0.0020318
0.0020318
0.00203277
0.00283201
0.00283348
0.00283348
0.00283201
0.00377621
0.00377768
0.00377768
0.00377621
0.00504138
0.00504311
0.00504311
0.00504138
0.00658022
0.00657952
0.00657952
0.00658022
0.0081561
0.00815462
0.00815461
0.0081561
0.00961934
0.00961836
0.00961836
0.00961934
0.0112877
0.0112907
0.0112907
0.0112877
0.0128953
0.0128955
0.0128955
0.0128953
0.0144688
0.0144719
0.0144719
0.0144688
0.0159291
0.0159334
0.0159334
0.0159291
0.0173828
0.0173855
0.0173855
0.0173828
0.0188384
0.0188397
0.0188397
0.0188384
0.0202248
0.0202256
0.0202256
0.0202248
0.0215013
0.0215029
0.0215029
0.0215013
0.0225878
0.0225914
0.0225914
0.0225878
0.0234374
0.0234432
0.0234432
0.0234374
0.0239669
0.0239763
0.0239763
0.0239669
0.0240883
0.0241023
0.0241023
0.0240883
0.0237656
0.0237879
0.0237879
0.0237656
0.0229067
0.022932
0.022932
0.0229067
0.0216528
0.0216649
0.0216649
0.0216528
0.0201355
0.0201464
0.0201464
0.0201355
0.0222907
0.022282
0.022282
0.0222907
0.0248444
0.0248481
0.0248481
0.0248443
0.0267042
0.0266989
0.0266989
0.0267042
0.0283054
0.0283046
0.0283046
0.0283054
0.0295559
0.0295544
0.0295544
0.0295559
0.0304649
0.0304634
0.0304634
0.0304649
0.0310464
0.0310451
0.0310451
0.0310464
0.031304
0.0313029
0.0313029
0.031304
0.0312456
0.0312447
0.0312447
0.0312456
0.0308744
0.0308735
0.0308735
0.0308744
0.030193
0.0301918
0.0301918
0.030193
0.0292068
0.0292061
0.0292061
0.0292068
0.0278966
0.0278963
0.0278963
0.0278966
0.0262836
0.0262805
0.0262805
0.0262836
0.0243905
0.0243962
0.0243962
0.0243905
0.0218538
0.0218452
0.0218452
0.0218538
0.0197761
0.0197892
0.0197892
0.0197761
0.0157244
0.0157138
0.0157138
0.0157244
0.0169492
0.0169449
0.0169449
0.0169492
0.0183886
0.0183939
0.0183939
0.0183886
0.0195996
0.0196066
0.0196066
0.0195996
0.0200917
0.0200942
0.0200942
0.0200917
0.0199498
0.0199528
0.0199528
0.0199498
0.0193996
0.019404
0.019404
0.0193996
0.0185496
0.018553
0.018553
0.0185496
0.017513
0.0175166
0.0175166
0.017513
0.0163693
0.0163712
0.0163712
0.0163693
0.015142
0.0151429
0.0151429
0.015142
0.0139283
0.0139296
0.0139296
0.0139283
0.0127595
0.0127617
0.0127617
0.0127595
0.0116357
0.0116371
0.0116371
0.0116357
0.0105431
0.0105434
0.0105434
0.0105431
0.00951917
0.00952004
0.00952004
0.00951917
0.0085693
0.00857044
0.00857044
0.0085693
0.00768437
0.0076851
0.0076851
0.00768437
0.0068608
0.00686118
0.00686118
0.0068608
0.00610664
0.0061072
0.0061072
0.00610664
0.00541583
0.00541625
0.00541625
0.00541583
0.0047857
0.00478612
0.00478612
0.0047857
0.00421655
0.00421698
0.00421698
0.00421655
0.00370226
0.00370265
0.00370265
0.00370226
0.0032406
0.00324095
0.00324095
0.0032406
0.00282656
0.00282684
0.00282684
0.00282656
0.00245706
0.00245738
0.00245738
0.00245706
0.00212901
0.00212931
0.00212931
0.00212901
0.00183799
0.00183824
0.00183824
0.00183799
0.00158171
0.00158192
0.00158192
0.00158171
0.00135759
0.00135777
0.00135777
0.00135759
0.00116245
0.00116263
0.00116264
0.00116245
0.000993663
0.000993844
0.000993844
0.000993663
0.000847861
0.000848031
0.000848031
0.000847861
0.000722295
0.000722458
0.000722458
0.000722295
0.000614128
0.000614273
0.000614273
0.000614128
0.000520824
0.000520972
0.000520972
0.000520824
0.000440283
0.000440411
0.000440411
0.000440283
0.000370129
0.000370243
0.000370243
0.000370129
0.000308576
0.000308667
0.000308667
0.000308576
0.000253934
0.000253989
0.000253989
0.000253934
0.000205054
0.000205068
0.000205068
0.000205054
0.00016154
0.000161556
0.000161556
0.00016154
0.000121526
0.000121549
0.000121549
0.000121526
0.000150211
0.00015023
0.00015023
0.000150211
0.0001762
0.000176232
0.000176232
0.0001762
0.000198406
0.000198444
0.000198444
0.000198406
0.000216484
0.000216533
0.000216533
0.000216484
0.000230228
0.000230284
0.000230284
0.000230228
0.000239562
0.000239617
0.000239617
0.000239562
0.000244571
0.000244625
0.000244625
0.000244571
0.000245351
0.000245402
0.000245402
0.000245351
0.000242233
0.000242279
0.000242279
0.000242233
0.000235573
0.000235611
0.000235611
0.000235573
0.000225786
0.000225815
0.000225815
0.000225786
0.000213301
0.00021332
0.00021332
0.000213301
0.00019852
0.000198529
0.000198529
0.00019852
0.000181812
0.00018181
0.00018181
0.000181812
0.000163551
0.000163546
0.000163546
0.000163551
0.000143941
0.000143924
0.000143924
0.000143941
0.000123359
0.000123335
0.000123335
0.000123359
0.000102734
0.000102719
0.000102719
0.000102734
8.12802e-05
8.12712e-05
8.12712e-05
8.12802e-05
0.000105932
0.000105923
0.000105923
0.000105932
0.000130705
0.000130716
0.000130716
0.000130705
0.00015612
0.000156125
0.000156125
0.00015612
0.000181778
0.000181772
0.000181772
0.000181778
0.000208468
0.000208488
0.000208488
0.000208468
0.000235548
0.000235581
0.000235581
0.000235548
0.000263223
0.000263266
0.000263266
0.000263223
0.000291521
0.000291587
0.000291587
0.000291521
0.000320419
0.000320515
0.000320515
0.000320419
0.000350078
0.000350201
0.000350201
0.000350078
0.000380971
0.000381111
0.000381111
0.000380971
0.000414671
0.000414839
0.000414839
0.000414671
0.000452848
0.000453027
0.000453027
0.000452848
0.000501957
0.000502148
0.000502148
0.000501957
0.000566709
0.000566887
0.000566887
0.000566709
0.000657063
0.000657253
0.000657253
0.000657063
0.000778387
0.000778555
0.000778555
0.000778387
0.00094962
0.000949877
0.000949877
0.00094962
0.00117909
0.00117899
0.00117899
0.00117909
0.00154072
0.00154058
0.00154058
0.00154072
0.00199541
0.00199532
0.00199532
0.00199541
0.00264332
0.00264356
0.00264356
0.00264332
0.00348509
0.0034851
0.0034851
0.00348508
0.00451309
0.00451281
0.00451281
0.00451309
0.00568873
0.00569034
0.00569034
0.00568872
0.0068701
0.00687088
0.00687088
0.0068701
0.00806018
0.00805879
0.00805879
0.00806018
0.00933676
0.00933761
0.00933761
0.00933676
0.0105139
0.0105148
0.0105148
0.0105139
0.0117926
0.0117943
0.0117943
0.0117926
0.0130209
0.0130239
0.0130239
0.0130209
0.0142777
0.0142807
0.0142807
0.0142777
0.0155504
0.0155533
0.0155533
0.0155504
0.016799
0.0168018
0.0168018
0.016799
0.0179794
0.0179827
0.0179827
0.0179794
0.0190279
0.0190317
0.0190317
0.0190279
0.0198799
0.0198844
0.0198844
0.0198799
0.0204154
0.0204215
0.0204215
0.0204154
0.0204685
0.0204768
0.0204768
0.0204685
0.0199293
0.0199385
0.0199385
0.0199293
0.018782
0.0187858
0.0187858
0.018782
0.0173417
0.0173295
0.0173295
0.0173417
0.0161739
0.0161635
0.0161635
0.0161739
0.0149861
0.0149884
0.0149884
0.0149861
0.018426
0.0184452
0.0184452
0.018426
0.0208613
0.0208645
0.0208645
0.0208613
0.0232914
0.0233047
0.0233047
0.0232914
0.0252402
0.0252484
0.0252484
0.0252402
0.0268351
0.0268444
0.0268444
0.0268351
0.0281073
0.0281175
0.0281175
0.0281073
0.0290328
0.0290431
0.0290431
0.0290328
0.0296295
0.0296401
0.0296401
0.0296295
0.0299024
0.0299131
0.0299131
0.0299024
0.0298553
0.0298662
0.0298662
0.0298553
0.0294914
0.0295022
0.0295022
0.0294914
0.0288133
0.0288237
0.0288237
0.0288133
0.0278164
0.0278265
0.0278265
0.0278164
0.0264991
0.0265084
0.0265084
0.0264991
0.0248845
0.024893
0.024893
0.0248845
0.0229115
0.0229238
0.0229238
0.0229115
0.020541
0.0205426
0.0205426
0.020541
0.0181445
0.0181634
0.0181634
0.0181445
0.0146463
0.0146446
0.0146446
0.0146464
0.0117821
0.0118054
0.0118054
0.0117821
0.0133023
0.0133217
0.0133217
0.0133023
0.0145275
0.0145563
0.0145563
0.0145275
0.015455
0.0154885
0.0154885
0.015455
0.0159655
0.0159862
0.0159862
0.0159655
0.0160175
0.0160267
0.0160267
0.0160175
0.0157286
0.0157345
0.0157345
0.0157286
0.0151915
0.0151965
0.0151965
0.0151915
0.0144417
0.014445
0.014445
0.0144418
0.0135653
0.0135678
0.0135678
0.0135653
0.012611
0.0126126
0.0126126
0.012611
0.0116113
0.0116124
0.0116125
0.0116113
0.0106288
0.0106305
0.0106305
0.0106288
0.00968631
0.009688
0.009688
0.00968631
0.00878919
0.00879052
0.00879052
0.00878919
0.00793543
0.00793644
0.00793644
0.00793543
0.00714296
0.00714414
0.00714414
0.00714296
0.00640985
0.0064109
0.0064109
0.00640985
0.00573111
0.00573198
0.00573198
0.00573111
0.0051058
0.00510651
0.00510651
0.0051058
0.00453507
0.00453574
0.00453574
0.00453507
0.00401497
0.00401555
0.00401555
0.00401497
0.00354322
0.0035437
0.0035437
0.00354322
0.00311764
0.00311807
0.00311807
0.00311764
0.00273459
0.00273495
0.00273495
0.00273459
0.0023913
0.00239162
0.00239162
0.0023913
0.00208442
0.0020847
0.0020847
0.00208442
0.0018112
0.00181146
0.00181146
0.0018112
0.00156879
0.00156904
0.00156904
0.00156879
0.00135437
0.00135458
0.00135458
0.00135437
0.00116571
0.00116589
0.00116589
0.00116571
0.00100064
0.0010008
0.0010008
0.00100064
0.000856941
0.000857083
0.000857084
0.000856941
0.000732441
0.000732575
0.000732575
0.000732441
0.000624875
0.000625002
0.000625002
0.000624875
0.000532184
0.000532304
0.000532304
0.000532184
0.000452318
0.000452429
0.000452429
0.000452318
0.000383449
0.000383551
0.000383551
0.000383449
0.00032393
0.000324021
0.000324021
0.00032393
0.000272214
0.000272292
0.000272292
0.000272214
0.00022703
0.000227103
0.000227103
0.00022703
0.000186917
0.000186959
0.000186959
0.000186917
0.000151194
0.000151207
0.000151207
0.000151194
0.000119324
0.000119349
0.000119349
0.000119324
8.97617e-05
8.97797e-05
8.97797e-05
8.97617e-05
6.24282e-05
6.24331e-05
6.24331e-05
6.24282e-05
8.4537e-05
8.45492e-05
8.45492e-05
8.4537e-05
0.000104753
0.000104768
0.000104768
0.000104753
0.000123129
0.000123158
0.000123158
0.000123129
0.000138729
0.000138759
0.000138759
0.000138729
0.000151463
0.000151499
0.000151499
0.000151463
0.000161199
0.000161239
0.000161239
0.000161199
0.000167881
0.000167922
0.000167922
0.000167881
0.000171555
0.000171594
0.000171594
0.000171555
0.0001723
0.000172337
0.000172337
0.0001723
0.000170319
0.000170353
0.000170353
0.000170319
0.000165853
0.000165881
0.000165881
0.000165853
0.00015917
0.000159192
0.000159192
0.00015917
0.000150559
0.000150574
0.000150574
0.00015056
0.000140295
0.000140303
0.000140303
0.000140295
0.000128635
0.000128636
0.000128636
0.000128635
0.000115838
0.000115836
0.000115836
0.000115838
0.000102102
0.000102095
0.000102095
0.000102102
8.75952e-05
8.75809e-05
8.75809e-05
8.75952e-05
7.27805e-05
7.27777e-05
7.27777e-05
7.27805e-05
5.75072e-05
5.75132e-05
5.75132e-05
5.75072e-05
4.15388e-05
4.15356e-05
4.15356e-05
4.15388e-05
5.88882e-05
5.88792e-05
5.88792e-05
5.88882e-05
7.6334e-05
7.63225e-05
7.63224e-05
7.6334e-05
9.38539e-05
9.38492e-05
9.38492e-05
9.38539e-05
0.000111856
0.000111855
0.000111855
0.000111856
0.000130542
0.000130548
0.000130548
0.000130542
0.000149551
0.000149569
0.000149569
0.000149551
0.000168976
0.000169004
0.000169004
0.000168976
0.000188887
0.000188929
0.000188929
0.000188887
0.000209368
0.000209428
0.000209428
0.000209368
0.00023058
0.000230661
0.000230661
0.00023058
0.000252906
0.000253014
0.000253014
0.000252906
0.000276973
0.0002771
0.0002771
0.000276973
0.000304287
0.000304436
0.000304436
0.000304287
0.000336348
0.000336521
0.000336521
0.000336348
0.00037792
0.000378113
0.000378113
0.00037792
0.000433529
0.000433781
0.000433781
0.000433529
0.000512084
0.000512346
0.000512346
0.000512084
0.000619491
0.000619875
0.000619875
0.000619491
0.000773006
0.000773572
0.000773572
0.000773006
0.000980618
0.000981143
0.000981143
0.000980618
0.00128767
0.00128879
0.00128879
0.00128767
0.00167057
0.00167148
0.00167148
0.00167057
0.00218515
0.00218665
0.00218665
0.00218515
0.00283426
0.00283585
0.00283585
0.00283426
0.00358806
0.00358949
0.00358949
0.00358806
0.00443136
0.004434
0.004434
0.00443136
0.00528829
0.00528944
0.00528944
0.00528829
0.00614733
0.00614729
0.00614729
0.00614733
0.00703726
0.00703766
0.00703766
0.00703726
0.0079096
0.00790983
0.00790983
0.0079096
0.00886791
0.00886919
0.00886919
0.00886791
0.00983391
0.00983606
0.00983606
0.00983391
0.010826
0.0108284
0.0108284
0.010826
0.0118467
0.0118495
0.0118495
0.0118467
0.0128691
0.0128717
0.0128717
0.0128691
0.0138561
0.0138589
0.0138589
0.0138561
0.0147548
0.014758
0.014758
0.0147547
0.0155133
0.0155174
0.0155174
0.0155133
0.0160618
0.0160683
0.0160683
0.0160618
0.0163104
0.0163239
0.0163239
0.0163104
0.0161819
0.0162087
0.0162087
0.0161819
0.0156543
0.0156873
0.0156873
0.0156543
0.0148252
0.0148491
0.0148491
0.0148252
0.0135879
0.0136094
0.0136094
0.0135879
0.0120377
0.0120618
0.0120618
0.0120377
0.0106437
0.0106564
0.0106564
0.0106437
0.0139975
0.0139953
0.0139953
0.0139975
0.0171011
0.017108
0.017108
0.0171011
0.019776
0.0197742
0.0197742
0.019776
0.0221075
0.0221099
0.0221099
0.0221075
0.0241004
0.0241013
0.0241013
0.0241004
0.0257129
0.0257137
0.0257137
0.0257129
0.026994
0.0269953
0.0269953
0.026994
0.0279373
0.0279389
0.0279389
0.0279373
0.028547
0.0285488
0.0285488
0.028547
0.0288299
0.0288318
0.0288318
0.0288299
0.0287894
0.0287913
0.0287913
0.0287894
0.0284288
0.0284306
0.0284306
0.0284288
0.0277491
0.0277506
0.0277506
0.0277491
0.0267509
0.026752
0.026752
0.0267509
0.0254324
0.025433
0.025433
0.0254324
0.0237921
0.023793
0.023793
0.0237921
0.0217927
0.0217938
0.0217938
0.0217927
0.0194878
0.019485
0.019485
0.0194879
0.0168451
0.0168513
0.0168513
0.0168451
0.01378
0.0137754
0.0137754
0.01378
0.010495
0.0105091
0.0105091
0.010495
2.51704e-05
2.51644e-05
2.51644e-05
2.51704e-05
3.55892e-05
3.55799e-05
3.55799e-05
3.55892e-05
4.59486e-05
4.59412e-05
4.59412e-05
4.59486e-05
5.665e-05
5.66468e-05
5.66468e-05
5.665e-05
6.75159e-05
6.75168e-05
6.75168e-05
6.75159e-05
7.86509e-05
7.86576e-05
7.86576e-05
7.86509e-05
9.00735e-05
9.00867e-05
9.00867e-05
9.00735e-05
0.00010178
0.0001018
0.0001018
0.00010178
0.00011382
0.00011385
0.00011385
0.00011382
0.000126278
0.000126318
0.000126318
0.000126278
0.000139314
0.000139365
0.000139365
0.000139314
0.000153254
0.000153318
0.000153318
0.000153254
0.00016862
0.00016869
0.00016869
0.00016862
0.000186474
0.000186549
0.000186549
0.000186474
0.000208207
0.000208282
0.000208282
0.000208207
0.000236505
0.000236569
0.000236569
0.000236505
0.00027472
0.000274776
0.000274776
0.00027472
0.000328281
0.00032832
0.00032832
0.000328281
0.000403872
0.00040392
0.00040392
0.000403872
0.000510452
0.000510555
0.000510555
0.000510452
0.000656762
0.000656814
0.000656814
0.000656762
0.000856758
0.00085674
0.00085674
0.000856758
0.00110869
0.00110848
0.00110848
0.00110869
0.00144887
0.00144907
0.00144907
0.00144887
0.0018626
0.001863
0.001863
0.0018626
0.00234698
0.0023471
0.0023471
0.00234698
0.00286364
0.0028646
0.0028646
0.00286364
0.00338929
0.0033906
0.0033906
0.00338929
0.00392277
0.00392399
0.00392399
0.00392277
0.00447528
0.00447718
0.00447718
0.00447528
0.00504241
0.00504412
0.00504412
0.00504241
0.00565061
0.00565312
0.00565312
0.00565061
0.00628546
0.00628798
0.00628798
0.00628546
0.00695961
0.0069624
0.0069624
0.00695961
0.00766649
0.0076698
0.0076698
0.00766649
0.00838559
0.00838914
0.00838914
0.00838559
0.00908772
0.00909172
0.00909172
0.00908772
0.00972344
0.00972807
0.00972807
0.00972344
0.0102344
0.0102394
0.0102394
0.0102344
0.0105594
0.0105629
0.0105629
0.0105594
0.0106417
0.0106416
0.0106416
0.0106417
0.0104429
0.010441
0.010441
0.0104429
0.0100011
0.00999813
0.00999812
0.0100011
0.00943854
0.00943095
0.00943095
0.00943854
0.00871437
0.00870621
0.0087062
0.00871437
0.00770807
0.00770841
0.00770841
0.00770806
0.00681937
0.00682074
0.00682074
0.00681937
0.00634556
0.00633533
0.00633533
0.00634556
0.0101106
0.010101
0.010101
0.0101106
0.0135364
0.0135243
0.0135243
0.0135364
0.0165867
0.0165758
0.0165758
0.0165867
0.0192826
0.0192699
0.0192699
0.0192826
0.021613
0.0216006
0.0216006
0.021613
0.0236002
0.0235879
0.0235879
0.0236002
0.0252325
0.0252198
0.0252198
0.0252325
0.0265207
0.0265082
0.0265082
0.0265207
0.0274718
0.0274595
0.0274595
0.0274718
0.02809
0.0280778
0.0280778
0.02809
0.0283794
0.0283673
0.0283673
0.0283794
0.0283438
0.0283317
0.0283317
0.0283438
0.0279857
0.0279734
0.0279734
0.0279857
0.0273059
0.0272934
0.0272934
0.0273059
0.0263036
0.0262907
0.0262907
0.0263036
0.024978
0.0249648
0.0249648
0.024978
0.0233228
0.0233098
0.0233098
0.0233228
0.021331
0.0213173
0.0213173
0.021331
0.0190114
0.0189971
0.0189971
0.0190114
0.0163326
0.0163202
0.0163202
0.0163326
0.0133018
0.0132885
0.0132885
0.0133018
0.00997098
0.00996139
0.00996139
0.00997098
0.00626804
0.00625922
0.00625922
0.00626804
0.00674267
0.00674377
0.00674377
0.00674267
0.00760978
0.00760812
0.00760812
0.00760977
0.00851594
0.00850676
0.00850675
0.00851594
0.00924463
0.00923759
0.00923758
0.00924463
0.00985593
0.00985089
0.00985089
0.00985593
0.0102964
0.0102902
0.0102902
0.0102964
0.010456
0.0104553
0.0104553
0.010456
0.0103693
0.0103746
0.0103746
0.0103693
0.010066
0.0100719
0.0100719
0.010066
0.00956779
0.00957213
0.00957214
0.00956779
0.00894711
0.00895051
0.00895051
0.00894711
0.0082604
0.00826328
0.00826328
0.0082604
0.00755256
0.00755508
0.00755508
0.00755256
0.00686451
0.00686673
0.00686673
0.00686451
0.00621156
0.00621328
0.00621328
0.00621156
0.0055991
0.0056006
0.0056006
0.0055991
0.00502863
0.00502996
0.00502996
0.00502863
0.00450536
0.00450656
0.00450656
0.00450536
0.00402563
0.00402666
0.00402666
0.00402563
0.00358654
0.00358741
0.00358741
0.00358654
0.00318585
0.00318655
0.00318655
0.00318585
0.0028222
0.00282279
0.00282279
0.0028222
0.00249294
0.00249342
0.00249342
0.00249294
0.00219581
0.00219619
0.00219619
0.00219581
0.00192882
0.00192914
0.00192914
0.00192882
0.00168949
0.00168975
0.00168975
0.00168949
0.00147568
0.00147591
0.00147591
0.00147568
0.00128514
0.00128533
0.00128533
0.00128514
0.00111586
0.00111603
0.00111603
0.00111586
0.000965975
0.000966123
0.000966123
0.000965975
0.000833662
0.000833784
0.000833784
0.000833662
0.000717377
0.000717475
0.000717475
0.000717377
0.000615699
0.000615781
0.000615781
0.000615699
0.000527201
0.000527272
0.000527272
0.000527201
0.00045052
0.000450586
0.000450586
0.00045052
0.000384273
0.000384335
0.000384335
0.000384273
0.000327173
0.000327231
0.000327231
0.000327173
0.000277977
0.000278031
0.000278031
0.000277977
0.000235558
0.000235607
0.000235607
0.000235558
0.000198905
0.00019895
0.00019895
0.000198905
0.00016708
0.000167118
0.000167118
0.00016708
0.0001393
0.000139332
0.000139332
0.0001393
0.000114837
0.000114859
0.000114859
0.000114837
9.30297e-05
9.30418e-05
9.30418e-05
9.30297e-05
7.32647e-05
7.32757e-05
7.32757e-05
7.32647e-05
5.5235e-05
5.52381e-05
5.52381e-05
5.5235e-05
3.82353e-05
3.82346e-05
3.82346e-05
3.82353e-05
2.24435e-05
2.24404e-05
2.24404e-05
2.24435e-05
3.66636e-05
3.66656e-05
3.66656e-05
3.66636e-05
4.97277e-05
4.97354e-05
4.97354e-05
4.97277e-05
6.18956e-05
6.19108e-05
6.19108e-05
6.18956e-05
7.26739e-05
7.26939e-05
7.26939e-05
7.26738e-05
8.18977e-05
8.19206e-05
8.19206e-05
8.18977e-05
8.94528e-05
8.94791e-05
8.94791e-05
8.94528e-05
9.52515e-05
9.528e-05
9.528e-05
9.52515e-05
9.92624e-05
9.9291e-05
9.9291e-05
9.92624e-05
0.000101505
0.000101533
0.000101533
0.000101505
0.000102031
0.000102057
0.000102057
0.000102031
0.000100949
0.000100973
0.000100973
0.000100949
9.83962e-05
9.8416e-05
9.8416e-05
9.83962e-05
9.45229e-05
9.45385e-05
9.45385e-05
9.45229e-05
8.94939e-05
8.9505e-05
8.9505e-05
8.94939e-05
8.34685e-05
8.34753e-05
8.34753e-05
8.34685e-05
7.65978e-05
7.66006e-05
7.66006e-05
7.65978e-05
6.90296e-05
6.90295e-05
6.90295e-05
6.90296e-05
6.08814e-05
6.08787e-05
6.08787e-05
6.08814e-05
5.22594e-05
5.22529e-05
5.22529e-05
5.22594e-05
4.32755e-05
4.3275e-05
4.3275e-05
4.32755e-05
3.40957e-05
3.40909e-05
3.40909e-05
3.40957e-05
2.45372e-05
2.45262e-05
2.45262e-05
2.45372e-05
1.48946e-05
1.48871e-05
1.48871e-05
1.48946e-05
0.0181972
0.0181898
0.0181898
0.0181972
0.0178864
0.0178932
0.0178932
0.0178864
0.0160126
0.0160097
0.0160097
0.0160126
0.0144543
0.0144555
0.0144555
0.0144543
0.0129825
0.0129838
0.0129838
0.0129825
0.0115962
0.0115969
0.0115969
0.0115962
0.0103106
0.010311
0.010311
0.0103106
0.00912955
0.00912987
0.00912987
0.00912955
0.00803861
0.00803868
0.00803868
0.00803861
0.00703463
0.0070346
0.0070346
0.00703464
0.00611793
0.00611772
0.00611772
0.00611793
0.00526127
0.00526187
0.00526187
0.00526127
0.00442915
0.00442801
0.00442801
0.00442915
0.00372715
0.00372979
0.00372979
0.00372715
0.00129787
0.00129579
0.00129579
0.00129787
0.00143984
0.00144035
0.00144035
0.00143984
0.00110359
0.00110297
0.00110297
0.00110359
0.000984196
0.000984342
0.000984342
0.000984196
0.000880235
0.000880089
0.000880089
0.000880235
0.000852955
0.000852975
0.000852975
0.000852955
0.000906217
0.000906371
0.000906371
0.000906217
0.00104447
0.00104477
0.00104477
0.00104447
0.00128623
0.00128636
0.00128636
0.00128623
0.00164346
0.00164286
0.00164286
0.00164346
0.00227615
0.00227577
0.00227577
0.00227615
0.00329014
0.00329097
0.00329097
0.00329014
0.0045662
0.00456513
0.00456513
0.0045662
0.00630594
0.00630781
0.0063078
0.00630594
0.00829985
0.00829744
0.00829744
0.00829985
0.0115229
0.0115212
0.0115212
0.0115229
0.0157071
0.0157123
0.0157123
0.0157071
0.0198781
0.0198803
0.0198803
0.0198781
0.0243666
0.0243695
0.0243695
0.0243666
0.0288924
0.0289028
0.0289028
0.0288924
0.0314049
0.031405
0.031405
0.0314049
0.0328919
0.0329008
0.0329008
0.0328919
0.00620768
0.00620243
0.00620243
0.00620768
0.0099444
0.00993834
0.00993834
0.0099444
0.0133297
0.013323
0.013323
0.0133297
0.0163723
0.0163662
0.0163662
0.0163723
0.0190658
0.0190592
0.0190592
0.0190658
0.0214006
0.0213939
0.0213939
0.0214006
0.0233877
0.0233813
0.0233813
0.0233877
0.0250259
0.0250193
0.0250193
0.0250259
0.0263194
0.026313
0.026313
0.0263195
0.0272753
0.0272689
0.0272689
0.0272753
0.0278969
0.0278907
0.0278907
0.027897
0.0281894
0.0281832
0.0281832
0.0281894
0.0281556
0.0281494
0.0281494
0.0281556
0.0277982
0.0277919
0.0277919
0.0277982
0.0271182
0.0271116
0.0271116
0.0271182
0.0261149
0.0261081
0.0261081
0.0261149
0.0247868
0.0247798
0.0247798
0.0247868
0.0231281
0.0231208
0.0231208
0.0231281
0.0211377
0.0211298
0.0211298
0.0211377
0.0188122
0.0188044
0.0188044
0.0188122
0.0161365
0.0161293
0.0161293
0.0161365
0.0131186
0.013111
0.013111
0.0131186
0.00979418
0.00978712
0.00978712
0.00979418
0.00611327
0.00610703
0.00610703
0.00611327
0.00210712
0.00210582
0.00210582
0.00210712
0.0020948
0.00209142
0.00209142
0.0020948
0.0023341
0.00234494
0.00234494
0.0023341
0.00299764
0.00301482
0.00301482
0.00299764
0.00358187
0.00359941
0.00359941
0.00358186
0.00401733
0.00404196
0.00404196
0.00401733
0.00443534
0.00446205
0.00446205
0.00443534
0.00469543
0.00472024
0.00472024
0.00469543
0.00471722
0.00474157
0.00474157
0.00471722
0.00455677
0.00457922
0.00457922
0.00455677
0.00427475
0.00429357
0.00429357
0.00427475
0.00392678
0.00394194
0.00394194
0.00392678
0.00356266
0.00357472
0.00357472
0.00356266
0.00320634
0.00321583
0.00321583
0.00320634
0.00287023
0.00287759
0.00287759
0.00287023
0.00256262
0.00256826
0.00256826
0.00256262
0.00228392
0.00228824
0.00228824
0.00228392
0.00203342
0.00203684
0.00203684
0.00203342
0.00180823
0.00181093
0.00181093
0.00180823
0.00160675
0.00160893
0.00160893
0.00160675
0.00142583
0.00142762
0.00142762
0.00142583
0.00126324
0.00126472
0.00126472
0.00126324
0.00111699
0.00111822
0.00111822
0.00111699
0.000985689
0.000986726
0.000986726
0.000985689
0.000867913
0.000868787
0.000868787
0.000867912
0.000762447
0.000763186
0.000763186
0.000762446
0.000668276
0.000668908
0.000668908
0.000668276
0.000584322
0.000584862
0.000584862
0.000584322
0.000509665
0.00051013
0.00051013
0.000509665
0.000443398
0.000443798
0.000443798
0.000443398
0.000384715
0.000385063
0.000385063
0.000384716
0.000332893
0.000333196
0.000333196
0.000332893
0.000287247
0.000287509
0.000287509
0.000287247
0.000247188
0.000247415
0.000247415
0.000247188
0.00021218
0.000212377
0.000212377
0.00021218
0.000181708
0.00018188
0.00018188
0.000181708
0.000155291
0.00015544
0.00015544
0.000155291
0.000132453
0.000132583
0.000132583
0.000132453
0.000112753
0.000112867
0.000112867
0.000112753
9.57723e-05
9.58711e-05
9.58711e-05
9.57723e-05
8.11268e-05
8.12122e-05
8.12122e-05
8.11267e-05
6.84706e-05
6.85438e-05
6.85438e-05
6.84706e-05
5.74854e-05
5.75467e-05
5.75467e-05
5.74854e-05
4.79005e-05
4.79511e-05
4.79511e-05
4.79005e-05
3.94641e-05
3.95048e-05
3.95048e-05
3.94641e-05
3.19599e-05
3.19929e-05
3.19929e-05
3.19599e-05
2.52222e-05
2.52487e-05
2.52487e-05
2.52222e-05
1.90643e-05
1.90849e-05
1.90849e-05
1.90643e-05
1.31268e-05
1.31348e-05
1.31348e-05
1.31268e-05
7.67713e-06
7.67898e-06
7.67898e-06
7.67713e-06
2.49962e-06
2.49882e-06
2.49882e-06
2.49962e-06
7.31107e-06
7.30501e-06
7.30501e-06
7.31107e-06
1.19039e-05
1.18984e-05
1.18984e-05
1.19039e-05
1.61876e-05
1.61783e-05
1.61783e-05
1.61876e-05
2.01287e-05
2.01181e-05
2.01181e-05
2.01287e-05
2.36361e-05
2.36242e-05
2.36242e-05
2.36361e-05
2.66479e-05
2.66349e-05
2.66349e-05
2.66479e-05
2.91241e-05
2.91105e-05
2.91105e-05
2.91241e-05
3.10359e-05
3.10219e-05
3.10219e-05
3.10359e-05
3.23725e-05
3.23581e-05
3.23581e-05
3.23725e-05
3.31387e-05
3.31238e-05
3.31238e-05
3.31387e-05
3.33505e-05
3.33356e-05
3.33356e-05
3.33505e-05
3.304e-05
3.30253e-05
3.30253e-05
3.304e-05
3.22487e-05
3.22342e-05
3.22342e-05
3.22487e-05
3.1022e-05
3.10078e-05
3.10078e-05
3.1022e-05
2.9411e-05
2.93972e-05
2.93972e-05
2.9411e-05
2.7466e-05
2.74527e-05
2.74527e-05
2.7466e-05
2.52355e-05
2.52229e-05
2.52229e-05
2.52355e-05
2.27663e-05
2.27547e-05
2.27547e-05
2.27663e-05
2.0098e-05
2.00877e-05
2.00877e-05
2.0098e-05
1.72663e-05
1.72572e-05
1.72572e-05
1.72663e-05
1.43084e-05
1.43023e-05
1.43023e-05
1.43084e-05
1.12641e-05
1.12588e-05
1.12588e-05
1.12641e-05
8.11943e-06
8.11407e-06
8.11407e-06
8.11943e-06
4.91446e-06
4.91177e-06
4.91177e-06
4.91446e-06
1.64311e-06
1.64088e-06
1.64088e-06
1.64311e-06
4.97415e-06
4.97024e-06
4.97024e-06
4.97415e-06
8.43594e-06
8.43481e-06
8.43481e-06
8.43594e-06
1.19557e-05
1.19598e-05
1.19598e-05
1.19557e-05
1.54397e-05
1.54451e-05
1.54451e-05
1.54397e-05
1.90003e-05
1.90069e-05
1.90069e-05
1.90003e-05
2.26405e-05
2.26485e-05
2.26485e-05
2.26405e-05
2.6366e-05
2.63768e-05
2.63768e-05
2.6366e-05
3.01872e-05
3.02015e-05
3.02015e-05
3.01872e-05
3.4114e-05
3.41323e-05
3.41323e-05
3.4114e-05
3.81721e-05
3.81959e-05
3.81959e-05
3.81721e-05
4.24076e-05
4.24391e-05
4.2439e-05
4.24076e-05
4.69054e-05
4.69466e-05
4.69466e-05
4.69054e-05
5.1824e-05
5.18779e-05
5.18779e-05
5.1824e-05
5.7418e-05
5.74875e-05
5.74875e-05
5.7418e-05
6.41443e-05
6.42352e-05
6.42353e-05
6.41443e-05
7.26357e-05
7.27544e-05
7.27544e-05
7.26357e-05
8.39316e-05
8.40898e-05
8.40898e-05
8.39316e-05
9.93981e-05
9.9607e-05
9.9607e-05
9.93981e-05
0.000121028
0.000121305
0.000121305
0.000121028
0.000151245
0.000151566
0.000151566
0.000151245
0.000194058
0.000194455
0.000194455
0.000194058
0.000251194
0.000251703
0.000251703
0.000251194
0.000325196
0.000325803
0.000325803
0.000325196
0.000420928
0.000421614
0.000421614
0.000420928
0.000545762
0.000546728
0.000546728
0.000545762
0.00069463
0.000695691
0.000695691
0.00069463
0.000864903
0.000865891
0.000865891
0.000864903
0.00104608
0.00104728
0.00104728
0.00104608
0.00122007
0.0012215
0.0012215
0.00122007
0.00140709
0.00140898
0.00140898
0.00140709
0.0016039
0.00160638
0.00160638
0.0016039
0.00181349
0.00181627
0.00181626
0.00181349
0.00204692
0.00205055
0.00205055
0.00204692
0.00230112
0.00230557
0.00230557
0.00230112
0.00258372
0.00258946
0.00258946
0.00258372
0.00289563
0.00290309
0.00290309
0.00289563
0.0032341
0.00324369
0.00324369
0.0032341
0.00359475
0.00360701
0.00360701
0.00359475
0.00396278
0.0039782
0.0039782
0.00396278
0.0043131
0.00433202
0.00433202
0.0043131
0.00460364
0.00462553
0.00462552
0.00460364
0.00477567
0.00479901
0.00479901
0.00477567
0.00475286
0.00477797
0.00477797
0.00475286
0.00449274
0.00451986
0.00451986
0.00449274
0.00410548
0.0041298
0.0041298
0.00410548
0.00365194
0.00367158
0.00367158
0.00365194
0.00300263
0.0030208
0.0030208
0.00300263
0.00232743
0.00233853
0.00233853
0.00232743
0.00212016
0.00211599
0.00211599
0.00212016
0.00214739
0.00214602
0.00214602
0.00214739
0.00162768
0.00162908
0.00162908
0.00162768
0.0344925
0.0345036
0.0345036
0.0344925
0.0148531
0.0148517
0.0148517
0.0148531
0.0072024
0.00720305
0.00720305
0.0072024
0.000879949
0.000879905
0.000879905
0.000879949
0.00908218
0.00907992
0.00907992
0.00908218
)
;

boundaryField
{
    inlet
    {
        type            zeroGradient;
    }
    outlet
    {
        type            fixedValue;
        value           uniform 0;
    }
    obstacle
    {
        type            zeroGradient;
    }
    topbottomsurface
    {
        type            empty;
    }
}


// ************************************************************************* //
