/*--------------------------------*- C++ -*----------------------------------*\
| =========                 |                                                 |
| \\      /  F ield         | OpenFOAM: The Open Source CFD Toolbox           |
|  \\    /   O peration     | Version:  v1806                                 |
|   \\  /    A nd           | Web:      www.OpenFOAM.com                      |
|    \\/     M anipulation  |                                                 |
\*---------------------------------------------------------------------------*/
FoamFile
{
    version     2.0;
    format      ascii;
    class       volScalarField;
    location    "60";
    object      p;
}
// * * * * * * * * * * * * * * * * * * * * * * * * * * * * * * * * * * * * * //

dimensions      [0 2 -2 0 0 0 0];


internalField   nonuniform List<scalar> 
5228
(
0.00550577
0.00550495
0.00550495
0.00550577
0.00581009
0.00581304
0.00581304
0.00581009
0.00573463
0.00573645
0.00573645
0.00573463
0.00581008
0.00580941
0.0058094
0.00581008
0.0060186
0.00602238
0.00602238
0.0060186
0.00580468
0.00580755
0.00580755
0.00580468
0.00574775
0.00574743
0.00574743
0.00574775
0.00600933
0.00600814
0.00600814
0.00600933
0.00525199
0.00525749
0.00525749
0.00525199
0.00420817
0.00421217
0.00421217
0.00420817
0.00473002
0.00473089
0.00473089
0.00473002
0.000887838
0.000880928
0.000880928
0.000887838
-0.000284437
-0.000291805
-0.000291805
-0.000284437
0.003111
0.00311813
0.00311813
0.003111
0.00303179
0.0030287
0.0030287
0.00303179
0.00258453
0.00258509
0.00258509
0.00258453
0.00527804
0.00528012
0.00528012
0.00527804
0.00549999
0.00550379
0.00550379
0.00549999
0.00515963
0.00516399
0.00516399
0.00515963
0.00161002
0.00160261
0.00160261
0.00161002
0.00363536
0.00364069
0.00364069
0.00363536
0.00333078
0.0033308
0.0033308
0.00333078
0.00318154
0.0031772
0.0031772
0.00318154
0.0262401
0.0262574
0.0262574
0.0262401
0.0321209
0.0321637
0.0321637
0.0321209
0.00509714
0.00509834
0.00509834
0.00509714
0.00536887
0.00536935
0.00536935
0.00536887
0.00590032
0.00590417
0.00590417
0.00590032
0.0123602
0.0123561
0.0123561
0.0123602
0.0112042
0.0112081
0.0112081
0.0112042
0.0220911
0.022105
0.022105
0.0220911
0.0188899
0.0188972
0.0188972
0.0188899
0.016418
0.0164261
0.0164261
0.016418
0.0143846
0.0143953
0.0143953
0.0143846
0.0126809
0.0126886
0.0126886
0.0126809
0.0113452
0.01135
0.01135
0.0113452
0.0101727
0.0101771
0.0101771
0.0101727
0.0100741
0.0100765
0.0100765
0.0100741
0.0388188
0.0388424
0.0388424
0.0388188
0.0271729
0.0271778
0.0271778
0.0271729
0.0251836
0.025181
0.025181
0.0251836
0.0227158
0.0227126
0.0227126
0.0227158
0.0203165
0.0203162
0.0203162
0.0203165
0.0180211
0.0180231
0.0180231
0.0180211
0.015934
0.0159405
0.0159405
0.015934
0.0141293
0.0141329
0.0141329
0.0141293
0.0126051
0.0126125
0.0126125
0.0126051
0.0112467
0.0112503
0.0112503
0.0112467
0.0100955
0.0101019
0.0101019
0.0100955
0.00901659
0.0090221
0.0090221
0.00901659
0.00914636
0.00915156
0.00915156
0.00914636
0.00910135
0.00910666
0.00910666
0.00910135
0.00890924
0.00891472
0.00891472
0.00890924
0.00988902
0.00989335
0.00989335
0.00988902
0.0110036
0.0110065
0.0110065
0.0110036
0.0122915
0.0122921
0.0122921
0.0122915
0.0140451
0.0140508
0.0140508
0.0140451
0.0157957
0.0157945
0.0157945
0.0157957
0.0176299
0.0176266
0.0176266
0.0176299
0.0198331
0.0198358
0.0198358
0.0198331
0.0222483
0.0222504
0.0222504
0.0222483
0.0250441
0.0250494
0.0250494
0.0250441
0.028248
0.0282547
0.0282547
0.028248
0.025495
0.0254975
0.0254975
0.025495
0.020362
0.0203538
0.0203538
0.020362
0.0226879
0.0227021
0.0227021
0.0226879
0.0222675
0.0222774
0.0222774
0.0222675
0.0206808
0.0206895
0.0206895
0.0206808
0.018764
0.018774
0.018774
0.018764
0.0168281
0.016839
0.016839
0.0168281
0.0150195
0.0150287
0.0150287
0.0150195
0.0134508
0.0134548
0.0134548
0.0134508
0.0121082
0.0121128
0.0121128
0.0121082
0.0108827
0.0108877
0.0108877
0.0108827
0.009753
0.00975921
0.00975921
0.009753
0.00874408
0.00874855
0.00874855
0.00874408
0.0078539
0.00785849
0.00785849
0.0078539
0.00809189
0.00809715
0.00809715
0.00809189
0.00822853
0.00823308
0.00823308
0.00822853
0.00820958
0.00821248
0.00821248
0.00820958
0.00806384
0.00806751
0.00806751
0.00806384
0.00781997
0.00782442
0.00782442
0.00781997
0.00862684
0.00863199
0.00863199
0.00862684
0.00959937
0.00960397
0.00960397
0.00959937
0.0106983
0.0106977
0.0106977
0.0106983
0.0119992
0.0120005
0.0120005
0.0119992
0.0133448
0.0133431
0.0133431
0.0133448
0.0149008
0.0149052
0.0149052
0.0149008
0.0167117
0.016719
0.016719
0.0167117
0.0187318
0.0187439
0.0187439
0.0187318
0.0209946
0.0210109
0.0210109
0.0209946
0.0232627
0.0232833
0.0232833
0.0232627
0.0249335
0.0249508
0.0249508
0.0249335
0.0307403
0.0307557
0.0307557
0.0307403
0.0247821
0.0247844
0.0247844
0.0247821
0.0182154
0.0181808
0.0181808
0.0182154
0.0115841
0.011536
0.011536
0.0115841
0.0053604
0.00536164
0.00536164
0.0053604
0.00525514
0.00525682
0.00525682
0.00525514
0.0060007
0.00600423
0.00600423
0.0060007
0.00515752
0.00515524
0.00515524
0.00515752
0.00586501
0.00586412
0.00586412
0.00586501
0.00606185
0.00606617
0.00606617
0.00606185
0.00611481
0.00611735
0.00611735
0.00611481
0.00601198
0.00601144
0.00601144
0.00601198
0.0058109
0.00581042
0.00581042
0.0058109
0.00550493
0.0055062
0.0055062
0.00550493
0.00490201
0.00490195
0.00490195
0.00490201
0.00496002
0.0049598
0.0049598
0.00496002
0.00504897
0.00504873
0.00504873
0.00504897
0.0055263
0.00552666
0.00552666
0.0055263
0.00523426
0.00523486
0.00523486
0.00523426
0.0048655
0.00486548
0.00486548
0.0048655
0.00568709
0.00568888
0.00568888
0.00568709
0.00497586
0.00497774
0.00497774
0.00497586
0.00403432
0.00403726
0.00403726
0.00403432
0.00404789
0.00404999
0.00404999
0.00404789
0.00511425
0.00511475
0.00511475
0.00511425
0.00588644
0.00588841
0.00588841
0.00588644
0.00629018
0.00629214
0.00629214
0.00629018
0.00636414
0.00636388
0.00636388
0.00636414
0.00639916
0.00640182
0.00640182
0.00639916
0.00624305
0.00624287
0.00624287
0.00624305
0.0059869
0.00598691
0.00598691
0.0059869
0.0056225
0.00562224
0.00562224
0.0056225
0.00518787
0.00518817
0.00518817
0.00518787
0.00446672
0.00446682
0.00446682
0.00446672
0.00449931
0.00449968
0.00449968
0.00449931
0.004545
0.00454513
0.00454513
0.004545
0.00461382
0.00461423
0.00461423
0.00461382
0.00470058
0.00470077
0.00470077
0.00470058
0.00561561
0.00561693
0.00561693
0.00561561
0.00599129
0.00599458
0.00599458
0.00599129
0.00603468
0.00603562
0.00603562
0.00603468
0.00587452
0.00587538
0.00587538
0.00587452
0.00561643
0.00561713
0.00561713
0.00561643
0.00527344
0.00527405
0.00527405
0.00527344
0.0048804
0.00488075
0.00488075
0.0048804
0.00445478
0.00445508
0.00445508
0.00445478
0.0014027
0.00139374
0.00139374
0.0014027
0.001774
0.00176526
0.00176526
0.001774
0.00294166
0.00293166
0.00293166
0.00294166
0.00580726
0.00580212
0.00580212
0.00580726
0.00988373
0.00991558
0.00991558
0.00988373
0.013158
0.0131517
0.0131517
0.013158
0.0179138
0.0179108
0.0179108
0.0179138
0.0191632
0.0191646
0.0191646
0.0191632
0.0189091
0.0189129
0.0189129
0.0189091
0.0179933
0.0179949
0.0179949
0.0179933
0.0167052
0.0167092
0.0167092
0.0167052
0.0152541
0.0152584
0.0152584
0.0152541
0.0138288
0.013831
0.013831
0.0138288
0.0125206
0.012518
0.012518
0.0125206
0.0113263
0.0113258
0.0113258
0.0113263
0.0101856
0.0101854
0.0101854
0.0101856
0.00915818
0.00916179
0.00916179
0.00915818
0.00824097
0.00824512
0.00824512
0.00824097
0.00746415
0.00746845
0.00746845
0.00746415
0.00545352
0.00545543
0.00545543
0.00545352
0.00591807
0.00591992
0.00591992
0.00591807
0.00623777
0.0062403
0.0062403
0.00623777
0.00623929
0.00623998
0.00623998
0.00623929
0.006027
0.00602754
0.00602754
0.006027
0.00570037
0.00570076
0.00570076
0.00570037
0.00531717
0.00531745
0.00531745
0.00531717
0.00489674
0.00489711
0.00489711
0.00489674
0.00443366
0.00443387
0.00443387
0.00443366
0.00397003
0.00397017
0.00397017
0.00397003
0.00401512
0.00401531
0.00401531
0.00401512
0.00404664
0.00404681
0.00404681
0.00404664
0.00408678
0.00408707
0.00408707
0.00408678
0.00412061
0.00412078
0.00412078
0.00412061
0.00415917
0.00415927
0.00415927
0.00415917
0.00420097
0.00420094
0.00420094
0.00420097
0.00422503
0.0042251
0.0042251
0.00422503
0.00474667
0.00474691
0.00474691
0.00474667
0.00526169
0.00526148
0.00526148
0.00526169
0.0057549
0.00575479
0.00575479
0.0057549
0.00618355
0.00618342
0.00618342
0.00618355
0.00653306
0.00653335
0.00653335
0.00653306
0.00676819
0.00676954
0.00676954
0.00676819
0.00683604
0.00683687
0.00683687
0.00683604
0.00674996
0.00675242
0.00675242
0.00674996
0.00635555
0.00635766
0.00635766
0.00635555
0.00563414
0.00563509
0.00563509
0.00563414
0.00467017
0.00467498
0.00467498
0.00467017
0.00344431
0.00344029
0.00344029
0.00344431
0.00284785
0.00284461
0.00284461
0.00284785
0.00268061
0.00269446
0.00269446
0.00268061
0.000822185
0.000805202
0.000805201
0.000822184
0.00149589
0.00149399
0.00149399
0.00149589
0.00351252
0.00351882
0.00351882
0.00351252
0.00723187
0.00721293
0.00721293
0.00723187
0.014203
0.0141816
0.0141816
0.014203
0.0170587
0.0170501
0.0170501
0.0170587
0.0177107
0.0177088
0.0177088
0.0177107
0.0174435
0.0174467
0.0174467
0.0174435
0.0164307
0.0164371
0.0164371
0.0164307
0.0151548
0.0151623
0.0151623
0.0151548
0.0137967
0.0138023
0.0138023
0.0137967
0.0125261
0.0125283
0.0125283
0.0125261
0.0113478
0.0113513
0.0113513
0.0113478
0.0102324
0.0102372
0.0102372
0.0102324
0.00922644
0.00923079
0.00923079
0.00922644
0.00831724
0.00832054
0.00832054
0.00831724
0.00748721
0.00749113
0.00749113
0.00748721
0.00674544
0.0067485
0.0067485
0.00674544
0.00707434
0.00707784
0.00707784
0.00707434
0.00730702
0.00731108
0.00731108
0.00730702
0.00744019
0.00744396
0.00744396
0.00744019
0.00745483
0.00745842
0.00745842
0.00745483
0.00733379
0.00733765
0.00733765
0.00733379
0.00710996
0.00711332
0.00711332
0.00710996
0.00677804
0.00678136
0.00678136
0.00677804
0.00351882
0.00351887
0.00351887
0.00351882
0.00357596
0.00357602
0.00357602
0.00357596
0.00361955
0.0036196
0.0036196
0.00361955
0.00366002
0.00366008
0.00366008
0.00366002
0.00368806
0.00368806
0.00368806
0.00368806
0.00369754
0.00369739
0.00369739
0.00369754
0.00371514
0.00371512
0.00371512
0.00371514
0.00372325
0.0037233
0.0037233
0.00372325
0.00370626
0.00370621
0.00370621
0.00370626
0.00423208
0.00423203
0.00423203
0.00423208
0.00477507
0.00477501
0.00477501
0.00477507
0.00533132
0.00533105
0.00533105
0.00533132
0.00588769
0.00588743
0.00588743
0.00588769
0.00640617
0.00640591
0.00640591
0.00640617
0.00684647
0.00684636
0.00684636
0.00684647
0.00718942
0.00719063
0.00719063
0.00718942
0.0073868
0.00738846
0.00738846
0.0073868
0.00736763
0.00737007
0.00737007
0.00736763
0.00708145
0.0070825
0.0070825
0.00708145
0.00645137
0.0064511
0.0064511
0.00645137
0.0056186
0.00562239
0.00562239
0.0056186
0.00453655
0.00453665
0.00453665
0.00453655
0.00358338
0.00358131
0.00358131
0.00358338
0.00303358
0.0030302
0.0030302
0.00303358
0.00286768
0.00285662
0.00285662
0.00286768
0.00340469
0.00337419
0.00337419
0.00340469
0.0055614
0.00553607
0.00553607
0.0055614
0.00873689
0.00873273
0.00873273
0.00873689
0.0117219
0.0117171
0.0117171
0.0117219
0.0139206
0.013921
0.013921
0.0139206
0.0147289
0.0147332
0.0147332
0.0147289
0.0147732
0.0147821
0.0147821
0.0147732
0.0142289
0.0142351
0.0142351
0.0142289
0.0133973
0.0134027
0.0134027
0.0133973
0.012396
0.0124006
0.0124006
0.012396
0.0113723
0.0113754
0.0113754
0.0113723
0.0103909
0.0103934
0.0103934
0.0103909
0.00944402
0.00944683
0.00944683
0.00944402
0.0085566
0.00855985
0.00855985
0.0085566
0.0077489
0.00775189
0.00775189
0.0077489
0.00701615
0.0070197
0.0070197
0.00701615
0.00632297
0.00632588
0.00632588
0.00632297
0.00573833
0.00574069
0.00574069
0.00573833
0.00612046
0.00612294
0.00612294
0.00612046
0.00642696
0.00642975
0.00642975
0.00642696
0.00664452
0.00664754
0.00664754
0.00664452
0.00676453
0.00676739
0.00676739
0.00676453
0.00677726
0.00677972
0.00677972
0.00677726
0.00667594
0.00667846
0.00667846
0.00667594
0.0064769
0.00647962
0.00647962
0.0064769
0.00617851
0.00618146
0.00618146
0.00617851
0.00578442
0.00578746
0.00578746
0.00578442
0.00634321
0.00634581
0.00634581
0.00634321
0.00698496
0.00698813
0.00698813
0.00698496
0.00771054
0.00771347
0.00771347
0.00771054
0.00855318
0.00855646
0.00855646
0.00855318
0.00947365
0.00947467
0.00947467
0.00947365
0.0104558
0.0104556
0.0104556
0.0104558
0.0114944
0.0114935
0.0114935
0.0114944
0.0125765
0.0125775
0.0125775
0.0125765
0.0136746
0.013679
0.013679
0.0136746
0.0147267
0.0147341
0.0147341
0.0147267
0.0156205
0.0156276
0.0156276
0.0156205
0.0161273
0.016134
0.016134
0.0161273
0.0160484
0.0160583
0.0160583
0.0160484
0.0149679
0.0149826
0.0149826
0.014968
0.0126626
0.0126695
0.0126695
0.0126626
0.00959669
0.00958604
0.00958604
0.00959669
0.00655092
0.00653309
0.00653309
0.00655092
0.00445763
0.00445593
0.00445593
0.00445763
0.00303491
0.00301818
0.00301818
0.00303491
0.00336901
0.00338129
0.00338129
0.00336901
0.00582595
0.00582461
0.00582461
0.00582595
0.00634066
0.00634347
0.00634347
0.00634066
0.00658152
0.00658352
0.00658352
0.00658152
0.00650924
0.00651006
0.00651006
0.00650924
0.00623433
0.00623509
0.00623509
0.00623433
0.00582407
0.0058245
0.0058245
0.00582407
0.00536529
0.00536527
0.00536527
0.00536529
0.00488879
0.00488878
0.00488878
0.00488879
0.0043974
0.00439749
0.00439749
0.0043974
0.0039029
0.00390292
0.00390292
0.0039029
0.00344587
0.00344594
0.00344594
0.00344587
0.00364592
0.00364583
0.00364583
0.00364592
0.00418739
0.00418731
0.00418731
0.00418739
0.00475425
0.0047541
0.0047541
0.00475425
0.00534609
0.00534565
0.00534565
0.00534609
0.00595514
0.00595464
0.00595464
0.00595514
0.00655706
0.00655686
0.00655686
0.00655706
0.00711268
0.00711275
0.00711275
0.00711268
0.00758758
0.00758789
0.00758789
0.00758758
0.00793527
0.00793628
0.00793628
0.00793527
0.00807041
0.00807168
0.00807168
0.00807041
0.00792685
0.00792802
0.00792802
0.00792685
0.0075044
0.0075047
0.0075047
0.0075044
0.00685776
0.00686056
0.00686056
0.00685776
0.00611244
0.00611592
0.00611592
0.00611244
0.00541163
0.00541917
0.00541917
0.00541163
0.0048231
0.00483387
0.00483387
0.0048231
0.00448359
0.00448791
0.00448791
0.00448359
0.00483533
0.00482035
0.00482035
0.00483533
0.0062266
0.00620279
0.00620279
0.0062266
0.00835756
0.00833993
0.00833993
0.00835756
0.0102186
0.0102085
0.0102085
0.0102186
0.0116463
0.0116452
0.0116452
0.0116463
0.0123696
0.0123753
0.0123753
0.0123696
0.0125378
0.0125468
0.0125468
0.0125378
0.0122396
0.0122458
0.0122458
0.0122396
0.0116762
0.0116814
0.0116814
0.0116762
0.0109422
0.0109458
0.0109458
0.0109422
0.0101464
0.0101489
0.0101489
0.0101464
0.00933139
0.00933334
0.00933334
0.00933139
0.00852772
0.00852965
0.00852965
0.00852772
0.00776901
0.0077716
0.0077716
0.00776901
0.00706314
0.00706616
0.00706616
0.00706314
0.00640745
0.00641042
0.00641042
0.00640745
0.00582622
0.00582877
0.00582877
0.00582622
0.00528462
0.00528725
0.00528725
0.00528462
0.00481379
0.00481555
0.00481555
0.00481379
0.00523772
0.00523929
0.00523929
0.00523772
0.00559667
0.00559805
0.00559805
0.00559667
0.00587773
0.0058791
0.0058791
0.00587773
0.00607357
0.00607555
0.00607555
0.00607357
0.00617855
0.0061808
0.0061808
0.00617855
0.00619095
0.00619309
0.00619309
0.00619095
0.00610752
0.00610957
0.00610957
0.00610752
0.00592522
0.00592723
0.00592723
0.00592522
0.00565069
0.00565292
0.00565292
0.00565069
0.00528534
0.00528796
0.00528796
0.00528534
0.00485912
0.00486144
0.00486144
0.00485912
0.00530952
0.00531217
0.00531217
0.00530952
0.00582629
0.00582849
0.00582849
0.00582629
0.00641145
0.00641369
0.00641369
0.00641145
0.00706232
0.0070644
0.0070644
0.00706232
0.00779869
0.00780092
0.00780092
0.00779869
0.00859944
0.00860007
0.00860007
0.00859944
0.00944826
0.0094479
0.0094479
0.00944826
0.0103305
0.01033
0.01033
0.0103305
0.0112195
0.0112202
0.0112202
0.0112195
0.0120587
0.0120624
0.0120624
0.0120587
0.0128244
0.0128325
0.0128325
0.0128244
0.013416
0.0134257
0.0134257
0.013416
0.0136862
0.0136926
0.0136926
0.0136862
0.0134109
0.0134162
0.0134162
0.0134109
0.0126202
0.0126278
0.0126278
0.0126202
0.011079
0.0110739
0.0110739
0.011079
0.00897612
0.00896103
0.00896103
0.00897612
0.00689541
0.00688197
0.00688197
0.00689541
0.00545692
0.00545699
0.00545699
0.00545692
0.00464163
0.00464019
0.00464019
0.00464163
0.00459549
0.00460031
0.00460031
0.00459549
0.00474182
0.00473963
0.00473963
0.00474182
0.00505544
0.0050491
0.0050491
0.00505544
0.00562498
0.00562744
0.00562744
0.00562498
0.00625166
0.00625619
0.00625619
0.00625166
0.00667073
0.00667378
0.00667378
0.00667073
0.0070171
0.00702167
0.00702167
0.0070171
0.00706592
0.00706819
0.00706819
0.00706592
0.00684939
0.00685045
0.00685045
0.00684939
0.00644145
0.00644184
0.00644184
0.00644145
0.00593829
0.00593824
0.00593824
0.00593829
0.0054103
0.00541038
0.00541038
0.0054103
0.00487227
0.00487247
0.00487247
0.00487227
0.00433391
0.00433404
0.00433404
0.00433391
0.00382763
0.00382782
0.00382782
0.00382763
0.00335326
0.00335339
0.00335339
0.00335326
0.00289779
0.00289776
0.00289776
0.00289779
0.00300161
0.00300158
0.00300158
0.00300161
0.00308026
0.00308022
0.00308022
0.00308026
0.00313819
0.00313814
0.00313814
0.00313819
0.00318359
0.00318352
0.00318352
0.00318359
0.00322051
0.00322049
0.00322049
0.00322051
0.00324378
0.00324371
0.00324371
0.00324378
0.00325136
0.00325137
0.00325137
0.00325136
0.00325144
0.00325143
0.00325143
0.00325144
0.00323765
0.00323756
0.00323756
0.00323765
0.00319947
0.00319933
0.00319933
0.00319947
0.00312715
0.00312705
0.00312705
0.00312715
0.00442721
0.00442755
0.00442755
0.00442721
0.00482431
0.00482447
0.00482447
0.00482431
0.00515588
0.00515626
0.00515626
0.00515588
0.00541205
0.00541282
0.00541282
0.00541205
0.00558702
0.00558816
0.00558816
0.00558702
0.00568022
0.00568154
0.00568154
0.00568022
0.00569004
0.00569123
0.00569123
0.00569004
0.00561322
0.00561426
0.00561426
0.00561322
0.00545221
0.00545342
0.00545342
0.00545221
0.00520089
0.00520249
0.00520249
0.00520089
0.00486929
0.00487108
0.00487108
0.00486929
0.00447585
0.00447755
0.00447755
0.00447585
0.0040206
0.00402256
0.00402256
0.0040206
0.00436729
0.00436989
0.00436989
0.00436729
0.0047756
0.00477804
0.00477804
0.0047756
0.00523893
0.0052403
0.0052403
0.00523893
0.00574875
0.0057497
0.0057497
0.00574875
0.00631851
0.00631958
0.00631958
0.00631851
0.00695179
0.00695277
0.00695277
0.00695179
0.0076359
0.00763613
0.00763613
0.0076359
0.00835073
0.00835025
0.00835025
0.00835073
0.00908075
0.00908052
0.00908052
0.00908075
0.00979593
0.00979688
0.00979688
0.00979593
0.010456
0.0104589
0.0104589
0.010456
0.0110074
0.0110128
0.0110128
0.0110074
0.0113955
0.0114023
0.0114023
0.0113955
0.0114921
0.0114971
0.0114971
0.0114921
0.0111863
0.0111912
0.0111912
0.0111863
0.0106002
0.0106049
0.0106049
0.0106002
0.0095831
0.00957735
0.00957735
0.0095831
0.00825149
0.00824047
0.00824047
0.00825149
0.00687956
0.00687034
0.00687034
0.00687956
0.00597465
0.00597355
0.00597355
0.00597465
0.00553505
0.00553671
0.00553671
0.00553505
0.00556672
0.00557198
0.00557198
0.00556672
0.00592193
0.0059265
0.0059265
0.00592193
0.00635688
0.0063572
0.0063572
0.00635688
0.00681977
0.00682331
0.00682331
0.00681977
0.00724687
0.007253
0.007253
0.00724687
0.00753081
0.00753499
0.00753499
0.00753081
0.00762152
0.00762461
0.00762461
0.00762152
0.0074912
0.00749336
0.00749336
0.0074912
0.00713088
0.00713214
0.00713214
0.00713088
0.00661423
0.0066151
0.0066151
0.00661423
0.00600924
0.00600958
0.00600958
0.00600924
0.00538711
0.00538726
0.00538726
0.00538711
0.00478987
0.00479026
0.00479026
0.00478987
0.00422755
0.00422794
0.00422794
0.00422755
0.00370005
0.00370024
0.00370024
0.00370005
0.00321058
0.00321065
0.00321065
0.00321058
0.0027549
0.0027549
0.0027549
0.0027549
0.00232962
0.00232956
0.00232956
0.00232962
0.00246825
0.00246814
0.00246814
0.00246825
0.00256957
0.00256946
0.00256946
0.00256957
0.00264634
0.00264624
0.00264624
0.00264634
0.00270373
0.00270366
0.00270366
0.00270373
0.00274622
0.00274615
0.00274615
0.00274622
0.00277642
0.00277636
0.00277636
0.00277642
0.00279532
0.00279523
0.00279523
0.00279532
0.00280157
0.00280148
0.00280148
0.00280157
0.00279659
0.00279653
0.00279653
0.00279659
0.00277038
0.00277028
0.00277028
0.00277038
0.00272194
0.00272183
0.00272183
0.00272194
0.00263825
0.00263804
0.00263804
0.00263825
0.00251651
0.00251627
0.00251627
0.00251651
0.00299857
0.00299831
0.00299831
0.00299857
0.00351426
0.00351405
0.00351405
0.00351426
0.00406505
0.00406488
0.00406488
0.00406505
0.00465127
0.00465103
0.00465103
0.00465127
0.00527104
0.00527071
0.00527071
0.00527104
0.00592261
0.00592213
0.00592213
0.00592261
0.00659088
0.00659076
0.00659076
0.00659088
0.007234
0.00723426
0.00723426
0.007234
0.00781678
0.00781721
0.00781721
0.00781678
0.00829545
0.00829654
0.00829654
0.00829545
0.00857483
0.00857683
0.00857683
0.00857483
0.0085659
0.00856887
0.00856887
0.0085659
0.00825808
0.0082616
0.0082616
0.00825808
0.00771504
0.0077179
0.0077179
0.00771504
0.00703699
0.00703803
0.00703803
0.00703699
0.00634777
0.0063504
0.0063504
0.00634776
0.00573881
0.00574462
0.00574462
0.00573881
0.0053717
0.00537611
0.00537611
0.0053717
0.00554346
0.00553566
0.00553566
0.00554346
0.00635153
0.00633569
0.00633569
0.00635153
0.00760471
0.00758693
0.00758693
0.00760471
0.00887502
0.00886146
0.00886146
0.00887502
0.00986227
0.0098579
0.0098579
0.00986227
0.0104106
0.0104139
0.0104139
0.0104106
0.0105552
0.0105627
0.0105627
0.0105552
0.0103905
0.0103968
0.0103968
0.0103905
0.0100142
0.01002
0.01002
0.0100142
0.00946499
0.009469
0.009469
0.00946499
0.00884864
0.00885135
0.00885135
0.00884864
0.00819521
0.00819653
0.00819653
0.00819521
0.00753226
0.00753357
0.00753357
0.00753226
0.00688551
0.00688724
0.00688724
0.00688551
0.00627968
0.00628184
0.00628184
0.00627968
0.00572014
0.00572235
0.00572235
0.00572014
0.00520801
0.00521056
0.00521056
0.00520801
0.00474719
0.00475008
0.00475008
0.0047472
0.00433128
0.00433327
0.00433327
0.00433128
0.00397951
0.00398009
0.00398009
0.00397951
0.00350325
0.00350586
0.00350586
0.00350325
0.00381277
0.00381541
0.00381541
0.00381277
0.00417502
0.00417694
0.00417694
0.00417502
0.00457327
0.00457409
0.00457409
0.00457327
0.00501195
0.00501209
0.00501209
0.00501195
0.00549535
0.00549535
0.00549535
0.00549535
0.00602583
0.00602592
0.00602592
0.00602583
0.00659436
0.00659444
0.00659444
0.00659436
0.00718517
0.00718513
0.00718513
0.00718517
0.00777853
0.0077789
0.0077789
0.00777853
0.00834626
0.00834772
0.00834772
0.00834626
0.00885468
0.0088578
0.0088578
0.00885468
0.00926627
0.00927121
0.00927121
0.00926627
0.00953706
0.00954322
0.00954322
0.00953707
0.00957732
0.00958417
0.00958417
0.00957732
0.0093582
0.00936373
0.00936373
0.0093582
0.00891889
0.00892301
0.00892301
0.00891889
0.00826493
0.00826124
0.00826124
0.00826493
0.00742849
0.0074197
0.0074197
0.00742849
0.00656383
0.00655391
0.00655391
0.00656383
0.00599861
0.00599273
0.00599273
0.00599861
0.00578886
0.00578579
0.00578579
0.00578886
0.0059594
0.00595961
0.00595961
0.0059594
0.00640167
0.00640247
0.00640247
0.00640167
0.00692993
0.00693058
0.00693058
0.00692993
0.00744221
0.00744576
0.00744576
0.00744221
0.00783012
0.0078339
0.0078339
0.00783012
0.00801489
0.00801729
0.00801729
0.00801489
0.00795617
0.0079578
0.0079578
0.00795617
0.00767096
0.00767248
0.00767248
0.00767096
0.00718564
0.0071865
0.0071865
0.00718564
0.00657235
0.00657268
0.00657268
0.00657235
0.00590196
0.00590198
0.00590198
0.00590196
0.0052303
0.00523016
0.00523016
0.0052303
0.00460129
0.00460143
0.00460143
0.00460129
0.00401881
0.00401884
0.00401884
0.00401881
0.00348656
0.00348657
0.00348657
0.00348656
0.00300083
0.00300081
0.00300081
0.00300083
0.00256
0.00255998
0.00255998
0.00256
0.00215012
0.00215004
0.00215004
0.00215012
0.00177319
0.00177302
0.00177302
0.00177319
0.0019333
0.00193315
0.00193315
0.0019333
0.00206225
0.00206211
0.00206211
0.00206225
0.00215167
0.00215149
0.00215149
0.00215167
0.00222128
0.00222115
0.00222115
0.00222128
0.00227231
0.00227219
0.00227219
0.00227231
0.00230944
0.00230937
0.00230937
0.00230944
0.00233411
0.002334
0.002334
0.00233411
0.0023487
0.00234859
0.00234859
0.0023487
0.00235247
0.00235235
0.00235235
0.00235247
0.00234357
0.00234348
0.00234348
0.00234357
0.00231526
0.00231515
0.00231515
0.00231526
0.00226648
0.00226639
0.00226639
0.00226648
0.00218648
0.00218634
0.00218634
0.00218648
0.00207126
0.00207102
0.00207102
0.00207126
0.00191924
0.00191895
0.00191895
0.00191924
0.00234133
0.00234107
0.00234107
0.00234133
0.00280074
0.00280046
0.00280046
0.00280074
0.00330018
0.00329987
0.00329987
0.00330018
0.00384097
0.00384064
0.00384064
0.00384097
0.00442767
0.00442738
0.00442738
0.00442767
0.00506393
0.0050636
0.0050636
0.00506393
0.00574489
0.00574452
0.00574452
0.00574489
0.00645433
0.00645437
0.00645437
0.00645433
0.0071549
0.00715528
0.00715528
0.0071549
0.00781075
0.00781097
0.00781097
0.00781075
0.008367
0.00836751
0.00836751
0.008367
0.00873346
0.0087345
0.0087345
0.00873346
0.00881115
0.00881281
0.00881281
0.00881115
0.00857718
0.00858071
0.00858071
0.00857718
0.00804999
0.00805354
0.00805354
0.00804999
0.00734104
0.00734174
0.00734174
0.00734104
0.0066162
0.00661646
0.00661646
0.0066162
0.00598925
0.00598895
0.00598895
0.00598925
0.00563066
0.00562766
0.00562766
0.00563066
0.00567526
0.00566617
0.00566617
0.00567526
0.00612904
0.00611721
0.00611721
0.00612904
0.00685007
0.00683823
0.00683823
0.00685007
0.00764087
0.00763059
0.00763059
0.00764087
0.00828506
0.00828089
0.00828089
0.00828506
0.00866596
0.00866771
0.00866771
0.00866596
0.00878735
0.00879311
0.00879311
0.00878735
0.00867324
0.00867954
0.00867954
0.00867324
0.00839049
0.00839627
0.00839627
0.00839049
0.00798141
0.0079854
0.0079854
0.00798141
0.00750769
0.00751011
0.00751011
0.00750769
0.00699083
0.00699213
0.00699213
0.00699083
0.00645619
0.00645718
0.00645718
0.00645619
0.00592567
0.00592644
0.00592644
0.00592567
0.0054238
0.00542455
0.00542455
0.0054238
0.00495762
0.00495895
0.00495895
0.00495762
0.00452055
0.00452257
0.00452257
0.00452055
0.0041302
0.00413264
0.00413264
0.0041302
0.00378137
0.00378396
0.00378396
0.00378137
0.00347067
0.0034723
0.0034723
0.00347067
0.00321807
0.00321763
0.00321763
0.00321807
0.00369277
0.00369182
0.00369182
0.00369277
0.00411665
0.00411571
0.00411571
0.00411665
0.0044852
0.00448438
0.00448438
0.0044852
0.0047869
0.00478644
0.00478644
0.0047869
0.00502028
0.00502046
0.00502046
0.00502028
0.00518141
0.00518204
0.00518204
0.00518141
0.00526642
0.00526729
0.00526729
0.00526642
0.0052739
0.00527468
0.00527468
0.0052739
0.00520212
0.00520272
0.00520272
0.00520212
0.00505135
0.0050518
0.0050518
0.00505135
0.00482262
0.00482297
0.00482297
0.00482262
0.00452127
0.00452156
0.00452156
0.00452127
0.00416131
0.00416164
0.00416164
0.00416131
0.00374098
0.00374195
0.00374195
0.00374098
0.00324571
0.00324763
0.00324763
0.00324571
0.00142406
0.00142391
0.00142391
0.00142406
0.00156126
0.00156116
0.00156116
0.00156126
0.0016687
0.00166877
0.00166877
0.0016687
0.00174589
0.00174577
0.00174577
0.00174589
0.00180411
0.00180406
0.00180406
0.00180411
0.00184643
0.00184634
0.00184634
0.00184643
0.00187674
0.00187664
0.00187664
0.00187674
0.00189699
0.00189688
0.00189688
0.00189699
0.001908
0.00190789
0.00190789
0.001908
0.00190905
0.00190893
0.00190893
0.00190905
0.00189865
0.00189855
0.00189855
0.00189865
0.00187308
0.00187302
0.00187302
0.00187308
0.00182768
0.00182759
0.00182759
0.00182768
0.00175879
0.00175866
0.00175866
0.00175879
0.00165926
0.00165904
0.00165904
0.00165926
0.00153129
0.00153104
0.00153104
0.00153129
0.00136277
0.00136243
0.00136243
0.00136277
0.00171783
0.00171761
0.00171761
0.00171783
0.00210108
0.00210082
0.00210082
0.00210108
0.00252313
0.00252291
0.00252291
0.00252313
0.00298382
0.00298357
0.00298357
0.00298382
0.00349393
0.00349376
0.00349376
0.00349393
0.00405989
0.00405977
0.00405977
0.00405989
0.0046841
0.00468401
0.00468401
0.0046841
0.00536303
0.00536304
0.00536304
0.00536303
0.00608298
0.00608351
0.00608351
0.00608298
0.00681134
0.00681274
0.00681274
0.00681134
0.0075005
0.00750255
0.00750255
0.0075005
0.00809985
0.00810312
0.00810312
0.00809985
0.00850518
0.00850965
0.00850965
0.00850518
0.00863759
0.0086434
0.0086434
0.00863759
0.00845121
0.0084591
0.0084591
0.00845121
0.00796497
0.00797455
0.00797455
0.00796497
0.00727112
0.00728072
0.00728072
0.00727112
0.0065393
0.00654907
0.00654907
0.0065393
0.00589357
0.00590173
0.00590173
0.00589357
0.0054811
0.00548389
0.00548389
0.0054811
0.00538641
0.00538231
0.00538231
0.00538641
0.00558747
0.0055796
0.0055796
0.00558747
0.00598496
0.00597661
0.00597661
0.00598496
0.00644884
0.00644187
0.00644187
0.00644884
0.00683607
0.00683321
0.00683321
0.00683607
0.00707897
0.00707994
0.00707994
0.00707897
0.00715446
0.00715943
0.00715943
0.00715446
0.00705509
0.00706082
0.00706082
0.00705509
0.00684355
0.00684867
0.00684867
0.00684355
0.00654041
0.00654407
0.00654407
0.00654041
0.00617464
0.00617714
0.00617714
0.00617464
0.00576637
0.00576798
0.00576798
0.00576637
0.00534004
0.00534099
0.00534099
0.00534004
0.00491762
0.00491784
0.00491784
0.00491762
0.00451562
0.0045155
0.0045155
0.00451562
0.00413558
0.00413597
0.00413597
0.00413558
0.00378309
0.0037844
0.0037844
0.00378309
0.00345705
0.00345959
0.00345959
0.00345705
0.00316571
0.00316873
0.00316873
0.00316571
0.00291161
0.00291367
0.00291367
0.00291161
0.00270208
0.00270205
0.00270205
0.00270208
0.00253659
0.00253502
0.00253502
0.00253659
0.00302142
0.00301965
0.00301965
0.00302142
0.0034669
0.00346523
0.00346523
0.0034669
0.00386478
0.00386321
0.00386321
0.00386478
0.00420605
0.00420486
0.00420486
0.00420605
0.00448659
0.00448589
0.00448589
0.00448659
0.00470247
0.00470229
0.00470229
0.00470247
0.004851
0.00485112
0.00485112
0.004851
0.00492876
0.00492899
0.00492899
0.00492876
0.00493447
0.00493463
0.00493463
0.00493447
0.00486695
0.00486693
0.00486693
0.00486695
0.00472672
0.00472638
0.00472638
0.00472672
0.00451682
0.00451616
0.00451616
0.00451682
0.00424171
0.00424081
0.00424081
0.00424171
0.003902
0.00390161
0.00390161
0.003902
0.00350056
0.00350103
0.00350103
0.00350056
0.00305544
0.00305611
0.00305611
0.00305544
0.00255215
0.00255391
0.00255391
0.00255215
0.00273121
0.00273319
0.00273319
0.00273121
0.00295148
0.00295329
0.00295329
0.00295148
0.00320694
0.00320858
0.00320858
0.00320694
0.00350236
0.00350388
0.00350388
0.00350236
0.00383846
0.00383909
0.00383909
0.00383846
0.00420364
0.00420322
0.00420322
0.00420364
0.00460103
0.00460037
0.00460037
0.00460103
0.00503224
0.00503195
0.00503195
0.00503224
0.00549194
0.00549211
0.00549211
0.00549194
0.00596788
0.00596835
0.00596835
0.00596788
0.00644052
0.00644159
0.00644159
0.00644052
0.00688548
0.00688766
0.00688766
0.00688548
0.00727616
0.00727982
0.00727982
0.00727616
0.00758903
0.00759432
0.00759432
0.00758903
0.00778595
0.00779231
0.00779231
0.00778595
0.00783409
0.007841
0.007841
0.00783409
0.00769864
0.00770295
0.00770295
0.00769864
0.00740834
0.00740946
0.00740947
0.00740834
0.006957
0.00695321
0.00695321
0.006957
0.00645083
0.00644428
0.00644428
0.00645083
0.00594454
0.00593774
0.00593774
0.00594454
0.00564666
0.00564504
0.00564504
0.00564666
0.00563273
0.00563659
0.00563659
0.00563273
0.00591913
0.00592708
0.00592708
0.00591913
0.00643532
0.00644423
0.00644423
0.00643532
0.00703047
0.00703871
0.00703871
0.00703047
0.00758153
0.00759045
0.00759045
0.00758153
0.00795267
0.0079601
0.0079601
0.00795267
0.00807314
0.00807877
0.00807877
0.00807314
0.0079285
0.0079334
0.0079334
0.0079285
0.00754441
0.00754819
0.00754819
0.00754441
0.00697799
0.00698032
0.00698032
0.00697799
0.00630856
0.00630989
0.00630989
0.00630856
0.00559999
0.00560067
0.00560067
0.00559999
0.00491028
0.00491063
0.00491063
0.00491028
0.00427116
0.00427146
0.00427146
0.00427116
0.00369161
0.00369181
0.00369181
0.00369161
0.00317339
0.0031735
0.0031735
0.00317339
0.00270855
0.00270851
0.00270851
0.00270855
0.00229305
0.00229297
0.00229297
0.00229305
0.00191826
0.00191807
0.00191807
0.00191826
0.00157396
0.00157373
0.00157373
0.00157396
0.00125736
0.00125708
0.00125708
0.00125736
0.00115594
0.00115572
0.00115572
0.00115594
0.00145753
0.00145742
0.00145742
0.00145753
0.0017855
0.00178539
0.00178539
0.0017855
0.0021479
0.00214787
0.00214787
0.0021479
0.00255321
0.00255317
0.00255317
0.00255321
0.00301011
0.00301007
0.00301007
0.00301011
0.00352505
0.00352494
0.00352494
0.00352505
0.00410062
0.00410038
0.00410038
0.00410062
0.00473387
0.00473348
0.00473348
0.00473387
0.00541211
0.00541171
0.00541171
0.00541211
0.0061055
0.00610515
0.00610515
0.0061055
0.00676417
0.0067635
0.0067635
0.00676417
0.0073238
0.00732272
0.00732272
0.0073238
0.00768627
0.0076845
0.0076845
0.00768627
0.00777787
0.00777567
0.00777567
0.00777787
0.00756346
0.00756123
0.00756123
0.00756346
0.00708706
0.00708444
0.00708444
0.00708706
0.00645829
0.00645523
0.00645523
0.00645829
0.00581495
0.00581214
0.00581214
0.00581495
0.00526694
0.00526438
0.00526438
0.00526694
0.00489395
0.00488928
0.00488928
0.00489395
0.0047428
0.00473496
0.00473496
0.0047428
0.0047936
0.00478409
0.00478409
0.0047936
0.00498262
0.00497399
0.00497399
0.00498262
0.00522478
0.00521894
0.00521894
0.00522478
0.0054409
0.0054389
0.0054389
0.0054409
0.00557158
0.00557263
0.00557263
0.00557158
0.0055994
0.00560347
0.00560347
0.0055994
0.00551343
0.00551797
0.00551797
0.00551343
0.00535209
0.0053564
0.0053564
0.00535209
0.0051256
0.00512891
0.00512891
0.0051256
0.00485046
0.00485308
0.00485308
0.00485046
0.00453725
0.00453909
0.00453909
0.00453725
0.00420829
0.00420944
0.00420944
0.00420829
0.00388186
0.00388216
0.00388216
0.00388186
0.00356974
0.00356947
0.00356947
0.00356974
0.00327434
0.00327398
0.00327398
0.00327434
0.0029992
0.00299968
0.00299968
0.0029992
0.00274368
0.00274583
0.00274583
0.00274368
0.0025092
0.00251224
0.00251224
0.0025092
0.00230678
0.00230905
0.00230905
0.00230678
0.00214443
0.0021446
0.0021446
0.00214443
0.00201998
0.00201852
0.00201852
0.00201998
0.00191518
0.00191344
0.00191344
0.00191518
0.00240512
0.00240281
0.00240281
0.00240512
0.00286644
0.00286416
0.00286416
0.00286644
0.00328821
0.00328631
0.00328631
0.00328821
0.00366305
0.00366134
0.00366134
0.00366305
0.00398468
0.00398337
0.00398337
0.00398468
0.00424925
0.00424838
0.00424838
0.00424925
0.00445287
0.0044524
0.0044524
0.00445287
0.00459259
0.00459239
0.00459239
0.00459259
0.00466566
0.00466557
0.00466557
0.00466566
0.00467046
0.00467029
0.00467029
0.00467046
0.00460628
0.00460589
0.00460589
0.00460628
0.00447454
0.00447373
0.00447373
0.00447454
0.00427812
0.00427673
0.00427673
0.00427812
0.00401868
0.00401702
0.00401702
0.00401868
0.00369451
0.00369319
0.00369319
0.00369451
0.00331537
0.00331433
0.00331433
0.00331537
0.00289565
0.00289505
0.00289505
0.00289565
0.00241516
0.00241573
0.00241573
0.00241516
0.00192036
0.00192102
0.00192102
0.00192036
0.00202716
0.0020289
0.0020289
0.00202716
0.00218091
0.00218292
0.00218292
0.00218091
0.00235592
0.00235733
0.00235733
0.00235592
0.002554
0.00255482
0.00255482
0.002554
0.00278359
0.00278419
0.00278419
0.00278359
0.0030461
0.00304626
0.00304626
0.0030461
0.0033349
0.00333449
0.00333449
0.0033349
0.00364809
0.00364753
0.00364753
0.00364809
0.00398437
0.00398417
0.00398417
0.00398437
0.0043411
0.00434148
0.00434148
0.0043411
0.00470999
0.00471091
0.00471091
0.00470999
0.00507448
0.00507609
0.00507609
0.00507448
0.00541451
0.00541709
0.00541709
0.00541451
0.00571003
0.00571376
0.00571376
0.00571003
0.0059478
0.00595275
0.00595275
0.0059478
0.00610359
0.00610899
0.00610899
0.00610359
0.00615726
0.00616245
0.00616245
0.00615726
0.00608474
0.00608739
0.00608739
0.00608474
0.00590145
0.00590099
0.00590099
0.00590145
0.00563839
0.00563363
0.00563363
0.00563839
0.00533325
0.00532538
0.00532538
0.00533325
0.00506621
0.00505723
0.00505723
0.00506621
0.0049338
0.00492688
0.00492688
0.0049338
0.00500549
0.00500123
0.00500123
0.00500549
0.00530052
0.00529757
0.00529757
0.00530052
0.00577925
0.00577652
0.00577652
0.00577925
0.00635371
0.00635111
0.00635111
0.00635371
0.00690917
0.00690748
0.00690748
0.00690917
0.00731133
0.00730967
0.00730967
0.00731133
0.00744772
0.00744577
0.00744577
0.00744772
0.0073139
0.00731299
0.00731299
0.0073139
0.00693199
0.00693169
0.00693169
0.00693199
0.00636831
0.00636827
0.00636827
0.00636831
0.00570662
0.00570656
0.00570656
0.00570662
0.00501939
0.00501929
0.00501929
0.00501939
0.00435953
0.00435948
0.00435948
0.00435953
0.00375455
0.00375462
0.00375462
0.00375455
0.00321404
0.00321417
0.00321417
0.00321404
0.00273847
0.00273868
0.00273868
0.00273847
0.00232008
0.00232008
0.00232008
0.00232008
0.00195194
0.00195192
0.00195192
0.00195194
0.00162386
0.00162374
0.00162374
0.00162386
0.00133247
0.00133243
0.00133243
0.00133247
0.0010607
0.00106061
0.00106061
0.0010607
0.000812743
0.000812714
0.000812714
0.000812743
0.000966752
0.000966606
0.000966606
0.000966752
0.00109505
0.00109492
0.00109492
0.00109505
0.00120081
0.0012007
0.0012007
0.00120081
0.00128398
0.00128398
0.00128398
0.00128398
0.00134596
0.00134593
0.00134593
0.00134596
0.00139195
0.00139189
0.00139189
0.00139195
0.00142586
0.00142578
0.00142578
0.00142586
0.00145007
0.00144998
0.00144998
0.00145007
0.00146589
0.0014658
0.0014658
0.00146589
0.00147385
0.00147376
0.00147376
0.00147385
0.00147351
0.00147342
0.00147342
0.00147351
0.00146371
0.00146363
0.00146363
0.00146371
0.00144216
0.00144209
0.00144209
0.00144216
0.00140606
0.00140602
0.00140602
0.00140606
0.00135075
0.00135071
0.00135071
0.00135075
0.00127138
0.00127119
0.00127119
0.00127138
0.00116953
0.00116936
0.00116936
0.00116953
0.0010418
0.00104157
0.00104157
0.0010418
0.00087951
0.000879466
0.000879466
0.00087951
0.00183163
0.00183019
0.00183019
0.00183163
0.00230883
0.0023066
0.0023066
0.00230883
0.00275138
0.00274929
0.00274929
0.00275138
0.0031549
0.00315305
0.00315305
0.0031549
0.00351338
0.0035118
0.0035118
0.00351338
0.00382148
0.00382023
0.00382023
0.00382148
0.00407478
0.00407388
0.00407388
0.00407478
0.00426948
0.00426887
0.00426887
0.00426948
0.00440257
0.00440213
0.00440213
0.00440257
0.00447183
0.00447142
0.00447142
0.00447183
0.00447595
0.00447546
0.00447546
0.00447595
0.00441464
0.00441394
0.00441394
0.00441464
0.00428901
0.0042879
0.0042879
0.00428901
0.0041015
0.00409984
0.00409984
0.0041015
0.00385289
0.00385081
0.00385081
0.00385289
0.0035454
0.00354316
0.00354316
0.0035454
0.00318685
0.00318449
0.00318449
0.00318685
0.00277703
0.00277505
0.00277505
0.00277703
0.00232888
0.00232723
0.00232723
0.00232888
0.00184411
0.00184327
0.00184327
0.00184411
0.00134067
0.00133995
0.00133995
0.00134067
0.00139872
0.00139898
0.00139898
0.00139872
0.0014802
0.00148132
0.00148132
0.0014802
0.0015845
0.00158627
0.00158627
0.0015845
0.00171616
0.00171735
0.00171735
0.00171616
0.00186038
0.00186062
0.00186062
0.00186038
0.00202381
0.00202373
0.00202373
0.00202381
0.00221151
0.00221145
0.00221145
0.00221151
0.00242109
0.00242093
0.00242093
0.00242109
0.00264885
0.00264865
0.00264865
0.00264885
0.00289203
0.00289208
0.00289208
0.00289203
0.00314903
0.00314958
0.00314958
0.00314903
0.00341533
0.00341647
0.00341647
0.00341533
0.0036788
0.00368056
0.00368056
0.0036788
0.00392423
0.00392675
0.00392675
0.00392423
0.00413748
0.00414075
0.00414075
0.00413748
0.00431246
0.00431649
0.00431649
0.00431246
0.00443446
0.00443858
0.00443858
0.00443446
0.00448894
0.00449286
0.00449286
0.00448894
0.00446096
0.00446355
0.00446355
0.00446096
0.00436571
0.00436703
0.00436703
0.00436571
0.00422701
0.00422708
0.00422708
0.00422701
0.00408695
0.00408724
0.00408724
0.00408695
0.00399716
0.00399902
0.00399902
0.00399716
0.00401632
0.0040214
0.0040214
0.00401632
0.00418954
0.00419862
0.00419862
0.00418954
0.00452081
0.00453242
0.00453242
0.00452081
0.00499147
0.0050045
0.0050045
0.00499147
0.00553531
0.00554878
0.00554878
0.00553531
0.00604886
0.0060624
0.0060624
0.00604886
0.00640532
0.00641823
0.00641823
0.00640532
0.00650563
0.00651645
0.00651645
0.00650563
0.00634372
0.00635302
0.00635302
0.00634372
0.00595344
0.00596092
0.00596092
0.00595344
0.00540619
0.00541187
0.00541187
0.00540619
0.00478474
0.00478895
0.00478895
0.00478474
0.00415655
0.00415961
0.00415961
0.00415655
0.00356541
0.00356758
0.00356758
0.00356541
0.00303346
0.00303504
0.00303504
0.00303346
0.00256742
0.00256855
0.00256855
0.00256742
0.00216514
0.00216596
0.00216596
0.00216514
0.00181917
0.00181967
0.00181967
0.00181917
0.00151994
0.00152027
0.00152027
0.00151994
0.00125783
0.00125805
0.00125805
0.00125783
0.00102615
0.0010262
0.0010262
0.00102615
0.000819801
0.000819804
0.000819804
0.000819801
0.000624953
0.000624932
0.000624932
0.000624953
0.000442989
0.000442924
0.000442924
0.000442989
0.000576868
0.000576875
0.000576875
0.000576868
0.000686628
0.000686485
0.000686485
0.000686628
0.00077786
0.000777716
0.000777716
0.00077786
0.000852462
0.000852358
0.000852358
0.000852462
0.000911135
0.000911183
0.000911183
0.000911135
0.000954499
0.000954478
0.000954478
0.000954499
0.000987473
0.000987438
0.000987438
0.000987473
0.00101195
0.0010119
0.0010119
0.00101195
0.00102933
0.00102928
0.00102928
0.00102933
0.00104053
0.00104047
0.00104047
0.00104053
0.00104586
0.0010458
0.0010458
0.00104586
0.00104507
0.00104501
0.00104501
0.00104507
0.00103734
0.0010373
0.0010373
0.00103734
0.00102123
0.00102118
0.00102118
0.00102123
0.000994964
0.000994934
0.000994934
0.000994964
0.000956054
0.000956091
0.000956091
0.000956054
0.000899966
0.000899886
0.000899886
0.000899966
0.000827108
0.000827005
0.000827005
0.000827108
0.000736626
0.000736588
0.000736588
0.000736626
0.000621398
0.000621411
0.000621411
0.000621398
0.000482249
0.000482294
0.000482294
0.000482249
0.000680951
0.000680854
0.000680854
0.000680951
0.000895963
0.000895894
0.000895894
0.000895963
0.00112788
0.00112795
0.00112795
0.00112788
0.00138483
0.00138501
0.00138501
0.00138483
0.00167306
0.00167338
0.00167338
0.00167306
0.00200199
0.00200248
0.00200248
0.00200199
0.00237922
0.00237994
0.00237994
0.00237922
0.0028116
0.00281262
0.00281262
0.0028116
0.00330337
0.00330482
0.00330482
0.00330337
0.00385356
0.00385562
0.00385562
0.00385356
0.00445233
0.00445531
0.00445531
0.00445233
0.00507528
0.00507952
0.00507952
0.00507528
0.00567927
0.005685
0.00568501
0.00567927
0.0062021
0.00620961
0.00620961
0.0062021
0.00656078
0.00657005
0.00657005
0.00656078
0.00667966
0.00669077
0.00669077
0.00667966
0.00651989
0.0065327
0.0065327
0.00651989
0.00611614
0.00612968
0.00612968
0.00611614
0.00556706
0.00558049
0.00558049
0.00556706
0.00499155
0.00500438
0.00500438
0.00499155
0.00447794
0.00448931
0.00448931
0.00447794
0.00408695
0.00409502
0.00409502
0.00408695
0.00385662
0.00386027
0.00386027
0.00385662
0.0037821
0.00378195
0.00378195
0.0037821
0.00382334
0.00382132
0.00382132
0.00382334
0.00392073
0.00391894
0.00391894
0.00392073
0.00401946
0.00401926
0.00401926
0.00401946
0.00407718
0.00407871
0.00407871
0.00407718
0.00407115
0.00407422
0.00407422
0.00407115
0.00399687
0.00400025
0.00400025
0.00399687
0.00387351
0.00387701
0.00387701
0.00387351
0.00370806
0.00371089
0.00371089
0.00370806
0.00350955
0.00351196
0.00351196
0.00350955
0.00328334
0.0032851
0.0032851
0.00328334
0.00304627
0.0030475
0.0030475
0.00304627
0.00281117
0.00281165
0.00281165
0.00281117
0.00258684
0.0025867
0.0025867
0.00258684
0.00237486
0.00237438
0.00237438
0.00237486
0.00217703
0.0021771
0.0021771
0.00217703
0.00199215
0.00199346
0.00199346
0.00199215
0.0018218
0.00182398
0.00182398
0.0018218
0.00167465
0.00167649
0.00167649
0.00167465
0.00155777
0.00155812
0.00155812
0.00155777
0.00146849
0.0014677
0.0014677
0.00146849
0.00139834
0.00139755
0.00139755
0.00139834
0.00133151
0.00133067
0.00133067
0.00133151
0.000815769
0.000815264
0.000815264
0.000815769
0.000851019
0.000851385
0.000851385
0.000851019
0.000904018
0.000904785
0.000904785
0.000904018
0.000969778
0.000970381
0.000970381
0.000969778
0.00104372
0.00104406
0.00104406
0.00104372
0.00113043
0.0011305
0.0011305
0.00113043
0.00123037
0.00123033
0.00123033
0.00123037
0.00134499
0.00134503
0.00134503
0.00134499
0.00147365
0.00147371
0.00147371
0.00147365
0.00161342
0.0016135
0.0016135
0.00161342
0.00176201
0.00176226
0.00176226
0.00176201
0.00191928
0.00191992
0.00191992
0.00191928
0.00208401
0.0020851
0.0020851
0.00208401
0.0022481
0.0022496
0.0022496
0.0022481
0.00240063
0.00240256
0.00240256
0.00240063
0.00253336
0.00253565
0.00253565
0.00253336
0.00264675
0.00264933
0.00264933
0.00264675
0.00273477
0.00273697
0.00273697
0.00273477
0.00278591
0.00278719
0.00278719
0.00278591
0.00278672
0.00278603
0.00278603
0.00278672
0.00274362
0.00274082
0.00274082
0.00274362
0.0026749
0.00267
0.00267
0.0026749
0.00260725
0.00260072
0.00260072
0.00260725
0.00256705
0.00255934
0.00255934
0.00256705
0.00258312
0.00257498
0.00257498
0.00258312
0.00268438
0.00267646
0.00267646
0.00268438
0.00288054
0.0028722
0.0028722
0.00288054
0.00316725
0.00315816
0.00315816
0.00316725
0.00351499
0.0035053
0.0035053
0.00351499
0.00386873
0.00385913
0.00385913
0.00386873
0.0041551
0.00414622
0.00414622
0.0041551
0.00430085
0.00429257
0.00429257
0.00430085
0.00427001
0.00426271
0.00426271
0.00427001
0.00406057
0.00405423
0.00405423
0.00406057
0.00371123
0.00370589
0.00370589
0.00371123
0.00328462
0.00328032
0.00328032
0.00328462
0.00283949
0.00283612
0.00283612
0.00283949
0.00241643
0.00241385
0.00241385
0.00241643
0.00203677
0.00203486
0.00203486
0.00203677
0.00170746
0.00170606
0.00170606
0.00170746
0.001427
0.00142598
0.00142598
0.001427
0.00118935
0.00118859
0.00118859
0.00118935
0.000987324
0.00098675
0.00098675
0.000987323
0.000813896
0.000813515
0.000813515
0.000813896
0.000660653
0.000660272
0.000660272
0.000660653
0.000525251
0.0005249
0.0005249
0.000525251
0.000401246
0.000400945
0.000400945
0.000401246
0.000285693
0.000285546
0.000285546
0.000285693
0.000170096
0.000170002
0.000170002
0.000170096
0.000264468
0.000264458
0.000264458
0.000264468
0.00034558
0.000345647
0.000345647
0.00034558
0.00041167
0.000411767
0.000411767
0.00041167
0.000466511
0.000466708
0.000466708
0.000466511
0.000509462
0.000509644
0.000509644
0.000509462
0.000542984
0.000543188
0.000543188
0.000542984
0.000568709
0.000568893
0.000568893
0.000568709
0.000588367
0.00058855
0.00058855
0.000588367
0.000602958
0.000603135
0.000603135
0.000602958
0.000613284
0.000613457
0.000613457
0.000613284
0.000619863
0.000620034
0.000620034
0.000619863
0.000622882
0.000623058
0.000623058
0.000622882
0.000622208
0.00062239
0.00062239
0.000622208
0.000617375
0.000617568
0.000617568
0.000617375
0.000607574
0.000607777
0.000607777
0.000607574
0.000591794
0.000592003
0.000592003
0.000591794
0.000568768
0.000568996
0.000568996
0.000568768
0.000536658
0.00053687
0.00053687
0.000536658
0.000493906
0.000494141
0.000494141
0.000493906
0.000437942
0.000438106
0.000438106
0.000437942
0.000370545
0.000370688
0.000370688
0.000370545
0.000287088
0.000287258
0.000287258
0.000287088
0.000185142
0.000185054
0.000185054
0.000185142
0.000312947
0.000312816
0.000312816
0.000312947
0.000440841
0.000440483
0.000440483
0.000440841
0.000579287
0.000578997
0.000578997
0.000579287
0.000728886
0.000728464
0.000728464
0.000728886
0.000896624
0.000896087
0.000896087
0.000896624
0.00108845
0.00108777
0.00108777
0.00108845
0.00131047
0.00130959
0.00130959
0.00131047
0.00156887
0.00156771
0.00156771
0.00156887
0.00186933
0.00186778
0.00186778
0.00186933
0.00221527
0.00221321
0.00221321
0.00221527
0.00260514
0.00260243
0.00260242
0.00260514
0.00302859
0.0030251
0.0030251
0.00302859
0.00346136
0.00345696
0.00345696
0.00346136
0.00386243
0.00385696
0.00385696
0.00386243
0.00417789
0.00417133
0.00417133
0.00417789
0.00435198
0.00434433
0.00434433
0.00435198
0.00435086
0.00434227
0.00434227
0.00435086
0.00417801
0.00416865
0.00416865
0.00417801
0.00387741
0.00386754
0.00386754
0.00387741
0.00351797
0.00350821
0.00350821
0.00351797
0.00316644
0.00315743
0.00315743
0.00316644
0.00286528
0.00285717
0.00285717
0.00286528
0.00263993
0.00263216
0.00263216
0.00263993
0.00250301
0.00249513
0.00249513
0.00250301
0.00244775
0.00243994
0.00243994
0.00244775
0.00245296
0.00244601
0.00244601
0.00245296
0.00248973
0.00248445
0.00248445
0.00248973
0.00252938
0.00252642
0.00252642
0.00252938
0.0025443
0.00254374
0.00254374
0.0025443
0.00251921
0.00252046
0.00252046
0.00251921
0.00245703
0.00245905
0.00245905
0.00245703
0.0023708
0.00237312
0.00237312
0.0023708
0.0022657
0.00226771
0.00226771
0.0022657
0.00214243
0.00214425
0.00214425
0.00214243
0.00200157
0.002003
0.002003
0.00200157
0.00185436
0.00185548
0.00185548
0.00185436
0.00170983
0.0017104
0.0017104
0.00170983
0.0015733
0.00157338
0.00157338
0.0015733
0.00144421
0.00144398
0.00144398
0.00144421
0.00132351
0.00132348
0.00132348
0.00132351
0.00121182
0.00121234
0.00121234
0.00121182
0.00111095
0.00111198
0.00111198
0.00111095
0.00102217
0.00102319
0.00102319
0.00102217
0.000949147
0.000949531
0.000949531
0.000949147
0.000896331
0.000896537
0.000896537
0.000896331
0.000847689
0.000848447
0.000848447
0.000847689
0.000807163
0.000807072
0.000807072
0.000807163
0.000785058
0.000783407
0.000783407
0.000785058
0.00129129
0.00128972
0.00128972
0.00129129
0.00177878
0.00177726
0.00177726
0.00177878
0.0022434
0.00224162
0.00224162
0.0022434
0.00267455
0.00267289
0.00267289
0.00267455
0.00306735
0.00306576
0.00306576
0.00306735
0.00341551
0.00341413
0.00341413
0.00341551
0.00371487
0.00371377
0.00371377
0.00371487
0.00396084
0.00396002
0.00396002
0.00396084
0.00414985
0.00414927
0.00414927
0.00414985
0.00427903
0.00427862
0.00427862
0.00427903
0.0043462
0.00434583
0.00434583
0.0043462
0.00435003
0.00434957
0.00434957
0.00435003
0.00429035
0.00428965
0.00428965
0.00429035
0.00416831
0.00416723
0.00416723
0.00416831
0.00398572
0.00398412
0.00398412
0.00398572
0.00374447
0.0037424
0.0037424
0.00374447
0.00344827
0.00344568
0.00344568
0.00344827
0.0031018
0.00309867
0.00309867
0.0031018
0.00270932
0.00270589
0.00270589
0.00270932
0.00227707
0.00227336
0.00227336
0.00227707
0.00180523
0.00180219
0.00180219
0.00180523
0.00130706
0.00130496
0.00130496
0.00130706
0.000793096
0.000792297
0.000792297
0.000793096
0.00604656
0.00605105
0.00605105
0.00604656
0.00541692
0.00541584
0.00541584
0.00541692
0.00585177
0.00585517
0.00585517
0.00585177
0.00453367
0.00453348
0.00453348
0.00453367
0.00386252
0.00386455
0.00386455
0.00386252
0.00240522
0.00240424
0.00240424
0.00240522
0.0014445
0.00144403
0.00144403
0.0014445
0.00494029
0.00494128
0.00494128
0.00494029
0.00455697
0.00456069
0.00456069
0.00455697
0.00368943
0.00368771
0.00368771
0.00368943
0.00130767
0.00131237
0.00131238
0.00130767
-0.000747168
-0.000758645
-0.000758644
-0.000747167
0.00050435
0.000494374
0.000494374
0.000504351
0.00307659
0.00308098
0.00308098
0.00307659
0.00628106
0.00627901
0.00627901
0.00628106
0.0156667
0.0156522
0.0156522
0.0156667
0.0314654
0.0314444
0.0314444
0.0314654
0.0420311
0.042079
0.042079
0.0420311
0.0245603
0.0245329
0.0245329
0.0245603
0.00722853
0.00721342
0.00721342
0.00722853
-0.00236766
-0.0024022
-0.0024022
-0.00236766
-0.00355044
-0.00356133
-0.00356133
-0.00355044
-0.00182459
-0.00183533
-0.00183533
-0.0018246
-0.00116471
-0.00117087
-0.00117087
-0.00116471
5.47079e-05
5.45017e-05
5.45017e-05
5.47079e-05
8.50371e-05
8.47927e-05
8.47927e-05
8.50371e-05
0.00011163
0.000111374
0.000111374
0.00011163
0.000132647
0.000132298
0.000132298
0.000132647
0.000149605
0.000149201
0.000149201
0.000149605
0.000163156
0.000162701
0.000162701
0.000163156
0.000173829
0.00017334
0.00017334
0.000173829
0.000182053
0.000181531
0.000181531
0.000182053
0.00018833
0.000187784
0.000187784
0.00018833
0.000192968
0.000192401
0.000192401
0.000192968
0.000196214
0.000195631
0.000195631
0.000196214
0.000198226
0.000197632
0.000197632
0.000198226
0.000199067
0.000198466
0.000198466
0.000199067
0.000198703
0.0001981
0.0001981
0.000198703
0.000197007
0.000196409
0.000196409
0.000197007
0.000193749
0.000193163
0.000193163
0.000193749
0.000188624
0.000188057
0.000188057
0.000188624
0.000181245
0.000180707
0.000180707
0.000181245
0.000171066
0.000170559
0.000170559
0.000171066
0.000157674
0.000157225
0.000157225
0.000157674
0.000140276
0.000139932
0.000139932
0.000140276
0.000116823
0.000116458
0.000116458
0.000116823
9.13389e-05
9.10857e-05
9.10857e-05
9.13389e-05
5.92e-05
5.8971e-05
5.8971e-05
5.92e-05
2.24715e-05
2.24908e-05
2.24908e-05
2.24715e-05
7.04524e-05
7.06894e-05
7.06894e-05
7.04524e-05
0.000118758
0.000119232
0.000119232
0.000118758
0.000167769
0.000168401
0.000168401
0.000167769
0.000220412
0.000221274
0.000221274
0.000220412
0.000279315
0.000280451
0.000280451
0.000279315
0.000347317
0.000348802
0.000348802
0.000347317
0.000427559
0.000429478
0.000429478
0.000427559
0.000523899
0.000526361
0.000526361
0.000523899
0.000640881
0.000644028
0.000644028
0.000640881
0.000783636
0.000787644
0.000787644
0.000783636
0.00095728
0.000962366
0.000962366
0.00095728
0.00116563
0.00117205
0.00117205
0.00116563
0.00140863
0.00141669
0.00141669
0.00140863
0.00167826
0.00168828
0.00168828
0.00167826
0.00195353
0.00196574
0.00196574
0.00195353
0.00219741
0.00221192
0.00221192
0.00219741
0.00235966
0.00237631
0.00237631
0.00235966
0.00239522
0.00241355
0.00241355
0.00239522
0.00229353
0.00231265
0.00231265
0.00229353
0.00209386
0.00211282
0.00211282
0.00209386
0.00186119
0.00187934
0.00187934
0.00186119
0.00164229
0.00165931
0.00165931
0.00164229
0.00145057
0.00146609
0.00146609
0.00145057
0.00128924
0.00130271
0.00130271
0.00128924
0.00116442
0.00117546
0.00117546
0.00116442
0.00107676
0.00108547
0.00108547
0.00107676
0.00102018
0.00102705
0.00102705
0.00102018
0.000985081
0.000990654
0.000990654
0.000985081
0.00096106
0.000965812
0.000965812
0.00096106
0.000936899
0.000941142
0.000941142
0.000936899
0.000906744
0.000910605
0.000910605
0.000906744
0.00087106
0.000874565
0.000874565
0.00087106
0.000831698
0.000834883
0.000834883
0.000831698
0.000787711
0.000790442
0.000790442
0.000787711
0.000738445
0.000740759
0.000740759
0.000738445
0.000685285
0.000687108
0.000687108
0.000685285
0.000632905
0.000634327
0.000634327
0.000632905
0.000583001
0.000584026
0.000584026
0.000583001
0.000535513
0.000536214
0.000536214
0.000535513
0.000489922
0.000490346
0.000490346
0.000489922
0.000447736
0.000448033
0.000448033
0.000447736
0.000409864
0.000410165
0.000410165
0.000409864
0.000376246
0.000376592
0.000376592
0.000376246
0.000346491
0.000346758
0.000346758
0.000346491
0.000322091
0.000322298
0.000322298
0.000322091
0.00030258
0.000303115
0.000303115
0.00030258
0.000282793
0.000283556
0.000283556
0.000282793
0.000268719
0.000268789
0.000268789
0.000268719
0.000265667
0.000264662
0.000264662
0.000265667
0.000262647
0.000261594
0.000261594
0.000262647
0.000778697
0.000776751
0.000776751
0.000778697
0.00127686
0.00127504
0.00127504
0.00127686
0.0017559
0.00175436
0.00175436
0.0017559
0.00221182
0.00221031
0.00221031
0.00221182
0.00263676
0.00263531
0.00263531
0.00263676
0.00302444
0.00302308
0.00302308
0.00302444
0.00336828
0.00336712
0.00336712
0.00336828
0.00366348
0.00366257
0.00366257
0.00366348
0.00390599
0.00390533
0.00390533
0.00390599
0.00409212
0.00409167
0.00409167
0.00409212
0.00421901
0.0042187
0.0042187
0.00421901
0.00428477
0.00428449
0.00428449
0.00428477
0.00428838
0.004288
0.004288
0.00428838
0.00422972
0.0042291
0.0042291
0.00422972
0.00410956
0.00410857
0.00410857
0.00410956
0.00392951
0.00392807
0.00392807
0.00392951
0.00369193
0.00368998
0.00368998
0.00369193
0.00340097
0.00339842
0.00339842
0.00340097
0.00306085
0.00305767
0.00305767
0.00306085
0.00267629
0.00267246
0.00267246
0.00267629
0.00225334
0.00224895
0.00224895
0.00225334
0.0017908
0.00178689
0.00178689
0.0017908
0.00129798
0.00129526
0.00129526
0.00129798
0.000780632
0.000779931
0.000779931
0.000780632
0.000262117
0.000261801
0.000261801
0.000262117
0.000265427
0.000265089
0.000265089
0.000265427
0.000274016
0.000273814
0.000273814
0.000274016
0.000287692
0.000287792
0.000287792
0.000287692
0.000304807
0.000305099
0.000305099
0.000304807
0.000326634
0.000326883
0.000326883
0.000326634
0.000352208
0.000352382
0.000352382
0.000352208
0.000382056
0.000382231
0.000382231
0.000382056
0.000416285
0.000416513
0.000416513
0.000416285
0.000455417
0.000455771
0.000455771
0.000455417
0.000500001
0.000500524
0.000500524
0.000500001
0.000549287
0.000549986
0.000549986
0.000549288
0.000601609
0.000602527
0.000602527
0.000601609
0.000656264
0.00065751
0.00065751
0.000656264
0.000714087
0.000715769
0.000715769
0.000714087
0.00077406
0.000776233
0.000776233
0.00077406
0.000832875
0.000835584
0.000835584
0.000832875
0.000886567
0.000889776
0.000889776
0.000886567
0.000935118
0.000938834
0.000938834
0.000935118
0.000978092
0.000982213
0.000982213
0.000978092
0.00101399
0.00101861
0.00101861
0.00101399
0.00103946
0.00104461
0.00104461
0.00103946
0.00105686
0.00106272
0.00106272
0.00105686
0.00107318
0.00107995
0.00107995
0.00107318
0.00109748
0.00110549
0.00110549
0.00109748
0.00113827
0.0011479
0.0011479
0.00113827
0.00120449
0.00121618
0.00121618
0.00120449
0.00130684
0.00132076
0.00132076
0.00130684
0.00144875
0.00146438
0.00146438
0.00144875
0.00163448
0.00165148
0.00165148
0.00163448
0.00186576
0.00188397
0.00188397
0.00186576
0.00212006
0.00213914
0.00213914
0.00212006
0.00233421
0.00235338
0.00235338
0.00233421
0.0024307
0.00244883
0.00244883
0.0024307
0.00237389
0.00239022
0.00239022
0.00237389
0.00218257
0.00219667
0.00219667
0.00218257
0.00191106
0.00192285
0.00192285
0.00191106
0.00161577
0.00162539
0.00162539
0.00161577
0.00133566
0.00134337
0.00134337
0.00133566
0.00109025
0.00109637
0.00109637
0.00109025
0.00088516
0.00088998
0.00088998
0.00088516
0.000718156
0.00072193
0.00072193
0.000718156
0.000583665
0.000586612
0.000586612
0.000583665
0.000475303
0.000477594
0.000477594
0.000475303
0.000387209
0.000388979
0.000388979
0.000387209
0.000314563
0.000315926
0.000315926
0.000314563
0.000253251
0.000254296
0.000254296
0.000253251
0.00019975
0.000200598
0.000200598
0.00019975
0.00014937
0.000149856
0.000149856
0.00014937
0.000105691
0.000105995
0.000105995
0.000105691
6.32923e-05
6.34504e-05
6.34504e-05
6.32923e-05
2.03738e-05
2.03825e-05
2.03825e-05
2.03738e-05
0.013717
0.0137239
0.0137239
0.013717
0.0058249
0.0058232
0.0058232
0.0058249
)
;

boundaryField
{
    inlet
    {
        type            zeroGradient;
    }
    outlet
    {
        type            fixedValue;
        value           uniform 0;
    }
    obstacle
    {
        type            zeroGradient;
    }
    topbottomsurface
    {
        type            empty;
    }
}


// ************************************************************************* //
