/*--------------------------------*- C++ -*----------------------------------*\
| =========                 |                                                 |
| \\      /  F ield         | OpenFOAM: The Open Source CFD Toolbox           |
|  \\    /   O peration     | Version:  v1806                                 |
|   \\  /    A nd           | Web:      www.OpenFOAM.com                      |
|    \\/     M anipulation  |                                                 |
\*---------------------------------------------------------------------------*/
FoamFile
{
    version     2.0;
    format      ascii;
    class       volScalarField;
    location    "410";
    object      p;
}
// * * * * * * * * * * * * * * * * * * * * * * * * * * * * * * * * * * * * * //

dimensions      [0 2 -2 0 0 0 0];


internalField   nonuniform List<scalar> 
4400
(
0.00697157
0.00844139
0.00565512
0.00356332
0.00259675
0.00215862
0.00195938
0.00186558
0.00179928
0.00172421
0.00162839
0.00151006
0.0013712
0.00121498
0.00104482
0.000863971
0.000675435
0.000482066
0.000285148
8.47343e-05
0.0272594
0.0181788
0.012163
0.00837572
0.00620704
0.00492202
0.00409821
0.00353172
0.00310944
0.00276552
0.00246342
0.00218347
0.00191507
0.00165252
0.00139292
0.00113492
0.000878146
0.00062268
0.000367599
0.000113609
0.0294386
0.0215835
0.016034
0.0120487
0.00932635
0.00745054
0.00611582
0.00513736
0.00439206
0.00379642
0.0032966
0.00285898
0.00246253
0.00209393
0.00174456
0.00140885
0.00108316
0.000764939
0.0004515
0.000142433
0.029933
0.0235414
0.0183525
0.01435
0.0114003
0.00925228
0.00765606
0.00643749
0.00547971
0.00470185
0.00404819
0.00348098
0.00297473
0.00251204
0.00208089
0.00167283
0.00128187
0.000903506
0.000533602
0.000170472
0.0281291
0.0233563
0.019125
0.015622
0.0128274
0.0106361
0.00891343
0.00754171
0.00643075
0.0055117
0.00473267
0.00405571
0.00345353
0.00290653
0.00240055
0.00192518
0.00147269
0.00103708
0.000612979
0.000197514
0.0263319
0.0227937
0.0193461
0.0162829
0.0136901
0.0115559
0.00981344
0.00838193
0.00719119
0.00618506
0.00531943
0.0045603
0.00388188
0.00326475
0.00269424
0.00215918
0.00165091
0.00116251
0.000687811
0.000223084
0.0244177
0.0217541
0.0190021
0.0164275
0.0141364
0.0121557
0.0104679
0.00903285
0.00780612
0.00674729
0.00582178
0.00500102
0.00426209
0.00358688
0.00296114
0.0023736
0.00181529
0.00127879
0.000757449
0.000246921
0.0227453
0.0207103
0.0184991
0.0163262
0.0143072
0.0124934
0.0108947
0.00949609
0.00827135
0.00719249
0.00623365
0.00537226
0.00458922
0.0038687
0.00319772
0.00256565
0.0019637
0.00138441
0.000820982
0.000268733
0.0212346
0.0196429
0.0178538
0.0160308
0.0142758
0.0126437
0.0111579
0.00982033
0.00862058
0.00754243
0.00656842
0.0056818
0.00486748
0.00411224
0.00340477
0.0027354
0.0020959
0.00147903
0.000878156
0.000288405
0.0199457
0.0186733
0.0172058
0.0156627
0.0141305
0.0126637
0.0112919
0.0100265
0.00886691
0.00780534
0.00683109
0.00593254
0.00509838
0.00431813
0.00358235
0.00288264
0.00221155
0.00156235
0.000928732
0.000305855
0.0188256
0.0177866
0.0165652
0.01525
0.0139106
0.0125956
0.0113355
0.0101467
0.00903486
0.00799906
0.00703411
0.00613286
0.00528741
0.00448984
0.00373259
0.0030086
0.00231133
0.0016347
0.000972844
0.000321112
0.0178779
0.0170107
0.0159771
0.0148419
0.0136606
0.0124757
0.0113165
0.0102014
0.00913988
0.00813506
0.00718591
0.00628883
0.00543882
0.00463029
0.00385743
0.00311452
0.002396
0.00169648
0.0010107
0.000334241
0.017071
0.0163331
0.0154437
0.0144516
0.0134009
0.0123275
0.0112582
0.0102116
0.00919921
0.008227
0.00729692
0.00640819
0.00555824
0.00474346
0.00395963
0.00320226
0.00246675
0.00174846
0.00104268
0.000345365
0.0163983
0.0157573
0.0149782
0.0140981
0.0131523
0.012171
0.0111784
0.0101924
0.00922543
0.00828502
0.00737519
0.00649721
0.00565044
0.00483289
0.00404175
0.00327364
0.00252484
0.0017914
0.00106924
0.000354625
0.0158418
0.0152741
0.0145794
0.0137867
0.0129248
0.0120189
0.0110906
0.0101569
0.00923008
0.0083189
0.00742868
0.0065622
0.00572028
0.00490229
0.00410654
0.00333063
0.00257162
0.00182621
0.00109085
0.000362185
0.0153945
0.0148814
0.0142502
0.0135245
0.0127276
0.0118815
0.0110053
0.0101146
0.00922188
0.00833618
0.00746371
0.00660831
0.00577188
0.00495484
0.00415642
0.00337502
0.00260836
0.0018537
0.001108
0.000368202
0.0150465
0.0145734
0.0139893
0.0133136
0.012566
0.0117658
0.01093
0.0100735
0.00920814
0.00834333
0.00748579
0.00664008
0.0058089
0.0049934
0.00419357
0.00340841
0.0026362
0.00187465
0.00112113
0.000372824
0.014794
0.0143489
0.0137977
0.0131572
0.0124446
0.0116772
0.0108708
0.0100392
0.00919427
0.00834519
0.0074991
0.006661
0.00583413
0.00502021
0.0042197
0.00343208
0.00265604
0.00188965
0.00113057
0.000376164
0.0146325
0.0142051
0.0136746
0.0130561
0.0123656
0.011619
0.0108313
0.0100158
0.00918398
0.00834515
0.00750657
0.00667354
0.00584962
0.00503686
0.00423605
0.00344697
0.00266856
0.00189915
0.00113657
0.000378299
0.0145589
0.0141388
0.0136175
0.013009
0.0123286
0.0115916
0.0108126
0.0100045
0.00917885
0.00834482
0.00750978
0.00667916
0.00585665
0.00504447
0.00424356
0.00345382
0.00267434
0.00190354
0.00113934
0.000379289
0.0328862
0.0403733
0.0458649
0.0500946
0.0533777
0.0558834
0.0577405
0.0590453
0.0598648
0.0602422
0.0602015
0.0597492
0.0588755
0.0575532
0.055735
0.0533501
0.0503046
0.0464747
0.0415942
0.0349723
0.0428193
0.0453016
0.0473638
0.0490952
0.0505401
0.0517148
0.0526281
0.0532871
0.0536971
0.0538608
0.0537795
0.0534526
0.0528778
0.0520512
0.0509665
0.0496144
0.0479889
0.0461025
0.0439249
0.0410404
0.0381253
0.0397447
0.04123
0.0425511
0.0436928
0.0446463
0.0454054
0.0459668
0.0463284
0.0464889
0.0464477
0.046204
0.0457572
0.0451069
0.0442527
0.0431944
0.0419355
0.0404854
0.0388405
0.0369173
0.035853
0.0367488
0.0375658
0.0382927
0.0389203
0.0394419
0.039852
0.0401464
0.0403222
0.0403769
0.0403093
0.0401186
0.0398049
0.0393687
0.0388114
0.0381354
0.0373451
0.0364482
0.0354445
0.0342924
0.0319207
0.0325089
0.0330483
0.0335309
0.0339499
0.0342995
0.0345747
0.0347718
0.0348877
0.0349203
0.0348682
0.0347312
0.0345096
0.0342047
0.0338185
0.033354
0.0328156
0.032209
0.0315388
0.0308021
0.0292875
0.0296627
0.0300008
0.0302981
0.0305515
0.030758
0.0309152
0.0310211
0.0310742
0.0310733
0.0310179
0.0309078
0.0307433
0.0305253
0.030255
0.0299342
0.0295656
0.0291527
0.0286975
0.0281917
0.0265386
0.0267952
0.0270251
0.027226
0.027396
0.0275332
0.0276361
0.0277033
0.0277339
0.0277271
0.0276826
0.0276004
0.0274806
0.027324
0.0271314
0.0269041
0.0266437
0.0263522
0.0260317
0.0256823
0.0245054
0.0246828
0.0248395
0.0249741
0.0250857
0.0251732
0.0252358
0.0252729
0.0252839
0.0252685
0.0252265
0.0251579
0.025063
0.0249421
0.0247958
0.0246247
0.0244299
0.0242127
0.0239738
0.0237103
0.0226096
0.0227373
0.022849
0.0229442
0.0230221
0.0230821
0.0231237
0.0231465
0.0231502
0.0231345
0.0230994
0.0230449
0.0229711
0.0228783
0.0227668
0.0226371
0.0224898
0.0223256
0.0221453
0.0219487
0.0211274
0.0212213
0.0213025
0.0213705
0.021425
0.0214655
0.0214919
0.0215038
0.0215011
0.0214837
0.0214515
0.0214045
0.021343
0.0212669
0.0211766
0.0210723
0.0209544
0.0208235
0.0206799
0.0205221
0.0198055
0.0198766
0.0199375
0.0199879
0.0200276
0.0200564
0.0200741
0.0200805
0.0200755
0.0200591
0.0200312
0.0199918
0.0199411
0.0198791
0.0198059
0.0197219
0.0196271
0.019522
0.0194068
0.0192814
0.0187417
0.0187968
0.0188435
0.0188816
0.0189109
0.0189312
0.0189425
0.0189447
0.0189376
0.0189213
0.0188958
0.018861
0.018817
0.0187639
0.0187019
0.018631
0.0185513
0.0184633
0.0183669
0.0182616
0.01782
0.0178639
0.0179007
0.0179303
0.0179527
0.0179676
0.0179751
0.017975
0.0179674
0.0179522
0.0179294
0.017899
0.0178611
0.0178157
0.0177628
0.0177027
0.0176354
0.017561
0.0174797
0.0173914
0.0170747
0.0171106
0.0171403
0.0171639
0.0171812
0.0171922
0.0171968
0.0171951
0.0171869
0.0171722
0.0171511
0.0171236
0.0170897
0.0170495
0.0170029
0.0169502
0.0168912
0.0168263
0.0167555
0.0166784
0.0164509
0.0164809
0.0165056
0.016525
0.0165389
0.0165473
0.0165501
0.0165475
0.0165393
0.0165255
0.0165062
0.0164813
0.0164509
0.016415
0.0163736
0.0163268
0.0162748
0.0162174
0.016155
0.0160872
0.0159596
0.0159854
0.0160065
0.0160228
0.0160342
0.0160407
0.0160423
0.016039
0.0160307
0.0160174
0.0159992
0.0159761
0.0159481
0.0159152
0.0158774
0.0158348
0.0157875
0.0157355
0.0156789
0.0156174
0.015574
0.0155969
0.0156155
0.0156297
0.0156394
0.0156447
0.0156455
0.0156418
0.0156336
0.015621
0.0156038
0.0155822
0.0155561
0.0155255
0.0154906
0.0154513
0.0154076
0.0153597
0.0153076
0.0152511
0.0152983
0.0153192
0.0153361
0.0153488
0.0153574
0.0153618
0.015362
0.0153581
0.0153499
0.0153376
0.0153211
0.0153004
0.0152755
0.0152465
0.0152133
0.0151761
0.0151348
0.0150895
0.0150403
0.0149869
0.0151164
0.0151361
0.0151519
0.0151638
0.0151717
0.0151757
0.0151756
0.0151716
0.0151636
0.0151516
0.0151356
0.0151156
0.0150917
0.0150639
0.0150321
0.0149965
0.014957
0.0149137
0.0148666
0.0148158
0.0150418
0.015061
0.0150764
0.0150879
0.0150955
0.0150992
0.015099
0.0150948
0.0150868
0.0150748
0.0150589
0.0150391
0.0150154
0.0149878
0.0149564
0.0149211
0.014882
0.0148392
0.0147926
0.014742
0.0118995
0.0122852
0.0126548
0.0130091
0.0133438
0.013647
0.0139034
0.0140965
0.0142108
0.0142354
0.0141694
0.0140272
0.0138455
0.0136926
0.013679
0.0139462
0.0146148
0.0157968
0.0180311
0.023145
0.0139388
0.0142573
0.0146442
0.0150811
0.0155737
0.0161349
0.0167789
0.0175218
0.0183819
0.0193787
0.0205314
0.0218574
0.023371
0.0250831
0.0270002
0.0291241
0.0314562
0.0340173
0.0368535
0.039917
0.0173546
0.0179048
0.0184695
0.0190631
0.0196896
0.0203518
0.0210533
0.0217987
0.022593
0.0234415
0.0243506
0.025327
0.0263791
0.0275158
0.0287465
0.0300795
0.0315204
0.0330705
0.0347192
0.0364279
0.0185301
0.0190757
0.0196634
0.0202857
0.020944
0.0216407
0.0223775
0.0231554
0.0239746
0.0248351
0.0257356
0.0266743
0.0276481
0.0286528
0.0296827
0.0307307
0.0317878
0.0328433
0.0338837
0.0348926
0.0193191
0.0198213
0.0203376
0.0208711
0.0214222
0.0219908
0.022577
0.0231807
0.0238018
0.0244397
0.0250939
0.025763
0.0264456
0.0271393
0.027841
0.0285467
0.0292514
0.0299488
0.0306318
0.031292
0.0193997
0.0198496
0.0203114
0.0207849
0.0212694
0.0217646
0.0222694
0.022783
0.023304
0.023831
0.024362
0.024895
0.0254276
0.0259571
0.0264804
0.0269942
0.0274948
0.0279786
0.0284413
0.028879
0.0191165
0.0194928
0.0198735
0.0202589
0.0206485
0.0210415
0.0214373
0.021835
0.0222336
0.0226321
0.0230292
0.0234235
0.0238136
0.0241975
0.0245735
0.0249395
0.0252932
0.0256325
0.0259548
0.0262576
0.0186592
0.0189828
0.0193071
0.0196327
0.0199593
0.020286
0.0206121
0.0209367
0.0212589
0.0215777
0.021892
0.0222007
0.0225025
0.0227962
0.0230803
0.0233536
0.0236145
0.0238615
0.0240933
0.0243084
0.0180607
0.0183288
0.018596
0.0188623
0.0191272
0.0193902
0.0196506
0.0199079
0.0201613
0.0204102
0.0206538
0.0208913
0.0211219
0.0213447
0.0215588
0.0217633
0.0219573
0.0221399
0.0223101
0.0224669
0.017458
0.0176873
0.0179138
0.0181382
0.0183602
0.0185791
0.0187946
0.019006
0.0192129
0.0194147
0.0196108
0.0198007
0.0199838
0.0201594
0.0203268
0.0204856
0.020635
0.0207745
0.0209035
0.0210213
0.0168406
0.0170337
0.0172238
0.0174113
0.0175957
0.0177766
0.0179537
0.0181266
0.0182948
0.0184581
0.018616
0.0187681
0.0189139
0.0190531
0.0191852
0.0193097
0.0194264
0.0195347
0.0196342
0.0197246
0.0162739
0.0164411
0.0166048
0.0167655
0.0169228
0.0170764
0.0172262
0.0173717
0.0175127
0.0176488
0.0177798
0.0179054
0.0180253
0.0181391
0.0182465
0.0183473
0.0184412
0.0185278
0.0186069
0.0186783
0.0157465
0.0158911
0.0160324
0.0161705
0.0163053
0.0164364
0.0165637
0.016687
0.0168059
0.0169204
0.0170301
0.0171349
0.0172346
0.0173288
0.0174174
0.0175002
0.017577
0.0176475
0.0177117
0.0177692
0.0152863
0.0154145
0.0155392
0.0156607
0.0157789
0.0158936
0.0160045
0.0161116
0.0162146
0.0163134
0.0164078
0.0164977
0.0165828
0.016663
0.0167381
0.0168081
0.0168727
0.0169318
0.0169852
0.0170329
0.0148854
0.0149999
0.0151111
0.0152192
0.015324
0.0154255
0.0155234
0.0156176
0.0157081
0.0157946
0.015877
0.0159552
0.0160291
0.0160986
0.0161635
0.0162237
0.0162791
0.0163296
0.0163752
0.0164156
0.0145549
0.0146595
0.0147608
0.0148591
0.0149543
0.0150461
0.0151346
0.0152195
0.0153009
0.0153785
0.0154523
0.0155222
0.015588
0.0156498
0.0157073
0.0157606
0.0158094
0.0158538
0.0158937
0.015929
0.0142899
0.0143868
0.0144806
0.0145714
0.0146591
0.0147436
0.0148249
0.0149028
0.0149773
0.0150483
0.0151156
0.0151793
0.0152392
0.0152952
0.0153473
0.0153954
0.0154395
0.0154794
0.0155152
0.0155468
0.0140951
0.0141869
0.0142755
0.0143613
0.014444
0.0145236
0.0146001
0.0146733
0.0147432
0.0148097
0.0148727
0.0149322
0.0149881
0.0150403
0.0150887
0.0151334
0.0151743
0.0152112
0.0152443
0.0152733
0.0139672
0.0140552
0.0141402
0.0142225
0.0143018
0.0143781
0.0144513
0.0145214
0.0145882
0.0146517
0.0147119
0.0147686
0.0148219
0.0148716
0.0149177
0.0149602
0.014999
0.0150341
0.0150654
0.0150928
0.0139118
0.0139988
0.0140828
0.0141639
0.0142421
0.0143173
0.0143893
0.0144583
0.014524
0.0145864
0.0146455
0.0147012
0.0147535
0.0148023
0.0148475
0.0148891
0.0149271
0.0149614
0.014992
0.0150188
0.00600811
0.00805571
0.00906156
0.00970077
0.01012
0.0103611
0.0104712
0.0104923
0.0104548
0.0103803
0.0102847
0.0101799
0.0100749
0.0099763
0.00988903
0.00981777
0.00976384
0.0097283
0.00971729
0.00973278
0.00699948
0.00781852
0.00827945
0.0086103
0.0088573
0.00902899
0.00913937
0.00920338
0.00923304
0.00923763
0.00922447
0.00919935
0.00916672
0.00912993
0.00909125
0.00905229
0.00901529
0.00898194
0.00894803
0.00891183
0.00714441
0.0076513
0.00802789
0.00831702
0.00853537
0.00869169
0.00879571
0.00885745
0.00888598
0.00888914
0.00887354
0.00884468
0.00880699
0.00876394
0.00871817
0.00867165
0.00862589
0.00858142
0.00853618
0.00848911
0.00723429
0.00750703
0.00772047
0.00788743
0.00801391
0.00810407
0.00816267
0.00819485
0.00820552
0.0081992
0.00817991
0.00815113
0.0081158
0.00807632
0.0080346
0.00799218
0.00795037
0.00790965
0.00786787
0.00782342
0.00688408
0.00705514
0.00720079
0.00731836
0.0074092
0.00747555
0.00751989
0.00754491
0.00755347
0.00754841
0.00753241
0.007508
0.00747738
0.00744248
0.00740493
0.00736611
0.00732723
0.00728881
0.00724905
0.00720699
0.00646097
0.00657294
0.00666851
0.00674411
0.00680054
0.00683948
0.00686261
0.00687174
0.0068688
0.0068558
0.00683468
0.00680729
0.00677531
0.00674024
0.00670336
0.00666582
0.00662866
0.0065923
0.00655502
0.00651573
0.00588845
0.00596366
0.00603056
0.00608247
0.00611959
0.00614337
0.006155
0.00615572
0.00614691
0.00613005
0.00610662
0.00607805
0.0060457
0.00601077
0.00597436
0.00593744
0.00590093
0.00586519
0.00582848
0.00578975
0.00527462
0.0053243
0.00536936
0.00540219
0.00542289
0.00543278
0.00543281
0.00542395
0.00540731
0.00538411
0.00535558
0.00532297
0.00528743
0.00525003
0.00521174
0.00517343
0.00513596
0.00509964
0.00506272
0.00502415
0.00459941
0.00462718
0.00465417
0.00467113
0.00467797
0.00467592
0.00466576
0.00464823
0.00462423
0.00459479
0.00456099
0.0045239
0.00448458
0.00444398
0.004403
0.00436246
0.00432318
0.00428543
0.00424743
0.00420809
0.0038963
0.00390321
0.00391183
0.00391211
0.00390391
0.00388841
0.00386625
0.00383802
0.00380449
0.00376658
0.00372524
0.00368146
0.00363623
0.00359044
0.00354495
0.00350056
0.00345807
0.00341776
0.00337779
0.00333705
0.00316485
0.00314825
0.00313537
0.00311576
0.00308933
0.00305722
0.00302
0.00297815
0.00293233
0.00288334
0.00283203
0.00277929
0.00272603
0.0026731
0.00262129
0.0025714
0.00252423
0.00248004
0.00243691
0.00239372
0.00242396
0.0023777
0.00233592
0.00228902
0.00223715
0.00218147
0.00212253
0.0020608
0.00199687
0.00193144
0.00186526
0.00179911
0.00173381
0.00167015
0.00160887
0.00155074
0.00149659
0.00144669
0.00139898
0.00135216
0.00169875
0.00161404
0.00153264
0.00144789
0.00136039
0.00127136
0.0011815
0.00109136
0.00100154
0.000912638
0.000825252
0.000740007
0.000657536
0.000578474
0.000503456
0.00043318
0.00036845
0.00030948
0.000254056
0.000200959
0.00101817
0.000878252
0.000737556
0.000595076
0.000452088
0.000309998
0.000169967
3.29707e-05
-0.00010016
-0.000228729
-0.000352149
-0.000469902
-0.000581502
-0.000686462
-0.000784269
-0.000874275
-0.000955622
-0.00102803
-0.00109408
-0.00115579
0.000475708
0.000268608
5.20387e-05
-0.00016598
-0.000383048
-0.000597343
-0.000806763
-0.00100939
-0.00120369
-0.00138853
-0.00156319
-0.00172723
-0.00188049
-0.0020229
-0.00215444
-0.00227483
-0.00238352
-0.00248052
-0.00256883
-0.00264925
0.000113395
-0.000196667
-0.000529346
-0.000867082
-0.00120686
-0.00154621
-0.00188135
-0.00220838
-0.00252376
-0.0028245
-0.00310824
-0.00337328
-0.00361859
-0.00384364
-0.00404812
-0.00423156
-0.00439278
-0.00453094
-0.00464977
-0.00475394
0.000270117
-0.000115864
-0.000545453
-0.000990862
-0.00144802
-0.00191378
-0.00238244
-0.00284737
-0.00330191
-0.00373978
-0.00415554
-0.00454506
-0.00490586
-0.00523719
-0.00553984
-0.00581529
-0.00606491
-0.00629096
-0.00649954
-0.00668753
0.000757503
0.000207901
-0.000405084
-0.00105777
-0.00175057
-0.00248253
-0.0032486
-0.00404112
-0.00485042
-0.005665
-0.00647204
-0.00725816
-0.0080105
-0.00871772
-0.00937101
-0.00996383
-0.0104904
-0.0109467
-0.0113399
-0.0116794
0.00305144
0.0026681
0.00219393
0.0016528
0.00104455
0.000366097
-0.000382447
-0.0011978
-0.00207348
-0.00299961
-0.00396291
-0.00494739
-0.00593578
-0.00691176
-0.00786201
-0.00877624
-0.00964965
-0.0105094
-0.0114665
-0.0125922
0.00471666
0.0040658
0.00334598
0.00252049
0.00156769
0.000468605
-0.000797508
-0.00225202
-0.00391561
-0.00580704
-0.00794165
-0.0103298
-0.0129758
-0.0158765
-0.0190185
-0.0223696
-0.0258834
-0.0295743
-0.0336376
-0.0379902
0.000228495
0.000700758
0.00117731
0.00165827
0.00214494
0.00263814
0.00313852
0.00364672
0.00416324
0.00468847
0.00522266
0.0057659
0.00631814
0.00687933
0.00744969
0.00803047
0.0086264
0.00925257
0.00994812
0.010844
0.000245078
0.000749039
0.0012578
0.00177187
0.00229298
0.00282255
0.00336201
0.00391293
0.00447712
0.00505669
0.00565423
0.00627308
0.00691773
0.00759438
0.00831153
0.00908043
0.00991594
0.0108422
0.0119113
0.0131806
0.000260941
0.000795198
0.00133468
0.00188026
0.00243409
0.00299812
0.00357443
0.00416548
0.00477414
0.00540395
0.00605941
0.0067464
0.0074729
0.00825003
0.00909388
0.0100286
0.0110916
0.0123392
0.0138443
0.0157301
0.000275896
0.000838683
0.00140699
0.00198205
0.00256633
0.00316221
0.00377234
0.00439981
0.00504832
0.00572245
0.00642799
0.00717244
0.0079657
0.008821
0.00975636
0.0107966
0.0119766
0.0133467
0.0149894
0.0170299
0.000289782
0.000879017
0.00147393
0.00207606
0.00268808
0.00331272
0.00395298
0.00461238
0.00529515
0.00600646
0.00675279
0.00754242
0.00838612
0.00929813
0.0102975
0.0114099
0.0126695
0.014121
0.0158225
0.0178472
0.000302472
0.000915833
0.00153489
0.0021614
0.00279817
0.00344811
0.00411442
0.00480083
0.00551177
0.00625259
0.00702985
0.00785175
0.00872861
0.0096735
0.010703
0.0118381
0.0131056
0.01454
0.0161852
0.0180859
0.000313881
0.000948887
0.00158947
0.00223752
0.00289588
0.0035675
0.00425563
0.00496401
0.00569697
0.00645969
0.00725841
0.00810071
0.00899588
0.00995533
0.0109929
0.0121253
0.0133718
0.0147547
0.0162944
0.0179994
0.000323968
0.000978064
0.00163748
0.00230419
0.00298095
0.00367066
0.00437646
0.00510189
0.00585101
0.00662854
0.00744
0.00829192
0.00919195
0.010149
0.0111733
0.0122764
0.0134705
0.0147681
0.0161762
0.01769
0.000332735
0.00100337
0.00167899
0.00236152
0.0030536
0.00375795
0.00447749
0.00521544
0.00597543
0.00676153
0.0075784
0.0084313
0.00932617
0.0102696
0.0112684
0.0123297
0.0134595
0.0146611
0.015931
0.0172527
0.000340221
0.00102494
0.0017142
0.00240988
0.00311438
0.0038302
0.00455994
0.00530642
0.0060727
0.00686214
0.00767839
0.00852538
0.00940728
0.0103283
0.0112923
0.0123025
0.0133602
0.0144635
0.0156035
0.0167616
0.000346499
0.00104298
0.00174353
0.00244987
0.00316418
0.00388864
0.0046255
0.00537713
0.00614599
0.00693466
0.00774581
0.00858213
0.00944616
0.0103401
0.0112654
0.0122222
0.0132083
0.0142179
0.0152392
0.0162521
0.000351665
0.00105779
0.00176747
0.00248227
0.00320408
0.00393477
0.0046762
0.00543025
0.00619879
0.00698366
0.00778658
0.00860908
0.0094523
0.0103167
0.0112019
0.0121057
0.0130237
0.0139485
0.0148673
0.0157614
0.000355834
0.00106971
0.00178662
0.00250796
0.00323532
0.00397024
0.0047142
0.00546862
0.00623478
0.00701384
0.00780669
0.00861386
0.00943531
0.0102702
0.0111166
0.0119709
0.0128273
0.0136772
0.014508
0.0153022
0.000359129
0.0010791
0.00180161
0.00252787
0.00325918
0.00399676
0.00474173
0.00549506
0.00625753
0.00702967
0.00781166
0.00860317
0.00940325
0.01021
0.0110205
0.0118302
0.0126325
0.0134186
0.0141766
0.014891
0.000361676
0.00108632
0.00181307
0.00254292
0.00327691
0.00401598
0.0047609
0.00551227
0.0062704
0.0070353
0.00780655
0.00858317
0.00936345
0.0101448
0.0109235
0.0116944
0.0124506
0.0131835
0.0138818
0.0145318
0.000363595
0.00109175
0.0018216
0.00255398
0.00328971
0.00402946
0.0047737
0.00552271
0.00627642
0.00703441
0.00779577
0.008559
0.00932185
0.0100812
0.0108328
0.0115713
0.0122897
0.0129797
0.0136308
0.014231
0.000364995
0.00109568
0.00182774
0.00256186
0.00329865
0.00403857
0.00478188
0.00552856
0.00627825
0.00703019
0.0077831
0.00853509
0.00928353
0.0100249
0.0107548
0.0114674
0.012156
0.0128125
0.0134273
0.0139895
0.000365966
0.0010984
0.00183195
0.00256719
0.0033046
0.00404446
0.00478686
0.00553158
0.00627804
0.00702522
0.00777159
0.00851499
0.0092525
0.00998039
0.010694
0.0113876
0.0120544
0.0126866
0.0132752
0.0138104
0.000366571
0.00110008
0.00183453
0.00257044
0.00330818
0.00404794
0.00478968
0.00553304
0.00627732
0.00702134
0.00776339
0.00850114
0.00923152
0.00995066
0.0106538
0.0113351
0.011988
0.0126047
0.0131766
0.0136942
0.000366845
0.00110084
0.0018357
0.00257191
0.00330979
0.00404948
0.00479089
0.00553361
0.00627685
0.00701937
0.00775939
0.00849449
0.00922153
0.00993657
0.0106348
0.0113105
0.0119569
0.0125665
0.0131309
0.0136413
-0.000132929
-0.000347902
-0.0005766
-0.000815073
-0.00106495
-0.00132916
-0.00161062
-0.00191261
-0.00223888
-0.00259368
-0.00298142
-0.00340575
-0.00386763
-0.00436242
-0.00487159
-0.00532939
-0.00553001
-0.00510587
-0.00414667
-0.00492607
-0.000112929
-0.000292657
-0.000481587
-0.000678243
-0.000882727
-0.00109651
-0.0013208
-0.00155653
-0.00180418
-0.00206331
-0.00233165
-0.00260327
-0.0028657
-0.00309421
-0.00323639
-0.00317202
-0.00265439
-0.0013965
0.000583267
0.00300366
-9.30102e-05
-0.000235401
-0.000384323
-0.000538276
-0.000696639
-0.000859526
-0.00102648
-0.00119618
-0.001366
-0.00153117
-0.00168338
-0.00180883
-0.00188528
-0.00187667
-0.00172025
-0.0013016
-0.000446849
0.000970597
0.0029016
0.00525385
-7.31731e-05
-0.000177401
-0.000286272
-0.000397806
-0.000510724
-0.000624193
-0.000736548
-0.000844977
-0.000944939
-0.00102927
-0.00108681
-0.00110052
-0.00104451
-0.000878348
-0.000536185
8.38799e-05
0.00109599
0.00254142
0.00433466
0.00625263
-5.34997e-05
-0.000119692
-0.000188971
-0.000258971
-0.00032788
-0.000394184
-0.000455373
-0.000507608
-0.000545125
-0.000559381
-0.00053792
-0.000462947
-0.00030925
-4.04766e-05
0.000396525
0.00107199
0.00204882
0.00333503
0.00484004
0.0063146
-3.40886e-05
-6.29091e-05
-9.35263e-05
-0.000123431
-0.00015049
-0.000172841
-0.000187624
-0.000190677
-0.000176017
-0.000135141
-5.61231e-05
7.75281e-05
0.000288562
0.000608509
0.00107956
0.00174908
0.00264748
0.0037573
0.00497889
0.0060936
-1.50984e-05
-7.47376e-06
-6.37689e-07
7.8917e-06
2.03569e-05
3.8713e-05
6.58369e-05
0.000105784
0.000164195
0.000248816
0.000370089
0.000541849
0.000782234
0.00111471
0.0015678
0.00216985
0.00293494
0.00384218
0.00480872
0.00566036
3.40809e-06
4.64274e-05
8.93872e-05
0.000134577
0.000184148
0.000239885
0.000304339
0.000381012
0.000474643
0.000591567
0.000740109
0.000931036
0.00117805
0.00149795
0.0019092
0.00242709
0.00305443
0.00376871
0.00450644
0.00513893
2.14206e-05
9.88098e-05
0.000176633
0.000256865
0.00034142
0.000431741
0.00052985
0.000638456
0.000761121
0.000902465
0.00106835
0.00126605
0.00150438
0.00179337
0.00214285
0.0025593
0.00304115
0.00357132
0.00410568
0.00454704
3.8995e-05
0.000149853
0.000261446
0.000375339
0.000493098
0.00061569
0.000744446
0.000881098
0.00102785
0.00118743
0.00136322
0.00155919
0.0017799
0.0020299
0.00231239
0.00262726
0.00296961
0.00332667
0.00366777
0.00391955
5.62279e-05
0.000199868
0.000344419
0.00049098
0.000640717
0.000794068
0.000951618
0.00111407
0.00128223
0.00145695
0.00163908
0.00182937
0.00202825
0.00223529
0.0024481
0.00266175
0.00286977
0.00306254
0.00321499
0.00326862
7.32415e-05
0.000249232
0.000426236
0.000604869
0.00078589
0.000969195
0.00115463
0.00134189
0.00153042
0.0017193
0.00190708
0.00209159
0.00226962
0.00243632
0.00258436
0.00270425
0.00278689
0.00282181
0.00278145
0.00261839
9.01668e-05
0.000298347
0.000507629
0.000718173
0.000930365
0.00114362
0.00135711
0.00156964
0.00177943
0.00198397
0.00217971
0.0023618
0.00252366
0.00265635
0.00274785
0.0027841
0.00275206
0.00263583
0.00239733
0.00199694
0.000107122
0.00034757
0.000589241
0.000831903
0.00107564
0.00131948
0.00156207
0.00180147
0.00203491
0.00225855
0.0024671
0.00265344
0.00280802
0.00291812
0.0029672
0.00293597
0.00280496
0.00254798
0.00210931
0.00144742
0.0001242
0.000397182
0.000671582
0.000946865
0.00122293
0.00149856
0.00177205
0.00204096
0.00230184
0.00254986
0.0027784
0.0029785
0.00313812
0.00324119
0.00326686
0.0031902
0.00298317
0.00260473
0.00197571
0.0010463
0.000141451
0.000447331
0.00075492
0.0010635
0.0013729
0.00168185
0.00198851
0.00229025
0.00258328
0.00286231
0.00311997
0.00334612
0.00352695
0.0036437
0.00367167
0.00358007
0.00333073
0.0028653
0.00207925
0.000899795
0.000158874
0.000498021
0.000839269
0.00118184
0.00152565
0.00186956
0.00221185
0.00254999
0.00288037
0.00319777
0.00349487
0.00376136
0.00398281
0.0041391
0.00420285
0.00413794
0.00389609
0.00340267
0.0025324
0.00118938
0.000176418
0.000549088
0.000924343
0.00130148
0.00168063
0.00206096
0.0024411
0.00281901
0.00319164
0.00355455
0.00390137
0.00422293
0.00450607
0.00473179
0.00487295
0.00489095
0.00472975
0.00430277
0.00347415
0.00206501
0.000193974
0.000600215
0.00100959
0.00142159
0.00183668
0.00225447
0.00267416
0.00309446
0.00351328
0.00392752
0.00433259
0.00472179
0.00508534
0.00540883
0.00567077
0.00583797
0.00585605
0.00563257
0.00502246
0.00390137
0.000211394
0.000650952
0.00109423
0.00154099
0.00199212
0.00244778
0.00290789
0.00337207
0.00383948
0.00430871
0.00477748
0.0052424
0.00569844
0.00613833
0.00655143
0.00692061
0.00721387
0.00736571
0.00724165
0.00647937
-6.56543e-05
-0.000192804
-0.000319931
-0.000449726
-0.000582501
-0.000718146
-0.000856405
-0.000996675
-0.00113785
-0.00127831
-0.00141599
-0.00154865
-0.00167425
-0.0017913
-0.00189897
-0.00199716
-0.00208571
-0.00216462
-0.00223598
-0.002303
-7.69245e-05
-0.000224657
-0.000372948
-0.000523987
-0.000677772
-0.000834097
-0.000992419
-0.00115163
-0.00130996
-0.00146493
-0.00161346
-0.00175217
-0.00187787
-0.00198809
-0.00208135
-0.00215717
-0.00221546
-0.0022561
-0.00227789
-0.00226873
-8.69621e-05
-0.000252977
-0.000419482
-0.000588932
-0.000760947
-0.00093499
-0.00111022
-0.00128513
-0.00145739
-0.00162379
-0.00178042
-0.00192304
-0.00204771
-0.00215166
-0.00223384
-0.00229476
-0.00233608
-0.00236123
-0.00237267
-0.0023665
-9.60582e-05
-0.000279014
-0.000462358
-0.000648666
-0.000837346
-0.00102762
-0.00121837
-0.00140778
-0.00159313
-0.00177078
-0.00193633
-0.00208507
-0.00221282
-0.00231694
-0.00239693
-0.00245422
-0.00249196
-0.00251362
-0.00252414
-0.00252202
-0.000104998
-0.00030466
-0.000504715
-0.000707874
-0.000913369
-0.00112025
-0.00132725
-0.00153232
-0.00173249
-0.00192377
-0.00210133
-0.00226
-0.00239524
-0.00250436
-0.00258713
-0.00264573
-0.00268419
-0.00270701
-0.00271901
-0.00272004
-0.000114212
-0.000331117
-0.000548548
-0.000769352
-0.000992633
-0.00121736
-0.00144217
-0.00166495
-0.00188259
-0.0020909
-0.00228467
-0.00245825
-0.00260652
-0.00272629
-0.00281719
-0.00288157
-0.00292406
-0.00294996
-0.00296413
-0.00296809
-0.000124107
-0.000359576
-0.000595841
-0.000835908
-0.00107879
-0.00132342
-0.00156841
-0.00181162
-0.00204987
-0.00227874
-0.00249269
-0.00268544
-0.00285109
-0.00298563
-0.00308825
-0.00316134
-0.00321004
-0.00324042
-0.00325777
-0.00326504
-0.000134846
-0.000390493
-0.000647354
-0.000908608
-0.00117321
-0.00144012
-0.00170799
-0.00197471
-0.00223711
-0.00249064
-0.00272936
-0.0029463
-0.00313446
-0.00328864
-0.00340715
-0.00349212
-0.00354914
-0.00358523
-0.0036064
-0.00361752
-0.000146581
-0.000424302
-0.000703805
-0.000988447
-0.00127716
-0.00156893
-0.00186253
-0.00215593
-0.002446
-0.00272813
-0.00299604
-0.00324201
-0.00345779
-0.00363661
-0.00377545
-0.00387588
-0.0039438
-0.00398731
-0.00401345
-0.00402931
-0.000159275
-0.000460867
-0.000764994
-0.00107519
-0.00139038
-0.00170968
-0.00203198
-0.00235542
-0.00267699
-0.0029921
-0.00329422
-0.00357486
-0.00382438
-0.004034
-0.00419875
-0.00431915
-0.00440119
-0.00445419
-0.00448658
-0.0045084
-0.000172809
-0.000499826
-0.000830327
-0.00116802
-0.0015119
-0.00186124
-0.00221512
-0.0025719
-0.00292879
-0.00328136
-0.00362293
-0.00394436
-0.00423454
-0.00448233
-0.00468002
-0.00482642
-0.00492711
-0.00499265
-0.00503324
-0.0050628
-0.00018682
-0.000540082
-0.000898014
-0.00126452
-0.00163872
-0.00202015
-0.0024082
-0.00280156
-0.00319779
-0.00359276
-0.00397984
-0.00434939
-0.00468883
-0.00498426
-0.00522431
-0.00540493
-0.00553057
-0.00561293
-0.00566441
-0.00570426
-0.000200786
-0.000580074
-0.000965434
-0.00136098
-0.00176609
-0.00218067
-0.00260453
-0.00303686
-0.00347581
-0.00391781
-0.00435669
-0.00478267
-0.00518192
-0.00553755
-0.00583337
-0.00606047
-0.00622078
-0.00632656
-0.00639306
-0.00644705
-0.00021392
-0.000617469
-0.00102872
-0.00145207
-0.00188727
-0.00233475
-0.00279489
-0.00326755
-0.00375167
-0.00424459
-0.00474105
-0.00523185
-0.00570268
-0.00613412
-0.0065044
-0.00679683
-0.00700818
-0.00714893
-0.00723732
-0.00731132
-0.000224931
-0.00064847
-0.00108156
-0.00152903
-0.00199128
-0.00246948
-0.00296485
-0.00347815
-0.00400933
-0.00455695
-0.005117
-0.00568146
-0.00623643
-0.00676095
-0.00722811
-0.00761185
-0.00789963
-0.00809643
-0.00822077
-0.00832598
-0.000231696
-0.000666803
-0.00111333
-0.00157671
-0.00205832
-0.00256048
-0.0030857
-0.00363628
-0.00421395
-0.00481924
-0.00545039
-0.00610151
-0.00675997
-0.00740353
-0.0079994
-0.00850963
-0.00890659
-0.00918637
-0.00936686
-0.00953374
-0.000231326
-0.000663946
-0.00110935
-0.00157365
-0.00205931
-0.00256994
-0.00310962
-0.00368266
-0.00429345
-0.00494611
-0.00564365
-0.00638612
-0.00716722
-0.00796862
-0.00875412
-0.00946959
-0.010056
-0.0104741
-0.0107229
-0.0109703
-0.000220303
-0.000629876
-0.00105272
-0.00149541
-0.0019615
-0.00245563
-0.00298312
-0.00354981
-0.00416218
-0.00482738
-0.00555319
-0.0063471
-0.00721332
-0.00814811
-0.009135
-0.0101427
-0.0111201
-0.0119709
-0.0125813
-0.0132202
-0.000195715
-0.000556108
-0.000928956
-0.00132057
-0.00173539
-0.00217896
-0.0026577
-0.00317913
-0.00375199
-0.00438647
-0.00509389
-0.00588571
-0.00677058
-0.00774978
-0.00881268
-0.00993352
-0.0110585
-0.0120417
-0.0126717
-0.0135264
-0.00016031
-0.000443975
-0.000739289
-0.00104902
-0.00137693
-0.00172805
-0.00210851
-0.00252629
-0.00299203
-0.00352025
-0.00413127
-0.00485354
-0.00572675
-0.00680746
-0.00818241
-0.00998416
-0.0123294
-0.0151518
-0.0181009
-0.0239418
-1.97543e-06
-5.50459e-06
-1.01475e-05
-1.50699e-05
-2.0388e-05
-2.60321e-05
-3.19104e-05
-3.78589e-05
-4.36013e-05
-4.87698e-05
-5.29523e-05
-5.57802e-05
-5.69843e-05
-5.63695e-05
-5.37635e-05
-4.91408e-05
-4.30366e-05
-3.66585e-05
-3.13565e-05
-2.75675e-05
-5.53141e-06
-1.46286e-05
-2.49694e-05
-3.53874e-05
-4.61108e-05
-5.70999e-05
-6.82539e-05
-7.94286e-05
-9.03926e-05
-0.000100841
-0.000110403
-0.000118697
-0.000125353
-0.000129988
-0.000132236
-0.00013195
-0.000129592
-0.000126297
-0.000123393
-0.000122342
-8.98608e-06
-2.42337e-05
-4.09947e-05
-5.79416e-05
-7.52951e-05
-9.30096e-05
-0.000110918
-0.000128777
-0.000146217
-0.000162763
-0.00017787
-0.000191023
-0.000201782
-0.000209818
-0.000214992
-0.000217619
-0.000218767
-0.00021989
-0.00022191
-0.000225365
-1.23163e-05
-3.35434e-05
-5.6351e-05
-7.93701e-05
-0.000102831
-0.000126708
-0.00015082
-0.000174899
-0.000198537
-0.000221203
-0.000242263
-0.000261102
-0.000277116
-0.000289875
-0.000299191
-0.000305476
-0.000310071
-0.000314705
-0.00032028
-0.000326763
-1.56142e-05
-4.28723e-05
-7.18397e-05
-0.000101093
-0.000130866
-0.000161147
-0.000191724
-0.000222282
-0.00025234
-0.000281272
-0.000308343
-0.000332864
-0.000354096
-0.000371584
-0.000385127
-0.000395166
-0.000403156
-0.000410927
-0.000419374
-0.000428242
-1.88714e-05
-5.20897e-05
-8.71449e-05
-0.000122555
-0.000158569
-0.000195194
-0.000232208
-0.000269264
-0.000305833
-0.00034121
-0.000374562
-0.000405087
-0.000431909
-0.000454471
-0.000472504
-0.000486415
-0.000497731
-0.000508394
-0.000519404
-0.000530405
-2.21056e-05
-6.12466e-05
-0.000102378
-0.000143952
-0.000186231
-0.000229243
-0.000272756
-0.000316394
-0.000359574
-0.000401515
-0.000441293
-0.000477976
-0.000510585
-0.000538432
-0.000561138
-0.000579004
-0.000593561
-0.000606852
-0.000620136
-0.000633043
-2.53127e-05
-7.0317e-05
-0.000117475
-0.000165178
-0.000213692
-0.000263081
-0.000313105
-0.000363366
-0.000413237
-0.000461867
-0.000508236
-0.000551281
-0.000589904
-0.000623268
-0.00065084
-0.000672753
-0.000690481
-0.000706135
-0.000721408
-0.000735996
-2.84947e-05
-7.93031e-05
-0.000132439
-0.000186238
-0.000240965
-0.00029672
-0.000353265
-0.00041018
-0.0004668
-0.000522207
-0.000575292
-0.000624863
-0.000669698
-0.000708796
-0.000741437
-0.000767521
-0.000788395
-0.000806166
-0.000823177
-0.000839224
-3.16494e-05
-8.81936e-05
-0.000147244
-0.000207091
-0.00026799
-0.000330083
-0.000393134
-0.000456712
-0.000520117
-0.000582372
-0.000642279
-0.000698528
-0.000749764
-0.00079482
-0.000832761
-0.000863201
-0.000887273
-0.000906965
-0.000925522
-0.000942796
-3.47762e-05
-9.69816e-05
-0.000161874
-0.000227714
-0.000294733
-0.00036312
-0.000432649
-0.000502878
-0.000573078
-0.000642221
-0.000709027
-0.000772075
-0.000829889
-0.000881133
-0.000924645
-0.000959712
-0.00098716
-0.00100866
-0.00102869
-0.00104693
-3.78734e-05
-0.000105657
-0.000176306
-0.000248073
-0.000321147
-0.000395769
-0.000471727
-0.00054857
-0.000625548
-0.000701587
-0.000775337
-0.00084528
-0.000909828
-0.000967499
-0.0010169
-0.00105699
-0.00108816
-0.00111152
-0.00113317
-0.00115207
-4.09383e-05
-0.000114211
-0.000190519
-0.00026814
-0.000347191
-0.000427971
-0.000510286
-0.000593681
-0.000677389
-0.000760296
-0.000840996
-0.000917887
-0.000989299
-0.00105363
-0.0011093
-0.00115492
-0.00119042
-0.00121595
-0.00123975
-0.0012589
-4.39689e-05
-0.000122632
-0.000204493
-0.000287882
-0.000372821
-0.000459663
-0.000548244
-0.000638101
-0.000728454
-0.00081816
-0.000905764
-0.000989604
-0.00106796
-0.00113916
-0.0012015
-0.00125332
-0.00129404
-0.00132244
-0.00134966
-0.00136847
-4.6976e-05
-0.000130917
-0.000218201
-0.000307268
-0.000397995
-0.00049079
-0.000585523
-0.000681728
-0.000778611
-0.000875003
-0.000969411
-0.00106013
-0.00114545
-0.00122366
-0.00129304
-0.00135183
-0.00139894
-0.00143142
-0.00146435
-0.00148232
-5.00045e-05
-0.000139078
-0.000231606
-0.000326261
-0.000422679
-0.000521304
-0.000622061
-0.000724483
-0.000827757
-0.000930689
-0.00103175
-0.00112923
-0.00122144
-0.00130671
-0.00138345
-0.00145001
-0.00150492
-0.00154316
-0.00158565
-0.00160238
-5.31071e-05
-0.000147134
-0.000244676
-0.000344825
-0.000446842
-0.000551167
-0.000657805
-0.000766295
-0.000875804
-0.000985107
-0.00109265
-0.00119669
-0.00129564
-0.00138794
-0.00147232
-0.00154755
-0.00161198
-0.00165861
-0.00171715
-0.00172959
-5.61636e-05
-0.000155096
-0.000257436
-0.000362934
-0.000470442
-0.000580322
-0.000692665
-0.000807032
-0.000922564
-0.001038
-0.00115176
-0.0012621
-0.00136748
-0.00146662
-0.00155873
-0.00164345
-0.0017195
-0.00177943
-0.0018664
-0.00186172
-5.86126e-05
-0.00016296
-0.000270031
-0.000380583
-0.000493399
-0.000608659
-0.000726471
-0.000846419
-0.000967622
-0.00108878
-0.00120827
-0.00132434
-0.00143549
-0.00154068
-0.00163975
-0.00173339
-0.00182166
-0.0019008
-0.00203156
-0.00199576
-5.99953e-05
-0.000170655
-0.000282541
-0.000397769
-0.00051563
-0.000636046
-0.00075903
-0.000884163
-0.00101053
-0.00113677
-0.0012612
-0.001382
-0.0014976
-0.00160704
-0.00171038
-0.0018088
-0.00190349
-0.00199712
-0.00215776
-0.00212259
-2.04306e-05
-1.81166e-05
-1.73584e-05
-1.64132e-05
-1.44249e-05
-1.3619e-05
-1.57456e-05
-1.65881e-05
-1.66278e-05
-1.62742e-05
-1.557e-05
-1.44499e-05
-1.2454e-05
-8.977e-06
-8.17996e-06
-9.91622e-06
-1.04497e-05
-1.05116e-05
-1.08957e-05
-1.36517e-05
-0.000121832
-0.000122287
-0.000122612
-0.000122928
-0.000123464
-0.000123365
-0.000122458
-0.00012176
-0.000121316
-0.000121099
-0.000121094
-0.000121333
-0.000121868
-0.00012269
-0.000122773
-0.000121649
-0.000120892
-0.000120326
-0.00011961
-0.000118767
-0.000226386
-0.000227225
-0.00022773
-0.000227894
-0.000227868
-0.000227582
-0.000227088
-0.0002267
-0.000226522
-0.000226605
-0.000226967
-0.000227576
-0.000228366
-0.000229225
-0.00022982
-0.000229976
-0.000229883
-0.00022942
-0.000228421
-0.000227093
-0.00032767
-0.000328516
-0.000329032
-0.00032902
-0.000328629
-0.000328047
-0.000327445
-0.00032699
-0.000326826
-0.000327051
-0.000327694
-0.000328701
-0.000329949
-0.00033127
-0.000332471
-0.000333366
-0.000333763
-0.000333501
-0.000332453
-0.00033109
-0.000429352
-0.000430346
-0.000430844
-0.000430625
-0.000429907
-0.000428939
-0.00042797
-0.000427243
-0.000426965
-0.00042727
-0.000428195
-0.000429677
-0.000431556
-0.000433593
-0.000435509
-0.000437027
-0.000437904
-0.00043791
-0.000436848
-0.000435265
-0.000531525
-0.000532545
-0.000532897
-0.000532331
-0.00053114
-0.000529651
-0.000528195
-0.000527095
-0.000526624
-0.000526956
-0.000528145
-0.000530115
-0.000532661
-0.000535478
-0.000538203
-0.000540465
-0.000541944
-0.000542336
-0.000541377
-0.000539703
-0.000633802
-0.000634695
-0.000634755
-0.000633673
-0.000631821
-0.000629622
-0.000627501
-0.000625873
-0.00062509
-0.000625382
-0.000626821
-0.000629322
-0.000632622
-0.000636343
-0.000640024
-0.000643193
-0.000645433
-0.000646352
-0.000645623
-0.000644006
-0.00073601
-0.000736635
-0.00073624
-0.000734437
-0.000731691
-0.000728535
-0.000725513
-0.000723156
-0.000721915
-0.000722089
-0.000723779
-0.000726876
-0.00073108
-0.000735892
-0.00074075
-0.000745043
-0.000748247
-0.00074987
-0.000749502
-0.00074807
-0.000838046
-0.000838234
-0.000837179
-0.000834386
-0.000830436
-0.000826002
-0.000821773
-0.000818427
-0.000816547
-0.000816512
-0.000818464
-0.000822278
-0.000827566
-0.000833725
-0.000840104
-0.000845818
-0.000850269
-0.000852829
-0.000852989
-0.000851879
-0.000939878
-0.000939424
-0.000937437
-0.000933289
-0.000927718
-0.000921566
-0.00091572
-0.000911039
-0.000908288
-0.000907938
-0.000910176
-0.000914863
-0.00092153
-0.000929439
-0.000937686
-0.000945301
-0.000951418
-0.000955248
-0.000956155
-0.000955519
-0.00104163
-0.00104028
-0.00103699
-0.00103096
-0.00102317
-0.0010147
-0.00100669
-0.00100025
-0.000996304
-0.000995492
-0.000998057
-0.00100384
-0.00101226
-0.00102243
-0.0010332
-0.00104333
-0.00105171
-0.00105731
-0.00105928
-0.00105927
-0.00114367
-0.00114116
-0.001136
-0.00112734
-0.00111648
-0.00110485
-0.00109391
-0.00108509
-0.00107956
-0.0010781
-0.00108105
-0.00108822
-0.00109893
-0.00111208
-0.00112623
-0.00113982
-0.00115136
-0.00115948
-0.00116298
-0.00116376
-0.00124681
-0.00124293
-0.001235
-0.00122255
-0.00120736
-0.00119135
-0.00117644
-0.00116443
-0.00115678
-0.00115444
-0.00115786
-0.0011668
-0.00118049
-0.00119759
-0.00121636
-0.00123479
-0.00125088
-0.00126274
-0.00126847
-0.00127017
-0.00135264
-0.00134736
-0.00133512
-0.00131702
-0.00129559
-0.00127346
-0.00125313
-0.00123686
-0.00122641
-0.00122291
-0.00122687
-0.00123807
-0.00125563
-0.00127802
-0.00130312
-0.0013284
-0.00135116
-0.00136867
-0.00137822
-0.0013808
-0.0014654
-0.00145673
-0.00143817
-0.00141154
-0.00138099
-0.00135022
-0.00132253
-0.00130062
-0.00128651
-0.0012815
-0.00128611
-0.00130015
-0.0013227
-0.00135208
-0.00138588
-0.00142098
-0.00145377
-0.00148033
-0.00149635
-0.00149992
-0.00159142
-0.00157786
-0.00154788
-0.00150748
-0.00146325
-0.00142026
-0.00138259
-0.00135332
-0.00133455
-0.00132758
-0.00133295
-0.0013505
-0.00137936
-0.0014179
-0.00146358
-0.00151285
-0.00156111
-0.00160288
-0.00163115
-0.00163653
-0.00174491
-0.00172163
-0.00167019
-0.00160675
-0.00154169
-0.00148141
-0.00143044
-0.00139178
-0.00136725
-0.00135788
-0.0013641
-0.00138582
-0.00142242
-0.00147263
-0.00153427
-0.00160394
-0.0016765
-0.00174431
-0.00179554
-0.00181005
-0.0019496
-0.00189654
-0.00180757
-0.00170909
-0.00161383
-0.00153032
-0.00146275
-0.00141295
-0.00138179
-0.00136969
-0.00137679
-0.00140311
-0.00144851
-0.00151257
-0.00159434
-0.00169178
-0.00180002
-0.00190846
-0.00200123
-0.00205028
-0.00230226
-0.00211657
-0.00195309
-0.0018049
-0.00166896
-0.00155671
-0.00147035
-0.00140877
-0.00137089
-0.00135605
-0.00136395
-0.00139473
-0.00144896
-0.00152764
-0.00163226
-0.00176428
-0.00192038
-0.00208881
-0.00226723
-0.00247954
-0.00330199
-0.00259435
-0.00219296
-0.00189896
-0.00168275
-0.00152656
-0.00141576
-0.00134076
-0.00129597
-0.00127842
-0.00128694
-0.0013218
-0.00138482
-0.00147982
-0.00161378
-0.00179868
-0.00205406
-0.00239741
-0.00286057
-0.00370403
-2.35209e-05
-2.89994e-05
-3.69822e-05
-4.49603e-05
-5.06773e-05
-5.34137e-05
-5.35798e-05
-5.18518e-05
-4.86355e-05
-4.43096e-05
-3.92736e-05
-3.3928e-05
-2.86128e-05
-2.35574e-05
-1.88729e-05
-1.45719e-05
-1.06184e-05
-7.08198e-06
-3.42007e-06
-1.86402e-06
-0.000119932
-0.000121767
-0.000126886
-0.000131324
-0.000132783
-0.000130597
-0.00012511
-0.000117292
-0.00010785
-9.74196e-05
-8.65231e-05
-7.55791e-05
-6.49e-05
-5.46821e-05
-4.50108e-05
-3.58812e-05
-2.72638e-05
-1.92147e-05
-1.08832e-05
-5.73043e-06
-0.000226192
-0.000221493
-0.000220496
-0.000220317
-0.000218229
-0.000212576
-0.00020289
-0.000190011
-0.00017476
-0.00015801
-0.00014053
-0.000122958
-0.000105777
-8.92954e-05
-7.36527e-05
-5.88516e-05
-4.48568e-05
-3.16629e-05
-1.83537e-05
-8.84793e-06
-0.000330363
-0.000321202
-0.000315691
-0.000311463
-0.000305216
-0.000294901
-0.000279766
-0.000260804
-0.000239073
-0.000215711
-0.000191684
-0.000167758
-0.000144477
-0.000122176
-0.000100991
-8.09084e-05
-6.1871e-05
-4.38077e-05
-2.57822e-05
-1.17324e-05
-0.00043435
-0.000421738
-0.000412485
-0.000404443
-0.000393856
-0.000378653
-0.000357929
-0.000332823
-0.000304566
-0.000274507
-0.000243792
-0.000213331
-0.000183756
-0.000155456
-0.000128576
-0.000103089
-7.89096e-05
-5.59042e-05
-3.31039e-05
-1.44162e-05
-0.000538864
-0.000523254
-0.000510636
-0.00049898
-0.000483882
-0.000463438
-0.000436696
-0.000405044
-0.000369938
-0.000332956
-0.000295415
-0.000258377
-0.000222527
-0.00018828
-0.000155777
-0.00012496
-9.57139e-05
-6.78349e-05
-4.0307e-05
-1.70079e-05
-0.00064373
-0.000625546
-0.000609908
-0.000594869
-0.000575111
-0.000549135
-0.00051606
-0.000477597
-0.000435449
-0.000391412
-0.000346939
-0.000303265
-0.000261105
-0.000220895
-0.000182769
-0.000146637
-0.000112346
-7.9619e-05
-4.73883e-05
-1.95278e-05
-0.000748844
-0.000728527
-0.000710166
-0.000691967
-0.000667363
-0.000635545
-0.000595791
-0.000550218
-0.000500802
-0.000449555
-0.000398065
-0.000347719
-0.000299254
-0.000253114
-0.000209411
-0.000168019
-0.000128741
-9.12217e-05
-5.43446e-05
-2.19957e-05
-0.000854249
-0.000832264
-0.000811373
-0.000790189
-0.000760479
-0.000722475
-0.000675697
-0.000622735
-0.000565858
-0.000507274
-0.000448735
-0.000391694
-0.000336941
-0.000284909
-0.00023568
-0.000189086
-0.000144883
-0.000102629
-6.11723e-05
-2.44166e-05
-0.000960104
-0.000936986
-0.000913591
-0.000889507
-0.00085431
-0.000809713
-0.000755544
-0.000694917
-0.000630402
-0.000564387
-0.000498772
-0.000435049
-0.000374052
-0.000316189
-0.000261506
-0.000209786
-0.000160736
-0.000113819
-6.78657e-05
-2.67936e-05
-0.00106672
-0.00104313
-0.00101698
-0.000989942
-0.000948708
-0.000897025
-0.000835077
-0.00076652
-0.00069422
-0.000620717
-0.000548031
-0.00047767
-0.000410496
-0.000346887
-0.000286837
-0.000230081
-0.000176272
-0.000124774
-7.44179e-05
-2.91276e-05
-0.0011746
-0.00115142
-0.00112184
-0.00109155
-0.0010435
-0.000984131
-0.000913989
-0.000837254
-0.000757059
-0.000676058
-0.00059634
-0.000519422
-0.000446169
-0.000376919
-0.000311612
-0.000249926
-0.000191459
-0.000135471
-8.08211e-05
-3.14183e-05
-0.00128446
-0.00126293
-0.00122855
-0.00119435
-0.00113844
-0.00107065
-0.000991894
-0.000906771
-0.000818628
-0.000730174
-0.000643519
-0.000560165
-0.000480964
-0.000406205
-0.000335768
-0.000269277
-0.000206267
-0.00014589
-8.70662e-05
-3.36638e-05
-0.00139726
-0.00137909
-0.00133744
-0.00129819
-0.00123306
-0.00115607
-0.00106832
-0.00097468
-0.000878623
-0.000782824
-0.000689384
-0.000599761
-0.000514778
-0.000434669
-0.00035925
-0.000288093
-0.000220667
-0.000156011
-9.31443e-05
-3.58625e-05
-0.00151425
-0.00150144
-0.00144854
-0.00140267
-0.00132681
-0.00123982
-0.00114281
-0.00104065
-0.000936814
-0.00083382
-0.000733806
-0.000638117
-0.000547539
-0.000462256
-0.000382018
-0.000306346
-0.000234637
-0.000165814
-9.90497e-05
-3.8023e-05
-0.00163654
-0.00163227
-0.00156191
-0.00150754
-0.00141936
-0.00132157
-0.00121512
-0.00110452
-0.000993099
-0.000883103
-0.000776738
-0.000675192
-0.000579215
-0.00048894
-0.000404056
-0.00032403
-0.000248167
-0.000175279
-0.000104787
-4.01798e-05
-0.00176335
-0.00177724
-0.00167898
-0.00161322
-0.00151077
-0.00140117
-0.00128506
-0.00116611
-0.00104728
-0.000930605
-0.000818088
-0.000710905
-0.00060974
-0.000514674
-0.000425333
-0.000341125
-0.000261236
-0.000184381
-0.00011037
-4.23753e-05
-0.00188904
-0.00194637
-0.00180193
-0.00171861
-0.00159956
-0.00147711
-0.00135126
-0.00122431
-0.00109851
-0.000975599
-0.000857332
-0.000744873
-0.000638842
-0.000539263
-0.00044571
-0.000357525
-0.000273761
-0.000193103
-0.000115821
-4.45362e-05
-0.00200447
-0.00213295
-0.00192231
-0.00181334
-0.00167815
-0.00154392
-0.00140977
-0.00127621
-0.00114462
-0.00101648
-0.000893324
-0.000776299
-0.000665964
-0.000562308
-0.000464885
-0.000372988
-0.000285576
-0.000201454
-0.000121153
-4.62867e-05
-0.0021022
-0.0022564
-0.00200441
-0.00187536
-0.00173385
-0.00159442
-0.00145635
-0.00131922
-0.00118397
-0.00105217
-0.000925379
-0.000804737
-0.000690803
-0.000583586
-0.000482683
-0.000387372
-0.000296606
-0.000209454
-0.000126281
-4.72403e-05
-0.00232177
-0.00222501
-0.00212476
-0.00201137
-0.00188751
-0.0017549
-0.00161609
-0.00147308
-0.00132873
-0.00118595
-0.00104697
-0.000913467
-0.00078633
-0.000665797
-0.000551652
-0.000443261
-0.0003398
-0.000240674
-0.000145342
-5.06889e-05
-0.00202076
-0.00202745
-0.00199786
-0.00194736
-0.00187638
-0.00178604
-0.00167899
-0.00155821
-0.00142756
-0.00129118
-0.00115281
-0.00101544
-0.000881104
-0.000750986
-0.000625559
-0.000504786
-0.000388296
-0.000275601
-0.000166224
-5.79194e-05
-0.00190708
-0.00191044
-0.00189771
-0.00187092
-0.00182691
-0.00176321
-0.00167991
-0.00157854
-0.00146236
-0.00133562
-0.00120264
-0.0010671
-0.00093178
-0.000798455
-0.000668104
-0.00054109
-0.000417362
-0.000296773
-0.00017929
-6.27224e-05
-0.00186871
-0.00186723
-0.00185635
-0.00183426
-0.00179731
-0.00174271
-0.00166932
-0.00157764
-0.00147008
-0.00135039
-0.00122265
-0.00109049
-0.000956737
-0.000823328
-0.000691453
-0.000561718
-0.000434337
-0.000309448
-0.000187254
-6.55988e-05
-0.00187132
-0.00186695
-0.00185531
-0.00183411
-0.00179983
-0.00174919
-0.00168027
-0.00159301
-0.00148927
-0.00137249
-0.00124662
-0.00111524
-0.000981229
-0.000846578
-0.000712582
-0.00057998
-0.000449139
-0.000320372
-0.00019405
-6.80132e-05
-0.00193013
-0.00192299
-0.00190989
-0.00188708
-0.00185112
-0.00179857
-0.00172741
-0.00163763
-0.00153122
-0.00141175
-0.00128318
-0.00114906
-0.00101213
-0.000874273
-0.000736737
-0.000600252
-0.00046523
-0.000332066
-0.000201236
-7.05668e-05
-0.00203397
-0.00202399
-0.00200851
-0.00198287
-0.00194358
-0.00188696
-0.00181093
-0.00171557
-0.00160321
-0.00147768
-0.00134309
-0.00120299
-0.00106006
-0.000916134
-0.000772396
-0.000629577
-0.000488118
-0.000348468
-0.000211182
-7.40391e-05
-0.00219448
-0.00218136
-0.00216315
-0.00213363
-0.00208895
-0.00202513
-0.00194014
-0.00183448
-0.00171121
-0.00157477
-0.00142964
-0.00127945
-0.00112683
-0.000973517
-0.000820602
-0.000668761
-0.000518411
-0.000370009
-0.000224152
-7.85508e-05
-0.00241058
-0.00239375
-0.00237179
-0.00233686
-0.00228462
-0.00221076
-0.00211344
-0.00199381
-0.00185589
-0.00170487
-0.0015456
-0.00138182
-0.00121609
-0.00105004
-0.0008847
-0.000720703
-0.000558449
-0.000398399
-0.000241187
-8.44398e-05
-0.00269442
-0.00267308
-0.00264645
-0.00260439
-0.00254183
-0.00245403
-0.00233953
-0.00220057
-0.00204257
-0.00187174
-0.00169342
-0.00151147
-0.0013284
-0.00114574
-0.000964417
-0.000784982
-0.000607788
-0.00043326
-0.000262037
-9.16436e-05
-0.00305282
-0.00302571
-0.00299276
-0.0029409
-0.00286403
-0.00275709
-0.00261939
-0.00245499
-0.00227122
-0.00207545
-0.00187347
-0.00166916
-0.00146485
-0.00126191
-0.0010611
-0.000862892
-0.00066756
-0.000475472
-0.000287268
-0.000100357
-0.0035029
-0.00346834
-0.00342694
-0.00336128
-0.00326395
-0.00313011
-0.00296066
-0.00276267
-0.00254583
-0.00231868
-0.00208727
-0.00185533
-0.001625
-0.00139741
-0.0011732
-0.000952718
-0.000736136
-0.000523714
-0.000316022
-0.000110291
-0.0040625
-0.00401782
-0.00396321
-0.00387616
-0.00374869
-0.00357708
-0.00336496
-0.00312325
-0.00286416
-0.00259728
-0.00232887
-0.00206259
-0.00180045
-0.00154347
-0.00129215
-0.00104667
-0.000806971
-0.000573046
-0.000345214
-0.000120385
-0.00476185
-0.00469934
-0.0046245
-0.00450782
-0.00433846
-0.00411277
-0.00383892
-0.00353443
-0.00321596
-0.00289509
-0.00257858
-0.00226993
-0.00197068
-0.00168132
-0.00140175
-0.0011315
-0.000869883
-0.000616296
-0.000370591
-0.000129244
-0.00564174
-0.00556511
-0.00547348
-0.00531093
-0.0050641
-0.00473749
-0.00435857
-0.00395879
-0.00356009
-0.0031739
-0.00280471
-0.00245336
-0.00211908
-0.0018005
-0.00149614
-0.00120451
-0.000924107
-0.000653693
-0.000392679
-0.000137135
-0.00698603
-0.00684075
-0.00661345
-0.00627624
-0.00584517
-0.00535631
-0.00485031
-0.00435277
-0.00387743
-0.00342963
-0.00300987
-0.00261637
-0.00224663
-0.00189821
-0.00156902
-0.00125712
-0.000960541
-0.000677383
-0.000406244
-0.000142151
-0.00760677
-0.00742175
-0.00729169
-0.00699903
-0.00655544
-0.00599705
-0.00538772
-0.0047793
-0.0041952
-0.00364538
-0.00313519
-0.00266715
-0.00224127
-0.00185543
-0.00150583
-0.00118777
-0.000896245
-0.000626358
-0.000373958
-0.00013151
-0.0133729
-0.0125325
-0.0115263
-0.0100379
-0.00852814
-0.007117
-0.00587214
-0.00481654
-0.00394092
-0.00321835
-0.00262173
-0.00212845
-0.00171927
-0.00137747
-0.00108893
-0.000841746
-0.000625985
-0.000433643
-0.000258764
-9.31012e-05
-0.00771321
-0.00682159
-0.00624257
-0.00514674
-0.00419413
-0.00338604
-0.00270338
-0.00214765
-0.00170857
-0.00136243
-0.00108624
-0.000863387
-0.000682184
-0.000534016
-0.000412262
-0.000311643
-0.00022773
-0.000156728
-9.55355e-05
-3.85189e-05
-0.0450863
-0.0274395
-0.0205646
-0.0135718
-0.00882304
-0.00578457
-0.00373818
-0.00234511
-0.00139704
-0.000754927
-0.000325837
-4.70778e-05
0.000124212
0.000217865
0.000255123
0.000251488
0.000218593
0.000165489
9.8995e-05
2.61032e-05
)
;

boundaryField
{
    inlet
    {
        type            zeroGradient;
    }
    outlet
    {
        type            fixedValue;
        value           uniform 0;
    }
    upAndBottom
    {
        type            empty;
    }
    obstacle
    {
        type            zeroGradient;
    }
}


// ************************************************************************* //
