/*--------------------------------*- C++ -*----------------------------------*\
| =========                 |                                                 |
| \\      /  F ield         | OpenFOAM: The Open Source CFD Toolbox           |
|  \\    /   O peration     | Version:  v1806                                 |
|   \\  /    A nd           | Web:      www.OpenFOAM.com                      |
|    \\/     M anipulation  |                                                 |
\*---------------------------------------------------------------------------*/
FoamFile
{
    version     2.0;
    format      ascii;
    class       volScalarField;
    location    "470";
    object      p;
}
// * * * * * * * * * * * * * * * * * * * * * * * * * * * * * * * * * * * * * //

dimensions      [0 2 -2 0 0 0 0];


internalField   nonuniform List<scalar> 
4400
(
-0.00978665
0.00379875
0.0030592
0.00160906
0.00113849
0.000960444
0.00082624
0.000720173
0.000636046
0.000563154
0.000495874
0.000432598
0.000372759
0.000315824
0.000261279
0.000208709
0.00015784
0.000108438
5.90987e-05
1.00018e-05
0.0186627
0.0127592
0.00846206
0.00577635
0.0043252
0.00343795
0.00279535
0.00230217
0.00191798
0.00161173
0.00135978
0.00114644
0.000961448
0.000797681
0.000649976
0.00051449
0.000388354
0.00026924
0.000154105
4.22441e-05
0.0236038
0.0171378
0.0126829
0.00945564
0.00720811
0.00566374
0.00456031
0.00373576
0.00309841
0.00259107
0.00217554
0.00182621
0.00152575
0.00126201
0.00102612
0.000811422
0.000612819
0.000426177
0.000247105
7.38944e-05
0.0258172
0.0196083
0.0149793
0.0115815
0.00912814
0.00734186
0.00600302
0.00496681
0.00414432
0.00347741
0.00292511
0.00245802
0.002055
0.00170065
0.00138352
0.00109487
0.000827889
0.000577012
0.000336757
0.000104435
0.0246456
0.0199792
0.0161054
0.0130088
0.0105744
0.0086748
0.00718578
0.00600246
0.00504551
0.00425746
0.00359651
0.00303198
0.0025412
0.00210723
0.00171717
0.001361
0.00103074
0.000719802
0.000421887
0.000133477
0.0233639
0.0198255
0.0165554
0.0137607
0.0114598
0.00959214
0.00807383
0.0068284
0.00579456
0.00492514
0.00418381
0.00354247
0.00297932
0.00247742
0.00202349
0.00160694
0.0012192
0.000853002
0.00050156
0.00016071
0.0217554
0.0190917
0.0164652
0.0140825
0.0120062
0.0102363
0.0087411
0.00747781
0.00640435
0.00548411
0.00468675
0.00398765
0.00336698
0.0028088
0.00230025
0.0018308
0.00139171
0.000975487
0.000575079
0.000185892
0.0203414
0.0182951
0.0161575
0.014118
0.0122659
0.0106291
0.00920197
0.00796248
0.00688381
0.00594011
0.00510835
0.00436863
0.00370413
0.0031007
0.0025465
0.00203157
0.00154741
0.00108656
0.000641994
0.000208862
0.0190205
0.0174209
0.0156868
0.0139657
0.0123406
0.0108518
0.00951186
0.00831668
0.0072531
0.00630475
0.00545516
0.00468901
0.00399258
0.00335386
0.00276239
0.0022091
0.00168599
0.00118592
0.000702081
0.000229532
0.0178926
0.0166122
0.0151828
0.0137163
0.0122881
0.0109416
0.00969735
0.00856059
0.00752738
0.00658898
0.00573475
0.00495375
0.00423548
0.00357017
0.00294898
0.0023639
0.00180767
0.00127362
0.000755319
0.000247888
0.0169011
0.0158564
0.0146656
0.0134123
0.0121583
0.0109444
0.00979481
0.00872098
0.00772559
0.0068059
0.00595608
0.00516896
0.0044369
0.00375232
0.00310798
0.00249703
0.00191307
0.00134999
0.000801859
0.000263969
0.0160623
0.0151906
0.0141812
0.0130962
0.0119865
0.0108887
0.00982731
0.00881636
0.00786246
0.00696694
0.00612778
0.00534095
0.00460137
0.00390347
0.00324156
0.00260994
0.00200309
0.00141557
0.000841983
0.000277867
0.0153447
0.0146039
0.0137353
0.0127862
0.011797
0.0107998
0.00981746
0.00886546
0.00795274
0.00708347
0.00625843
0.00547612
0.00473359
0.00402704
0.00335213
0.0027043
0.00207887
0.00147107
0.000876067
0.000289702
0.0147467
0.0141038
0.0133428
0.0125
0.0116082
0.0106948
0.009781
0.00888205
0.00800808
0.00716504
0.00635568
0.00558045
0.00483814
0.00412642
0.0034422
0.0027819
0.00214163
0.00151727
0.00090455
0.000299617
0.0142508
0.0136823
0.0130042
0.012245
0.0114316
0.0105872
0.00973119
0.00887819
0.00803886
0.00722024
0.00642648
0.00565945
0.0049193
0.00420491
0.00351422
0.00284451
0.00219262
0.001555
0.000927893
0.000307764
0.0138526
0.0133392
0.0127235
0.0120284
0.011276
0.0104867
0.00967763
0.00886292
0.00805319
0.0072561
0.00647671
0.00571792
0.00498089
0.00426547
0.00357045
0.00289382
0.00223303
0.00158504
0.000946547
0.000314294
0.0135423
0.0130697
0.0125003
0.0118532
0.0111472
0.0104002
0.00962793
0.00884361
0.0080578
0.00727849
0.00651132
0.00575991
0.00502617
0.00431067
0.00361285
0.00293128
0.00226389
0.00160808
0.000960907
0.000319338
0.0133172
0.012873
0.012336
0.0117227
0.0110498
0.0103332
0.00958763
0.00882567
0.00805771
0.00729185
0.00653412
0.00578858
0.0050577
0.00434252
0.00364296
0.00295803
0.00228602
0.00162466
0.000971281
0.000323
0.0131731
0.012747
0.0122303
0.0116382
0.0109861
0.0102889
0.00956036
0.00881278
0.00805637
0.0072993
0.00654778
0.0058062
0.0050773
0.00436247
0.00366191
0.00297492
0.00230003
0.00163518
0.00097789
0.000325347
0.0131075
0.0126888
0.0121813
0.0115989
0.0109563
0.0102679
0.00954733
0.00880644
0.00805542
0.00730248
0.00655391
0.0058142
0.00508627
0.00437163
0.00367064
0.00298272
0.00230651
0.00164005
0.000980951
0.000326439
0.0338136
0.0410047
0.0462073
0.0501706
0.0531997
0.0554557
0.0570608
0.0581055
0.0586504
0.0587318
0.0583656
0.0575487
0.0562591
0.0544545
0.0520677
0.0490013
0.0451257
0.0402739
0.0341129
0.0257714
0.0422236
0.0446216
0.0465823
0.0481992
0.0495187
0.0505573
0.0513243
0.0518268
0.0520698
0.0520558
0.0517854
0.0512574
0.0504692
0.0494162
0.0480911
0.0464831
0.0445862
0.0424239
0.0399726
0.036595
0.0369886
0.0385155
0.0399003
0.0411128
0.0421377
0.0429659
0.043591
0.0440089
0.044217
0.0442134
0.0439965
0.043565
0.0429174
0.0420527
0.0409697
0.0396685
0.0381531
0.0364356
0.0345113
0.032275
0.0343387
0.0351658
0.0359099
0.0365592
0.0371049
0.0375401
0.0378596
0.0380592
0.0381358
0.0380874
0.0379127
0.037611
0.0371826
0.0366283
0.0359496
0.0351491
0.0342317
0.0332067
0.0320711
0.0307664
0.0302409
0.030763
0.0312333
0.0316439
0.0319882
0.0322603
0.0324555
0.0325699
0.0326009
0.0325464
0.0324055
0.0321782
0.0318652
0.0314685
0.0309906
0.0304356
0.0298087
0.0291168
0.0283658
0.0275536
0.0275332
0.0278575
0.0281434
0.0283873
0.0285861
0.0287369
0.0288375
0.028886
0.0288809
0.0288216
0.0287074
0.0285386
0.0283157
0.0280398
0.0277126
0.0273362
0.0269137
0.0264494
0.0259451
0.0253899
0.0247691
0.0249813
0.0251661
0.0253214
0.0254451
0.0255357
0.0255917
0.0256119
0.0255956
0.0255422
0.0254516
0.0253239
0.0251598
0.02496
0.0247258
0.0244588
0.0241609
0.0238345
0.023482
0.023104
0.022761
0.0229037
0.0230254
0.023125
0.0232015
0.0232539
0.0232817
0.0232842
0.023261
0.0232119
0.0231368
0.023036
0.0229097
0.0227584
0.022583
0.0223842
0.0221632
0.0219216
0.0216601
0.0213751
0.0209026
0.0210008
0.0210832
0.0211492
0.021198
0.0212292
0.0212424
0.0212372
0.0212134
0.0211709
0.0211097
0.02103
0.020932
0.020816
0.0206826
0.0205322
0.0203656
0.0201837
0.0199873
0.0197764
0.0194712
0.0195414
0.019599
0.0196438
0.0196753
0.0196932
0.0196973
0.0196874
0.0196635
0.0196254
0.0195733
0.0195071
0.019427
0.0193334
0.0192264
0.0191064
0.0189739
0.0188295
0.0186736
0.0185043
0.0181984
0.0182494
0.0182905
0.0183214
0.0183419
0.0183519
0.0183512
0.0183398
0.0183174
0.0182842
0.0182402
0.0181854
0.0181199
0.0180439
0.0179577
0.0178613
0.0177552
0.0176397
0.0175152
0.0173814
0.0171854
0.0172238
0.017254
0.0172759
0.0172894
0.0172943
0.0172906
0.0172782
0.017257
0.0172272
0.0171886
0.0171414
0.0170856
0.0170213
0.0169487
0.016868
0.0167793
0.0166829
0.016579
0.0164667
0.0163089
0.0163383
0.016361
0.0163768
0.0163857
0.0163875
0.0163823
0.01637
0.0163505
0.0163239
0.0162903
0.0162496
0.0162018
0.0161472
0.0160858
0.0160176
0.0159429
0.0158618
0.0157745
0.0156808
0.0156056
0.0156289
0.0156465
0.0156582
0.015664
0.0156638
0.0156576
0.0156454
0.0156272
0.015603
0.0155728
0.0155366
0.0154944
0.0154465
0.0153927
0.0153332
0.0152682
0.0151977
0.0151218
0.0150402
0.0150172
0.0150362
0.0150502
0.015059
0.0150628
0.0150614
0.0150549
0.0150431
0.0150262
0.0150041
0.0149769
0.0149445
0.014907
0.0148645
0.014817
0.0147646
0.0147073
0.0146452
0.0145786
0.0145071
0.0145562
0.0145722
0.0145837
0.0145906
0.014593
0.0145908
0.014584
0.0145726
0.0145567
0.0145361
0.0145109
0.0144812
0.014447
0.0144083
0.0143652
0.0143177
0.0142658
0.0142097
0.0141494
0.0140847
0.0141945
0.0142084
0.0142181
0.0142238
0.0142253
0.0142226
0.0142158
0.0142048
0.0141897
0.0141704
0.014147
0.0141194
0.0140878
0.0140521
0.0140123
0.0139686
0.0139209
0.0138694
0.0138141
0.0137548
0.0139367
0.0139492
0.0139578
0.0139626
0.0139635
0.0139606
0.0139537
0.013943
0.0139284
0.0139099
0.0138876
0.0138615
0.0138315
0.0137977
0.0137602
0.0137189
0.013674
0.0136254
0.0135733
0.0135174
0.0137666
0.0137782
0.0137861
0.0137904
0.013791
0.0137879
0.0137811
0.0137707
0.0137565
0.0137387
0.0137172
0.0136921
0.0136633
0.0136309
0.013595
0.0135556
0.0135126
0.0134662
0.0134165
0.0133633
0.013697
0.0137082
0.0137159
0.0137199
0.0137204
0.0137172
0.0137104
0.0137
0.0136859
0.0136682
0.013647
0.0136221
0.0135937
0.0135618
0.0135263
0.0134873
0.0134448
0.013399
0.0133497
0.0132969
0.0117236
0.0121261
0.0125177
0.0129006
0.0132723
0.0136223
0.0139371
0.0142014
0.0144003
0.0145226
0.0145654
0.0145399
0.0144781
0.0144432
0.0145399
0.0149055
0.0156594
0.0169135
0.0191892
0.0242591
0.0136035
0.0139309
0.0143257
0.0147697
0.0152682
0.0158334
0.0164787
0.0172196
0.018074
0.0190612
0.0202009
0.0215115
0.0230087
0.0247047
0.0266069
0.0287167
0.031034
0.0335744
0.0363766
0.0393877
0.0167762
0.0173222
0.0178828
0.0184718
0.0190934
0.0197498
0.0204445
0.0211818
0.0219662
0.0228028
0.0236971
0.0246555
0.025685
0.0267938
0.0279901
0.0292812
0.030672
0.0321632
0.033744
0.0353759
0.0177603
0.0182873
0.018855
0.0194558
0.0200909
0.0207627
0.0214729
0.0222224
0.0230114
0.0238397
0.0247063
0.025609
0.0265446
0.0275088
0.0284957
0.0294978
0.0305061
0.0315093
0.0324937
0.0334426
0.0184116
0.0188936
0.0193882
0.0198988
0.0204257
0.0209687
0.0215276
0.0221024
0.0226925
0.0232974
0.0239163
0.0245477
0.02519
0.0258408
0.0264967
0.0271538
0.027807
0.02845
0.0290756
0.0296755
0.0183724
0.0187974
0.0192334
0.01968
0.0201367
0.0206027
0.0210773
0.0215595
0.0220479
0.0225409
0.0230367
0.0235332
0.0240279
0.0245181
0.0250007
0.0254724
0.0259295
0.0263682
0.0267844
0.0271741
0.0180203
0.0183727
0.0187285
0.0190881
0.019451
0.0198163
0.0201834
0.0205514
0.0209192
0.0212858
0.0216499
0.0220102
0.0223649
0.0227125
0.023051
0.0233784
0.0236925
0.023991
0.0242715
0.0245317
0.0175075
0.0178071
0.0181068
0.0184074
0.0187082
0.0190085
0.0193075
0.0196044
0.0198983
0.0201882
0.020473
0.0207515
0.0210226
0.0212849
0.0215372
0.021778
0.022006
0.0222197
0.0224177
0.0225986
0.0168817
0.0171276
0.017372
0.017615
0.0178563
0.018095
0.0183308
0.0185629
0.0187908
0.0190136
0.0192307
0.0194412
0.0196445
0.0198395
0.0200256
0.0202017
0.020367
0.0205206
0.0206617
0.0207892
0.0162616
0.01647
0.0166754
0.0168783
0.0170785
0.0172754
0.0174686
0.0176574
0.0178415
0.0180203
0.0181932
0.0183597
0.0185191
0.0186709
0.0188146
0.0189494
0.0190748
0.0191902
0.0192952
0.019389
0.01564
0.015814
0.0159848
0.0161527
0.0163173
0.0164783
0.0166353
0.0167879
0.0169358
0.0170786
0.0172159
0.0173472
0.0174723
0.0175906
0.0177019
0.0178056
0.0179014
0.017989
0.0180679
0.0181378
0.0150748
0.0152243
0.0153703
0.0155131
0.0156525
0.0157881
0.0159198
0.0160472
0.0161701
0.016288
0.0164009
0.0165083
0.0166101
0.0167058
0.0167953
0.0168782
0.0169542
0.0170232
0.0170849
0.017139
0.014554
0.0146824
0.0148074
0.0149293
0.0150477
0.0151625
0.0152734
0.0153803
0.015483
0.0155812
0.0156747
0.0157633
0.0158468
0.0159251
0.0159978
0.0160649
0.0161261
0.0161813
0.0162302
0.0162728
0.0141024
0.0142156
0.0143254
0.0144319
0.0145352
0.0146349
0.014731
0.0148233
0.0149116
0.0149958
0.0150756
0.015151
0.0152218
0.0152878
0.0153489
0.015405
0.015456
0.0155016
0.0155418
0.0155765
0.0137112
0.0138117
0.013909
0.0140033
0.0140944
0.0141821
0.0142663
0.014347
0.014424
0.0144971
0.0145663
0.0146314
0.0146923
0.014749
0.0148012
0.014849
0.0148922
0.0149307
0.0149644
0.0149933
0.01339
0.0134816
0.0135699
0.0136552
0.0137375
0.0138166
0.0138924
0.0139648
0.0140337
0.014099
0.0141606
0.0142185
0.0142725
0.0143225
0.0143685
0.0144105
0.0144482
0.0144817
0.014511
0.0145358
0.0131334
0.0132178
0.0132992
0.0133778
0.0134533
0.0135259
0.0135952
0.0136613
0.0137241
0.0137836
0.0138395
0.013892
0.0139408
0.013986
0.0140274
0.014065
0.0140988
0.0141287
0.0141546
0.0141766
0.0129451
0.0130249
0.0131017
0.0131757
0.0132469
0.013315
0.0133801
0.013442
0.0135008
0.0135563
0.0136086
0.0136574
0.0137028
0.0137448
0.0137831
0.013818
0.0138491
0.0138766
0.0139004
0.0139205
0.0128217
0.012898
0.0129716
0.0130425
0.0131105
0.0131756
0.0132378
0.013297
0.0133531
0.013406
0.0134557
0.0135022
0.0135454
0.0135852
0.0136216
0.0136546
0.0136841
0.0137101
0.0137325
0.0137513
0.0127683
0.0128438
0.0129164
0.0129863
0.0130533
0.0131175
0.0131786
0.0132368
0.0132919
0.0133439
0.0133927
0.0134383
0.0134807
0.0135197
0.0135554
0.0135877
0.0136165
0.0136419
0.0136638
0.0136821
0.00444698
0.00696208
0.00821566
0.00903256
0.00958482
0.00992121
0.0100978
0.0101645
0.0101574
0.0101019
0.0100171
0.00991702
0.0098124
0.00971132
0.00961998
0.00954327
0.00948461
0.00944395
0.00942769
0.00943871
0.00599233
0.00703036
0.00760166
0.0080186
0.00833708
0.00856433
0.0087164
0.00881115
0.00886288
0.00888265
0.00887925
0.00885966
0.00882931
0.00879234
0.00875168
0.00870922
0.00866679
0.00862768
0.00858729
0.00854258
0.00640291
0.00700695
0.00745549
0.00780442
0.00807288
0.00826965
0.00840522
0.00849078
0.00853657
0.00855152
0.00854323
0.00851808
0.00848128
0.00843697
0.00838831
0.00833772
0.00828707
0.00823702
0.00818525
0.00813086
0.00659771
0.00692277
0.00718133
0.00738767
0.00754821
0.00766704
0.0077491
0.00779986
0.00782474
0.00782877
0.00781652
0.00779198
0.00775861
0.00771925
0.00767621
0.00763137
0.00758636
0.00754182
0.00749544
0.00744538
0.00635274
0.00655344
0.0067253
0.00686684
0.00697927
0.00706447
0.00712474
0.00716281
0.00718167
0.00718435
0.00717381
0.00715283
0.00712393
0.00708932
0.00705088
0.00701026
0.00696889
0.00692742
0.00688393
0.00683743
0.00597441
0.00610546
0.00621892
0.00631128
0.00638312
0.00643582
0.0064709
0.0064901
0.00649539
0.00648883
0.00647249
0.00644836
0.00641832
0.00638403
0.00634695
0.00630841
0.00626961
0.00623108
0.00619094
0.006148
0.00545257
0.00554161
0.00562107
0.00568486
0.00573309
0.00576693
0.00578743
0.00579576
0.00579328
0.00578146
0.00576185
0.00573597
0.00570527
0.00567109
0.0056346
0.00559693
0.00555911
0.00552156
0.00548243
0.00544062
0.00487816
0.00493809
0.00499246
0.00503426
0.00506349
0.00508124
0.00508835
0.00508568
0.00507431
0.00505544
0.00503032
0.00500021
0.00496634
0.00492985
0.00489176
0.00485304
0.00481464
0.0047769
0.00473797
0.00469671
0.00424965
0.00428555
0.00431957
0.0043434
0.00435691
0.00436113
0.0043567
0.00434429
0.00432474
0.00429905
0.00426827
0.00423348
0.00419576
0.00415611
0.00411544
0.00407465
0.00403462
0.00399566
0.00395585
0.00391405
0.00359575
0.0036092
0.0036232
0.00362887
0.00362606
0.00361573
0.00359842
0.00357463
0.00354509
0.00351062
0.00347216
0.00343068
0.00338712
0.00334243
0.00329744
0.003253
0.00320996
0.00316861
0.00312697
0.00308387
0.00292161
0.00291059
0.00290194
0.00288668
0.00286474
0.00283705
0.00280406
0.0027662
0.00272405
0.00267833
0.00262985
0.00257944
0.00252796
0.00247625
0.00242511
0.00237533
0.00232774
0.0022826
0.00223786
0.0021923
0.00224504
0.00220405
0.002166
0.00212306
0.00207534
0.0020238
0.00196892
0.00191109
0.00185084
0.00178878
0.00172558
0.00166198
0.00159872
0.00153654
0.00147616
0.00141834
0.00136392
0.00131314
0.00126378
0.00121445
0.00159128
0.00151232
0.00143501
0.00135454
0.00127146
0.00118681
0.00110121
0.00101518
0.000929244
0.000843938
0.0007598
0.000677379
0.000597243
0.000519967
0.000446134
0.000376408
0.000311583
0.000251839
0.000194753
0.000138979
0.000988836
0.000856924
0.000722619
0.000586526
0.000449869
0.000313857
0.00017959
4.80217e-05
-8.00479e-05
-0.000203961
-0.000323175
-0.000437227
-0.000545697
-0.00064817
-0.000744205
-0.000833219
-0.000914395
-0.000987525
-0.00105545
-0.00112027
0.000524167
0.000328502
0.000122186
-8.58948e-05
-0.000293485
-0.000498962
-0.000700304
-0.000895611
-0.00108334
-0.00126234
-0.00143184
-0.0015914
-0.00174084
-0.00188015
-0.00200932
-0.00212819
-0.00223622
-0.00233354
-0.00242349
-0.00250718
0.000241171
-4.95427e-05
-0.000363222
-0.000682505
-0.00100461
-0.00132733
-0.0016471
-0.00196013
-0.00226293
-0.0025525
-0.00282642
-0.00308291
-0.00332088
-0.00353979
-0.00373938
-0.00391928
-0.00407847
-0.00421638
-0.00433725
-0.00444581
0.00044973
8.98819e-05
-0.000312347
-0.000730854
-0.00116199
-0.00160306
-0.00204882
-0.00249305
-0.00292936
-0.00335156
-0.00375416
-0.00413285
-0.00448484
-0.00480907
-0.00510605
-0.0053771
-0.00562357
-0.00584793
-0.00605709
-0.00624872
0.000986206
0.00047898
-8.82907e-05
-0.000694143
-0.00133928
-0.00202324
-0.00274172
-0.0034879
-0.00425293
-0.00502604
-0.00579499
-0.0065468
-0.00726872
-0.00794939
-0.0085798
-0.0091533
-0.00966418
-0.0101091
-0.0104978
-0.0108416
0.0032215
0.00287726
0.00244808
0.00195522
0.00139825
0.000773624
8.0579e-05
-0.000678767
-0.00149935
-0.00237279
-0.00328737
-0.00422843
-0.00517964
-0.00612507
-0.00705109
-0.00794647
-0.00880504
-0.00965237
-0.0105977
-0.0117109
0.00486948
0.00427724
0.00362306
0.0028708
0.00199973
0.000991726
-0.000173204
-0.00151597
-0.00305708
-0.00481545
-0.00680693
-0.00904273
-0.0115281
-0.0142608
-0.0172279
-0.0203973
-0.0237231
-0.027217
-0.0310639
-0.0351788
0.000215105
0.000659202
0.00110754
0.00156032
0.002019
0.00248458
0.00295794
0.00343994
0.00393138
0.00443298
0.00494542
0.00546931
0.00600528
0.00655414
0.00711725
0.00769738
0.00830118
0.00894613
0.00967442
0.0106209
0.000230827
0.000704996
0.00118385
0.00166798
0.00215921
0.00265911
0.00316926
0.00369142
0.00422757
0.00478005
0.00535174
0.00594628
0.00656858
0.00722533
0.00792578
0.00868221
0.00951106
0.0104384
0.0115186
0.012813
0.000245772
0.000748499
0.00125627
0.00177004
0.00229199
0.00282417
0.00336877
0.00392833
0.00450584
0.00510495
0.00573028
0.00638782
0.00708568
0.00783509
0.00865219
0.00956101
0.0105987
0.0118213
0.0133033
0.0151678
0.000259771
0.000789216
0.00132395
0.00186525
0.00241558
0.00297739
0.00355334
0.00414656
0.00476078
0.00540057
0.00607172
0.00678166
0.00754021
0.00836044
0.00926012
0.0102636
0.011405
0.0127336
0.0143288
0.0163093
0.000272684
0.000826729
0.00138618
0.00195257
0.00252858
0.0031169
0.00372054
0.00434298
0.00498839
0.00566185
0.00636972
0.00712007
0.00792339
0.00879347
0.00974874
0.0108139
0.0120218
0.0134158
0.0150511
0.0169962
0.000284402
0.000860728
0.00144244
0.00203127
0.00262998
0.00324142
0.00386874
0.00451559
0.00518627
0.00588596
0.00662103
0.00739938
0.00823091
0.00912816
0.0101069
0.0111872
0.0123942
0.0137603
0.0153261
0.017131
0.000294859
0.00089102
0.00149241
0.0021009
0.00271923
0.00335028
0.00399719
0.00466356
0.00535359
0.00607223
0.00682544
0.00762044
0.00846606
0.00937306
0.0103545
0.0114258
0.0126052
0.0139127
0.0153664
0.0169715
0.00030403
0.000917537
0.00153601
0.00216135
0.00279623
0.00344341
0.00410592
0.00478713
0.00549091
0.00622176
0.00698488
0.00778641
0.00863352
0.00953451
0.0104988
0.0115369
0.0126598
0.0138781
0.0151968
0.016609
0.000311927
0.000940327
0.00157333
0.00221282
0.00286128
0.00352131
0.00419568
0.00488745
0.00560001
0.00633719
0.00710335
0.00790336
0.00874268
0.00962729
0.0105634
0.0115572
0.0126135
0.0137347
0.0149156
0.0161387
0.000318603
0.000959545
0.00160466
0.00225574
0.00291505
0.00358493
0.00426783
0.00496639
0.00568346
0.00642214
0.00718577
0.00797795
0.00880241
0.00966284
0.0105626
0.011504
0.0124877
0.0135109
0.0145638
0.0156271
0.000324137
0.000975434
0.00163043
0.00229077
0.00295847
0.00363556
0.00432413
0.00502636
0.0057445
0.00648091
0.00723797
0.00801804
0.00882333
0.0096556
0.0105158
0.0114036
0.0123162
0.0132474
0.0141849
0.0151083
0.000328632
0.000988299
0.00165117
0.00231872
0.00299267
0.00367474
0.00436662
0.00507003
0.00578663
0.00651805
0.00726577
0.00803104
0.0088147
0.00961694
0.0104369
0.0112721
0.012118
0.0129665
0.0138051
0.014615
0.000332205
0.000998492
0.00166749
0.00234048
0.00301889
0.00370412
0.00439749
0.00510023
0.00581348
0.00653818
0.00727502
0.0080243
0.00878578
0.00955837
0.0103399
0.0111265
0.0119123
0.0126887
0.013443
0.0141583
0.000334982
0.00100638
0.00168002
0.00235698
0.00303842
0.00372541
0.00441892
0.00511975
0.00582854
0.00654565
0.00727107
0.00800432
0.00874428
0.00948893
0.0102351
0.0109782
0.0117117
0.0124269
0.013112
0.0137523
0.000337088
0.00101234
0.0016894
0.00236916
0.00305251
0.00374025
0.004433
0.00513122
0.00583509
0.00654446
0.00725879
0.00797695
0.00869715
0.0094167
0.0101318
0.0108374
0.0115266
0.012191
0.0128197
0.0133996
0.000338642
0.00101671
0.00169622
0.00237787
0.00306233
0.00375015
0.00444168
0.00513703
0.00583604
0.00653816
0.00724237
0.00794709
0.00865
0.00934796
0.0100368
0.0107111
0.0113641
0.0119878
0.0125721
0.0131057
0.000339753
0.00101982
0.00170101
0.00238389
0.00306893
0.00375647
0.00444664
0.00513929
0.00583396
0.0065298
0.00722544
0.00791894
0.00860763
0.00928804
0.00995573
0.0106052
0.0112299
0.0118219
0.0123722
0.0128706
0.000340511
0.00102193
0.00170423
0.00238786
0.00307317
0.00376032
0.00444928
0.00513971
0.00583093
0.00652187
0.0072109
0.00789584
0.00857379
0.00924105
0.00989305
0.0105243
0.0111282
0.0116973
0.0122232
0.0126966
0.000340977
0.00102321
0.00170617
0.00239024
0.00307566
0.0037625
0.0044506
0.00513951
0.00582843
0.00651611
0.0072008
0.00788013
0.00855108
0.00920981
0.0098517
0.0104712
0.0110618
0.0116164
0.0121267
0.0125839
0.000341187
0.00102379
0.00170705
0.00239131
0.00307676
0.00376344
0.00445112
0.00513932
0.00582714
0.00651328
0.00719592
0.00787263
0.00854029
0.00919505
0.00983223
0.0104463
0.0110308
0.0115787
0.0120821
0.0125327
-0.000161097
-0.000414868
-0.0006871
-0.000969313
-0.00126256
-0.00156785
-0.0018875
-0.0022233
-0.00257742
-0.00295217
-0.00335023
-0.0037743
-0.00422613
-0.00470566
-0.00520745
-0.00571082
-0.00609954
-0.00598311
-0.00492551
-0.00904527
-0.000129617
-0.000355605
-0.000582292
-0.000818683
-0.00106193
-0.00131276
-0.00157113
-0.00183702
-0.00210953
-0.00238689
-0.00266565
-0.00293946
-0.00319749
-0.00342211
-0.00358327
-0.00360455
-0.00329597
-0.00231698
-0.000735218
0.000764544
-0.000109303
-0.000291352
-0.000476707
-0.00066691
-0.000860708
-0.00105759
-0.00125627
-0.00145478
-0.00164991
-0.00183656
-0.00200669
-0.00214762
-0.00223991
-0.00225332
-0.00213609
-0.00178785
-0.00104209
0.000235039
0.00195452
0.00414485
-8.92551e-05
-0.000228307
-0.000371273
-0.00051639
-0.000662073
-0.000807027
-0.000949055
-0.00108486
-0.00120959
-0.00131602
-0.00139351
-0.00142652
-0.00139264
-0.00125845
-0.000969498
-0.000435509
0.000458904
0.00177641
0.00347879
0.0054485
-6.85164e-05
-0.000166797
-0.000267648
-0.000368982
-0.000468512
-0.000564417
-0.000653894
-0.000732893
-0.000795652
-0.000833952
-0.000836138
-0.000785858
-0.000660225
-0.000426339
-3.54964e-05
0.000578978
0.00148214
0.00269436
0.0041611
0.00568682
-4.80867e-05
-0.00010684
-0.000166901
-0.000226131
-0.000281944
-0.000332203
-0.000373845
-0.000402589
-0.000412508
-0.000395436
-0.000340204
-0.000231715
-4.9517e-05
0.000234574
0.000659107
0.00127064
0.00210707
0.00316859
0.00438294
0.00554791
-2.81556e-05
-4.86891e-05
-6.95243e-05
-8.86083e-05
-0.000103311
-0.000111456
-0.000110035
-9.49597e-05
-6.07133e-05
1.12632e-07
9.73633e-05
0.000243984
0.000456928
0.000758238
0.00117517
0.00173628
0.0024598
0.00333531
0.00429641
0.00517912
-8.87907e-06
7.5175e-06
2.42984e-05
4.33571e-05
6.71795e-05
9.77582e-05
0.000137768
0.000190753
0.000261373
0.000355715
0.000481637
0.000649177
0.000871043
0.00116295
0.00154281
0.0020272
0.0026235
0.0033174
0.00405403
0.00470794
9.78285e-06
6.18306e-05
0.000114722
0.000170068
0.000230086
0.000296411
0.000371188
0.000457181
0.000557924
0.000677904
0.000822744
0.000999394
0.00121628
0.00148311
0.00180966
0.00220323
0.00266457
0.00318109
0.00371334
0.00416722
2.78784e-05
0.000114451
0.000202141
0.000292197
0.000386475
0.000486148
0.000592694
0.000707952
0.000834168
0.000974063
0.00113089
0.00130847
0.00151114
0.00174339
0.00200868
0.00230787
0.00263794
0.00298854
0.00333045
0.00359212
4.55167e-05
0.0001657
0.000287152
0.000410708
0.000537818
0.000669139
0.000805435
0.00094757
0.00109647
0.00125309
0.00141838
0.00159315
0.00177795
0.00197252
0.00217485
0.00238064
0.00258427
0.00277699
0.002934
0.00299915
6.28165e-05
0.000215954
0.000370443
0.000526695
0.00068575
0.000847753
0.00101276
0.0011807
0.0013512
0.00152357
0.00169654
0.00186817
0.00203553
0.00219415
0.00233725
0.00245603
0.00254195
0.00258463
0.00255633
0.00241224
7.99077e-05
0.000265605
0.000452722
0.000641272
0.000831923
0.00102436
0.00121802
0.00141197
0.00160472
0.00179406
0.0019768
0.00214848
0.002303
0.00243198
0.00252411
0.00256602
0.00254494
0.00244509
0.00222906
0.00185935
9.6905e-05
0.000315002
0.00053462
0.000755429
0.000977805
0.00120107
0.00142416
0.00164545
0.00186254
0.00207197
0.00226892
0.00244678
0.00259667
0.00270664
0.00276111
0.00274168
0.00262942
0.00239877
0.00199617
0.00138196
0.000113897
0.000364413
0.000616616
0.000869926
0.00112453
0.00137953
0.00163353
0.00188444
0.00212924
0.00236357
0.00258139
0.00277439
0.00293137
0.00303725
0.0030724
0.00301306
0.00283221
0.0024905
0.00191309
0.00105229
0.000130934
0.000413984
0.000698976
0.000985189
0.00127274
0.00156069
0.00184751
0.00213097
0.00240773
0.00267302
0.00292014
0.00313973
0.00331895
0.0034403
0.00348058
0.0034106
0.00319396
0.00277535
0.00205706
0.000970065
0.000148014
0.000463715
0.000781707
0.00110125
0.00142253
0.00174472
0.00206644
0.00238557
0.00269894
0.00300193
0.00328788
0.00354738
0.0037671
0.00392836
0.00400557
0.00396473
0.00376014
0.00332165
0.00253289
0.00130272
0.00016509
0.000513456
0.000864546
0.00121772
0.00157336
0.00193093
0.0022894
0.00264711
0.00300145
0.00334856
0.00368275
0.00399576
0.00427557
0.00450474
0.00465812
0.0046997
0.00457697
0.00420903
0.00347006
0.00219214
0.000182061
0.00056291
0.000946974
0.00133383
0.00172414
0.00211782
0.00251437
0.00291283
0.00331155
0.00370794
0.00409805
0.00447602
0.00483316
0.0051565
0.00542654
0.00561284
0.00566519
0.0054979
0.00497636
0.00398401
0.000198789
0.000611659
0.00102826
0.00144846
0.00187331
0.00230323
0.00273839
0.00317872
0.00362373
0.00407245
0.00452317
0.00497318
0.00541838
0.00585268
0.00626704
0.0066467
0.00696347
0.00715851
0.0071086
0.00647665
-0.000264847
-0.00063109
-0.00109944
-0.00154159
-0.00203161
-0.00254088
-0.00309289
-0.00368802
-0.00433988
-0.00505971
-0.00586258
-0.00677055
-0.00779771
-0.0089912
-0.0103122
-0.0119009
-0.013444
-0.0155364
-0.0168813
-0.019325
-0.000265618
-0.000620163
-0.00108532
-0.00151951
-0.00200334
-0.00250485
-0.003049
-0.00363541
-0.00427799
-0.00498799
-0.00578085
-0.00667981
-0.00770017
-0.0088947
-0.0102263
-0.0118597
-0.0134627
-0.0156898
-0.0170809
-0.0195895
-0.000265598
-0.000609439
-0.00107064
-0.00149702
-0.00197429
-0.00246791
-0.0030039
-0.00358127
-0.00421411
-0.00491369
-0.00569576
-0.00658452
-0.00759659
-0.00878951
-0.0101291
-0.011801
-0.0134601
-0.0158137
-0.0172519
-0.0197766
-0.000265021
-0.000598809
-0.00105546
-0.0014741
-0.00194448
-0.00243006
-0.00295756
-0.00352556
-0.00414822
-0.00483677
-0.00560724
-0.00648458
-0.00748678
-0.00867531
-0.0100197
-0.0117234
-0.0134324
-0.0159056
-0.0174083
-0.0199876
-0.000263968
-0.000588226
-0.0010398
-0.00145075
-0.00191393
-0.0023913
-0.00291001
-0.00346832
-0.00408034
-0.00475726
-0.00551529
-0.00637994
-0.00737053
-0.0085517
-0.00989722
-0.0116259
-0.0133782
-0.0159634
-0.0175423
-0.0202122
-0.000262506
-0.000577658
-0.00102367
-0.00142698
-0.00188266
-0.00235167
-0.00286129
-0.00340957
-0.0040105
-0.00467519
-0.00541993
-0.00627057
-0.00724772
-0.00841836
-0.00976106
-0.0115071
-0.0132956
-0.0159852
-0.0176478
-0.0204338
-0.000260697
-0.000567077
-0.0010071
-0.00140279
-0.00185068
-0.00231117
-0.00281142
-0.00334935
-0.00393875
-0.00459058
-0.00532115
-0.00615646
-0.00711823
-0.00827503
-0.00961056
-0.011366
-0.0131828
-0.0159686
-0.0177199
-0.0206451
-0.000258593
-0.000556462
-0.000990097
-0.0013782
-0.00181802
-0.00226984
-0.00276043
-0.0032877
-0.00386512
-0.00450348
-0.00521902
-0.00603762
-0.00698201
-0.00812153
-0.0094452
-0.0112016
-0.0130379
-0.015911
-0.0177529
-0.020841
-0.000256241
-0.000545798
-0.000972677
-0.00135321
-0.00178471
-0.0022277
-0.00270836
-0.00322466
-0.00378966
-0.00441396
-0.00511358
-0.0059141
-0.00683904
-0.00795773
-0.00926457
-0.011013
-0.012859
-0.0158095
-0.0177396
-0.021016
-0.000253684
-0.00053507
-0.000954853
-0.00132783
-0.00175076
-0.00218477
-0.00265525
-0.00316026
-0.00371243
-0.00432207
-0.0050049
-0.00578599
-0.00668939
-0.0077836
-0.00906839
-0.0107992
-0.0126445
-0.0156608
-0.0176709
-0.0211647
-0.000250963
-0.000524272
-0.000936635
-0.00130209
-0.00171621
-0.00214108
-0.00260113
-0.00309457
-0.0036335
-0.0042279
-0.00489309
-0.0056534
-0.00653313
-0.00759922
-0.00885651
-0.0105597
-0.0123927
-0.0154612
-0.017536
-0.0212827
-0.000248118
-0.000513395
-0.000918032
-0.00127599
-0.00168107
-0.00209667
-0.00254605
-0.00302764
-0.00355293
-0.00413155
-0.00477826
-0.00551648
-0.00637045
-0.00740472
-0.00862891
-0.0102938
-0.0121024
-0.0152071
-0.017322
-0.0213668
-0.000245177
-0.000502444
-0.000899051
-0.00124956
-0.00164537
-0.00205156
-0.00249005
-0.00295952
-0.00347081
-0.0040331
-0.00466053
-0.00537539
-0.00620153
-0.00720037
-0.00838569
-0.0100012
-0.0117722
-0.0148936
-0.0170141
-0.0214166
-0.000242135
-0.000491434
-0.000879695
-0.0012228
-0.00160914
-0.00200578
-0.00243318
-0.00289027
-0.0033872
-0.00393266
-0.00454005
-0.00523033
-0.00602661
-0.00698645
-0.0081271
-0.00968156
-0.0114011
-0.0145148
-0.0165947
-0.0214325
-0.000239001
-0.000480377
-0.000859972
-0.00119574
-0.0015724
-0.00195937
-0.00237548
-0.00281996
-0.00330219
-0.00383035
-0.00441696
-0.00508152
-0.00584602
-0.00676344
-0.00785361
-0.00933514
-0.0109886
-0.0140642
-0.0160438
-0.0214108
-0.000236001
-0.000469186
-0.000839906
-0.0011684
-0.0015352
-0.00191237
-0.00231701
-0.00274866
-0.00321591
-0.00372634
-0.00429153
-0.00492935
-0.00566031
-0.00653219
-0.00756626
-0.00896325
-0.0105371
-0.0135423
-0.0153468
-0.0213555
-0.000233737
-0.00045764
-0.000819516
-0.00114083
-0.0014976
-0.00186486
-0.0022579
-0.00267654
-0.00312856
-0.00362092
-0.00416418
-0.00477443
-0.00547038
-0.006294
-0.00726659
-0.00856819
-0.0100537
-0.0129602
-0.0145077
-0.021352
-0.000232208
-0.000445867
-0.000798687
-0.00111308
-0.00145964
-0.00181688
-0.0021982
-0.00260367
-0.00304027
-0.00351426
-0.00403513
-0.00461709
-0.00527671
-0.00604945
-0.0069549
-0.00814969
-0.00954134
-0.0123071
-0.0135359
-0.0216151
-0.000227849
-0.00043566
-0.000776986
-0.00108518
-0.00142117
-0.0017683
-0.0021377
-0.00252977
-0.0029506
-0.00340574
-0.0039035
-0.00445604
-0.00507744
-0.00579575
-0.00662732
-0.00769909
-0.00897632
-0.0114646
-0.0123522
-0.0220208
-0.000213661
-0.00043002
-0.000754136
-0.00105682
-0.00138188
-0.00171876
-0.00207585
-0.00245409
-0.00285852
-0.00329394
-0.00376732
-0.00428848
-0.00486867
-0.005528
-0.00627879
-0.00720837
-0.00830827
-0.0102288
-0.0107365
-0.0208663
-3.14015e-06
-1.2543e-05
-2.49697e-05
-4.10977e-05
-6.2721e-05
-9.11069e-05
-0.000127295
-0.000171808
-0.000224289
-0.000282991
-0.000344268
-0.00040229
-0.000449284
-0.000476224
-0.000473808
-0.000434501
-0.000350545
-0.00022059
-4.76168e-05
0.000164327
-1.11721e-05
-2.4717e-05
-4.3466e-05
-7.04273e-05
-0.0001075
-0.000157047
-0.000220803
-0.000299164
-0.000390675
-0.000491206
-0.000593351
-0.000686367
-0.000757233
-0.000792685
-0.000781894
-0.000718456
-0.000600667
-0.000431287
-0.000217773
2.3629e-05
-1.33055e-05
-2.42182e-05
-3.99441e-05
-6.47261e-05
-9.95012e-05
-0.000145626
-0.000203466
-0.000271429
-0.000345129
-0.000416626
-0.000474433
-0.000505015
-0.000495879
-0.000439929
-0.000338859
-0.000202934
-4.90366e-05
0.000103953
0.000241322
0.000361017
-5.68031e-06
5.65275e-06
1.36257e-05
1.3433e-05
4.78299e-06
-1.32661e-05
-4.11253e-05
-7.75877e-05
-0.000119016
-0.000158628
-0.000186402
-0.000190483
-0.000160738
-9.37541e-05
4.2877e-06
0.000118628
0.000229707
0.000320096
0.00038021
0.000410078
5.20337e-06
4.13143e-05
7.85148e-05
0.000112794
0.000145756
0.000178653
0.000212936
0.000251107
0.000297029
0.000355865
0.000433388
0.000533895
0.000656263
0.000790606
0.000916633
0.00100589
0.0010293
0.000967781
0.000822156
0.000616201
1.83373e-05
7.77589e-05
0.000140783
0.000204139
0.000270084
0.000340741
0.000418194
0.00050512
0.000604821
0.0007208
0.000855558
0.00100791
0.00116986
0.00132398
0.00144241
0.00149067
0.00143679
0.00126439
0.000980676
0.000616378
2.61098e-05
9.74205e-05
0.000175493
0.000258438
0.000349475
0.000451798
0.000568112
0.000700879
0.000852033
0.0010222
0.00120924
0.00140623
0.00159937
0.00176634
0.00187648
0.0018949
0.00179087
0.00155015
0.00117979
0.000712409
2.42093e-05
8.45495e-05
0.000152243
0.000226929
0.000312037
0.000411316
0.000528152
0.000665563
0.000825661
0.0010084
0.00120988
0.00142037
0.00162225
0.00178907
0.00188692
0.00188053
0.00174159
0.00145414
0.00103066
0.000500564
9.74927e-06
3.7606e-05
7.23455e-05
0.000114281
0.000166481
0.000232266
0.000314556
0.000415793
0.000537432
0.000678852
0.000836069
0.00100005
0.00115496
0.00127938
0.00134054
0.00130868
0.00116611
0.000906924
0.000538637
8.5704e-05
-1.64336e-05
-4.53496e-05
-6.89762e-05
-8.60829e-05
-9.39822e-05
-8.97757e-05
-7.08357e-05
-3.50162e-05
1.8747e-05
8.94385e-05
0.000172789
0.000259081
0.000331546
0.000449142
0.000440152
0.000363874
0.000205352
-3.64273e-05
-0.000351151
-0.000718169
-5.488e-05
-0.000160816
-0.000263743
-0.000363523
-0.00045853
-0.000547039
-0.000627444
-0.000698303
-0.000758668
-0.000808693
-0.000850421
-0.000888738
-0.000926388
-0.000982749
-0.00107325
-0.00120615
-0.00138102
-0.00158823
-0.00181043
-0.00202926
-9.77311e-05
-0.00028976
-0.000481381
-0.000673418
-0.000865223
-0.00105622
-0.00124599
-0.00143422
-0.0016209
-0.00180658
-0.00199265
-0.00218112
-0.00237488
-0.00257844
-0.00279396
-0.00301774
-0.00323842
-0.00343631
-0.00358802
-0.00367662
-0.000145316
-0.000429695
-0.000716801
-0.00100961
-0.00130863
-0.00161464
-0.00192854
-0.00225116
-0.00258328
-0.00292555
-0.00327802
-0.00363941
-0.00400693
-0.00437356
-0.00472816
-0.00505341
-0.00532632
-0.00552009
-0.00561098
-0.00558858
-0.000188428
-0.000555784
-0.000929003
-0.00131283
-0.0017087
-0.00211851
-0.00254448
-0.00298878
-0.00345344
-0.00393987
-0.00444788
-0.00497419
-0.00551044
-0.0060432
-0.00654412
-0.00698044
-0.00731931
-0.00752973
-0.00759199
-0.00750529
-0.000226527
-0.0006659
-0.00111444
-0.00157832
-0.00205954
-0.00256078
-0.00308509
-0.00363545
-0.00421454
-0.00482406
-0.00546342
-0.00612777
-0.00680511
-0.00747253
-0.00809259
-0.00862379
-0.00901656
-0.00924323
-0.00929658
-0.00919026
-0.000255078
-0.00074667
-0.00124999
-0.00177216
-0.00231552
-0.00288324
-0.0034789
-0.00410605
-0.0047679
-0.00546649
-0.00620128
-0.0069667
-0.00774843
-0.00851922
-0.00923713
-0.00984918
-0.010303
-0.0105762
-0.0106375
-0.0105819
-0.00027334
-0.000797863
-0.00133623
-0.00189589
-0.00247945
-0.00309022
-0.00373208
-0.00440881
-0.00512384
-0.00587954
-0.00667564
-0.00750687
-0.00835885
-0.00920324
-0.009994
-0.0106707
-0.0111748
-0.0114871
-0.0116229
-0.0116361
-0.000280335
-0.000815222
-0.00136525
-0.00193814
-0.0025373
-0.00316638
-0.00382979
-0.00453182
-0.00527655
-0.00606718
-0.00690475
-0.00778591
-0.00869912
-0.00961952
-0.0105034
-0.0112891
-0.0119068
-0.012331
-0.0125799
-0.0127194
-0.000271574
-0.000790506
-0.00132472
-0.00188238
-0.00246859
-0.00308784
-0.0037458
-0.00444816
-0.00520085
-0.00600932
-0.00687749
-0.00780556
-0.00878644
-0.00980021
-0.0108061
-0.0117388
-0.0125052
-0.0130505
-0.0133863
-0.0136754
-0.000249995
-0.000716867
-0.00120316
-0.00170921
-0.00224524
-0.00281493
-0.00342648
-0.00408758
-0.00480812
-0.005599
-0.00647216
-0.00743914
-0.00850675
-0.00967261
-0.0109084
-0.0121627
-0.0133024
-0.0142331
-0.0146933
-0.0154043
0.000340893
0.000436461
0.000525721
0.000609916
0.000687789
0.000757675
0.000818302
0.000868784
0.000908563
0.000937411
0.000955405
0.000962897
0.000960457
0.000948815
0.000928789
0.000901273
0.000867371
0.000828321
0.000783747
0.000728746
0.000195248
0.000293301
0.000390276
0.000484115
0.00057317
0.00065601
0.000731347
0.000798083
0.000855345
0.000902514
0.000939229
0.000965381
0.000981096
0.000986712
0.000982747
0.000969867
0.000948826
0.000920365
0.000885302
0.000845098
0.00043871
0.000477828
0.000513328
0.000546977
0.000579156
0.000609921
0.000639261
0.000667032
0.000692942
0.000716567
0.000737401
0.000754899
0.000768523
0.000777789
0.000782303
0.000781795
0.000776177
0.000765554
0.000749994
0.000729012
0.000414496
0.000416831
0.000419386
0.000422154
0.000425575
0.000429971
0.000435393
0.000441656
0.000448383
0.000455045
0.000461017
0.000465633
0.000468243
0.000468255
0.000465174
0.000458629
0.000448417
0.000434506
0.000416768
0.000394571
0.000455093
0.000362767
0.00027275
0.000187145
0.000107726
3.58295e-05
-2.76973e-05
-8.24886e-05
-0.000128613
-0.000166508
-0.000196895
-0.000220693
-0.000238937
-0.000252704
-0.000263055
-0.000270959
-0.000277208
-0.000282457
-0.000287716
-0.000294959
0.000332806
0.000174047
2.08311e-05
-0.000126021
-0.000264502
-0.000392746
-0.000509492
-0.000614026
-0.0007061
-0.00078586
-0.000853776
-0.000910561
-0.000957094
-0.000994344
-0.00102331
-0.00104501
-0.00106054
-0.00107099
-0.00107658
-0.00107536
0.000356249
0.000151859
-5.03065e-05
-0.000247603
-0.000437235
-0.000616726
-0.000784148
-0.000938118
-0.00107775
-0.00120263
-0.00131272
-0.0014083
-0.00148993
-0.00155833
-0.00161438
-0.00165901
-0.00169308
-0.00171737
-0.00173345
-0.00174503
8.65927e-05
-0.000150391
-0.000385352
-0.000616218
-0.000840285
-0.00105499
-0.00125823
-0.00144839
-0.00162426
-0.00178501
-0.00193015
-0.00205948
-0.00217304
-0.00227106
-0.00235391
-0.00242211
-0.00247648
-0.00251807
-0.0025469
-0.00255963
-0.000264741
-0.000467393
-0.000670932
-0.00087406
-0.00107471
-0.0012708
-0.00146045
-0.00164208
-0.00181433
-0.00197604
-0.0021263
-0.00226439
-0.00238979
-0.00250214
-0.00260127
-0.00268712
-0.0027597
-0.00281902
-0.00286571
-0.00290214
-0.000996393
-0.0011568
-0.00131746
-0.00147779
-0.00163677
-0.00179332
-0.00194644
-0.00209531
-0.00223916
-0.0023773
-0.00250909
-0.0026339
-0.00275117
-0.0028603
-0.00296074
-0.00305194
-0.00313349
-0.00320511
-0.00326626
-0.00331478
-0.00217373
-0.00225165
-0.0023258
-0.00239754
-0.00246748
-0.00253613
-0.00260407
-0.00267184
-0.00273991
-0.00280855
-0.00287784
-0.00294765
-0.00301764
-0.00308724
-0.00315573
-0.00322224
-0.00328577
-0.00334521
-0.00339967
-0.003449
-0.00369256
-0.00369179
-0.00368279
-0.00366723
-0.00364698
-0.00362405
-0.00360052
-0.00357837
-0.00355939
-0.00354509
-0.00353664
-0.00353483
-0.00354006
-0.00355236
-0.00357135
-0.00359638
-0.0036264
-0.00366012
-0.00369644
-0.00373529
-0.00549697
-0.00542956
-0.00534944
-0.00525889
-0.00516063
-0.00505768
-0.00495313
-0.00485
-0.00475105
-0.00465871
-0.00457505
-0.00450165
-0.00443959
-0.00438946
-0.00435133
-0.00432484
-0.0043091
-0.00430282
-0.0043049
-0.00431563
-0.00734937
-0.00724246
-0.00712041
-0.00698576
-0.00684164
-0.0066916
-0.0065391
-0.0063875
-0.00623999
-0.00609939
-0.00596803
-0.00584788
-0.00574021
-0.00564586
-0.00556517
-0.00549799
-0.00544364
-0.00540092
-0.00536892
-0.00534857
-0.00901971
-0.00890692
-0.00878101
-0.00864374
-0.00849827
-0.00834762
-0.00819487
-0.0080433
-0.00789545
-0.0077536
-0.00761965
-0.00749505
-0.00738106
-0.00727819
-0.00718653
-0.00710591
-0.0070357
-0.00697484
-0.00692275
-0.00688117
-0.0104635
-0.010383
-0.0102914
-0.0101909
-0.0100844
-0.00997498
-0.00986502
-0.00975671
-0.00965185
-0.00955189
-0.00945785
-0.00937028
-0.00928913
-0.00921423
-0.00914517
-0.00908117
-0.0090212
-0.00896402
-0.00890874
-0.00885599
-0.0115757
-0.0115375
-0.0114953
-0.0114495
-0.0114012
-0.0113527
-0.0113061
-0.0112627
-0.0112237
-0.0111893
-0.0111594
-0.0111334
-0.0111102
-0.0110883
-0.0110666
-0.0110436
-0.0110172
-0.0109861
-0.0109496
-0.0109112
-0.0127415
-0.0127529
-0.0127609
-0.0127611
-0.0127603
-0.0127616
-0.012767
-0.0127781
-0.0127959
-0.0128206
-0.0128513
-0.0128865
-0.012924
-0.0129612
-0.0129948
-0.0130207
-0.0130369
-0.0130409
-0.0130296
-0.0130022
-0.0136389
-0.0136401
-0.0136499
-0.0136601
-0.0136671
-0.0136761
-0.013692
-0.0137181
-0.013756
-0.0138061
-0.0138676
-0.013938
-0.0140139
-0.0140903
-0.0141616
-0.0142231
-0.0142703
-0.0142941
-0.0142934
-0.0142857
-0.0154743
-0.0153056
-0.0151351
-0.0149908
-0.0148679
-0.0147687
-0.0146991
-0.0146645
-0.0146678
-0.0147103
-0.0147908
-0.0149066
-0.015053
-0.0152238
-0.0154122
-0.0156094
-0.0158042
-0.0159982
-0.016224
-0.0165069
0.000605294
0.000462297
0.000343069
0.000246749
0.000171782
0.000115145
7.34273e-05
4.34237e-05
2.24096e-05
8.19546e-06
-9.39583e-07
-6.34696e-06
-9.09361e-06
-1.00117e-05
-9.72733e-06
-8.71087e-06
-7.32112e-06
-5.67671e-06
-3.5e-06
-8.76961e-07
0.000760954
0.000620902
0.000483444
0.00035901
0.000252761
0.000166153
9.82289e-05
4.67715e-05
9.17635e-06
-1.70556e-05
-3.41358e-05
-4.39568e-05
-4.81095e-05
-4.79109e-05
-4.44623e-05
-3.87215e-05
-3.14232e-05
-2.2787e-05
-1.28648e-05
-3.43886e-06
0.000677847
0.000573532
0.000453374
0.000332848
0.000222233
0.00012719
4.98966e-05
-9.82911e-06
-5.35057e-05
-8.32288e-05
-0.000101211
-0.000109556
-0.000110161
-0.000104683
-9.45676e-05
-8.10561e-05
-6.50301e-05
-4.68569e-05
-2.71089e-05
-8.25133e-06
0.000344064
0.000254742
0.000155724
5.80211e-05
-2.97598e-05
-0.000102809
-0.000159395
-0.000199841
-0.000225589
-0.000238549
-0.000240687
-0.000233848
-0.000219676
-0.000199625
-0.000174985
-0.00014688
-0.000116094
-8.2993e-05
-4.83743e-05
-1.51728e-05
-0.000313973
-0.000342369
-0.000372721
-0.000403112
-0.000429804
-0.000449888
-0.000461631
-0.000464328
-0.000458044
-0.000443357
-0.000421105
-0.000392227
-0.000357664
-0.00031832
-0.000275062
-0.00022866
-0.000179625
-0.000128224
-7.5431e-05
-2.43058e-05
-0.00106037
-0.00103158
-0.000999172
-0.000965955
-0.000931973
-0.000895963
-0.00085667
-0.000813319
-0.000765619
-0.000713635
-0.000657638
-0.000597991
-0.000535085
-0.000469317
-0.000401081
-0.00033073
-0.00025843
-0.00018425
-0.000109043
-3.5566e-05
-0.00176156
-0.00173093
-0.00166702
-0.00158354
-0.00149015
-0.00139314
-0.00129588
-0.00119963
-0.00110456
-0.00101035
-0.000916578
-0.000822833
-0.000728781
-0.000634161
-0.000538781
-0.000442455
-0.000344903
-0.000245897
-0.000146139
-4.80831e-05
-0.00255269
-0.00248182
-0.00236273
-0.00221687
-0.00206062
-0.00190394
-0.00175173
-0.0016055
-0.00146501
-0.00132933
-0.00119741
-0.00106829
-0.000941161
-0.000815344
-0.000690263
-0.000565365
-0.000440054
-0.000313883
-0.00018727
-6.19897e-05
-0.00295509
-0.00293821
-0.0028511
-0.00271327
-0.00254489
-0.00236264
-0.00217754
-0.0019954
-0.00181844
-0.00164696
-0.00148038
-0.00131789
-0.00115864
-0.00100187
-0.000846832
-0.000692791
-0.000538942
-0.000384641
-0.000230037
-7.6411e-05
-0.00338118
-0.00339027
-0.00331577
-0.00317622
-0.00299504
-0.00279261
-0.0025829
-0.00237363
-0.00216809
-0.00196707
-0.00177032
-0.00157722
-0.00138715
-0.00119952
-0.00101375
-0.000829191
-0.000645085
-0.000460784
-0.000276207
-9.20011e-05
-0.00353272
-0.0035842
-0.00356522
-0.00347773
-0.00333503
-0.00315465
-0.00295182
-0.00273724
-0.00251731
-0.00229543
-0.00207327
-0.00185167
-0.00163105
-0.00141164
-0.00119343
-0.000976206
-0.00075949
-0.000542739
-0.000325701
-0.0001086
-0.00381225
-0.00388682
-0.003907
-0.00385878
-0.00374465
-0.00357869
-0.00337693
-0.00315243
-0.00291413
-0.00266764
-0.00241635
-0.00216238
-0.00190717
-0.00165174
-0.00139673
-0.00114242
-0.000888677
-0.000635152
-0.000381449
-0.000127288
-0.00435026
-0.00439618
-0.00441375
-0.0043756
-0.00427235
-0.00410964
-0.00390045
-0.00365804
-0.00339312
-0.00311338
-0.00282415
-0.00252909
-0.00223088
-0.00193144
-0.00163214
-0.00133378
-0.0010366
-0.000740398
-0.000444584
-0.000148343
-0.00533016
-0.00531817
-0.00529464
-0.00522205
-0.00508399
-0.004881
-0.00462487
-0.0043301
-0.00400923
-0.00367165
-0.00332395
-0.00297071
-0.00261518
-0.00225969
-0.00190584
-0.00155459
-0.00120623
-0.000860473
-0.000516391
-0.000172308
-0.00682047
-0.00673215
-0.00662323
-0.00645901
-0.00622557
-0.00592552
-0.00557264
-0.00518338
-0.00477171
-0.00434773
-0.00391826
-0.0034878
-0.00305935
-0.00263492
-0.00221582
-0.00180267
-0.0013955
-0.000993664
-0.000595699
-0.000198759
-0.00875928
-0.00858514
-0.00836114
-0.00806049
-0.00767792
-0.00722526
-0.00672435
-0.00619672
-0.00565845
-0.00511967
-0.00458619
-0.00406115
-0.00354624
-0.0030423
-0.00254961
-0.00206798
-0.00159673
-0.0011346
-0.000679401
-0.000226776
-0.0108357
-0.0106226
-0.0102994
-0.00985171
-0.00929075
-0.00865109
-0.00797107
-0.00728009
-0.00659613
-0.00592819
-0.00527988
-0.00465211
-0.00404462
-0.00345665
-0.00288714
-0.00233484
-0.00179815
-0.00127504
-0.000762564
-0.000254712
-0.0129227
-0.0126374
-0.0121892
-0.0115833
-0.0108454
-0.0100247
-0.00917111
-0.00832065
-0.00749351
-0.00669823
-0.00593683
-0.00520843
-0.004511
-0.00384219
-0.00319955
-0.00258063
-0.00198283
-0.00140328
-0.000838184
-0.000280304
-0.0142902
-0.0140668
-0.0136343
-0.0129921
-0.0121583
-0.0112034
-0.0102037
-0.00921243
-0.00825756
-0.00734933
-0.00648887
-0.00567356
-0.00489944
-0.00416236
-0.00345838
-0.00278385
-0.00213525
-0.00150884
-0.00090005
-0.000301585
-0.0159069
-0.0156776
-0.015089
-0.0142562
-0.0132297
-0.0121006
-0.010955
-0.00984499
-0.00879298
-0.00780387
-0.00687473
-0.00599966
-0.00517256
-0.00438794
-0.00364091
-0.00292711
-0.00224259
-0.0015829
-0.000942774
-0.000317875
-0.0161603
-0.015701
-0.0151287
-0.0143441
-0.0133631
-0.0122636
-0.0111308
-0.0100204
-0.00895965
-0.00795711
-0.00701184
-0.00611943
-0.00527476
-0.00447303
-0.00370975
-0.00298081
-0.00228245
-0.00160972
-0.000957071
-0.000327899
-0.0153621
-0.0153065
-0.0149039
-0.0142428
-0.0133412
-0.0122848
-0.0111728
-0.0100728
-0.00901529
-0.0080115
-0.00706206
-0.00616399
-0.00531299
-0.00450478
-0.00373522
-0.00300044
-0.00229672
-0.0016187
-0.000961253
-0.000334218
-0.0149731
-0.0149894
-0.0146858
-0.0141106
-0.0132703
-0.0122539
-0.0111641
-0.0100816
-0.00903352
-0.00803352
-0.00708408
-0.00618393
-0.0053299
-0.00451835
-0.00374557
-0.00300789
-0.00230146
-0.0016209
-0.000963148
-0.000337254
-0.0147151
-0.014736
-0.0144857
-0.0139717
-0.0131774
-0.0121954
-0.011132
-0.0100639
-0.00902494
-0.00802936
-0.00708147
-0.00618121
-0.00532646
-0.00451414
-0.00374085
-0.00300303
-0.00229665
-0.00161699
-0.00096233
-0.00033527
-0.0145698
-0.0145829
-0.0143539
-0.0138692
-0.0130978
-0.0121332
-0.0110852
-0.0100266
-0.00899361
-0.00800149
-0.00705549
-0.00615638
-0.00530271
-0.00449186
-0.0037206
-0.00298534
-0.00228209
-0.00160656
-0.000956734
-0.000331321
-0.0145241
-0.0145214
-0.0142943
-0.013811
-0.0130434
-0.0120798
-0.0110342
-0.00997701
-0.0089447
-0.00795299
-0.00700768
-0.00610991
-0.00525853
-0.00445105
-0.00368421
-0.0029543
-0.00225723
-0.00158869
-0.00094613
-0.000326539
-0.0145757
-0.014556
-0.0143184
-0.0138138
-0.0130253
-0.0120425
-0.0109832
-0.00991705
-0.00887875
-0.00788356
-0.00693716
-0.0060406
-0.00519256
-0.00439035
-0.00363043
-0.00290878
-0.00222104
-0.00156258
-0.000930431
-0.000320773
-0.014726
-0.0146903
-0.0144232
-0.0138785
-0.0130448
-0.0120224
-0.0109336
-0.00984703
-0.00879507
-0.00779173
-0.00684199
-0.00594629
-0.00510267
-0.0043078
-0.00355756
-0.00284738
-0.00217237
-0.00152748
-0.000909359
-0.000313587
-0.0149836
-0.01493
-0.0146178
-0.01401
-0.013104
-0.0120184
-0.0108821
-0.00976248
-0.0086888
-0.00767269
-0.00671767
-0.00582293
-0.00498531
-0.0042004
-0.00346313
-0.0027681
-0.00210975
-0.00148243
-0.000882368
-0.000304585
-0.0153646
-0.0152859
-0.0149107
-0.0142082
-0.0131985
-0.0120235
-0.0108207
-0.00965537
-0.00855216
-0.00751922
-0.00655775
-0.00566496
-0.00483584
-0.00406437
-0.00334413
-0.00266866
-0.00203148
-0.00142629
-0.000848795
-0.000293448
-0.0158977
-0.0157766
-0.0153167
-0.0144721
-0.0133204
-0.0120266
-0.0107363
-0.00951237
-0.00837276
-0.00732048
-0.00635313
-0.00546495
-0.00464832
-0.00389504
-0.00319699
-0.00254635
-0.00193563
-0.00135776
-0.000807879
-0.000279873
-0.0166313
-0.0164278
-0.0158544
-0.0147949
-0.0134533
-0.012008
-0.0106091
-0.00931462
-0.00813398
-0.00706264
-0.00609266
-0.0052141
-0.00441592
-0.0036872
-0.00301777
-0.00239829
-0.00182016
-0.00127549
-0.000758848
-0.000263579
-0.0176442
-0.0172722
-0.0165447
-0.0151625
-0.0135691
-0.0119381
-0.0104103
-0.00903631
-0.0078143
-0.00672851
-0.005763
-0.00490224
-0.00413098
-0.00343519
-0.00280237
-0.00222157
-0.00168304
-0.00117815
-0.000700957
-0.000244297
-0.0190615
-0.0183506
-0.0173929
-0.0155414
-0.0136188
-0.0117685
-0.0100984
-0.00864368
-0.0073872
-0.00629777
-0.0053489
-0.00451813
-0.00378542
-0.00313328
-0.00254683
-0.00201351
-0.00152253
-0.00106467
-0.000633604
-0.000221814
-0.0210303
-0.0197389
-0.0183599
-0.0158547
-0.0135154
-0.0114239
-0.00961451
-0.00809254
-0.00681951
-0.00574596
-0.00483284
-0.00404969
-0.00337117
-0.0027763
-0.00224793
-0.00177214
-0.00133746
-0.000934374
-0.000556438
-0.000196002
-0.0236381
-0.0214993
-0.0193045
-0.015936
-0.0131109
-0.0107919
-0.00887775
-0.00732464
-0.00606977
-0.00504484
-0.00419674
-0.00348602
-0.00288211
-0.00236105
-0.00190418
-0.00149693
-0.00112774
-0.000787324
-0.000469519
-0.000166868
-0.0268289
-0.023408
-0.0198707
-0.015489
-0.0121881
-0.00972035
-0.00778007
-0.00626709
-0.00509294
-0.00416921
-0.00342813
-0.00282213
-0.00231722
-0.00188842
-0.00151717
-0.00118955
-0.000894806
-0.000624586
-0.000373456
-0.000134591
-0.0299492
-0.0239683
-0.0193519
-0.0141297
-0.0104689
-0.00800194
-0.00619358
-0.0048553
-0.00386357
-0.00311388
-0.00253086
-0.00206513
-0.00168407
-0.00136523
-0.0010926
-0.000854466
-0.000641992
-0.000448425
-0.000269535
-9.95826e-05
-0.0290111
-0.0210058
-0.0168988
-0.0113481
-0.00760103
-0.00545144
-0.00405763
-0.00309394
-0.00241034
-0.00191077
-0.00153262
-0.001237
-0.000999601
-0.000804382
-0.000640155
-0.000498834
-0.000374376
-0.000262202
-0.000159695
-6.26198e-05
-0.0512212
-0.015221
-0.010682
-0.00606538
-0.00335864
-0.002148
-0.00151683
-0.00111102
-0.000827747
-0.000625591
-0.000478676
-0.000369421
-0.000286429
-0.000222255
-0.000171772
-0.000131283
-9.80085e-05
-6.98416e-05
-4.61808e-05
-2.49016e-05
)
;

boundaryField
{
    inlet
    {
        type            zeroGradient;
    }
    outlet
    {
        type            fixedValue;
        value           uniform 0;
    }
    upAndBottom
    {
        type            empty;
    }
    obstacle
    {
        type            zeroGradient;
    }
}


// ************************************************************************* //
