/*--------------------------------*- C++ -*----------------------------------*\
| =========                 |                                                 |
| \\      /  F ield         | OpenFOAM: The Open Source CFD Toolbox           |
|  \\    /   O peration     | Version:  v1806                                 |
|   \\  /    A nd           | Web:      www.OpenFOAM.com                      |
|    \\/     M anipulation  |                                                 |
\*---------------------------------------------------------------------------*/
FoamFile
{
    version     2.0;
    format      ascii;
    class       volVectorField;
    location    "30";
    object      U;
}
// * * * * * * * * * * * * * * * * * * * * * * * * * * * * * * * * * * * * * //

dimensions      [0 1 -1 0 0 0 0];


internalField   nonuniform List<vector> 
2400
(
(0.3 -0.00172615 0)
(0.299998 -0.00522929 0)
(0.299994 -0.00878895 0)
(0.299988 -0.0124104 0)
(0.299979 -0.0161011 0)
(0.299968 -0.0198695 0)
(0.299954 -0.0237177 0)
(0.299938 -0.0276431 0)
(0.299921 -0.0316518 0)
(0.299903 -0.035759 0)
(0.299884 -0.0399707 0)
(0.299863 -0.0442613 0)
(0.299843 -0.0486132 0)
(0.29982 -0.0530512 0)
(0.299792 -0.0576325 0)
(0.299745 -0.0624105 0)
(0.299673 -0.0672667 0)
(0.299564 -0.0721431 0)
(0.299402 -0.0771023 0)
(0.299162 -0.0822002 0)
(0.3 -0.00172465 0)
(0.299995 -0.00522462 0)
(0.299986 -0.008781 0)
(0.299973 -0.0123993 0)
(0.299955 -0.0160871 0)
(0.299934 -0.0198528 0)
(0.299911 -0.0236992 0)
(0.299887 -0.0276241 0)
(0.299866 -0.0316331 0)
(0.299847 -0.0357407 0)
(0.299831 -0.0399527 0)
(0.299819 -0.0442445 0)
(0.299813 -0.048598 0)
(0.29981 -0.0530343 0)
(0.299808 -0.0576034 0)
(0.29979 -0.0623529 0)
(0.299742 -0.0671691 0)
(0.299654 -0.0719873 0)
(0.299503 -0.0768618 0)
(0.299262 -0.0818261 0)
(0.3 -0.00172153 0)
(0.299992 -0.00521499 0)
(0.299976 -0.00876507 0)
(0.299953 -0.0123778 0)
(0.299923 -0.0160612 0)
(0.299888 -0.019824 0)
(0.299851 -0.0236694 0)
(0.299815 -0.027596 0)
(0.299783 -0.0316091 0)
(0.299758 -0.0357221 0)
(0.299741 -0.0399405 0)
(0.299735 -0.0442404 0)
(0.299741 -0.0486023 0)
(0.29976 -0.0530435 0)
(0.299786 -0.0576072 0)
(0.299802 -0.0623352 0)
(0.299793 -0.0671159 0)
(0.299744 -0.0718793 0)
(0.29963 -0.0766715 0)
(0.299419 -0.081513 0)
(0.299999 -0.00171648 0)
(0.299988 -0.00519953 0)
(0.299964 -0.0087397 0)
(0.299928 -0.0123439 0)
(0.299883 -0.0160208 0)
(0.299831 -0.0197796 0)
(0.299775 -0.0236245 0)
(0.299721 -0.0275547 0)
(0.299673 -0.0315753 0)
(0.299636 -0.035699 0)
(0.299614 -0.0399304 0)
(0.299609 -0.0442461 0)
(0.299626 -0.0486254 0)
(0.299666 -0.0530812 0)
(0.299723 -0.0576492 0)
(0.299783 -0.0623635 0)
(0.299826 -0.0671143 0)
(0.299836 -0.0718262 0)
(0.299785 -0.0765377 0)
(0.299639 -0.081255 0)
(0.299999 -0.00170907 0)
(0.299983 -0.00517691 0)
(0.299948 -0.00870262 0)
(0.299897 -0.0122943 0)
(0.299832 -0.0159615 0)
(0.299757 -0.0197145 0)
(0.299677 -0.0235583 0)
(0.299597 -0.0274933 0)
(0.299526 -0.0315246 0)
(0.299471 -0.0356642 0)
(0.299436 -0.0399159 0)
(0.299427 -0.0442567 0)
(0.299452 -0.0486643 0)
(0.299512 -0.0531471 0)
(0.299604 -0.0577326 0)
(0.299715 -0.0624463 0)
(0.299825 -0.0671786 0)
(0.299916 -0.0718479 0)
(0.299958 -0.0764842 0)
(0.299914 -0.0810792 0)
(0.299999 -0.00169864 0)
(0.299976 -0.00514522 0)
(0.299929 -0.00865065 0)
(0.299858 -0.0122246 0)
(0.299767 -0.0158779 0)
(0.299662 -0.019622 0)
(0.299549 -0.0234633 0)
(0.299436 -0.0274037 0)
(0.299332 -0.0314484 0)
(0.299247 -0.0356095 0)
(0.299191 -0.0398898 0)
(0.29917 -0.0442667 0)
(0.299196 -0.0487161 0)
(0.299273 -0.053242 0)
(0.299403 -0.0578633 0)
(0.299574 -0.0625957 0)
(0.299765 -0.0673275 0)
(0.299961 -0.0719709 0)
(0.300127 -0.0765454 0)
(0.300223 -0.0810299 0)
(0.299998 -0.00168439 0)
(0.299967 -0.00510203 0)
(0.299903 -0.00857977 0)
(0.299808 -0.0121292 0)
(0.299685 -0.0157627 0)
(0.299541 -0.0194936 0)
(0.299385 -0.0233296 0)
(0.299226 -0.0272749 0)
(0.299077 -0.0313353 0)
(0.29895 -0.0355236 0)
(0.298858 -0.0398412 0)
(0.298813 -0.0442674 0)
(0.298831 -0.048775 0)
(0.29892 -0.0533647 0)
(0.299086 -0.058046 0)
(0.299323 -0.0628235 0)
(0.299612 -0.0675814 0)
(0.299936 -0.0722241 0)
(0.30026 -0.0767594 0)
(0.300541 -0.0811525 0)
(0.299998 -0.00166532 0)
(0.299956 -0.0050444 0)
(0.299872 -0.00848507 0)
(0.299745 -0.0120013 0)
(0.299581 -0.0156071 0)
(0.299388 -0.0193185 0)
(0.299175 -0.0231447 0)
(0.298956 -0.0270932 0)
(0.298745 -0.0311701 0)
(0.298559 -0.0353911 0)
(0.298414 -0.0397552 0)
(0.298328 -0.0442459 0)
(0.298323 -0.0488308 0)
(0.298413 -0.053511 0)
(0.298612 -0.0582824 0)
(0.298918 -0.0631407 0)
(0.299318 -0.0679609 0)
(0.299797 -0.0726389 0)
(0.300317 -0.0771679 0)
(0.300832 -0.0814968 0)
(0.299997 -0.00164031 0)
(0.299943 -0.00496888 0)
(0.299832 -0.00836078 0)
(0.299667 -0.0118326 0)
(0.299452 -0.0154007 0)
(0.299197 -0.0190838 0)
(0.298913 -0.0228932 0)
(0.298616 -0.0268411 0)
(0.298322 -0.0309335 0)
(0.298054 -0.0351919 0)
(0.297832 -0.039611 0)
(0.297682 -0.0441836 0)
(0.297632 -0.0488672 0)
(0.297706 -0.0536714 0)
(0.297928 -0.0585697 0)
(0.298302 -0.0635568 0)
(0.298827 -0.0684869 0)
(0.299486 -0.0732499 0)
(0.300246 -0.0778194 0)
(0.301054 -0.0821211 0)
(0.299996 -0.00160804 0)
(0.299926 -0.00487159 0)
(0.299785 -0.00820035 0)
(0.299572 -0.011614 0)
(0.299295 -0.015131 0)
(0.298963 -0.0187742 0)
(0.29859 -0.0225567 0)
(0.298193 -0.026497 0)
(0.297792 -0.030601 0)
(0.297413 -0.0348998 0)
(0.297084 -0.0393806 0)
(0.296838 -0.0440544 0)
(0.296713 -0.0488591 0)
(0.296743 -0.0538301 0)
(0.296969 -0.0588973 0)
(0.297402 -0.0640791 0)
(0.298063 -0.069178 0)
(0.298929 -0.0740977 0)
(0.299981 -0.0787717 0)
(0.301156 -0.0830955 0)
(0.299995 -0.00156711 0)
(0.299907 -0.00474826 0)
(0.299729 -0.00799656 0)
(0.29946 -0.0113349 0)
(0.299107 -0.0147843 0)
(0.298683 -0.0183721 0)
(0.2982 -0.0221134 0)
(0.297677 -0.0260354 0)
(0.297139 -0.0301425 0)
(0.296614 -0.0344814 0)
(0.29614 -0.0390271 0)
(0.295755 -0.0438227 0)
(0.295513 -0.0487693 0)
(0.295458 -0.0539617 0)
(0.295658 -0.0592419 0)
(0.296128 -0.064713 0)
(0.296932 -0.0700471 0)
(0.298026 -0.0752335 0)
(0.299438 -0.0800934 0)
(0.30107 -0.0845093 0)
(0.299994 -0.00151605 0)
(0.299885 -0.0045944 0)
(0.299663 -0.00774177 0)
(0.299329 -0.0109842 0)
(0.298888 -0.0143455 0)
(0.298352 -0.0178579 0)
(0.297737 -0.021539 0)
(0.29706 -0.0254259 0)
(0.296349 -0.029522 0)
(0.295638 -0.033895 0)
(0.294968 -0.0385028 0)
(0.29439 -0.0434396 0)
(0.293972 -0.0485447 0)
(0.293774 -0.0540271 0)
(0.293899 -0.0595603 0)
(0.294363 -0.0654609 0)
(0.295313 -0.071092 0)
(0.296642 -0.0767305 0)
(0.298513 -0.0818628 0)
(0.300705 -0.0864856 0)
(0.299993 -0.00145339 0)
(0.299859 -0.00440558 0)
(0.299589 -0.00742832 0)
(0.299179 -0.0105506 0)
(0.298637 -0.0137991 0)
(0.297972 -0.0172108 0)
(0.2972 -0.0208065 0)
(0.296338 -0.0246343 0)
(0.295416 -0.0286974 0)
(0.294467 -0.0330895 0)
(0.293543 -0.0377481 0)
(0.292701 -0.042839 0)
(0.29203 -0.0481117 0)
(0.291604 -0.053965 0)
(0.291576 -0.0597802 0)
(0.291965 -0.066319 0)
(0.293045 -0.072277 0)
(0.29459 -0.0787081 0)
(0.297077 -0.084158 0)
(0.299921 -0.0892236 0)
(0.299992 -0.00137779 0)
(0.299831 -0.00417765 0)
(0.299506 -0.00704898 0)
(0.299013 -0.0100231 0)
(0.298357 -0.0131296 0)
(0.297545 -0.0164096 0)
(0.296593 -0.0198881 0)
(0.295513 -0.0236234 0)
(0.294338 -0.0276219 0)
(0.293093 -0.0320037 0)
(0.291849 -0.0366909 0)
(0.29065 -0.0419318 0)
(0.289628 -0.0473734 0)
(0.288854 -0.0536773 0)
(0.288555 -0.0597929 0)
(0.288755 -0.0672597 0)
(0.289903 -0.073506 0)
(0.291612 -0.081364 0)
(0.294964 -0.0870132 0)
(0.298466 -0.0931081 0)
(0.29999 -0.00128813 0)
(0.2998 -0.00390718 0)
(0.299417 -0.00659763 0)
(0.298833 -0.00939235 0)
(0.298054 -0.0123233 0)
(0.297079 -0.0154346 0)
(0.295927 -0.0187566 0)
(0.294595 -0.0223552 0)
(0.293128 -0.0262453 0)
(0.291523 -0.0305679 0)
(0.289886 -0.0352462 0)
(0.288213 -0.0406016 0)
(0.286724 -0.0462059 0)
(0.285421 -0.0530044 0)
(0.284692 -0.0594535 0)
(0.284513 -0.0681812 0)
(0.285566 -0.074612 0)
(0.287379 -0.0849814 0)
(0.291839 -0.0902972 0)
(0.295885 -0.0989562 0)
(0.299989 -0.00118368 0)
(0.299769 -0.00359191 0)
(0.299325 -0.00607004 0)
(0.298646 -0.00865138 0)
(0.297736 -0.0113695 0)
(0.296588 -0.0142698 0)
(0.295219 -0.0173879 0)
(0.293608 -0.0207944 0)
(0.291812 -0.0245173 0)
(0.289783 -0.028709 0)
(0.287679 -0.0333176 0)
(0.285392 -0.0387054 0)
(0.283306 -0.0444521 0)
(0.281206 -0.0517 0)
(0.279865 -0.0585789 0)
(0.278939 -0.0688018 0)
(0.279643 -0.0754289 0)
(0.281465 -0.0897924 0)
(0.286868 -0.0935571 0)
(0.291663 -0.108434 0)
(0.299987 -0.00106423 0)
(0.299737 -0.0032311 0)
(0.299233 -0.00546459 0)
(0.298459 -0.00779716 0)
(0.297417 -0.0102624 0)
(0.296091 -0.0129053 0)
(0.294497 -0.0157652 0)
(0.29259 -0.0189136 0)
(0.290436 -0.0223935 0)
(0.287931 -0.0263583 0)
(0.285287 -0.0308012 0)
(0.282243 -0.0360848 0)
(0.279414 -0.041907 0)
(0.276155 -0.0494286 0)
(0.274003 -0.056899 0)
(0.271606 -0.0685254 0)
(0.271825 -0.0759385 0)
(0.273053 -0.0955063 0)
(0.278611 -0.0962917 0)
(0.286012 -0.124493 0)
(0.299986 -0.000930275 0)
(0.299707 -0.00282598 0)
(0.299146 -0.00478299 0)
(0.298281 -0.00683154 0)
(0.297112 -0.00900319 0)
(0.295613 -0.0113401 0)
(0.293795 -0.0138824 0)
(0.291593 -0.0166991 0)
(0.289067 -0.0198438 0)
(0.286062 -0.0234636 0)
(0.282813 -0.0275988 0)
(0.278906 -0.0325874 0)
(0.275148 -0.0383108 0)
(0.270368 -0.045799 0)
(0.267067 -0.0539199 0)
(0.262076 -0.066421 0)
(0.261878 -0.0760955 0)
(0.260235 -0.100516 0)
(0.266429 -0.0998842 0)
(0.279529 -0.150908 0)
(0.299984 -0.000783416 0)
(0.299681 -0.00238032 0)
(0.299068 -0.00403132 0)
(0.298122 -0.00576291 0)
(0.296838 -0.00760221 0)
(0.295184 -0.00958542 0)
(0.293157 -0.0117504 0)
(0.290682 -0.0141585 0)
(0.287792 -0.016867 0)
(0.284307 -0.0200074 0)
(0.280415 -0.0236527 0)
(0.275631 -0.0281029 0)
(0.270721 -0.0334025 0)
(0.264231 -0.0404268 0)
(0.259066 -0.0488095 0)
(0.250463 -0.0614267 0)
(0.248896 -0.0746464 0)
(0.240126 -0.1019 0)
(0.251778 -0.111044 0)
(0.265663 -0.189935 0)
(0.299983 -0.000627219 0)
(0.299662 -0.00190185 0)
(0.299006 -0.00322226 0)
(0.297993 -0.0046091 0)
(0.296614 -0.00608266 0)
(0.294832 -0.00766978 0)
(0.292631 -0.00940448 0)
(0.289926 -0.0113323 0)
(0.286716 -0.01351 0)
(0.282818 -0.016036 0)
(0.278312 -0.019003 0)
(0.272746 -0.0226404 0)
(0.266556 -0.0270999 0)
(0.258461 -0.0330861 0)
(0.25041 -0.0407654 0)
(0.238096 -0.0524731 0)
(0.230676 -0.0679002 0)
(0.211335 -0.0965512 0)
(0.224197 -0.132339 0)
(0.213954 -0.229157 0)
(0.298767 -0.0885898 0)
(0.298009 -0.0965671 0)
(0.29679 -0.104422 0)
(0.295103 -0.111371 0)
(0.292681 -0.118273 0)
(0.289318 -0.127471 0)
(0.284146 -0.140532 0)
(0.277095 -0.157888 0)
(0.267228 -0.175765 0)
(0.255545 -0.195037 0)
(0.298843 -0.0879528 0)
(0.29802 -0.0954768 0)
(0.296677 -0.102778 0)
(0.294835 -0.10904 0)
(0.292258 -0.114947 0)
(0.28884 -0.122536 0)
(0.283708 -0.133236 0)
(0.276915 -0.147655 0)
(0.267548 -0.162323 0)
(0.25648 -0.178912 0)
(0.29902 -0.087414 0)
(0.298209 -0.0945758 0)
(0.296863 -0.101459 0)
(0.295017 -0.107252 0)
(0.292441 -0.112564 0)
(0.289094 -0.119341 0)
(0.284079 -0.128997 0)
(0.277573 -0.142385 0)
(0.268489 -0.155979 0)
(0.257936 -0.172099 0)
(0.299311 -0.0869229 0)
(0.298578 -0.0936996 0)
(0.297298 -0.100134 0)
(0.295515 -0.105431 0)
(0.293014 -0.110102 0)
(0.289835 -0.115897 0)
(0.285055 -0.12408 0)
(0.278974 -0.135645 0)
(0.270375 -0.147122 0)
(0.260518 -0.161573 0)
(0.299705 -0.0865168 0)
(0.299113 -0.0929099 0)
(0.297973 -0.0988942 0)
(0.296332 -0.103695 0)
(0.293983 -0.107759 0)
(0.291031 -0.11268 0)
(0.286506 -0.119649 0)
(0.280875 -0.129884 0)
(0.272674 -0.139875 0)
(0.263538 -0.153495 0)
(0.300185 -0.08625 0)
(0.2998 -0.0922636 0)
(0.298868 -0.0977939 0)
(0.297428 -0.102108 0)
(0.295284 -0.105609 0)
(0.292603 -0.109711 0)
(0.28839 -0.115508 0)
(0.283294 -0.124345 0)
(0.275587 -0.132687 0)
(0.26733 -0.145113 0)
(0.30073 -0.0861737 0)
(0.300619 -0.0918158 0)
(0.299962 -0.0968883 0)
(0.298786 -0.100713 0)
(0.296903 -0.103669 0)
(0.294522 -0.10699 0)
(0.290657 -0.111712 0)
(0.286129 -0.119298 0)
(0.278915 -0.126178 0)
(0.271569 -0.137573 0)
(0.301313 -0.0863443 0)
(0.301548 -0.0916227 0)
(0.301242 -0.0962262 0)
(0.300386 -0.0995503 0)
(0.298806 -0.101975 0)
(0.296735 -0.10456 0)
(0.293263 -0.10832 0)
(0.289344 -0.114721 0)
(0.282666 -0.120186 0)
(0.276227 -0.130299 0)
(0.301901 -0.0868264 0)
(0.302571 -0.0917467 0)
(0.302698 -0.0958598 0)
(0.302214 -0.0986587 0)
(0.300973 -0.100549 0)
(0.299217 -0.102436 0)
(0.296198 -0.105351 0)
(0.292878 -0.110627 0)
(0.286711 -0.114737 0)
(0.280928 -0.12326 0)
(0.302461 -0.0877008 0)
(0.303678 -0.0922594 0)
(0.30433 -0.0958385 0)
(0.304265 -0.0980674 0)
(0.30339 -0.0994065 0)
(0.301951 -0.100644 0)
(0.299442 -0.102834 0)
(0.296601 -0.106966 0)
(0.290792 -0.109657 0)
(0.285064 -0.115981 0)
(0.302955 -0.089073 0)
(0.304872 -0.0932443 0)
(0.306156 -0.0962119 0)
(0.306553 -0.0978061 0)
(0.306061 -0.0985682 0)
(0.304926 -0.0991993 0)
(0.302884 -0.100709 0)
(0.300139 -0.103529 0)
(0.294216 -0.104538 0)
(0.287424 -0.107828 0)
(0.303344 -0.091085 0)
(0.306188 -0.094796 0)
(0.308235 -0.0970316 0)
(0.309126 -0.0979065 0)
(0.308984 -0.0980381 0)
(0.308001 -0.0980385 0)
(0.30604 -0.0987149 0)
(0.30251 -0.0997994 0)
(0.295475 -0.0985964 0)
(0.28599 -0.0978974 0)
(0.303603 -0.0939304 0)
(0.307734 -0.0970175 0)
(0.310694 -0.098346 0)
(0.312026 -0.0983592 0)
(0.311945 -0.0976824 0)
(0.310492 -0.0967955 0)
(0.307472 -0.0961173 0)
(0.301539 -0.0947544 0)
(0.29177 -0.0906016 0)
(0.277794 -0.0851958 0)
(0.303813 -0.0979023 0)
(0.309795 -0.100023 0)
(0.313682 -0.100129 0)
(0.314948 -0.0988945 0)
(0.313846 -0.0968756 0)
(0.310251 -0.0943958 0)
(0.3039 -0.0914182 0)
(0.293263 -0.0867716 0)
(0.278862 -0.0790614 0)
(0.259281 -0.0690191 0)
(0.304477 -0.1035 0)
(0.312848 -0.103937 0)
(0.316791 -0.102006 0)
(0.316099 -0.0984694 0)
(0.311272 -0.093939 0)
(0.302378 -0.0886657 0)
(0.289517 -0.0823256 0)
(0.271982 -0.0739669 0)
(0.251881 -0.0629024 0)
(0.227532 -0.0496651 0)
(0.306881 -0.111424 0)
(0.316571 -0.108667 0)
(0.317061 -0.10257 0)
(0.309936 -0.0945641 0)
(0.29674 -0.0857863 0)
(0.278598 -0.0765528 0)
(0.256753 -0.0665525 0)
(0.232137 -0.0553624 0)
(0.207932 -0.0427506 0)
(0.182621 -0.0292005 0)
(0.311733 -0.121475 0)
(0.315934 -0.112092 0)
(0.305305 -0.09776 0)
(0.28495 -0.0826342 0)
(0.258709 -0.0685526 0)
(0.229682 -0.0557305 0)
(0.20052 -0.0439238 0)
(0.173217 -0.0329214 0)
(0.150365 -0.0222018 0)
(0.129928 -0.0115195 0)
(0.31276 -0.127303 0)
(0.294265 -0.105372 0)
(0.263338 -0.0790178 0)
(0.225385 -0.057214 0)
(0.187597 -0.040521 0)
(0.154193 -0.0282884 0)
(0.126864 -0.0195466 0)
(0.105693 -0.0130434 0)
(0.0906649 -0.00715107 0)
(0.0790159 -0.000496672 0)
(0.28565 -0.106325 0)
(0.218434 -0.0717697 0)
(0.169791 -0.0359725 0)
(0.124959 -0.0175434 0)
(0.0930573 -0.00867655 0)
(0.0716266 -0.00499676 0)
(0.0571716 -0.003397 0)
(0.0473435 -0.00229219 0)
(0.0413197 -0.000619776 0)
(0.0374463 0.00316049 0)
(0.18118 -0.0892992 0)
(0.0507567 -0.0300007 0)
(0.0350862 -0.00187811 0)
(0.0189023 0.00205252 0)
(0.0145283 0.00197059 0)
(0.0119551 0.00111381 0)
(0.0101502 0.000459071 0)
(0.008626 0.000157421 0)
(0.00781835 0.000400774 0)
(0.00805373 0.00243664 0)
(0.228323 -0.215145 0)
(0.173987 -0.210393 0)
(0.119745 -0.188078 0)
(0.0768184 -0.159206 0)
(0.0482712 -0.130143 0)
(0.0307269 -0.104862 0)
(0.0202102 -0.0842322 0)
(0.0137972 -0.067772 0)
(0.00975679 -0.0546366 0)
(0.00711085 -0.0440821 0)
(0.00531397 -0.0355339 0)
(0.00405507 -0.0285623 0)
(0.00315138 -0.0228403 0)
(0.00249153 -0.0181122 0)
(0.00200543 -0.014172 0)
(0.00164745 -0.0108493 0)
(0.0013878 -0.00800011 0)
(0.00120584 -0.00549933 0)
(0.00109185 -0.00326563 0)
(0.0010285 -0.00140273 0)
(0.231912 -0.194546 0)
(0.18146 -0.187029 0)
(0.129875 -0.167421 0)
(0.0870705 -0.144325 0)
(0.0569122 -0.120762 0)
(0.0372779 -0.0992936 0)
(0.0249766 -0.0809538 0)
(0.0172397 -0.0657955 0)
(0.0122666 -0.0534004 0)
(0.00896914 -0.0432777 0)
(0.00671321 -0.034991 0)
(0.00512604 -0.0281845 0)
(0.00398413 -0.0225712 0)
(0.00314939 -0.0179175 0)
(0.00253414 -0.0140302 0)
(0.00208096 -0.0107465 0)
(0.00175231 -0.00792727 0)
(0.00152193 -0.00545069 0)
(0.00137833 -0.00323733 0)
(0.00129736 -0.0013918 0)
(0.234459 -0.186319 0)
(0.184671 -0.177002 0)
(0.134346 -0.157197 0)
(0.0926983 -0.135587 0)
(0.0628805 -0.114219 0)
(0.0427262 -0.0948018 0)
(0.0295494 -0.0779881 0)
(0.0209232 -0.0638442 0)
(0.0151872 -0.0520953 0)
(0.0112766 -0.042383 0)
(0.00854072 -0.0343619 0)
(0.00658129 -0.0277323 0)
(0.00515158 -0.0222405 0)
(0.00409491 -0.0176732 0)
(0.00330944 -0.0138492 0)
(0.00272718 -0.0106135 0)
(0.00230309 -0.007832 0)
(0.00200497 -0.00538654 0)
(0.00181975 -0.00319996 0)
(0.00171442 -0.00137678 0)
(0.238564 -0.172522 0)
(0.189766 -0.16113 0)
(0.140005 -0.142911 0)
(0.0983761 -0.124826 0)
(0.0683035 -0.106819 0)
(0.0476145 -0.089903 0)
(0.0337698 -0.0747656 0)
(0.02446 -0.0616995 0)
(0.0181025 -0.0506368 0)
(0.0136599 -0.0413659 0)
(0.0104832 -0.0336355 0)
(0.00816525 -0.0272029 0)
(0.00644725 -0.0218491 0)
(0.00516115 -0.0173813 0)
(0.00419531 -0.0136314 0)
(0.00347368 -0.0104526 0)
(0.00294518 -0.00771636 0)
(0.0025724 -0.00530858 0)
(0.0023411 -0.00315471 0)
(0.00220901 -0.00135819 0)
(0.242529 -0.161904 0)
(0.193592 -0.148117 0)
(0.14422 -0.130301 0)
(0.102931 -0.114698 0)
(0.0729222 -0.0995084 0)
(0.0519342 -0.0848934 0)
(0.0376153 -0.0713754 0)
(0.0277735 -0.0593839 0)
(0.0209023 -0.0490238 0)
(0.0159983 -0.0402166 0)
(0.012424 -0.0327992 0)
(0.00977183 -0.0265838 0)
(0.00777797 -0.0213852 0)
(0.00626769 -0.0170317 0)
(0.00512267 -0.0133684 0)
(0.00426085 -0.010257 0)
(0.00362638 -0.00757527 0)
(0.00317739 -0.00521332 0)
(0.00289879 -0.00309949 0)
(0.00273929 -0.00133527 0)
(0.247046 -0.150079 0)
(0.197275 -0.133966 0)
(0.147733 -0.117164 0)
(0.10659 -0.10444 0)
(0.0767754 -0.0921425 0)
(0.0556933 -0.0797963 0)
(0.041082 -0.0678637 0)
(0.0308429 -0.0569349 0)
(0.0235509 -0.0472818 0)
(0.0182472 -0.0389509 0)
(0.0143152 -0.0318618 0)
(0.0113539 -0.0258793 0)
(0.00909966 -0.0208507 0)
(0.00737447 -0.0166247 0)
(0.00605565 -0.0130596 0)
(0.00505664 -0.0100261 0)
(0.00431781 -0.00740794 0)
(0.00379338 -0.00510007 0)
(0.00346769 -0.0030338 0)
(0.00328075 -0.00130782 0)
(0.251401 -0.138739 0)
(0.200021 -0.120063 0)
(0.150163 -0.104177 0)
(0.109275 -0.094298 0)
(0.0798719 -0.0848207 0)
(0.0589067 -0.0746726 0)
(0.0441761 -0.064275 0)
(0.0336642 -0.0543845 0)
(0.026036 -0.045433 0)
(0.0203887 -0.0375836 0)
(0.0161355 -0.0308333 0)
(0.0128893 -0.0250961 0)
(0.0103906 -0.0202499 0)
(0.008461 -0.0161631 0)
(0.00697532 -0.012707 0)
(0.00584368 -0.00976093 0)
(0.00500344 -0.00721515 0)
(0.0044054 -0.0049693 0)
(0.00403343 -0.00295783 0)
(0.00381927 -0.0012759 0)
(0.255413 -0.126814 0)
(0.201617 -0.105699 0)
(0.151365 -0.0911056 0)
(0.110928 -0.0842711 0)
(0.0822149 -0.0775998 0)
(0.0615903 -0.0695781 0)
(0.0469093 -0.0606509 0)
(0.0362411 -0.0517615 0)
(0.0283549 -0.0434964 0)
(0.0224154 -0.0361275 0)
(0.0178754 -0.0297225 0)
(0.0143672 -0.02424 0)
(0.0116396 -0.0195868 0)
(0.00951637 -0.0156498 0)
(0.00787134 -0.0123125 0)
(0.0066123 -0.00946297 0)
(0.00567425 -0.00699779 0)
(0.00500486 -0.00482152 0)
(0.00458777 -0.00287179 0)
(0.00434677 -0.00123956 0)
(0.258379 -0.114319 0)
(0.201493 -0.0909911 0)
(0.151081 -0.0780669 0)
(0.111479 -0.0744637 0)
(0.08381 -0.0705597 0)
(0.0637644 -0.0645706 0)
(0.0492976 -0.0570316 0)
(0.038582 -0.0490926 0)
(0.0305095 -0.0414898 0)
(0.0243254 -0.0345944 0)
(0.0195303 -0.0285369 0)
(0.0157818 -0.0233164 0)
(0.0128405 -0.0188652 0)
(0.0105343 -0.0150874 0)
(0.00873769 -0.0118779 0)
(0.00735681 -0.00913348 0)
(0.00632484 -0.00675676 0)
(0.00558667 -0.00465728 0)
(0.00512578 -0.00277593 0)
(0.00485845 -0.00119888 0)
(0.259442 -0.100768 0)
(0.199011 -0.0758529 0)
(0.149039 -0.0651599 0)
(0.110856 -0.065001 0)
(0.0846692 -0.0637909 0)
(0.0654553 -0.0597093 0)
(0.051362 -0.0534549 0)
(0.0406988 -0.0464025 0)
(0.0325048 -0.0394294 0)
(0.0261191 -0.032995 0)
(0.0210981 -0.0272841 0)
(0.0171298 -0.0223303 0)
(0.0139894 -0.0180886 0)
(0.0115109 -0.0144784 0)
(0.00957049 -0.0114053 0)
(0.00807349 -0.00877383 0)
(0.00695171 -0.00649299 0)
(0.00614749 -0.00447716 0)
(0.00564432 -0.0026705 0)
(0.00535127 -0.00115394 0)
(0.257325 -0.0858601 0)
(0.193402 -0.0604021 0)
(0.144974 -0.0526005 0)
(0.109011 -0.0560562 0)
(0.0848197 -0.0573976 0)
(0.0666979 -0.0550544 0)
(0.0531284 -0.0499566 0)
(0.0426066 -0.0437134 0)
(0.0343481 -0.0373295 0)
(0.0277987 -0.0313389 0)
(0.0225784 -0.0259706 0)
(0.0184092 -0.0212866 0)
(0.0150836 -0.0172607 0)
(0.0124433 -0.0138255 0)
(0.0103669 -0.0108964 0)
(0.00875963 -0.00838546 0)
(0.00755229 -0.0062075 0)
(0.0066849 -0.00428177 0)
(0.00614111 -0.00255584 0)
(0.00582308 -0.00110484 0)
(0.250396 -0.0693447 0)
(0.18388 -0.0448943 0)
(0.138691 -0.0407031 0)
(0.105942 -0.047843 0)
(0.0843119 -0.0514939 0)
(0.067538 -0.050665 0)
(0.0546282 -0.0465687 0)
(0.0443235 -0.0410446 0)
(0.0360482 -0.0352027 0)
(0.0293677 -0.0296349 0)
(0.0239715 -0.0246027 0)
(0.0196187 -0.0201899 0)
(0.0161211 -0.0163848 0)
(0.0133292 -0.0131313 0)
(0.0111246 -0.0103534 0)
(0.009413 -0.00796982 0)
(0.00812448 -0.00590132 0)
(0.00719694 -0.00407179 0)
(0.00661433 -0.00243229 0)
(0.00627219 -0.0010517 0)
(0.236802 -0.0512615 0)
(0.169812 -0.029821 0)
(0.130155 -0.0298939 0)
(0.10173 -0.0406058 0)
(0.0832296 -0.0461963 0)
(0.0680349 -0.0465957 0)
(0.0558987 -0.0433185 0)
(0.04587 -0.0384119 0)
(0.0376154 -0.0330592 0)
(0.0308303 -0.02789 0)
(0.0252782 -0.0231858 0)
(0.0207576 -0.0190442 0)
(0.0171004 -0.0154641 0)
(0.0141666 -0.0123984 0)
(0.0118416 -0.00977805 0)
(0.0100316 -0.00752838 0)
(0.00866646 -0.00557553 0)
(0.00768189 -0.00384793 0)
(0.0070624 -0.00230025 0)
(0.00669712 -0.000994651 0)
(0.214953 -0.0321491 0)
(0.151026 -0.0159369 0)
(0.119589 -0.0206871 0)
(0.0965615 -0.0345943 0)
(0.0816962 -0.041613 0)
(0.0682626 -0.0428926 0)
(0.0569825 -0.0402266 0)
(0.0472693 -0.0358269 0)
(0.0390613 -0.0309067 0)
(0.0321914 -0.0261103 0)
(0.0264998 -0.0217246 0)
(0.0218252 -0.0178533 0)
(0.01802 -0.0145018 0)
(0.0149538 -0.0116291 0)
(0.0125161 -0.00917242 0)
(0.0106138 -0.00706267 0)
(0.00917657 -0.00523123 0)
(0.0081382 -0.00361091 0)
(0.00748391 -0.00216014 0)
(0.00709654 -0.000933855 0)
(0.184451 -0.0132569 0)
(0.128171 -0.00418188 0)
(0.107547 -0.0136193 0)
(0.0907476 -0.0300217 0)
(0.079878 -0.0378286 0)
(0.0683097 -0.0395873 0)
(0.0579272 -0.0373059 0)
(0.0485455 -0.0332964 0)
(0.0403976 -0.0287503 0)
(0.033456 -0.0243002 0)
(0.0276379 -0.0202231 0)
(0.0228213 -0.0166209 0)
(0.0188787 -0.0135007 0)
(0.0156893 -0.0108259 0)
(0.0131464 -0.00853845 0)
(0.0111579 -0.0065742 0)
(0.00965328 -0.00486956 0)
(0.00856446 -0.00336151 0)
(0.00787754 -0.00201244 0)
(0.00746926 -0.000869472 0)
(0.147258 0.00326284 0)
(0.102892 0.00433564 0)
(0.0948794 -0.00914226 0)
(0.084717 -0.0270192 0)
(0.077979 -0.0348891 0)
(0.0682778 -0.0366915 0)
(0.0587835 -0.034559 0)
(0.049724 -0.0308221 0)
(0.0416366 -0.0265923 0)
(0.0346293 -0.0224626 0)
(0.0286941 -0.0186843 0)
(0.0237456 -0.0153497 0)
(0.0196755 -0.0124636 0)
(0.0163716 -0.00999122 0)
(0.0137311 -0.00787807 0)
(0.0116625 -0.00606452 0)
(0.0100952 -0.00449168 0)
(0.00895935 -0.00310053 0)
(0.0082421 -0.00185763 0)
(0.00781414 -0.000801682 0)
(0.107862 0.0153528 0)
(0.0775733 0.00898253 0)
(0.0826631 -0.00747296 0)
(0.0789849 -0.025603 0)
(0.07623 -0.0327878 0)
(0.0682769 -0.0341926 0)
(0.0596037 -0.0319771 0)
(0.0508294 -0.0283998 0)
(0.0427898 -0.0244323 0)
(0.0357162 -0.0205989 0)
(0.0296698 -0.0171107 0)
(0.0245979 -0.0140426 0)
(0.0204093 -0.0113931 0)
(0.0169994 -0.00912729 0)
(0.0142686 -0.00719324 0)
(0.0121261 -0.00553518 0)
(0.010501 -0.00409878 0)
(0.00932164 -0.00282878 0)
(0.00857648 -0.00169624 0)
(0.00813015 -0.00073068 0)
(0.0714576 0.022139 0)
(0.0545188 0.00984299 0)
(0.0719665 -0.00855176 0)
(0.0741022 -0.0256708 0)
(0.0748714 -0.0314559 0)
(0.0684184 -0.0320518 0)
(0.0604383 -0.0295385 0)
(0.0518849 -0.0260197 0)
(0.0438678 -0.0222668 0)
(0.036721 -0.0187095 0)
(0.0305664 -0.0155041 0)
(0.0253781 -0.0127019 0)
(0.0210792 -0.0102916 0)
(0.0175715 -0.00823637 0)
(0.0147578 -0.00648588 0)
(0.0125474 -0.00498777 0)
(0.0108695 -0.00369208 0)
(0.00965019 -0.0025471 0)
(0.00887965 -0.00152887 0)
(0.00841631 -0.000656586 0)
(0.0414491 0.0241271 0)
(0.0358066 0.00731847 0)
(0.0638319 -0.0120917 0)
(0.0706081 -0.0270125 0)
(0.0741349 -0.0307594 0)
(0.0688064 -0.0302033 0)
(0.0613332 -0.0272091 0)
(0.0529105 -0.0236668 0)
(0.0448792 -0.02009 0)
(0.0376472 -0.0167931 0)
(0.0313847 -0.0138655 0)
(0.0260856 -0.0113297 0)
(0.0216843 -0.00916145 0)
(0.0180867 -0.00732069 0)
(0.0151973 -0.00575798 0)
(0.0129253 -0.00442388 0)
(0.0111996 -0.00327286 0)
(0.00994389 -0.0022563 0)
(0.00915063 -0.00135632 0)
(0.00867171 -0.000579289 0)
(0.020327 0.0225755 0)
(0.0234811 0.00200557 0)
(0.0591763 -0.017571 0)
(0.0689711 -0.0292649 0)
(0.0742233 -0.0305157 0)
(0.0695274 -0.028544 0)
(0.0623257 -0.0249444 0)
(0.0539215 -0.0213204 0)
(0.0458307 -0.0178943 0)
(0.0384972 -0.0148481 0)
(0.0321251 -0.0121961 0)
(0.0267201 -0.00992797 0)
(0.0222235 -0.00800505 0)
(0.0185438 -0.00638257 0)
(0.0155859 -0.00501156 0)
(0.0132585 -0.00384523 0)
(0.0114901 -0.0028424 0)
(0.0102016 -0.00195738 0)
(0.00938856 -0.00117895 0)
(0.00889542 -0.000499283 0)
(0.0143196 0.0194918 0)
(0.0204485 -0.00269124 0)
(0.0588072 -0.0222083 0)
(0.0693571 -0.0310332 0)
(0.074962 -0.0305285 0)
(0.0703084 -0.0273984 0)
(0.0631047 -0.0233703 0)
(0.0546259 -0.0196629 0)
(0.0464572 -0.0163385 0)
(0.0390395 -0.013465 0)
(0.0325888 -0.0110066 0)
(0.0271125 -0.00892768 0)
(0.0225541 -0.00717888 0)
(0.0188222 -0.00571177 0)
(0.0158215 -0.00447745 0)
(0.0134597 -0.0034311 0)
(0.011665 -0.00253379 0)
(0.0103562 -0.00174389 0)
(0.00953135 -0.00104958 0)
(0.00902923 -0.000444989 0)
(0.0119487 0.0176481 0)
(0.0201103 -0.00547235 0)
(0.0593165 -0.0249507 0)
(0.0699548 -0.0320242 0)
(0.0755419 -0.0305516 0)
(0.0708216 -0.0267298 0)
(0.0635684 -0.0224678 0)
(0.0550284 -0.0187092 0)
(0.0468063 -0.0154442 0)
(0.0393376 -0.0126695 0)
(0.0328413 -0.0103223 0)
(0.0273249 -0.00835192 0)
(0.0227323 -0.00670319 0)
(0.0189718 -0.00532544 0)
(0.0159477 -0.00416976 0)
(0.0135672 -0.00319254 0)
(0.0117583 -0.00235583 0)
(0.0104387 -0.0016211 0)
(0.00960732 -0.000974266 0)
(0.00910046 -0.000414773 0)
(0.0108001 0.0158913 0)
(0.0211525 -0.00838204 0)
(0.0605436 -0.027725 0)
(0.0709311 -0.0329964 0)
(0.0762805 -0.0305648 0)
(0.0714026 -0.0260485 0)
(0.0640507 -0.0215575 0)
(0.0554308 -0.0177481 0)
(0.0471465 -0.0145438 0)
(0.0396238 -0.0118685 0)
(0.0330814 -0.0096332 0)
(0.0275255 -0.00777203 0)
(0.0228998 -0.00622401 0)
(0.0191118 -0.00493624 0)
(0.0160654 -0.00385975 0)
(0.0136673 -0.00295218 0)
(0.0118449 -0.00217647 0)
(0.0105152 -0.00149743 0)
(0.0096776 -0.00089815 0)
(0.00916641 -0.000384578 0)
(0.0110556 0.0141015 0)
(0.0235459 -0.0114126 0)
(0.0624798 -0.0304681 0)
(0.0722824 -0.0339287 0)
(0.0771769 -0.0305459 0)
(0.0720509 -0.0253492 0)
(0.0645513 -0.0206348 0)
(0.0558331 -0.0167781 0)
(0.0474777 -0.0136364 0)
(0.039898 -0.0110616 0)
(0.0333089 -0.0089392 0)
(0.0277142 -0.00718803 0)
(0.0230563 -0.00574144 0)
(0.0192421 -0.00454427 0)
(0.0161746 -0.00354752 0)
(0.0137599 -0.0027101 0)
(0.0119248 -0.00199581 0)
(0.0105857 -0.00137284 0)
(0.00974216 -0.000821501 0)
(0.00922704 -0.000354075 0)
(0.0128957 0.012088 0)
(0.0272481 -0.01452 0)
(0.0651053 -0.0331239 0)
(0.0739997 -0.0347884 0)
(0.0782275 -0.0304773 0)
(0.0727646 -0.0246235 0)
(0.0650695 -0.019696 0)
(0.0562347 -0.0157977 0)
(0.0477995 -0.0127213 0)
(0.04016 -0.0102487 0)
(0.0335238 -0.00824029 0)
(0.0278908 -0.00660003 0)
(0.0232019 -0.00525561 0)
(0.0193626 -0.00414966 0)
(0.0162752 -0.00323321 0)
(0.0138449 -0.00246639 0)
(0.011998 -0.00181395 0)
(0.0106501 -0.00124738 0)
(0.00980095 -0.000744339 0)
(0.00928232 -0.00032331 0)
(0.0164665 0.009677 0)
(0.0321993 -0.0176468 0)
(0.0683886 -0.03564 0)
(0.0760681 -0.0355442 0)
(0.0794257 -0.0303426 0)
(0.073541 -0.0238634 0)
(0.065604 -0.0187374 0)
(0.0566351 -0.0148053 0)
(0.0481118 -0.0117979 0)
(0.0404098 -0.0094296 0)
(0.0337258 -0.0075365 0)
(0.0280553 -0.00600811 0)
(0.0233364 -0.00476663 0)
(0.0194733 -0.00375255 0)
(0.0163671 -0.00291692 0)
(0.0139222 -0.00222117 0)
(0.0120642 -0.00163095 0)
(0.0107085 -0.00112114 0)
(0.00985395 -0.000666676 0)
(0.0093322 -0.000292343 0)
(0.0218478 0.00671026 0)
(0.0383233 -0.0207243 0)
(0.072286 -0.0379673 0)
(0.0784666 -0.0361669 0)
(0.0807624 -0.0301264 0)
(0.074376 -0.0230613 0)
(0.0661534 -0.0177555 0)
(0.0570336 -0.0137994 0)
(0.0484141 -0.0108656 0)
(0.0406471 -0.0086041 0)
(0.0339149 -0.00682785 0)
(0.0282075 -0.00541239 0)
(0.0234599 -0.00427464 0)
(0.0195742 -0.00335307 0)
(0.0164503 -0.00259879 0)
(0.0139919 -0.00197453 0)
(0.0121237 -0.00144692 0)
(0.0107608 -0.000994172 0)
(0.00990113 -0.00058854 0)
(0.00937668 -0.000261216 0)
(0.0290228 0.00300994 0)
(0.0455333 -0.0236699 0)
(0.0767427 -0.0400611 0)
(0.0811692 -0.0366273 0)
(0.0822259 -0.029815 0)
(0.0752648 -0.0222101 0)
(0.0667157 -0.0167474 0)
(0.0574294 -0.0127787 0)
(0.0487061 -0.00992385 0)
(0.0408716 -0.0077721 0)
(0.034091 -0.00611439 0)
(0.0283475 -0.004813 0)
(0.0235722 -0.00377981 0)
(0.0196651 -0.00295137 0)
(0.0165248 -0.00227895 0)
(0.0140539 -0.0017266 0)
(0.0121762 -0.00126194 0)
(0.010807 -0.000866551 0)
(0.00994244 -0.000509933 0)
(0.00941572 -0.000230011 0)
(0.0378616 -0.00171007 0)
(0.0537442 -0.0264191 0)
(0.0816947 -0.0418763 0)
(0.0841448 -0.0369029 0)
(0.0838019 -0.0293938 0)
(0.0762017 -0.0213035 0)
(0.0672883 -0.0157096 0)
(0.0578214 -0.0117419 0)
(0.0489874 -0.00897211 0)
(0.0410832 -0.00693342 0)
(0.0342538 -0.00539613 0)
(0.028475 -0.00421003 0)
(0.0236732 -0.00328225 0)
(0.019746 -0.00254758 0)
(0.0165904 -0.00195752 0)
(0.0141081 -0.00147747 0)
(0.0122218 -0.00107609 0)
(0.010847 -0.000738337 0)
(0.00997788 -0.000430874 0)
(0.00944932 -0.000198788 0)
(0.0481269 -0.00756643 0)
(0.0628944 -0.0290239 0)
(0.0870731 -0.043355 0)
(0.0873585 -0.0369974 0)
(0.0854746 -0.0288399 0)
(0.07718 -0.0203383 0)
(0.0678688 -0.0146373 0)
(0.0582085 -0.0106873 0)
(0.0492574 -0.00800916 0)
(0.0412815 -0.00608749 0)
(0.0344033 -0.00467277 0)
(0.02859 -0.00360335 0)
(0.0237629 -0.00278192 0)
(0.0198169 -0.00214172 0)
(0.0166472 -0.00163454 0)
(0.0141545 -0.00122718 0)
(0.0122605 -0.000889463 0)
(0.0108809 -0.000609461 0)
(0.0100074 -0.000351717 0)
(0.00947747 -0.000167072 0)
(0.0727825 -0.0199607 0)
(0.0847305 -0.0346394 0)
(0.0995642 -0.0457162 0)
(0.0947818 -0.0368519 0)
(0.08929 -0.0272925 0)
(0.0793798 -0.0181123 0)
(0.0691423 -0.0122165 0)
(0.0590365 -0.00835059 0)
(0.0498187 -0.0058869 0)
(0.0416835 -0.00422987 0)
(0.0346991 -0.00308704 0)
(0.0288127 -0.00227507 0)
(0.0239332 -0.00168735 0)
(0.0199492 -0.00125429 0)
(0.0167515 -0.000928678 0)
(0.0142386 -0.000680202 0)
(0.0123295 -0.000482099 0)
(0.0109411 -0.000327302 0)
(0.0100587 -0.000181035 0)
(0.0095268 -9.4442e-05 0)
(0.134406 -0.023315 0)
(0.125374 -0.0373778 0)
(0.121867 -0.0442685 0)
(0.107678 -0.0339706 0)
(0.0958151 -0.0231632 0)
(0.0829525 -0.0138765 0)
(0.0710988 -0.00804182 0)
(0.0601941 -0.00452436 0)
(0.0505272 -0.00248585 0)
(0.042135 -0.00128824 0)
(0.0349928 -0.000591472 0)
(0.0290072 -0.000193513 0)
(0.0240631 2.31333e-05 0)
(0.0200365 0.000129699 0)
(0.0168104 0.000170391 0)
(0.0142789 0.000170835 0)
(0.012357 0.000150305 0)
(0.0109622 0.000112532 0)
(0.0100732 7.887e-05 0)
(0.00954016 2.61471e-05 0)
(0.193391 -0.0154434 0)
(0.163709 -0.0318227 0)
(0.142843 -0.0375284 0)
(0.11982 -0.0278667 0)
(0.102076 -0.0173357 0)
(0.0863406 -0.00871121 0)
(0.0728957 -0.00342022 0)
(0.06117 -0.000454207 0)
(0.0510498 0.00105034 0)
(0.042405 0.00173141 0)
(0.0351173 0.0019494 0)
(0.0290485 0.00191516 0)
(0.0240575 0.00174998 0)
(0.0200055 0.00152351 0)
(0.0167666 0.00127531 0)
(0.0142296 0.00102515 0)
(0.0123056 0.000784719 0)
(0.0109118 0.000552867 0)
(0.0100222 0.000340938 0)
(0.0094913 0.00014384 0)
(0.234588 -0.00151537 0)
(0.192747 -0.0201821 0)
(0.15952 -0.0265446 0)
(0.129803 -0.0190843 0)
(0.107442 -0.0100221 0)
(0.0892575 -0.00271109 0)
(0.0743989 0.00165314 0)
(0.0619065 0.00386297 0)
(0.0513546 0.00472194 0)
(0.0424745 0.00482587 0)
(0.0350615 0.0045303 0)
(0.0289307 0.00404462 0)
(0.0239133 0.00348674 0)
(0.0198545 0.00292116 0)
(0.016619 0.00238082 0)
(0.0140901 0.00187842 0)
(0.012175 0.00141767 0)
(0.0107901 0.000991368 0)
(0.00990588 0.000602528 0)
(0.00938031 0.000260127 0)
(0.255915 0.0144474 0)
(0.21044 -0.00530444 0)
(0.170831 -0.0130078 0)
(0.137102 -0.0084412 0)
(0.111595 -0.00157893 0)
(0.0915377 0.00397862 0)
(0.0755097 0.00712293 0)
(0.0623404 0.00840003 0)
(0.0514086 0.00851115 0)
(0.0423265 0.00798188 0)
(0.0348161 0.00714142 0)
(0.0286483 0.00618623 0)
(0.0236272 0.00522563 0)
(0.0195819 0.00431579 0)
(0.016367 0.00348112 0)
(0.0138601 0.00272596 0)
(0.0119652 0.00204545 0)
(0.0105974 0.00142557 0)
(0.00972437 0.000861642 0)
(0.00920747 0.000374518 0)
(0.263578 0.0296319 0)
(0.219038 0.0105656 0)
(0.177356 0.00166427 0)
(0.141841 0.00330339 0)
(0.11447 0.00762625 0)
(0.0930878 0.0111813 0)
(0.0761521 0.0128977 0)
(0.0624297 0.0131194 0)
(0.0511847 0.0124007 0)
(0.0419449 0.0111874 0)
(0.0343716 0.00977191 0)
(0.0281963 0.00833023 0)
(0.0231967 0.00695805 0)
(0.0191864 0.00570005 0)
(0.0160101 0.00457008 0)
(0.01354 0.00356286 0)
(0.0116766 0.00266429 0)
(0.0103342 0.00185282 0)
(0.00947828 0.00111647 0)
(0.00897341 0.000486299 0)
(0.263637 0.0435494 0)
(0.221665 0.0262781 0)
(0.180244 0.0165627 0)
(0.144403 0.0155386 0)
(0.116107 0.0172655 0)
(0.0938784 0.0187268 0)
(0.0762857 0.0189111 0)
(0.0621402 0.0179851 0)
(0.0506596 0.0163682 0)
(0.041315 0.0144262 0)
(0.0337197 0.0124086 0)
(0.0275699 0.0104656 0)
(0.0226197 0.00867467 0)
(0.0186673 0.00706611 0)
(0.0155485 0.0056413 0)
(0.0131303 0.00438405 0)
(0.01131 0.00327033 0)
(0.0100015 0.00227041 0)
(0.00916854 0.00136521 0)
(0.00867906 0.000594809 0)
(0.260041 0.0565133 0)
(0.220714 0.0413661 0)
(0.18059 0.0311838 0)
(0.14523 0.0278419 0)
(0.116631 0.0271116 0)
(0.0939183 0.026498 0)
(0.0758853 0.0250964 0)
(0.0614458 0.0229567 0)
(0.0498134 0.0203872 0)
(0.040424 0.017679 0)
(0.0328528 0.0150366 0)
(0.0267655 0.01258 0)
(0.0218946 0.0103654 0)
(0.0180247 0.00840575 0)
(0.014983 0.00668817 0)
(0.0126321 0.00518437 0)
(0.010867 0.00385968 0)
(0.00960091 0.00267562 0)
(0.00879652 0.00160612 0)
(0.00832576 0.000699382 0)
(0.254966 0.0688071 0)
(0.217774 0.0557906 0)
(0.179223 0.0453567 0)
(0.144696 0.0400337 0)
(0.116163 0.037028 0)
(0.0932277 0.0343992 0)
(0.0749368 0.0313913 0)
(0.0603271 0.0279935 0)
(0.0486308 0.0244292 0)
(0.0392617 0.0209246 0)
(0.031765 0.0176391 0)
(0.0257802 0.0146602 0)
(0.0210209 0.0120195 0)
(0.0172592 0.00971033 0)
(0.014315 0.00770385 0)
(0.0120473 0.00595854 0)
(0.0103491 0.0044284 0)
(0.00913415 0.00306574 0)
(0.008364 0.00183748 0)
(0.0079152 0.000799344 0)
(0.249461 0.0807612 0)
(0.213798 0.0696544 0)
(0.176712 0.0590567 0)
(0.143088 0.0520262 0)
(0.114809 0.0469254 0)
(0.091831 0.0423565 0)
(0.0734337 0.0377414 0)
(0.0587706 0.0330553 0)
(0.0470995 0.0284644 0)
(0.0378199 0.0241402 0)
(0.030452 0.0201983 0)
(0.0246127 0.016692 0)
(0.0199989 0.0136256 0)
(0.0163721 0.0109709 0)
(0.0135465 0.00868134 0)
(0.011378 0.0067012 0)
(0.00975897 0.00497256 0)
(0.00860358 0.00343806 0)
(0.00787314 0.00205763 0)
(0.00744943 0.000894027 0)
(0.244054 0.0925107 0)
(0.209332 0.0830617 0)
(0.173422 0.0723275 0)
(0.140606 0.0637947 0)
(0.11265 0.0567541 0)
(0.089751 0.0503154 0)
(0.0713729 0.0440986 0)
(0.0567661 0.0381034 0)
(0.0452105 0.0324621 0)
(0.0360927 0.0273015 0)
(0.028911 0.022695 0)
(0.0232626 0.0186601 0)
(0.01883 0.0151718 0)
(0.0153659 0.0121781 0)
(0.0126802 0.00961346 0)
(0.0106273 0.00740695 0)
(0.00909931 0.00548822 0)
(0.00801196 0.00378992 0)
(0.00732653 0.00226499 0)
(0.00693087 0.000982791 0)
(0.238804 0.104414 0)
(0.204608 0.0962438 0)
(0.169557 0.085282 0)
(0.137383 0.0753619 0)
(0.109748 0.0664921 0)
(0.0870053 0.0582354 0)
(0.0687525 0.0504204 0)
(0.0543063 0.0430998 0)
(0.0429571 0.0363908 0)
(0.0340763 0.030383 0)
(0.0271413 0.025109 0)
(0.0217312 0.0205488 0)
(0.0175166 0.0166457 0)
(0.0142438 0.0133224 0)
(0.0117197 0.010493 0)
(0.00979858 0.00807039 0)
(0.00837361 0.0059715 0)
(0.00736253 0.00411874 0)
(0.00672719 0.00245804 0)
(0.00636232 0.00106503 0)
(0.234013 0.116142 0)
(0.199865 0.109135 0)
(0.165263 0.0979698 0)
(0.133504 0.0867597 0)
(0.10614 0.0761327 0)
(0.0836041 0.0660856 0)
(0.06557 0.0566683 0)
(0.0513854 0.0480071 0)
(0.0403351 0.040218 0)
(0.0317693 0.0333582 0)
(0.0251438 0.0274193 0)
(0.0200213 0.0223416 0)
(0.0160628 0.0180348 0)
(0.0130102 0.0143943 0)
(0.0106695 0.0113127 0)
(0.00889627 0.00868619 0)
(0.00758592 0.00641861 0)
(0.00665908 0.004422 0)
(0.0060786 0.00263539 0)
(0.00574699 0.00114019 0)
(0.229284 0.128708 0)
(0.194928 0.122341 0)
(0.160526 0.110652 0)
(0.128997 0.0980735 0)
(0.101842 0.0856849 0)
(0.0795492 0.0738413 0)
(0.0618206 0.0628055 0)
(0.0479985 0.052788 0)
(0.037342 0.0439105 0)
(0.0291724 0.0361997 0)
(0.0229216 0.029604 0)
(0.0181376 0.0240216 0)
(0.0144739 0.0193262 0)
(0.0116706 0.015384 0)
(0.00953495 0.0120653 0)
(0.00792554 0.00924907 0)
(0.00674109 0.00682586 0)
(0.00590609 0.00469735 0)
(0.0053849 0.00279575 0)
(0.00508873 0.00120779 0)
(0.225385 0.140368 0)
(0.190358 0.134951 0)
(0.155572 0.123068 0)
(0.123916 0.109271 0)
(0.0968582 0.0951417 0)
(0.0748333 0.0814779 0)
(0.0574965 0.0687956 0)
(0.0441409 0.057404 0)
(0.0339775 0.0474338 0)
(0.0262887 0.0388788 0)
(0.0204804 0.0316405 0)
(0.0160871 0.0255715 0)
(0.0127576 0.0205067 0)
(0.0102326 0.0162818 0)
(0.00832335 0.0127437 0)
(0.00689311 0.00975397 0)
(0.00584535 0.00718974 0)
(0.00510936 0.00494256 0)
(0.00465147 0.00293797 0)
(0.00439257 0.00126739 0)
(0.221003 0.154739 0)
(0.184945 0.149318 0)
(0.149795 0.136262 0)
(0.11808 0.120687 0)
(0.0911447 0.104573 0)
(0.0694387 0.0889829 0)
(0.0525873 0.0746022 0)
(0.0398089 0.0618149 0)
(0.0302438 0.0507516 0)
(0.023125 0.0413656 0)
(0.0178299 0.0335055 0)
(0.0138809 0.0269737 0)
(0.0109253 0.0215634 0)
(0.00870758 0.0170782 0)
(0.00704538 0.0133411 0)
(0.00580896 0.0101959 0)
(0.00490799 0.00750687 0)
(0.00427755 0.00515553 0)
(0.00388648 0.00306102 0)
(0.00366633 0.00131865 0)
(0.218129 0.165475 0)
(0.181052 0.161028 0)
(0.144678 0.148098 0)
(0.112004 0.131574 0)
(0.0847801 0.113768 0)
(0.0633497 0.096281 0)
(0.0470779 0.0801744 0)
(0.0349992 0.0659757 0)
(0.0261474 0.0538247 0)
(0.0196949 0.043628 0)
(0.0149882 0.0351738 0)
(0.0115397 0.028209 0)
(0.00899807 0.0224821 0)
(0.00711589 0.017763 0)
(0.00572027 0.0138501 0)
(0.00469093 0.0105699 0)
(0.00394556 0.00777384 0)
(0.00342621 0.00533418 0)
(0.00310479 0.0031639 0)
(0.00292448 0.00136122 0)
(0.213964 0.184021 0)
(0.174274 0.179057 0)
(0.136611 0.16381 0)
(0.103887 0.144237 0)
(0.0771825 0.123499 0)
(0.0564384 0.103561 0)
(0.0409477 0.0855207 0)
(0.029715 0.0698483 0)
(0.0217072 0.0566087 0)
(0.0160312 0.0456277 0)
(0.0119977 0.0366164 0)
(0.00910953 0.0292571 0)
(0.00702232 0.0232491 0)
(0.00550155 0.0183271 0)
(0.00438859 0.014265 0)
(0.00357606 0.0108723 0)
(0.002992 0.00798856 0)
(0.00258694 0.00547741 0)
(0.00233651 0.00324624 0)
(0.00219648 0.00139503 0)
(0.212386 0.191519 0)
(0.171897 0.187376 0)
(0.132872 0.172634 0)
(0.0984208 0.152875 0)
(0.0704123 0.131193 0)
(0.0493043 0.109819 0)
(0.03429 0.0902605 0)
(0.0239737 0.0732777 0)
(0.0169807 0.0590354 0)
(0.0122344 0.0473351 0)
(0.00897984 0.037823 0)
(0.00671544 0.0301177 0)
(0.00511584 0.0238691 0)
(0.00397094 0.0187773 0)
(0.00314448 0.0145929 0)
(0.0025473 0.0111095 0)
(0.0021211 0.00815612 0)
(0.0018268 0.00558894 0)
(0.00164463 0.00331043 0)
(0.0015434 0.00142096 0)
(0.208373 0.218783 0)
(0.162465 0.214069 0)
(0.119769 0.195921 0)
(0.0841634 0.171189 0)
(0.0572172 0.144385 0)
(0.0383575 0.118724 0)
(0.0257946 0.096048 0)
(0.0176045 0.0769893 0)
(0.0122675 0.0614267 0)
(0.00874628 0.0488998 0)
(0.00637833 0.0388681 0)
(0.00475208 0.030831 0)
(0.00361283 0.0243656 0)
(0.00280163 0.0191282 0)
(0.00221787 0.014843 0)
(0.00179679 0.0112874 0)
(0.00149649 0.00828025 0)
(0.00128919 0.00567081 0)
(0.00116024 0.00335743 0)
(0.00108964 0.00143922 0)
(0.238361 0.116764 0)
(0.124118 0.0647942 0)
(0.08911 0.0274428 0)
(0.0660668 0.0078485 0)
(0.0523878 -0.000225028 0)
(0.0456964 -0.00292275 0)
(0.042814 -0.00340842 0)
(0.0419388 -0.00323159 0)
(0.0439119 -0.00352142 0)
(0.0431488 -0.00600663 0)
(0.297744 0.0843761 0)
(0.279558 0.0700494 0)
(0.257439 0.0526058 0)
(0.232048 0.0361614 0)
(0.206053 0.0232982 0)
(0.183183 0.0140233 0)
(0.165161 0.00754689 0)
(0.150781 0.00297617 0)
(0.142257 -0.000905862 0)
(0.132721 -0.00575554 0)
(0.306223 0.0962738 0)
(0.311242 0.0880923 0)
(0.306242 0.0761174 0)
(0.296052 0.0627442 0)
(0.282562 0.050518 0)
(0.26708 0.0400801 0)
(0.251858 0.0309023 0)
(0.236231 0.0228104 0)
(0.223707 0.014465 0)
(0.209321 0.00725012 0)
(0.302982 0.0826434 0)
(0.311034 0.0787343 0)
(0.313783 0.0729282 0)
(0.312365 0.0658173 0)
(0.307821 0.0581339 0)
(0.300399 0.0506434 0)
(0.291586 0.0431937 0)
(0.280687 0.0363643 0)
(0.270085 0.0282133 0)
(0.257071 0.0217837 0)
(0.3012 0.0736591 0)
(0.307228 0.0728145 0)
(0.310962 0.0701702 0)
(0.312089 0.0663087 0)
(0.311037 0.0615165 0)
(0.307822 0.0564816 0)
(0.303053 0.051039 0)
(0.296257 0.0461919 0)
(0.288238 0.0395486 0)
(0.278158 0.0349292 0)
(0.300647 0.0687307 0)
(0.304368 0.0694275 0)
(0.30696 0.0684087 0)
(0.307994 0.0661884 0)
(0.307575 0.0630518 0)
(0.305761 0.0596916 0)
(0.302588 0.0559129 0)
(0.297904 0.0529121 0)
(0.29148 0.0481602 0)
(0.283493 0.0455448 0)
(0.300069 0.0657258 0)
(0.302126 0.0671898 0)
(0.303464 0.0672452 0)
(0.303792 0.0661572 0)
(0.303061 0.064187 0)
(0.301374 0.0620837 0)
(0.298499 0.0597308 0)
(0.294471 0.0583634 0)
(0.288679 0.0555282 0)
(0.281576 0.0547721 0)
(0.299252 0.0640419 0)
(0.300157 0.0660634 0)
(0.300491 0.0669673 0)
(0.300094 0.0667879 0)
(0.298858 0.0657493 0)
(0.296875 0.064669 0)
(0.293808 0.0635902 0)
(0.289723 0.063678 0)
(0.283983 0.0626596 0)
(0.276984 0.0635259 0)
(0.298274 0.0633743 0)
(0.298353 0.0659029 0)
(0.29791 0.0675268 0)
(0.296873 0.0681125 0)
(0.295133 0.0678724 0)
(0.292748 0.0676969 0)
(0.289344 0.0678154 0)
(0.284931 0.0692644 0)
(0.27897 0.0699557 0)
(0.271723 0.0722747 0)
(0.297227 0.0634839 0)
(0.296684 0.0665091 0)
(0.295631 0.0687721 0)
(0.294049 0.0700223 0)
(0.291853 0.0704964 0)
(0.289052 0.0711709 0)
(0.28527 0.072462 0)
(0.280438 0.0752598 0)
(0.274129 0.0776005 0)
(0.266513 0.0813046 0)
(0.296187 0.0641853 0)
(0.295158 0.0677137 0)
(0.293617 0.070574 0)
(0.291575 0.0724324 0)
(0.288969 0.0735803 0)
(0.285771 0.0750947 0)
(0.28161 0.0775565 0)
(0.276353 0.0817002 0)
(0.269664 0.0856146 0)
(0.261671 0.0906268 0)
(0.295216 0.065346 0)
(0.293802 0.0693956 0)
(0.291867 0.0728382 0)
(0.289443 0.0752762 0)
(0.28648 0.0770779 0)
(0.282905 0.0794416 0)
(0.278348 0.0830992 0)
(0.272635 0.0886414 0)
(0.265502 0.094127 0)
(0.257097 0.100477 0)
(0.294372 0.0668694 0)
(0.292654 0.0714603 0)
(0.290401 0.0754831 0)
(0.287651 0.0784964 0)
(0.284362 0.0809696 0)
(0.280433 0.08423 0)
(0.275502 0.0891129 0)
(0.269374 0.0960322 0)
(0.261835 0.102969 0)
(0.253064 0.110485 0)
(0.293704 0.068676 0)
(0.29175 0.0738362 0)
(0.289248 0.0784527 0)
(0.286238 0.0820451 0)
(0.282674 0.0851936 0)
(0.278409 0.0893831 0)
(0.273077 0.0955666 0)
(0.266474 0.104019 0)
(0.25843 0.112554 0)
(0.249197 0.121452 0)
(0.293266 0.070691 0)
(0.291142 0.0764437 0)
(0.288442 0.0816745 0)
(0.285204 0.0858898 0)
(0.281379 0.0897919 0)
(0.276807 0.0949854 0)
(0.271131 0.102448 0)
(0.264148 0.112239 0)
(0.255718 0.122043 0)
(0.246123 0.131868 0)
(0.293097 0.072845 0)
(0.290871 0.0792219 0)
(0.28805 0.0850919 0)
(0.284659 0.0899417 0)
(0.28062 0.0946167 0)
(0.275731 0.100919 0)
(0.269623 0.109936 0)
(0.262121 0.121582 0)
(0.253092 0.133249 0)
(0.24294 0.144703 0)
(0.29325 0.0750673 0)
(0.290988 0.0820961 0)
(0.288093 0.0886547 0)
(0.28458 0.0942328 0)
(0.280371 0.0997812 0)
(0.275243 0.107155 0)
(0.268819 0.117364 0)
(0.260916 0.130087 0)
(0.251483 0.142639 0)
(0.240909 0.154622 0)
(0.29377 0.0772555 0)
(0.291569 0.0849772 0)
(0.288705 0.0922737 0)
(0.285159 0.0986426 0)
(0.280823 0.105252 0)
(0.275455 0.114235 0)
(0.268653 0.126698 0)
(0.260234 0.142072 0)
(0.250059 0.157174 0)
(0.238717 0.171317 0)
(0.294695 0.0792975 0)
(0.292636 0.0876702 0)
(0.289869 0.0956672 0)
(0.286337 0.102739 0)
(0.2819 0.110073 0)
(0.27629 0.119795 0)
(0.26912 0.132936 0)
(0.260245 0.148791 0)
(0.249663 0.164216 0)
(0.237866 0.178426 0)
(0.296159 0.0814945 0)
(0.294513 0.0908327 0)
(0.292212 0.100021 0)
(0.289136 0.108574 0)
(0.285035 0.117946 0)
(0.279515 0.130536 0)
(0.272075 0.147329 0)
(0.262508 0.167158 0)
(0.250733 0.186162 0)
(0.237553 0.203271 0)
(0.299983 0.000257853 0)
(0.299664 0.000765409 0)
(0.299017 0.00128974 0)
(0.298018 0.00185221 0)
(0.296656 0.0024737 0)
(0.294898 0.00317893 0)
(0.292726 0.00400289 0)
(0.290064 0.00499049 0)
(0.286912 0.00619914 0)
(0.283095 0.00772215 0)
(0.278715 0.00965562 0)
(0.273321 0.0122443 0)
(0.267466 0.0156181 0)
(0.259802 0.02054 0)
(0.25278 0.026955 0)
(0.24183 0.0378124 0)
(0.237629 0.0509155 0)
(0.224463 0.0803213 0)
(0.241765 0.104219 0)
(0.238615 0.206013 0)
(0.299985 0.000461419 0)
(0.299695 0.00138854 0)
(0.29911 0.00234433 0)
(0.298211 0.00335596 0)
(0.296988 0.00445222 0)
(0.29542 0.00566858 0)
(0.293502 0.0070444 0)
(0.29118 0.00864047 0)
(0.28848 0.0105126 0)
(0.285278 0.0127858 0)
(0.281726 0.0155211 0)
(0.277505 0.0190299 0)
(0.273221 0.0232582 0)
(0.267927 0.0291457 0)
(0.263753 0.0357724 0)
(0.257782 0.0466017 0)
(0.256619 0.0555175 0)
(0.2521 0.0779369 0)
(0.259857 0.0785873 0)
(0.268158 0.129117 0)
(0.299987 0.00064443 0)
(0.299734 0.0019439 0)
(0.299226 0.00328105 0)
(0.298446 0.00468625 0)
(0.297391 0.00619167 0)
(0.296049 0.0078371 0)
(0.294425 0.00966229 0)
(0.292493 0.0117306 0)
(0.290283 0.0140894 0)
(0.287744 0.016864 0)
(0.284999 0.0200747 0)
(0.281919 0.0240229 0)
(0.278905 0.0285124 0)
(0.275593 0.034456 0)
(0.273107 0.0405556 0)
(0.270454 0.050051 0)
(0.270243 0.056795 0)
(0.270448 0.0728948 0)
(0.275955 0.0754748 0)
(0.28396 0.0997975 0)
(0.299989 0.000801492 0)
(0.299777 0.00241995 0)
(0.29935 0.00408177 0)
(0.298697 0.00581801 0)
(0.297819 0.00766077 0)
(0.296713 0.00964933 0)
(0.295387 0.0118199 0)
(0.293841 0.0142301 0)
(0.292102 0.0169157 0)
(0.290171 0.0199839 0)
(0.288132 0.0234286 0)
(0.285987 0.0274898 0)
(0.283952 0.0319442 0)
(0.28201 0.0374802 0)
(0.280646 0.0430167 0)
(0.279753 0.0506934 0)
(0.280289 0.0565733 0)
(0.281882 0.0669325 0)
(0.286394 0.071193 0)
(0.291656 0.0816207 0)
(0.299991 0.000931686 0)
(0.299819 0.00281462 0)
(0.299472 0.0047439 0)
(0.298944 0.00674903 0)
(0.298235 0.00885988 0)
(0.297352 0.011112 0)
(0.296305 0.0135364 0)
(0.295107 0.01618 0)
(0.293783 0.0190688 0)
(0.29236 0.022283 0)
(0.290897 0.0258088 0)
(0.289447 0.0298016 0)
(0.288131 0.0340891 0)
(0.287037 0.0390713 0)
(0.286384 0.044082 0)
(0.286251 0.0501599 0)
(0.287035 0.055368 0)
(0.288606 0.0620448 0)
(0.291733 0.0663324 0)
(0.295328 0.07139 0)
(0.299993 0.00103617 0)
(0.299858 0.00313166 0)
(0.299585 0.00527463 0)
(0.299169 0.00749157 0)
(0.298614 0.0098089 0)
(0.297929 0.0122569 0)
(0.297125 0.0148609 0)
(0.296221 0.0176558 0)
(0.29524 0.0206607 0)
(0.294216 0.0239282 0)
(0.293193 0.0274473 0)
(0.29223 0.0312974 0)
(0.291404 0.0353691 0)
(0.290797 0.0398409 0)
(0.290528 0.044375 0)
(0.290669 0.0493443 0)
(0.291397 0.0539356 0)
(0.292666 0.0587714 0)
(0.29474 0.0626705 0)
(0.297246 0.0661372 0)
(0.299995 0.00111748 0)
(0.299892 0.00337889 0)
(0.299683 0.00568795 0)
(0.299365 0.00806733 0)
(0.298942 0.0105396 0)
(0.298423 0.0131294 0)
(0.297821 0.0158568 0)
(0.297153 0.0187457 0)
(0.296441 0.02181 0)
(0.295715 0.025081 0)
(0.295011 0.0285515 0)
(0.294373 0.0322497 0)
(0.293855 0.0361099 0)
(0.293516 0.0401895 0)
(0.293425 0.0443337 0)
(0.293626 0.0486259 0)
(0.294195 0.0527274 0)
(0.29512 0.0567021 0)
(0.296461 0.0601966 0)
(0.298086 0.0631535 0)
(0.299996 0.00117891 0)
(0.29992 0.00356639 0)
(0.299764 0.00600134 0)
(0.299527 0.00850255 0)
(0.299212 0.0110887 0)
(0.298828 0.0137794 0)
(0.298385 0.0165899 0)
(0.297899 0.0195357 0)
(0.297389 0.0226266 0)
(0.296878 0.02588 0)
(0.296392 0.029291 0)
(0.295964 0.03286 0)
(0.29563 0.0365452 0)
(0.295426 0.0403517 0)
(0.295393 0.0442086 0)
(0.295553 0.048104 0)
(0.295931 0.0518665 0)
(0.296519 0.0554221 0)
(0.297308 0.0586449 0)
(0.298228 0.0614237 0)
(0.299997 0.00122401 0)
(0.299942 0.00370487 0)
(0.299829 0.00623319 0)
(0.299656 0.00882412 0)
(0.299426 0.0114928 0)
(0.299146 0.0142548 0)
(0.298825 0.0171214 0)
(0.298475 0.0201022 0)
(0.298111 0.0232036 0)
(0.297749 0.0264355 0)
(0.297407 0.0297946 0)
(0.297107 0.0332683 0)
(0.296873 0.0368257 0)
(0.296724 0.0404552 0)
(0.296682 0.0441217 0)
(0.296752 0.0477952 0)
(0.296934 0.0513589 0)
(0.297217 0.0547222 0)
(0.297569 0.0578262 0)
(0.297943 0.0605926 0)
(0.299998 0.00125619 0)
(0.29996 0.00380463 0)
(0.29988 0.00640093 0)
(0.299756 0.00905711 0)
(0.299591 0.0117854 0)
(0.299389 0.0145981 0)
(0.299158 0.0175038 0)
(0.298905 0.0205077 0)
(0.298642 0.0236145 0)
(0.298379 0.0268307 0)
(0.298129 0.0301538 0)
(0.297902 0.0335667 0)
(0.297713 0.0370432 0)
(0.297571 0.0405696 0)
(0.297484 0.0441292 0)
(0.297446 0.0476981 0)
(0.297444 0.0511784 0)
(0.297462 0.0544883 0)
(0.297468 0.0575967 0)
(0.29742 0.0604549 0)
(0.299999 0.00127851 0)
(0.299973 0.00387483 0)
(0.299917 0.00651994 0)
(0.29983 0.00922333 0)
(0.299712 0.0119949 0)
(0.299568 0.0148448 0)
(0.2994 0.0177794 0)
(0.299216 0.0208016 0)
(0.299021 0.0239149 0)
(0.298822 0.027125 0)
(0.298625 0.0304307 0)
(0.298436 0.0338138 0)
(0.298259 0.0372511 0)
(0.298098 0.0407325 0)
(0.29795 0.0442531 0)
(0.297803 0.047801 0)
(0.297637 0.0512853 0)
(0.297435 0.0546345 0)
(0.297163 0.0578336 0)
(0.296786 0.0608529 0)
(0.299999 0.00129354 0)
(0.299982 0.00392319 0)
(0.299944 0.00660308 0)
(0.299883 0.00934076 0)
(0.2998 0.0121445 0)
(0.299696 0.0150228 0)
(0.299573 0.017981 0)
(0.299434 0.0210204 0)
(0.299284 0.0241443 0)
(0.299124 0.0273592 0)
(0.298957 0.0306656 0)
(0.298782 0.0340456 0)
(0.2986 0.0374786 0)
(0.298407 0.04096 0)
(0.298196 0.0444948 0)
(0.29795 0.0480825 0)
(0.297644 0.0516349 0)
(0.297262 0.0550877 0)
(0.296769 0.0584374 0)
(0.296133 0.0616672 0)
(0.3 0.00130337 0)
(0.299988 0.00395593 0)
(0.299963 0.0066606 0)
(0.29992 0.00942353 0)
(0.299861 0.0122518 0)
(0.299784 0.0151533 0)
(0.299692 0.0181325 0)
(0.299584 0.0211902 0)
(0.299462 0.0243299 0)
(0.299325 0.0275597 0)
(0.299173 0.0308825 0)
(0.299 0.0342812 0)
(0.298805 0.037738 0)
(0.298579 0.0412536 0)
(0.298312 0.0448428 0)
(0.297982 0.0485149 0)
(0.297563 0.0521819 0)
(0.297038 0.0557845 0)
(0.296372 0.0593284 0)
(0.295536 0.0628075 0)
(0.3 0.00130964 0)
(0.299993 0.00397782 0)
(0.299975 0.0067003 0)
(0.299946 0.00948227 0)
(0.299902 0.0123302 0)
(0.299845 0.0152516 0)
(0.299773 0.0182507 0)
(0.299685 0.0213282 0)
(0.299581 0.0244886 0)
(0.299459 0.0277421 0)
(0.299314 0.0310938 0)
(0.29914 0.0345282 0)
(0.298931 0.0380297 0)
(0.298678 0.0416051 0)
(0.298366 0.045278 0)
(0.297971 0.0490668 0)
(0.297468 0.0528815 0)
(0.296835 0.0566672 0)
(0.296042 0.0604377 0)
(0.295056 0.0641976 0)
(0.3 0.00131353 0)
(0.299995 0.00399241 0)
(0.299983 0.0067279 0)
(0.299962 0.00952462 0)
(0.29993 0.0123888 0)
(0.299886 0.015328 0)
(0.299828 0.0183465 0)
(0.299754 0.0214452 0)
(0.299663 0.0246299 0)
(0.299551 0.0279134 0)
(0.299412 0.0313032 0)
(0.299237 0.0347851 0)
(0.299021 0.0383462 0)
(0.29875 0.041999 0)
(0.298409 0.0457762 0)
(0.297972 0.0497042 0)
(0.297413 0.0536903 0)
(0.296711 0.0576829 0)
(0.295832 0.0617025 0)
(0.294747 0.0657676 0)
(0.3 0.00131591 0)
(0.299997 0.00400217 0)
(0.299989 0.00674734 0)
(0.299973 0.00955572 0)
(0.299949 0.0124336 0)
(0.299914 0.0153888 0)
(0.299867 0.018426 0)
(0.299805 0.0215464 0)
(0.299725 0.0247575 0)
(0.299622 0.0280746 0)
(0.29949 0.0315081 0)
(0.299321 0.0350446 0)
(0.299105 0.0386739 0)
(0.29883 0.0424145 0)
(0.29848 0.0463084 0)
(0.298027 0.05039 0)
(0.297444 0.0545625 0)
(0.296708 0.0587783 0)
(0.295788 0.0630647 0)
(0.294649 0.0674525 0)
(0.3 0.00131736 0)
(0.299998 0.00400876 0)
(0.299992 0.00676119 0)
(0.299981 0.00957882 0)
(0.299963 0.0124682 0)
(0.299936 0.0154376 0)
(0.299897 0.0184921 0)
(0.299845 0.0216335 0)
(0.299777 0.0248709 0)
(0.299687 0.0282225 0)
(0.299567 0.0317012 0)
(0.29941 0.0352945 0)
(0.299207 0.0389949 0)
(0.298946 0.0428269 0)
(0.298608 0.0468425 0)
(0.298166 0.0510829 0)
(0.297594 0.0554481 0)
(0.296865 0.0598948 0)
(0.295949 0.0644575 0)
(0.29481 0.069184 0)
(0.3 0.00131823 0)
(0.299999 0.0040132 0)
(0.299995 0.00677098 0)
(0.299987 0.00959574 0)
(0.299974 0.0124944 0)
(0.299953 0.0154759 0)
(0.299924 0.0185455 0)
(0.299883 0.0217055 0)
(0.299828 0.024967 0)
(0.299754 0.0283511 0)
(0.299654 0.0318729 0)
(0.299519 0.0355205 0)
(0.299343 0.0392889 0)
(0.299112 0.0432091 0)
(0.298811 0.047343 0)
(0.29841 0.0517401 0)
(0.297884 0.056295 0)
(0.297208 0.0609699 0)
(0.296349 0.0658068 0)
(0.295267 0.0708697 0)
(0.3 0.00131871 0)
(0.299999 0.00401595 0)
(0.299997 0.00677734 0)
(0.299992 0.00960712 0)
(0.299983 0.0125126 0)
(0.29997 0.0155035 0)
(0.29995 0.0185851 0)
(0.299922 0.0217604 0)
(0.299883 0.0250421 0)
(0.299829 0.0284542 0)
(0.299755 0.0320136 0)
(0.299652 0.035709 0)
(0.299515 0.039538 0)
(0.299334 0.0435379 0)
(0.299093 0.0477804 0)
(0.298764 0.0523226 0)
(0.298324 0.0570562 0)
(0.297747 0.0619471 0)
(0.297002 0.0670488 0)
(0.296046 0.0724372 0)
(0.3 0.00131891 0)
(0.3 0.00401722 0)
(0.299999 0.00678043 0)
(0.299997 0.00961289 0)
(0.299993 0.0125224 0)
(0.299986 0.015519 0)
(0.299975 0.0186086 0)
(0.299959 0.0217942 0)
(0.299936 0.0250902 0)
(0.299903 0.0285234 0)
(0.299856 0.0321126 0)
(0.29979 0.0358461 0)
(0.299701 0.0397245 0)
(0.29958 0.0437921 0)
(0.299416 0.0481333 0)
(0.299187 0.0528149 0)
(0.298876 0.0577248 0)
(0.298461 0.0628403 0)
(0.297915 0.06823 0)
(0.297196 0.0740069 0)
(0.299984 -0.000511913 0)
(0.299655 -0.00154983 0)
(0.298977 -0.00262653 0)
(0.29793 -0.00375689 0)
(0.296505 -0.00495563 0)
(0.294659 -0.00624314 0)
(0.292369 -0.00764665 0)
(0.289547 -0.00919981 0)
(0.286172 -0.0109492 0)
(0.282057 -0.0129698 0)
(0.277218 -0.0153406 0)
(0.271227 -0.018242 0)
(0.264265 -0.0218156 0)
(0.255262 -0.0266525 0)
(0.245026 -0.032969 0)
(0.230559 -0.0428641 0)
(0.214997 -0.056535 0)
(0.18828 -0.0827789 0)
(0.161891 -0.123337 0)
(0.0730744 -0.159409 0)
(0.299984 -0.000442897 0)
(0.299652 -0.0013439 0)
(0.298963 -0.00227868 0)
(0.297901 -0.00325898 0)
(0.296454 -0.00429669 0)
(0.294578 -0.00540841 0)
(0.292247 -0.00661577 0)
(0.28937 -0.00794606 0)
(0.285917 -0.00943661 0)
(0.281701 -0.0111497 0)
(0.276702 -0.0131477 0)
(0.270509 -0.0155829 0)
(0.26317 -0.0185669 0)
(0.25372 -0.0226128 0)
(0.242409 -0.0278922 0)
(0.226817 -0.036214 0)
(0.207558 -0.04775 0)
(0.178093 -0.0693935 0)
(0.137372 -0.0995123 0)
(0.0557919 -0.11985 0)
(0.299984 -0.000373034 0)
(0.29965 -0.00113543 0)
(0.298953 -0.00192625 0)
(0.297879 -0.00275419 0)
(0.296416 -0.00362815 0)
(0.294518 -0.00456053 0)
(0.292155 -0.00556702 0)
(0.289237 -0.00666774 0)
(0.285724 -0.00789013 0)
(0.281431 -0.00928101 0)
(0.276308 -0.0108855 0)
(0.269958 -0.0128166 0)
(0.262326 -0.0151571 0)
(0.252517 -0.0182959 0)
(0.240369 -0.0223686 0)
(0.223845 -0.0287178 0)
(0.201919 -0.0375145 0)
(0.170283 -0.0534735 0)
(0.121461 -0.0748115 0)
(0.0452314 -0.0836382 0)
(0.299984 -0.000303025 0)
(0.299648 -0.000925372 0)
(0.298947 -0.0015709 0)
(0.297865 -0.00224502 0)
(0.296391 -0.00295341 0)
(0.294478 -0.00370399 0)
(0.292094 -0.00450651 0)
(0.289148 -0.005373 0)
(0.285596 -0.00632136 0)
(0.28125 -0.00737957 0)
(0.276045 -0.00857755 0)
(0.269589 -0.00997689 0)
(0.261758 -0.0116383 0)
(0.2517 -0.0137853 0)
(0.238986 -0.0165352 0)
(0.221791 -0.0206533 0)
(0.198144 -0.0263687 0)
(0.164914 -0.0363461 0)
(0.1118 -0.0495776 0)
(0.0389133 -0.0522612 0)
(0.299984 -0.000232868 0)
(0.299647 -0.000714289 0)
(0.298943 -0.00121377 0)
(0.297858 -0.00173322 0)
(0.296379 -0.00227495 0)
(0.294458 -0.00284224 0)
(0.292065 -0.00343897 0)
(0.289105 -0.00406848 0)
(0.285534 -0.0047393 0)
(0.281163 -0.00545876 0)
(0.275919 -0.00624222 0)
(0.26941 -0.00709375 0)
(0.261486 -0.00805359 0)
(0.2513 -0.00915815 0)
(0.238314 -0.0105101 0)
(0.220758 -0.0122487 0)
(0.196262 -0.0146749 0)
(0.162136 -0.0185382 0)
(0.107055 -0.0239617 0)
(0.0358134 -0.023598 0)
(0.299984 -0.000162651 0)
(0.299647 -0.000502898 0)
(0.298944 -0.00085612 0)
(0.297859 -0.00122064 0)
(0.29638 -0.00159536 0)
(0.29446 -0.00197892 0)
(0.292067 -0.00236928 0)
(0.289109 -0.00276106 0)
(0.28554 -0.00315326 0)
(0.28117 -0.00353237 0)
(0.275933 -0.0038988 0)
(0.269427 -0.00419805 0)
(0.261519 -0.00444903 0)
(0.251335 -0.00449534 0)
(0.238379 -0.00442144 0)
(0.220801 -0.00372406 0)
(0.1963 -0.00277808 0)
(0.162019 -0.000453056 0)
(0.106659 0.00179688 0)
(0.0355104 0.00412801 0)
(0.299984 -9.25318e-05 0)
(0.299648 -0.00029197 0)
(0.298948 -0.000499258 0)
(0.297867 -0.000709206 0)
(0.296395 -0.000917342 0)
(0.294483 -0.00111779 0)
(0.292102 -0.00130251 0)
(0.28916 -0.00145781 0)
(0.285613 -0.00157281 0)
(0.281273 -0.00161456 0)
(0.276085 -0.00156731 0)
(0.269639 -0.001321 0)
(0.261855 -0.00087262 0)
(0.251807 0.000119691 0)
(0.239184 0.00159607 0)
(0.221928 0.00469532 0)
(0.198274 0.00897079 0)
(0.164592 0.0175205 0)
(0.110595 0.0275098 0)
(0.0379988 0.0324288 0)
(0.299984 -2.25795e-05 0)
(0.29965 -8.21882e-05 0)
(0.298955 -0.000144411 0)
(0.297883 -0.000200735 0)
(0.296422 -0.000243441 0)
(0.294527 -0.000262416 0)
(0.292169 -0.000243447 0)
(0.289256 -0.000165454 0)
(0.285753 -7.08526e-06 0)
(0.281468 0.000281097 0)
(0.276374 0.000733164 0)
(0.270041 0.00150424 0)
(0.262484 0.00262873 0)
(0.252698 0.00460491 0)
(0.240707 0.00741356 0)
(0.224103 0.0127894 0)
(0.202201 0.0202434 0)
(0.169855 0.0350317 0)
(0.119398 0.0530034 0)
(0.0437211 0.0629798 0)
(0.299984 4.72627e-05 0)
(0.299653 0.00012595 0)
(0.298966 0.000207333 0)
(0.297906 0.000303102 0)
(0.296462 0.000423973 0)
(0.294591 0.000583875 0)
(0.292265 0.000803319 0)
(0.289396 0.00110957 0)
(0.285956 0.00153512 0)
(0.281753 0.00214169 0)
(0.27679 0.00298447 0)
(0.270624 0.00424823 0)
(0.263387 0.00601146 0)
(0.253981 0.00888027 0)
(0.2429 0.0129062 0)
(0.227264 0.0203231 0)
(0.208112 0.0307008 0)
(0.177827 0.0517414 0)
(0.134403 0.0785585 0)
(0.0539193 0.0982749 0)
(0.299984 0.000116178 0)
(0.299656 0.000331347 0)
(0.29898 0.000554124 0)
(0.297937 0.000799512 0)
(0.296515 0.00108108 0)
(0.294675 0.00141618 0)
(0.292392 0.0018311 0)
(0.289579 0.00235852 0)
(0.286219 0.0030413 0)
(0.282123 0.00395053 0)
(0.277324 0.00516133 0)
(0.271372 0.00687735 0)
(0.264532 0.00921675 0)
(0.255615 0.0128479 0)
(0.24569 0.0178872 0)
(0.231331 0.0269179 0)
(0.216086 0.0395548 0)
(0.188956 0.0661707 0)
(0.158405 0.104672 0)
(0.0727609 0.140348 0)
)
;

boundaryField
{
    inlet
    {
        type            fixedValue;
        value           uniform (0.3 0 0);
    }
    outlet
    {
        type            zeroGradient;
    }
    upAndBottom
    {
        type            empty;
    }
    obstacle
    {
        type            noSlip;
    }
}


// ************************************************************************* //
