/*--------------------------------*- C++ -*----------------------------------*\
| =========                 |                                                 |
| \\      /  F ield         | OpenFOAM: The Open Source CFD Toolbox           |
|  \\    /   O peration     | Version:  v1806                                 |
|   \\  /    A nd           | Web:      www.OpenFOAM.com                      |
|    \\/     M anipulation  |                                                 |
\*---------------------------------------------------------------------------*/
FoamFile
{
    version     2.0;
    format      ascii;
    class       volScalarField;
    location    "11";
    object      p;
}
// * * * * * * * * * * * * * * * * * * * * * * * * * * * * * * * * * * * * * //

dimensions      [0 2 -2 0 0 0 0];


internalField   nonuniform List<scalar> 
4916
(
-0.469326
-0.469256
-0.469256
-0.469327
-0.262781
-0.262733
-0.262733
-0.262781
-0.477553
-0.477412
-0.477412
-0.477553
-0.831239
-0.831189
-0.83119
-0.831238
-0.742753
-0.742759
-0.74276
-0.742753
-0.474014
-0.474007
-0.474007
-0.474014
3.58706
3.58682
3.58682
3.58706
3.9648
3.96463
3.96463
3.96481
3.41416
3.4141
3.4141
3.41416
3.75841
3.75827
3.75827
3.75841
2.96755
2.96743
2.96743
2.96755
3.05741
3.05727
3.05727
3.05741
0.884024
0.884408
0.884408
0.884022
0.404328
0.403891
0.403891
0.404327
-0.591146
-0.590927
-0.590926
-0.591144
0.215007
0.215445
0.215445
0.215007
-0.973339
-0.973061
-0.97306
-0.973337
4.05108
4.05125
4.05125
4.05108
3.96339
3.96311
3.96311
3.96339
5.10286
5.10288
5.10288
5.10286
4.75125
4.751
4.751
4.75125
2.76826
2.76813
2.76814
2.76826
2.7549
2.75461
2.75461
2.7549
-0.202897
-0.20308
-0.203081
-0.202899
-0.38452
-0.384642
-0.384642
-0.384522
-0.253681
-0.253612
-0.253612
-0.253682
-0.116375
-0.116302
-0.116303
-0.116375
-0.30905
-0.309048
-0.309048
-0.30905
-0.059686
-0.05955
-0.0595495
-0.0596856
-0.464752
-0.464832
-0.464832
-0.464754
-0.403762
-0.403724
-0.403724
-0.403762
-0.433157
-0.433298
-0.433299
-0.433158
-0.238344
-0.23851
-0.238511
-0.238346
0.123592
0.12356
0.123559
0.12359
0.0424458
0.0423434
0.0423425
0.0424435
0.396347
0.396245
0.396245
0.396345
0.473971
0.47387
0.47387
0.47397
4.95272
4.95267
4.95267
4.95272
4.52653
4.52645
4.52645
4.52653
4.91686
4.91666
4.91666
4.91686
4.62014
4.61998
4.61998
4.62014
4.16179
4.16176
4.16176
4.16179
4.1174
4.11713
4.11713
4.1174
3.80214
3.802
3.802
3.80214
3.40665
3.40644
3.40644
3.40665
3.10196
3.10186
3.10186
3.10196
2.74678
2.74665
2.74665
2.74678
2.76631
2.76628
2.76628
2.76631
-0.480845
-0.480955
-0.480956
-0.480847
3.29395
3.29381
3.29381
3.29395
2.68451
2.68445
2.68445
2.68451
-0.283778
-0.283904
-0.283905
-0.28378
0.0847015
0.0846383
0.0846375
0.0846997
0.484717
0.484685
0.484685
0.484715
0.776573
0.776563
0.776563
0.776573
0.860285
0.860316
0.860316
0.860285
0.905395
0.905383
0.905383
0.905394
-0.610501
-0.610603
-0.610604
-0.610501
-0.632266
-0.632507
-0.632508
-0.632267
-0.469243
-0.469535
-0.469536
-0.469245
-0.137033
-0.137211
-0.137212
-0.137035
0.233638
0.233487
0.233487
0.233636
0.666142
0.666066
0.666066
0.666142
0.0709835
0.0710568
0.0710572
0.0709837
-0.453782
-0.45382
-0.45382
-0.453783
-0.231371
-0.231372
-0.231373
-0.231373
5.23494
5.23482
5.23482
5.23494
5.25927
5.2592
5.2592
5.25927
4.32106
4.32092
4.32092
4.32106
4.68241
4.68227
4.68227
4.68241
4.48804
4.48789
4.48789
4.48804
4.13034
4.13044
4.13044
4.13034
3.70406
3.70389
3.70389
3.70406
3.3889
3.38889
3.38889
3.3889
3.03314
3.03297
3.03297
3.03314
2.7174
2.71734
2.71734
2.7174
2.42182
2.42171
2.42171
2.42182
2.47536
2.47532
2.47532
2.47536
2.45295
2.45286
2.45286
2.45295
2.40648
2.40647
2.40647
2.40648
3.57074
3.57042
3.57042
3.57074
3.41022
3.41019
3.41019
3.41022
3.05311
3.05285
3.05285
3.05311
2.85078
2.85074
2.85074
2.85078
2.55025
2.55015
2.55015
2.55025
2.32442
2.32448
2.32448
2.32442
4.03808
4.03815
4.03815
4.03808
4.06529
4.06491
4.06491
4.06529
4.99896
4.99884
4.99884
4.99896
-0.041715
-0.0416603
-0.0416618
-0.0417183
-0.944377
-0.94441
-0.94441
-0.944376
-1.03368
-1.03399
-1.03399
-1.03368
-0.845021
-0.84535
-0.84535
-0.84502
-0.486052
-0.486343
-0.486343
-0.486053
0.0200979
0.0199121
0.019912
0.0200974
0.490004
0.489867
0.489868
0.490005
0.890189
0.890116
0.890116
0.890189
0.992069
0.991979
0.991979
0.992069
1.07232
1.07228
1.07228
1.07232
1.14032
1.14025
1.14025
1.14032
1.2043
1.20427
1.20427
1.2043
1.23195
1.23193
1.23193
1.23195
0.912417
0.912465
0.912465
0.912416
0.430848
0.430887
0.430886
0.430846
-0.0610719
-0.0611778
-0.0611788
-0.0610743
-0.508839
-0.508948
-0.508948
-0.508842
-0.712956
-0.713095
-0.713096
-0.712958
-0.622181
-0.622113
-0.622114
-0.622183
-0.332059
-0.332117
-0.332118
-0.332061
3.86046
3.86003
3.86003
3.86046
3.7967
3.79649
3.79649
3.7967
3.415
3.41463
3.41463
3.415
3.20558
3.20544
3.20544
3.20558
2.8633
2.86313
2.86313
2.8633
2.63279
2.63267
2.63267
2.63279
2.31234
2.31225
2.31225
2.31234
2.10475
2.10472
2.10472
2.10475
2.17336
2.17335
2.17335
2.17336
2.20613
2.20606
2.20606
2.20613
2.21507
2.2151
2.2151
2.21507
2.17645
2.17644
2.17644
2.17645
2.07617
2.07614
2.07614
2.07617
3.2867
3.28651
3.28651
3.2867
3.08082
3.08062
3.08062
3.08082
2.85621
2.85598
2.85598
2.85621
2.61674
2.61667
2.61667
2.61674
2.39017
2.39015
2.39015
2.39017
2.18061
2.18058
2.18058
2.18061
1.97493
1.97489
1.97489
1.97493
0.00738427
0.00747274
0.00747044
0.00738056
1.257
1.25697
1.25697
1.257
0.866534
0.866607
0.866607
0.866532
0.277145
0.277211
0.277211
0.277143
-0.374107
-0.374193
-0.374193
-0.374109
-0.998086
-0.998178
-0.998178
-0.998088
-1.34195
-1.34224
-1.34224
-1.34195
-1.23309
-1.23324
-1.23324
-1.23309
-1.00556
-1.00586
-1.00586
-1.00556
1.17036
1.17031
1.17031
1.17036
1.22308
1.22305
1.22305
1.22308
1.27486
1.27485
1.27485
1.27486
1.33214
1.33213
1.33213
1.33214
1.39213
1.39211
1.39211
1.39213
1.45173
1.4517
1.4517
1.45173
1.50378
1.50371
1.50371
1.50377
-1.21535
-1.21536
-1.21536
-1.21535
-1.60003
-1.60022
-1.60021
-1.60003
-1.7544
-1.75492
-1.75492
-1.7544
-1.57937
-1.57997
-1.57997
-1.57937
-1.0433
-1.04378
-1.04378
-1.0433
-0.394516
-0.39485
-0.394849
-0.394514
0.244063
0.24387
0.243871
0.244064
0.762624
0.76248
0.76248
0.762625
1.12239
1.1223
1.1223
1.12239
3.52312
3.52306
3.52306
3.52312
4.50413
4.50438
4.50438
4.50413
3.51263
3.51242
3.51242
3.51263
3.76815
3.76815
3.76815
3.76815
4.06058
4.06085
4.06085
4.06058
3.49183
3.49181
3.49181
3.49183
3.15301
3.15308
3.15308
3.15301
2.88741
2.88725
2.88724
2.88741
2.6636
2.66351
2.66351
2.6636
2.42688
2.42671
2.42671
2.42688
2.19239
2.19232
2.19232
2.19239
1.97763
1.97756
1.97756
1.97763
1.79367
1.79363
1.79363
1.79367
1.88252
1.88247
1.88248
1.88252
1.96465
1.96462
1.96462
1.96465
2.00268
2.0027
2.0027
2.00268
1.99272
1.99266
1.99266
1.99272
1.9648
1.96479
1.96479
1.9648
1.89499
1.89504
1.89504
1.89499
1.7964
1.79641
1.79641
1.7964
2.55097
2.55069
2.55069
2.55097
2.38891
2.38891
2.38891
2.38891
2.17354
2.17339
2.17339
2.17354
2.00948
2.00958
2.00958
2.00948
1.81878
1.81871
1.81871
1.81878
1.68519
1.68522
1.68522
1.68519
2.93525
2.93514
2.93515
2.93525
2.36061
2.36025
2.36025
2.36061
1.84131
1.84117
1.84117
1.8413
1.62964
1.62965
1.62965
1.62964
1.72699
1.72701
1.72701
1.72699
1.78447
1.78447
1.78446
1.78447
1.812
1.81194
1.81194
1.812
1.82099
1.82102
1.82102
1.82099
1.78698
1.78691
1.78691
1.78698
1.71828
1.71825
1.71825
1.71828
1.63253
1.63254
1.63254
1.63253
1.51373
1.51367
1.51367
1.51373
2.17426
2.1734
2.1734
2.17426
2.54384
2.54332
2.54332
2.54384
3.08487
3.08427
3.08427
3.08487
2.84341
2.84312
2.84312
2.84341
2.77622
2.77594
2.77594
2.77622
2.56541
2.56526
2.56526
2.56541
2.42277
2.42263
2.42263
2.42277
2.20119
2.20108
2.20108
2.20119
2.03282
2.03269
2.03269
2.03282
1.83023
1.83016
1.83016
1.83023
1.68166
1.68161
1.68161
1.68166
1.51971
1.5197
1.5197
1.51971
-0.846696
-0.846519
-0.846519
-0.846696
-1.33224
-1.33222
-1.33222
-1.33224
-1.95617
-1.95634
-1.95634
-1.95616
-2.6191
-2.61939
-2.61939
-2.61909
-2.90461
-2.9053
-2.9053
-2.9046
-2.68534
-2.68619
-2.68619
-2.68533
-1.97486
-1.97561
-1.9756
-1.97486
-0.979006
-0.97942
-0.97942
-0.979004
-0.108946
-0.109145
-0.109144
-0.108944
0.613141
0.613023
0.613023
0.613141
1.06068
1.0606
1.0606
1.06067
1.26815
1.26808
1.26808
1.26815
1.26984
1.26975
1.26975
1.26984
1.28687
1.28681
1.28681
1.28687
1.31406
1.31401
1.31401
1.31406
1.35149
1.35145
1.35145
1.35149
1.39925
1.39921
1.39921
1.39925
1.45568
1.45564
1.45564
1.45568
1.5182
1.51813
1.51813
1.5182
1.58418
1.58407
1.58407
1.58417
1.65057
1.65047
1.65047
1.65056
1.55739
1.55733
1.55733
1.55739
1.28818
1.28814
1.28814
1.28818
0.777396
0.777392
0.777391
0.777393
0.0156074
0.0156154
0.0156149
0.0156055
-0.840174
-0.84024
-0.840239
-0.840176
-1.71998
-1.72011
-1.72011
-1.71998
-2.27584
-2.27612
-2.27612
-2.27585
-2.35493
-2.35536
-2.35536
-2.35493
-1.88268
-1.88308
-1.88308
-1.88269
-0.485642
-0.485614
-0.485615
-0.485644
-1.25378
-1.25437
-1.25437
-1.25378
-0.405826
-0.406074
-0.406076
-0.405832
-0.33279
-0.333519
-0.333517
-0.332788
-1.56038
-1.56049
-1.56049
-1.56038
-3.13631
-3.13697
-3.13697
-3.13632
-3.74071
-3.74117
-3.74117
-3.74071
-3.68693
-3.68739
-3.68739
-3.68693
-2.67088
-2.67092
-2.67092
-2.67088
-1.43594
-1.43596
-1.43596
-1.43594
-0.337861
-0.337791
-0.337792
-0.337864
0.646658
0.646731
0.64673
0.646655
1.2757
1.27563
1.27563
1.2757
1.60722
1.60707
1.60707
1.60721
1.71527
1.71507
1.71507
1.71527
1.30928
1.30925
1.30925
1.30928
1.2981
1.29802
1.29802
1.2981
1.30078
1.30074
1.30074
1.30078
1.31823
1.3182
1.3182
1.31823
1.34796
1.34794
1.34793
1.34796
1.38967
1.38963
1.38963
1.38966
1.44101
1.44097
1.44097
1.441
1.49905
1.49899
1.49899
1.49905
1.56234
1.56222
1.56222
1.56234
1.62422
1.62412
1.62412
1.62421
1.67231
1.67206
1.67206
1.67231
2.18499
2.1855
2.1855
2.18499
2.21303
2.21261
2.21261
2.21303
2.39783
2.39792
2.39792
2.39783
2.24157
2.24107
2.24107
2.24157
2.22862
2.22854
2.22854
2.22862
2.08625
2.08591
2.08591
2.08625
1.9803
1.98032
1.98032
1.9803
1.79763
1.79742
1.79742
1.79763
1.67089
1.67087
1.67087
1.67089
1.51834
1.51817
1.51817
1.51834
1.4
1.40002
1.40002
1.4
1.27717
1.27708
1.27708
1.27717
1.39881
1.3988
1.3988
1.39881
1.49355
1.49354
1.49354
1.49355
1.56832
1.56829
1.56829
1.56832
1.63266
1.63259
1.63259
1.63266
1.66342
1.66344
1.66344
1.66342
1.65368
1.65362
1.65362
1.65368
1.63123
1.63122
1.63122
1.63123
1.57902
1.57907
1.57907
1.57902
1.49529
1.49532
1.49532
1.49529
1.40064
1.4007
1.4007
1.40064
1.27514
1.27517
1.27517
1.27514
1.40381
1.40387
1.40387
1.40381
1.52998
1.52987
1.52987
1.52998
1.65683
1.65691
1.65691
1.65683
1.80335
1.80337
1.80337
1.80335
1.95515
1.95518
1.95518
1.95515
2.10307
2.10296
2.10296
2.10307
2.24961
2.24949
2.24949
2.24961
2.34041
2.3401
2.3401
2.34041
-2.03162
-2.03164
-2.03164
-2.03162
-2.96987
-2.97014
-2.97014
-2.96987
-4.09909
-4.09969
-4.09969
-4.09909
-4.53833
-4.53943
-4.53942
-4.53833
-4.22116
-4.22241
-4.22241
-4.22116
-3.0799
-3.08089
-3.08089
-3.0799
-1.77902
-1.77967
-1.77967
-1.77902
-0.534687
-0.535055
-0.535054
-0.534686
0.406961
0.406749
0.40675
0.406961
1.01663
1.0165
1.0165
1.01663
1.28815
1.28801
1.28801
1.28815
1.32824
1.32811
1.32811
1.32824
2.37774
2.37758
2.37758
2.37774
2.19713
2.19677
2.19676
2.19713
2.07512
2.07545
2.07545
2.07512
0.649446
0.648745
0.648745
0.649446
1.00177
1.00132
1.00132
1.00177
0.366204
0.367737
0.367737
0.366205
1.33754
1.33835
1.33835
1.33754
-5.8543
-5.8476
-5.8476
-5.8543
-2.30451
-2.30169
-2.30169
-2.30451
-5.58175
-5.5829
-5.58291
-5.58176
-3.46552
-3.46449
-3.4645
-3.46552
-2.28067
-2.27934
-2.27934
-2.28067
-0.390925
-0.391218
-0.391218
-0.390924
-0.156136
-0.156535
-0.156535
-0.156137
-0.389252
-0.390383
-0.390384
-0.389255
-0.710638
-0.711631
-0.711633
-0.710644
-0.77669
-0.7782
-0.778201
-0.776692
-2.82562
-2.82678
-2.82679
-2.82563
-4.71866
-4.71975
-4.71976
-4.71867
-5.42078
-5.42172
-5.42173
-5.42079
-5.17698
-5.1775
-5.1775
-5.17699
-3.92486
-3.92475
-3.92475
-3.92487
-2.10344
-2.10345
-2.10346
-2.10344
-0.748518
-0.748488
-0.748489
-0.748521
0.372124
0.372252
0.372251
0.37212
1.13653
1.13655
1.13655
1.13653
1.56804
1.56792
1.56791
1.56804
1.73889
1.73868
1.73867
1.73888
1.72597
1.72574
1.72574
1.72597
1.24126
1.24112
1.24112
1.24126
1.2407
1.24068
1.24068
1.2407
1.23008
1.23
1.23
1.23008
1.23216
1.23213
1.23213
1.23216
1.246
1.24597
1.24597
1.246
1.2709
1.27087
1.27087
1.2709
1.30702
1.30698
1.30698
1.30702
1.35277
1.35273
1.35272
1.35277
1.4058
1.40573
1.40573
1.4058
1.46244
1.46231
1.46231
1.46244
1.51982
1.51973
1.51973
1.51982
1.55489
1.55466
1.55466
1.55488
1.6173
1.61713
1.61713
1.6173
-1.35619
-1.35727
-1.35727
-1.35619
-0.439289
-0.440885
-0.440886
-0.439291
0.839117
0.83896
0.838959
0.839116
1.2828
1.28215
1.28215
1.28281
1.71667
1.71655
1.71655
1.71667
1.80126
1.80104
1.80104
1.80126
1.86975
1.86953
1.86952
1.86975
1.85402
1.85385
1.85385
1.85402
1.78521
1.78507
1.78507
1.78521
1.68523
1.68518
1.68518
1.68523
1.57681
1.57672
1.57672
1.57681
1.46396
1.46393
1.46393
1.46396
1.34966
1.34957
1.34957
1.34966
1.24603
1.24604
1.24603
1.24603
1.14632
1.14625
1.14625
1.14632
1.06035
1.06038
1.06038
1.06035
1.18253
1.18258
1.18258
1.18253
1.28493
1.2849
1.2849
1.28493
1.3812
1.38114
1.38114
1.3812
1.4546
1.45459
1.45459
1.4546
1.49899
1.49897
1.49897
1.49899
1.5205
1.52042
1.52042
1.5205
1.52771
1.52773
1.52773
1.52771
1.49944
1.49937
1.49937
1.49944
1.44782
1.4478
1.4478
1.44782
1.3775
1.37755
1.37755
1.3775
1.2783
1.27833
1.27833
1.2783
1.17819
1.17826
1.17826
1.17819
1.06035
1.06038
1.06038
1.06035
1.14448
1.14456
1.14456
1.14448
1.25075
1.25078
1.25078
1.25075
1.36571
1.36568
1.36568
1.36571
1.46746
1.46745
1.46745
1.46746
1.59431
1.59431
1.59431
1.59431
1.69684
1.69671
1.69671
1.69684
1.81439
1.81439
1.81439
1.81439
1.88998
1.88973
1.88973
1.88998
1.94797
1.94773
1.94773
1.94797
1.90779
1.90753
1.90753
1.90779
1.72881
1.72872
1.72872
1.72881
1.46052
1.4604
1.4604
1.46052
0.706131
0.705948
0.705948
0.70613
-0.101014
-0.101412
-0.101412
-0.101014
-0.354989
-0.355437
-0.355437
-0.354989
-1.54077
-1.54153
-1.54153
-1.54077
-0.237514
-0.237502
-0.237502
-0.237514
-0.489528
-0.489776
-0.489776
-0.489528
-3.26499
-3.26741
-3.26741
-3.265
-0.932795
-0.933096
-0.933095
-0.932794
0.16185
0.161416
0.161416
0.161851
-0.238438
-0.239622
-0.239623
-0.238438
-0.254694
-0.253892
-0.253892
-0.254695
-0.712983
-0.713668
-0.713668
-0.712982
-0.101259
-0.10105
-0.101049
-0.101255
-1.0885
-1.08841
-1.08841
-1.0885
-2.50836
-2.50824
-2.50824
-2.50836
-4.06873
-4.06898
-4.06898
-4.06873
-5.57408
-5.57483
-5.57483
-5.57407
-6.09788
-6.09919
-6.09919
-6.09788
-5.59063
-5.5921
-5.5921
-5.59063
-4.1458
-4.14732
-4.14732
-4.1458
-2.40547
-2.40642
-2.40642
-2.40547
-0.966524
-0.967134
-0.967134
-0.966523
0.16331
0.163073
0.163073
0.163311
0.944832
0.944705
0.944706
0.944833
1.32397
1.32385
1.32385
1.32397
1.39255
1.39247
1.39246
1.39255
1.29976
1.29969
1.29968
1.29976
0.982084
0.982007
0.982007
0.982084
1.09553
1.09544
1.09544
1.09553
1.20168
1.20166
1.20166
1.20168
1.28157
1.28155
1.28155
1.28157
1.34303
1.34297
1.34297
1.34303
1.38991
1.38983
1.38983
1.38991
1.41484
1.41485
1.41485
1.41485
1.40763
1.40756
1.40756
1.40763
1.38921
1.38919
1.38919
1.38921
1.34553
1.34554
1.34554
1.34553
1.27844
1.27845
1.27845
1.27844
1.19712
1.1972
1.1972
1.19712
1.09089
1.09091
1.09091
1.09089
0.979335
0.979412
0.979412
0.979335
0.854772
0.85482
0.85482
0.854772
0.922263
0.922315
0.922315
0.922263
0.992557
0.99258
0.99258
0.992558
1.07986
1.0799
1.0799
1.07986
1.17334
1.17338
1.17338
1.17334
1.25738
1.25737
1.25737
1.25738
1.3596
1.35954
1.35954
1.3596
1.43461
1.43451
1.43451
1.43461
1.5114
1.51135
1.51135
1.5114
1.57117
1.57105
1.57105
1.57117
1.56178
1.56151
1.56151
1.56178
1.52725
1.52719
1.52719
1.52725
1.30486
1.30461
1.30461
1.30486
1.16943
1.16964
1.16964
1.16943
0.62629
0.626044
0.626044
0.62629
0.351004
0.351413
0.351413
0.351003
0.01938
0.0194824
0.0194822
0.0193794
-0.241676
-0.242047
-0.242047
-0.241675
-0.586853
-0.587682
-0.587683
-0.586853
-0.731856
-0.732813
-0.732812
-0.731856
0.258065
0.258092
0.258091
0.258065
0.522642
0.522001
0.522
0.522642
0.371422
0.371527
0.371528
0.371422
0.763808
0.764588
0.764588
0.763809
-0.162548
-0.161946
-0.161946
-0.162546
-0.486213
-0.485539
-0.485538
-0.486211
-1.52813
-1.5274
-1.5274
-1.52813
-3.04533
-3.04488
-3.04488
-3.04533
-4.80202
-4.802
-4.802
-4.80201
-6.29744
-6.2979
-6.2979
-6.29744
-6.98427
-6.98562
-6.98562
-6.98427
-6.38161
-6.38311
-6.38311
-6.38161
-4.65081
-4.65237
-4.65237
-4.6508
-2.75118
-2.75234
-2.75234
-2.75118
-1.19989
-1.20059
-1.20059
-1.19989
-0.033259
-0.0336271
-0.0336265
-0.0332587
0.787277
0.787099
0.787099
0.787277
1.22657
1.22642
1.22642
1.22657
1.32735
1.32714
1.32714
1.32735
1.23618
1.23602
1.23602
1.23618
1.0482
1.04804
1.04804
1.0482
1.1538
1.15377
1.15377
1.1538
1.10063
1.10051
1.10051
1.10063
1.11983
1.11983
1.11983
1.11983
1.10877
1.1087
1.1087
1.10877
1.11154
1.11153
1.11153
1.11154
1.12233
1.1223
1.1223
1.12233
1.14267
1.14264
1.14264
1.14267
1.17343
1.17339
1.17339
1.17343
1.21381
1.21376
1.21376
1.2138
1.26018
1.26012
1.26012
1.26018
1.31154
1.31142
1.31142
1.31154
1.36818
1.36812
1.36812
1.36818
1.39258
1.3924
1.3924
1.39257
1.47134
1.47126
1.47126
1.47134
1.39434
1.39412
1.39412
1.39434
1.55693
1.55663
1.55663
1.55693
1.6433
1.64294
1.64294
1.64329
1.62865
1.62828
1.62828
1.62865
1.42785
1.42755
1.42755
1.42784
0.954177
0.954005
0.954004
0.954174
0.12581
0.125735
0.125735
0.125807
-1.08938
-1.08942
-1.08942
-1.08938
-2.79616
-2.79596
-2.79596
-2.79617
-5.0323
-5.03211
-5.03212
-5.0323
-6.65116
-6.65157
-6.65157
-6.65116
-7.02131
-7.02243
-7.02244
-7.02132
-5.87335
-5.87472
-5.87472
-5.87335
-3.69042
-3.69177
-3.69177
-3.69042
-1.49
-1.49111
-1.49111
-1.49001
-0.295594
-0.296603
-0.296603
-0.295596
0.422036
0.421582
0.421582
0.422035
0.235619
0.234961
0.234961
0.235619
0.281392
0.281144
0.281143
0.281391
-0.831459
-0.830255
-0.830255
-0.83146
-1.59796
-1.59649
-1.59649
-1.59797
-2.0197
-2.01902
-2.01902
-2.01971
-2.41678
-2.41506
-2.41506
-2.41678
-1.69243
-1.69116
-1.69115
-1.69243
-0.839368
-0.838202
-0.838201
-0.839368
-0.169087
-0.168522
-0.168522
-0.169088
0.62031
0.620421
0.620422
0.62031
0.939803
0.939902
0.939903
0.939804
1.30038
1.30023
1.30023
1.30038
1.40862
1.40866
1.40866
1.40862
1.50543
1.50524
1.50524
1.50543
1.51957
1.51953
1.51953
1.51957
1.48553
1.48533
1.48533
1.48553
1.42079
1.42082
1.42082
1.42079
1.335
1.33487
1.33487
1.33501
1.25517
1.25523
1.25523
1.25517
1.15883
1.15872
1.15872
1.15883
1.08257
1.08263
1.08263
1.08257
0.991788
0.991673
0.991673
0.991788
0.926911
0.926983
0.926983
0.92691
0.850904
0.850795
0.850795
0.850904
0.719969
0.719987
0.719987
0.719969
0.77154
0.771549
0.771549
0.77154
0.829215
0.829224
0.829224
0.829215
0.895663
0.895677
0.895677
0.895663
0.969461
0.969473
0.969473
0.969461
1.03636
1.03634
1.03634
1.03636
1.11503
1.11495
1.11495
1.11503
1.17117
1.17112
1.17112
1.17117
1.21542
1.21534
1.21534
1.21542
1.25639
1.25636
1.25636
1.25639
1.21833
1.21812
1.21812
1.21834
1.19623
1.19625
1.19625
1.19623
0.9929
0.992724
0.992724
0.9929
0.909977
0.910164
0.910164
0.909977
0.547519
0.547121
0.547121
0.547519
0.305879
0.305676
0.305675
0.305878
0.00938905
0.00862427
0.0086238
0.00939022
-0.339362
-0.3402
-0.3402
-0.339362
-0.2794
-0.279542
-0.279542
-0.2794
-0.485803
-0.486807
-0.486808
-0.485803
-0.170028
-0.170402
-0.170402
-0.170028
0.2103
0.209815
0.209815
0.210301
0.437055
0.436377
0.436376
0.437054
0.871256
0.871368
0.871367
0.871257
0.259703
0.259736
0.259736
0.259704
-0.328509
-0.328143
-0.328143
-0.328508
-1.58455
-1.58398
-1.58398
-1.58455
-3.23694
-3.2363
-3.23629
-3.23694
-4.89049
-4.89021
-4.8902
-4.89048
-6.26704
-6.26727
-6.26727
-6.26704
-6.93177
-6.93272
-6.93272
-6.93176
-6.30039
-6.30179
-6.30179
-6.30038
-4.59931
-4.60079
-4.60079
-4.59931
-2.71662
-2.71769
-2.71769
-2.71662
-1.2217
-1.22242
-1.22241
-1.2217
-0.116538
-0.116971
-0.11697
-0.116538
0.688751
0.688524
0.688525
0.688752
1.13801
1.1379
1.1379
1.13801
1.25257
1.25252
1.25252
1.25258
1.18015
1.18013
1.18013
1.18015
1.05071
1.05072
1.05072
1.05071
0.999681
0.999818
0.999818
0.999683
0.862451
0.862426
0.862426
0.862452
1.00916
1.00922
1.00922
1.00916
0.942202
0.942143
0.942144
0.942203
0.966909
0.966932
0.966932
0.966909
0.951737
0.95169
0.95169
0.951737
0.95316
0.953153
0.953153
0.953159
0.960617
0.960595
0.960595
0.960616
0.976766
0.976738
0.976738
0.976764
1.0022
1.00217
1.00217
1.0022
1.03651
1.03646
1.03646
1.03651
1.07752
1.07748
1.07748
1.07751
1.12255
1.12246
1.12246
1.12255
1.17966
1.17962
1.17962
1.17966
1.1994
1.19927
1.19927
1.1994
1.29896
1.29891
1.2989
1.29896
1.202
1.20189
1.20189
1.202
1.38699
1.38701
1.38701
1.38699
1.41821
1.41813
1.41813
1.41821
1.50687
1.50665
1.50665
1.50687
1.57297
1.5727
1.5727
1.57297
1.5548
1.55447
1.55447
1.55479
1.33531
1.33504
1.33504
1.33531
0.790176
0.790052
0.790051
0.790173
-0.0693524
-0.0693866
-0.0693868
-0.0693546
-1.28152
-1.2815
-1.2815
-1.28152
-3.1392
-3.13899
-3.139
-3.13921
-5.59023
-5.59001
-5.59001
-5.59024
-7.49786
-7.49818
-7.49818
-7.49787
-7.8464
-7.84766
-7.84766
-7.84641
-6.65089
-6.65263
-6.65264
-6.6509
-4.35203
-4.35386
-4.35386
-4.35204
-2.17881
-2.18046
-2.18046
-2.17881
-0.733373
-0.734717
-0.734718
-0.733374
0.090428
0.0893017
0.0892999
0.0904242
0.430813
0.430461
0.43046
0.43081
0.155728
0.156256
0.156255
0.155726
-0.752524
-0.751543
-0.751543
-0.752526
-1.43961
-1.43872
-1.43872
-1.43961
-1.92928
-1.92871
-1.92872
-1.92928
-1.73539
-1.73438
-1.73438
-1.73539
-1.17973
-1.17935
-1.17935
-1.17973
-0.663275
-0.66317
-0.663169
-0.663275
-0.152996
-0.153225
-0.153225
-0.152997
0.3799
0.379972
0.379972
0.3799
0.679645
0.679612
0.679613
0.679647
0.95765
0.957591
0.957591
0.957651
1.08754
1.08755
1.08755
1.08754
1.18229
1.18216
1.18216
1.18229
1.21513
1.21514
1.21514
1.21512
1.19344
1.19332
1.19332
1.19344
1.15615
1.15621
1.15621
1.15615
1.09397
1.09389
1.09389
1.09397
1.03345
1.03348
1.03348
1.03345
0.961988
0.961884
0.961884
0.961988
0.897481
0.897514
0.897514
0.897481
0.830185
0.830059
0.830059
0.830185
0.775653
0.775718
0.775718
0.775653
0.713286
0.713177
0.713177
0.713286
0.684087
0.684139
0.684139
0.684087
0.809908
0.80995
0.80995
0.809908
0.923941
0.923989
0.923989
0.923941
1.03042
1.03048
1.03048
1.03042
1.11915
1.11917
1.11917
1.11916
1.19898
1.19898
1.19898
1.19898
1.26194
1.26195
1.26195
1.26194
1.29883
1.29885
1.29885
1.29883
1.31663
1.31655
1.31655
1.31663
1.32385
1.32387
1.32387
1.32385
1.30008
1.29999
1.29999
1.30008
1.25867
1.25859
1.25859
1.25867
1.20155
1.20153
1.20153
1.20155
1.11879
1.11874
1.11874
1.11879
1.02963
1.02967
1.02967
1.02963
0.923721
0.92376
0.92376
0.923721
0.802781
0.802814
0.802814
0.802781
0.673641
0.673658
0.673658
0.673641
1.01075
1.01075
1.01075
1.01075
1.19681
1.19655
1.19655
1.19681
1.39644
1.39621
1.39621
1.39644
1.46859
1.46827
1.46827
1.46859
1.39141
1.39114
1.39114
1.39141
1.07324
1.07313
1.07313
1.07323
0.538388
0.538353
0.538353
0.538386
-0.177874
-0.177864
-0.177865
-0.177876
-1.24158
-1.24152
-1.24152
-1.24158
-2.97483
-2.97452
-2.97452
-2.97484
-5.24801
-5.24758
-5.24758
-5.24802
-6.92841
-6.92835
-6.92835
-6.92841
-7.22352
-7.22417
-7.22417
-7.22353
-6.04646
-6.04758
-6.04758
-6.04646
-3.98534
-3.98668
-3.98668
-3.98534
-2.01643
-2.01756
-2.01756
-2.01643
-0.61489
-0.615614
-0.615614
-0.61489
0.247048
0.246616
0.246614
0.247045
0.616349
0.616212
0.616212
0.616348
0.62183
0.622456
0.622456
0.621829
0.0555425
0.056634
0.0566334
0.0555408
-0.454141
-0.453584
-0.453585
-0.454142
-0.735956
-0.735121
-0.735122
-0.735958
-0.941643
-0.940708
-0.940709
-0.941644
-0.758747
-0.758384
-0.758384
-0.758747
-0.452849
-0.452517
-0.452516
-0.45285
-0.130275
-0.130471
-0.130471
-0.130275
0.23565
0.235545
0.235545
0.23565
0.468842
0.468836
0.468837
0.468842
0.682444
0.682352
0.682351
0.682444
0.810298
0.81034
0.810339
0.810298
0.872311
0.872241
0.872241
0.87231
0.923964
0.923962
0.923962
0.923964
0.90693
0.906903
0.906903
0.906929
0.894791
0.894807
0.894807
0.894791
0.855201
0.855125
0.855125
0.855201
0.808703
0.808712
0.808712
0.808703
0.761167
0.761057
0.761057
0.761167
0.707863
0.707905
0.707905
0.707863
0.657683
0.657561
0.657561
0.657683
0.615423
0.615498
0.615498
0.615423
0.56518
0.565099
0.565099
0.56518
0.54583
0.54593
0.54593
0.54583
0.496823
0.496726
0.496726
0.496823
0.632144
0.632022
0.632022
0.632144
0.756809
0.756718
0.756718
0.756809
0.871592
0.871546
0.871546
0.871592
0.973525
0.973467
0.973467
0.973525
1.06623
1.06621
1.06621
1.06623
1.13613
1.13611
1.13611
1.13613
1.18888
1.18885
1.18885
1.18888
1.22779
1.22773
1.22773
1.22779
1.25051
1.25048
1.25048
1.25051
1.24272
1.24268
1.24268
1.24272
1.22769
1.2277
1.2277
1.22769
1.19158
1.19155
1.19155
1.19158
1.13539
1.13532
1.13532
1.13539
1.06593
1.06593
1.06593
1.06593
0.970767
0.970713
0.970713
0.970767
0.872337
0.872332
0.872332
0.872337
0.761695
0.761657
0.761657
0.761695
0.641221
0.641195
0.641195
0.641221
0.509376
0.509401
0.509401
0.509376
0.534057
0.534115
0.534115
0.534057
0.572164
0.572183
0.572183
0.572164
0.61555
0.615524
0.615524
0.61555
0.658208
0.658165
0.658165
0.658208
0.706073
0.706098
0.706098
0.706073
0.763961
0.763912
0.763912
0.76396
0.811865
0.81185
0.81185
0.811865
0.869518
0.869416
0.869416
0.869517
0.908438
0.908419
0.908419
0.908437
0.930585
0.930485
0.930485
0.930585
0.955776
0.955814
0.955815
0.955776
0.912812
0.91266
0.91266
0.912812
0.895865
0.895882
0.895882
0.895865
0.738085
0.737908
0.737908
0.738085
0.671633
0.671605
0.671605
0.671633
0.436054
0.435665
0.435665
0.436054
0.204311
0.204018
0.204018
0.204311
0.0660797
0.0659442
0.0659439
0.0660797
-0.176724
-0.17691
-0.17691
-0.176726
-0.0472687
-0.0470158
-0.0470165
-0.0472692
-0.168524
-0.16907
-0.16907
-0.168525
0.173914
0.174243
0.174244
0.173914
0.382719
0.382629
0.382629
0.38272
0.757304
0.757295
0.757297
0.757305
0.808958
0.809121
0.809121
0.808958
0.448758
0.448771
0.448771
0.44876
-0.0854657
-0.0846572
-0.0846568
-0.0854633
-1.36111
-1.36018
-1.36018
-1.3611
-2.99132
-2.99033
-2.99033
-2.99131
-4.44673
-4.44604
-4.44604
-4.44673
-5.56465
-5.56456
-5.56456
-5.56465
-5.95864
-5.95941
-5.95941
-5.95864
-5.35246
-5.35344
-5.35344
-5.35246
-3.87134
-3.87237
-3.87237
-3.87134
-2.32113
-2.3218
-2.3218
-2.32113
-1.07276
-1.07325
-1.07325
-1.07276
-0.181566
-0.181919
-0.181919
-0.181566
0.526315
0.526129
0.52613
0.526317
1.02221
1.02201
1.02201
1.02221
1.13527
1.13511
1.13511
1.13528
1.07067
1.07056
1.07056
1.07067
0.906075
0.905977
0.905977
0.906075
0.714425
0.714525
0.714526
0.714427
0.691548
0.691791
0.691793
0.691551
0.998782
0.999021
0.999021
0.998784
0.744338
0.744437
0.744438
0.744339
0.858966
0.859072
0.859072
0.858967
0.774443
0.774435
0.774435
0.774444
0.789621
0.789665
0.789664
0.789621
0.769868
0.769838
0.769838
0.769868
0.768435
0.768437
0.768437
0.768436
0.772352
0.772336
0.772336
0.772351
0.784202
0.78418
0.78418
0.784201
0.804167
0.804138
0.804138
0.804167
0.831876
0.831838
0.831838
0.831876
0.866267
0.866238
0.866238
0.866267
0.904016
0.903937
0.903937
0.904016
0.957341
0.957318
0.957319
0.957341
0.97806
0.977958
0.977958
0.97806
1.08537
1.08534
1.08534
1.08537
1.01427
1.01424
1.01424
1.01427
1.2715
1.27139
1.27139
1.2715
0.986007
0.986095
0.986096
0.986008
0.369087
0.369097
0.369097
0.369087
0.393368
0.39341
0.39341
0.393368
0.410575
0.410527
0.410527
0.410575
0.447723
0.447737
0.447737
0.447723
0.473894
0.473832
0.473832
0.473894
0.515177
0.515215
0.515216
0.515178
0.547629
0.547548
0.547548
0.547629
0.587984
0.588001
0.588001
0.587983
0.618076
0.617967
0.617966
0.618076
0.654267
0.654275
0.654275
0.654267
0.650511
0.650401
0.650402
0.650512
0.683389
0.683414
0.683414
0.68339
0.626237
0.626062
0.626062
0.626237
0.629371
0.629409
0.629409
0.629371
0.508766
0.508582
0.508582
0.508766
0.453877
0.45381
0.45381
0.453878
0.323106
0.322961
0.322961
0.323106
0.14141
0.141326
0.141326
0.141409
0.118225
0.118371
0.118371
0.118224
-0.046368
-0.0465945
-0.0465946
-0.0463698
0.0431671
0.0430474
0.0430469
0.0431669
-0.00975047
-0.0103754
-0.010375
-0.0097516
0.11206
0.111764
0.111764
0.112061
0.257501
0.257188
0.257188
0.257502
0.30216
0.301463
0.301463
0.302161
0.28915
0.288995
0.288995
0.289152
0.00949355
0.00929599
0.00929631
0.00949681
-0.414226
-0.413793
-0.413792
-0.414224
-1.28336
-1.28266
-1.28266
-1.28336
-2.57451
-2.57362
-2.57362
-2.57451
-3.56977
-3.56906
-3.56906
-3.56976
-4.21459
-4.21432
-4.21432
-4.21459
-4.39401
-4.3943
-4.3943
-4.39401
-3.85492
-3.85559
-3.85559
-3.85492
-2.76852
-2.76924
-2.76924
-2.76852
-1.7016
-1.70219
-1.70219
-1.7016
-0.828557
-0.829047
-0.829047
-0.828557
-0.184072
-0.184456
-0.184456
-0.184072
0.298897
0.298622
0.298623
0.298898
0.675442
0.675189
0.67519
0.675443
0.871202
0.87103
0.87103
0.871202
0.94621
0.946107
0.946107
0.94621
0.945813
0.94594
0.94594
0.945814
0.938164
0.93824
0.93824
0.938165
0.897755
0.897779
0.89778
0.897756
0.739641
0.739714
0.739715
0.739641
0.701198
0.701331
0.701332
0.7012
0.860526
0.860664
0.860664
0.860526
0.615254
0.61532
0.615321
0.615255
0.664233
0.664325
0.664325
0.664234
0.585239
0.585241
0.58524
0.585239
0.587597
0.587641
0.587641
0.587598
0.567493
0.567473
0.567473
0.567494
0.563773
0.563776
0.563776
0.563773
0.564948
0.564938
0.564938
0.564949
0.572812
0.572795
0.572795
0.572812
0.587189
0.587166
0.587166
0.58719
0.607743
0.607713
0.607713
0.607744
0.634071
0.634051
0.634051
0.634072
0.662854
0.662791
0.662792
0.662854
0.706629
0.706615
0.706616
0.706629
0.725527
0.725451
0.725451
0.725527
0.816038
0.816008
0.816009
0.816039
0.788401
0.788353
0.788354
0.788402
0.983048
0.982915
0.982915
0.983049
0.837864
0.83777
0.837771
0.837865
0.801217
0.801183
0.801184
0.801218
0.992174
0.992107
0.992108
0.992174
1.09943
1.09932
1.09932
1.09943
1.13184
1.1318
1.1318
1.13184
1.10242
1.10235
1.10235
1.10242
1.0577
1.05753
1.05753
1.0577
0.99173
0.991534
0.991534
0.991728
0.775268
0.775061
0.77506
0.775265
0.400776
0.40057
0.400569
0.400774
-0.142578
-0.14279
-0.14279
-0.142579
-0.95673
-0.957043
-0.957043
-0.956731
-2.23986
-2.23978
-2.23978
-2.23986
-3.89957
-3.89901
-3.899
-3.89957
-4.98218
-4.98201
-4.982
-4.98217
-4.98267
-4.98377
-4.98377
-4.98267
-4.29577
-4.29673
-4.29673
-4.29577
-2.97928
-2.98018
-2.98018
-2.97928
-1.56939
-1.57025
-1.57025
-1.56939
-0.448339
-0.448839
-0.448839
-0.448339
0.0940986
0.0939779
0.0939772
0.0940975
0.214138
0.214291
0.214291
0.214138
0.118819
0.119118
0.119118
0.118818
-0.151596
-0.151196
-0.151197
-0.151597
-0.359417
-0.359424
-0.359424
-0.359419
-0.464087
-0.464016
-0.464017
-0.464088
-0.522554
-0.522135
-0.522135
-0.522554
-0.444935
-0.444776
-0.444776
-0.444935
-0.258168
-0.257804
-0.257804
-0.258168
-0.0873903
-0.0872543
-0.0872543
-0.0873902
0.146983
0.147006
0.147007
0.146983
0.30453
0.304586
0.304586
0.30453
0.445593
0.445517
0.445517
0.445593
0.562109
0.562079
0.562079
0.562108
0.595504
0.595484
0.595484
0.595503
0.652467
0.652441
0.652441
0.652466
0.636437
0.636473
0.636473
0.636437
0.639125
0.639136
0.639136
0.639125
0.613859
0.613824
0.613825
0.613859
0.583441
0.583522
0.583522
0.583441
0.549746
0.549643
0.549643
0.549746
0.514315
0.51442
0.51442
0.514315
0.473294
0.47317
0.47317
0.473294
0.448162
0.448249
0.448249
0.448162
0.403653
0.403601
0.403601
0.403653
0.39606
0.396173
0.396173
0.39606
0.359549
0.359473
0.359473
0.359549
0.373294
0.373247
0.373247
0.373294
0.501156
0.50118
0.50118
0.501156
0.620462
0.620558
0.620558
0.620462
0.734368
0.734499
0.734499
0.734368
0.840159
0.840249
0.840249
0.84016
0.937519
0.937547
0.937547
0.93752
1.01907
1.01901
1.01901
1.01907
1.08914
1.08907
1.08907
1.08914
1.1409
1.14091
1.14091
1.1409
1.17404
1.17405
1.17405
1.17404
1.19483
1.1947
1.1947
1.19483
1.19373
1.19374
1.19374
1.19373
1.17673
1.17667
1.17667
1.17673
1.14145
1.14136
1.14136
1.14145
1.08863
1.08855
1.08855
1.08863
1.01924
1.01912
1.01912
1.01924
0.933754
0.933717
0.933717
0.933754
0.836944
0.836911
0.836911
0.836944
0.729739
0.729643
0.729643
0.729739
0.610179
0.610078
0.610078
0.610179
0.481102
0.48109
0.48109
0.481102
0.349565
0.349624
0.349624
0.349565
0.55712
0.557088
0.557088
0.557121
0.692654
0.692571
0.692571
0.692655
0.843114
0.84305
0.84305
0.843114
0.890275
0.890309
0.890309
0.890275
0.770918
0.770952
0.770952
0.770918
0.691229
0.691183
0.691182
0.691228
0.667448
0.667207
0.667206
0.667446
0.557993
0.557685
0.557684
0.557991
0.324266
0.324117
0.324117
0.324266
-0.000856231
-0.00110541
-0.00110628
-0.000857193
-0.478258
-0.478881
-0.478881
-0.478259
-1.14176
-1.14201
-1.14201
-1.14176
-1.93172
-1.93144
-1.93144
-1.93172
-2.57452
-2.5742
-2.5742
-2.57452
-2.63782
-2.63845
-2.63845
-2.63782
-2.35216
-2.35284
-2.35283
-2.35216
-1.78149
-1.78217
-1.78217
-1.78149
-0.955705
-0.956082
-0.956082
-0.955704
-0.26586
-0.265988
-0.265988
-0.265859
0.0794728
0.0793602
0.0793599
0.0794733
0.212687
0.213021
0.213022
0.212687
0.127375
0.127805
0.127805
0.127375
-0.0278559
-0.0273318
-0.0273322
-0.027857
-0.168648
-0.168338
-0.168338
-0.168649
-0.251989
-0.251963
-0.251963
-0.251989
-0.285448
-0.285228
-0.285228
-0.285448
-0.241274
-0.241343
-0.241343
-0.241275
-0.124097
-0.124031
-0.124031
-0.124097
-0.0510776
-0.0509074
-0.0509074
-0.0510777
0.0840599
0.0841202
0.0841204
0.0840601
0.180755
0.180884
0.180884
0.180755
0.248796
0.24884
0.24884
0.248795
0.333125
0.333037
0.333037
0.333124
0.34906
0.349087
0.349087
0.349059
0.386328
0.386213
0.386213
0.386328
0.381549
0.381596
0.381597
0.381549
0.380116
0.38009
0.38009
0.380116
0.369888
0.369922
0.369922
0.369888
0.349663
0.34971
0.34971
0.349663
0.333697
0.33362
0.33362
0.333697
0.312147
0.312244
0.312243
0.312147
0.287157
0.287042
0.287042
0.287157
0.275842
0.275916
0.275916
0.275842
0.245329
0.245312
0.245312
0.245329
0.242884
0.242968
0.242968
0.242884
0.219442
0.219393
0.219393
0.219442
0.229409
0.229307
0.229307
0.229409
0.208546
0.208548
0.208548
0.208546
0.330901
0.330934
0.330934
0.330901
0.454607
0.454663
0.454663
0.454607
0.577577
0.5776
0.5776
0.577578
0.696542
0.696504
0.696504
0.696542
0.80665
0.806561
0.806561
0.80665
0.903732
0.903612
0.903612
0.903732
0.992122
0.992072
0.992072
0.992122
1.05775
1.05775
1.05775
1.05775
1.10128
1.10122
1.10122
1.10128
1.13812
1.13802
1.13802
1.13812
1.16499
1.16495
1.16495
1.16499
1.15189
1.15181
1.15181
1.15189
1.14357
1.14355
1.14355
1.14357
1.11256
1.11253
1.11253
1.11256
1.05796
1.05784
1.05784
1.05796
0.999075
0.99904
0.99904
0.999075
0.907771
0.907586
0.907586
0.907771
0.815902
0.815777
0.815777
0.815902
0.713764
0.713596
0.713596
0.713764
0.598845
0.598734
0.598734
0.598845
0.474839
0.474694
0.474694
0.474839
0.337739
0.337659
0.337659
0.337739
0.193467
0.193464
0.193464
0.193467
0.214449
0.214535
0.214535
0.214449
0.217805
0.217795
0.217795
0.217805
0.244491
0.244528
0.244528
0.244491
0.243606
0.243548
0.243548
0.243606
0.27916
0.279192
0.279192
0.27916
0.278293
0.278225
0.278225
0.278294
0.321418
0.321464
0.321465
0.321418
0.320064
0.319979
0.319979
0.320064
0.36426
0.364317
0.364316
0.364259
0.359422
0.359311
0.359311
0.359422
0.403128
0.403198
0.403198
0.403128
0.378097
0.377968
0.377968
0.378098
0.41875
0.418823
0.418823
0.41875
0.362824
0.362648
0.362648
0.362824
0.378837
0.378898
0.378898
0.378837
0.311468
0.31127
0.31127
0.311468
0.259368
0.259343
0.259344
0.259369
0.213879
0.213894
0.213894
0.213878
0.080443
0.0803308
0.0803301
0.0804424
0.110987
0.110964
0.110964
0.110987
-0.0104692
-0.0108503
-0.0108504
-0.0104701
0.0371146
0.03696
0.0369593
0.0371155
0.0111354
0.0106664
0.0106663
0.0111356
0.0380193
0.0378932
0.0378925
0.0380206
0.130661
0.130524
0.130524
0.130663
0.0982999
0.0981688
0.098169
0.0983005
0.0803467
0.0806908
0.0806916
0.0803484
-0.0778208
-0.0776009
-0.0776003
-0.077819
-0.416384
-0.415967
-0.415966
-0.416383
-0.932077
-0.931408
-0.931407
-0.932077
-1.54709
-1.54664
-1.54664
-1.54709
-2.0112
-2.01087
-2.01087
-2.0112
-2.34695
-2.34679
-2.34679
-2.34695
-2.41723
-2.41721
-2.41721
-2.41723
-2.02369
-2.02387
-2.02387
-2.02369
-1.45205
-1.45234
-1.45234
-1.45205
-0.912724
-0.913089
-0.913089
-0.912725
-0.436534
-0.436896
-0.436896
-0.436534
-0.0602179
-0.0605038
-0.0605036
-0.0602175
0.255834
0.255675
0.255675
0.255834
0.47827
0.478183
0.478183
0.47827
0.54016
0.540055
0.540055
0.540159
0.561875
0.561802
0.561801
0.561875
0.689233
0.689166
0.689165
0.689233
0.760536
0.760495
0.760495
0.760536
0.665137
0.665141
0.665141
0.665137
0.526753
0.526746
0.526746
0.526753
0.403783
0.403883
0.403883
0.403783
0.49401
0.494094
0.494093
0.49401
0.524405
0.524439
0.524439
0.524405
0.56769
0.567757
0.567757
0.56769
0.417812
0.417842
0.417842
0.417812
0.422966
0.423031
0.423031
0.422966
0.368784
0.368787
0.368787
0.368784
0.364513
0.364546
0.364546
0.364514
0.349093
0.349081
0.349081
0.349094
0.344964
0.344967
0.344967
0.344964
0.344574
0.344567
0.344567
0.344574
0.348891
0.34888
0.34888
0.348892
0.357656
0.35764
0.357641
0.357657
0.370582
0.37056
0.370561
0.370582
0.387624
0.387612
0.387612
0.387625
0.405881
0.40584
0.405841
0.405882
0.435335
0.43533
0.43533
0.435336
0.448323
0.448275
0.448276
0.448324
0.506968
0.506957
0.506958
0.506969
0.502441
0.502391
0.502391
0.502441
0.613043
0.613007
0.613007
0.613044
0.552729
0.552619
0.55262
0.55273
0.525005
0.525034
0.525035
0.525006
0.432154
0.432207
0.432207
0.432155
0.202923
0.202987
0.202987
0.202923
0.344605
0.344582
0.344582
0.344605
0.477851
0.477807
0.477807
0.477852
0.602498
0.60242
0.60242
0.602498
0.714552
0.714483
0.714483
0.714552
0.815389
0.815352
0.815352
0.815389
0.906754
0.906795
0.906795
0.906755
0.97489
0.974965
0.974965
0.97489
1.04116
1.04134
1.04134
1.04116
1.09574
1.09543
1.09543
1.09574
1.13305
1.13295
1.13295
1.13305
1.12913
1.12913
1.12913
1.12913
1.15035
1.15024
1.15024
1.15035
1.11725
1.11721
1.11721
1.11725
1.08261
1.08262
1.08262
1.08261
1.04328
1.04319
1.04319
1.04328
0.964103
0.9641
0.9641
0.964103
0.903325
0.903243
0.903243
0.903325
0.810571
0.81041
0.81041
0.810571
0.707429
0.707344
0.707344
0.707429
0.588044
0.587976
0.587976
0.588044
0.470826
0.470694
0.470694
0.470826
0.350518
0.35038
0.35038
0.350518
0.223858
0.223714
0.223714
0.223858
0.0795333
0.0794869
0.0794869
0.0795333
0.0634612
0.0634313
0.0634313
0.0634613
0.0714046
0.0714668
0.0714668
0.0714046
0.072362
0.0723496
0.0723496
0.072362
0.0840374
0.0840906
0.0840906
0.0840373
0.0805435
0.0805183
0.0805182
0.0805434
0.0965295
0.0965699
0.0965699
0.0965295
0.0913033
0.0912574
0.0912574
0.0913034
0.11119
0.111239
0.111239
0.11119
0.104828
0.104777
0.104777
0.104828
0.125198
0.12526
0.125259
0.125198
0.117763
0.117704
0.117704
0.117763
0.137402
0.137468
0.137468
0.137403
0.125003
0.124936
0.124936
0.125003
0.142478
0.142537
0.142537
0.142478
0.123215
0.123141
0.123141
0.123215
0.127348
0.127402
0.127401
0.127347
0.109538
0.109503
0.109503
0.109538
0.0831175
0.083123
0.0831232
0.0831179
0.0814077
0.0814443
0.081444
0.0814068
0.0239969
0.0238829
0.0238823
0.0239967
0.0449069
0.0448719
0.0448722
0.0449073
-0.00507635
-0.00527376
-0.00527374
-0.00507657
0.0113664
0.0113185
0.0113184
0.0113669
0.00380528
0.00365903
0.00366004
0.0038055
0.00282902
0.0028633
0.00286354
0.00282846
0.039513
0.0395444
0.0395442
0.0395122
0.0259175
0.0259202
0.0259205
0.0259173
0.0129181
0.0131245
0.0131252
0.0129183
-0.0348428
-0.0347142
-0.034714
-0.0348426
-0.149857
-0.149723
-0.149723
-0.149857
-0.296613
-0.296376
-0.296375
-0.296612
-0.443463
-0.443292
-0.443292
-0.443463
-0.530781
-0.53055
-0.53055
-0.53078
-0.549114
-0.549018
-0.549018
-0.549115
-0.541091
-0.541144
-0.541144
-0.541091
-0.456292
-0.456087
-0.456088
-0.456293
-0.355318
-0.354994
-0.354995
-0.355319
-0.20284
-0.202697
-0.202697
-0.20284
-0.0369179
-0.0370392
-0.0370391
-0.0369182
0.0724741
0.0723053
0.0723053
0.072474
0.135738
0.13568
0.13568
0.135739
0.191765
0.191746
0.191746
0.191765
0.217801
0.217759
0.217759
0.217801
0.231293
0.231328
0.231328
0.231293
0.332395
0.332401
0.332401
0.332395
0.441306
0.44132
0.44132
0.441307
0.508423
0.508437
0.508437
0.508423
0.45118
0.451187
0.451187
0.45118
0.317063
0.317103
0.317103
0.317062
0.127553
0.127589
0.127589
0.127553
0.17419
0.174236
0.174236
0.17419
0.174505
0.174535
0.174535
0.174506
0.19116
0.191138
0.191138
0.191159
0.190604
0.190617
0.190617
0.190604
0.147137
0.14714
0.147139
0.147136
0.145795
0.145817
0.145817
0.145795
0.126781
0.126781
0.126781
0.126781
0.12449
0.124503
0.124503
0.124491
0.118421
0.118418
0.118418
0.118421
0.116578
0.116581
0.116581
0.116578
0.116102
0.1161
0.1161
0.116102
0.11742
0.117416
0.117416
0.11742
0.120406
0.120401
0.120401
0.120406
0.124921
0.124914
0.124914
0.124922
0.131051
0.131048
0.131048
0.131052
0.137276
0.137262
0.137262
0.137277
0.147973
0.147972
0.147972
0.147973
0.152044
0.152025
0.152026
0.152045
0.172203
0.172198
0.172199
0.172203
0.170242
0.170213
0.170213
0.170242
0.208245
0.208233
0.208233
0.208245
0.192683
0.192641
0.192641
0.192683
0.184289
0.184292
0.184292
0.18429
0.183771
0.183767
0.183767
0.183771
0.124535
0.124552
0.124552
0.124535
0.303858
0.303868
0.303868
0.303858
0.43363
0.433621
0.433621
0.433631
0.520266
0.520286
0.520286
0.520266
0.500349
0.500398
0.500399
0.500349
0.427552
0.427575
0.427576
0.427553
0.339156
0.3392
0.3392
0.339155
0.309764
0.309728
0.309728
0.309763
0.271243
0.271122
0.271122
0.271242
0.200666
0.200699
0.200699
0.200665
0.126784
0.127022
0.127021
0.126783
0.0314271
0.0312443
0.0312434
0.0314264
-0.141621
-0.142016
-0.142016
-0.141621
-0.310016
-0.309969
-0.30997
-0.310017
-0.433776
-0.43344
-0.43344
-0.433776
-0.675677
-0.675443
-0.675444
-0.675678
-0.802453
-0.802628
-0.802627
-0.802452
-0.77848
-0.778842
-0.778842
-0.77848
-0.619164
-0.619549
-0.619549
-0.619162
-0.324005
-0.32416
-0.32416
-0.324003
-0.0846689
-0.0846919
-0.0846922
-0.0846686
0.0251986
0.0251405
0.0251404
0.025199
0.0741314
0.0742052
0.0742061
0.0741317
0.055891
0.0560827
0.0560825
0.0558911
0.00467739
0.0049679
0.00496759
0.00467704
-0.0477743
-0.0475743
-0.0475742
-0.0477745
-0.0753395
-0.075313
-0.0753129
-0.0753387
-0.087817
-0.08773
-0.0877298
-0.0878167
-0.0774688
-0.0775233
-0.0775234
-0.077469
-0.032505
-0.0325683
-0.0325682
-0.0325051
-0.0165969
-0.0165119
-0.0165118
-0.0165968
0.0284526
0.0284734
0.0284735
0.0284527
0.0658894
0.0659749
0.0659748
0.0658893
0.078826
0.0788891
0.0788889
0.0788256
0.113224
0.113176
0.113176
0.113224
0.115291
0.115349
0.115349
0.115291
0.126266
0.126181
0.126181
0.126266
0.130576
0.130614
0.130614
0.130576
0.122401
0.122349
0.122349
0.122401
0.127387
0.12742
0.12742
0.127387
0.114583
0.114591
0.114591
0.114583
0.11447
0.114462
0.114462
0.11447
0.104049
0.104086
0.104086
0.104049
0.0984407
0.0984123
0.0984123
0.0984407
0.0936014
0.0936261
0.0936261
0.0936014
0.0826195
0.0826487
0.0826487
0.0826195
0.0815305
0.0815528
0.0815528
0.0815305
0.0724929
0.0724945
0.0724945
0.0724929
0.0773929
0.0773252
0.0773252
0.0773929
0.0727061
0.0727147
0.0727147
0.0727061
0.0607783
0.0608337
0.0608337
0.0607783
-0.176536
-0.176184
-0.176186
-0.176534
-0.388698
-0.3893
-0.3893
-0.388696
0.0572702
0.0567311
0.0567329
0.0572699
-1.87794
-1.87859
-1.87859
-1.87794
-1.85406
-1.8553
-1.8553
-1.85406
-0.966249
-0.966334
-0.966334
-0.966249
-0.173298
-0.173823
-0.173824
-0.173303
-2.22834
-2.2284
-2.2284
-2.22834
-3.45737
-3.45774
-3.45774
-3.45737
-0.593864
-0.594461
-0.594461
-0.593863
0.986419
0.986259
0.98626
0.98642
4.27006
4.26983
4.26983
4.27006
4.98331
4.9832
4.9832
4.98331
5.54571
5.54557
5.54557
5.54571
5.4401
5.44004
5.44004
5.4401
4.97994
4.97981
4.97981
4.97994
4.30517
4.30526
4.30526
4.30516
1.9961
1.99558
1.99558
1.9961
0.196345
0.196336
0.196335
0.196345
-1.47767
-1.47854
-1.47854
-1.47766
-3.45068
-3.45208
-3.45208
-3.45068
-4.10725
-4.10442
-4.10442
-4.10725
-5.00903
-5.00859
-5.00859
-5.00903
-4.44078
-4.43931
-4.43931
-4.44079
-2.80436
-2.80232
-2.80232
-2.80436
0.11606
0.115535
0.115535
0.116059
-0.542977
-0.543249
-0.54325
-0.54298
-0.258263
-0.259442
-0.259443
-0.258265
0.152138
0.152054
0.15205
0.152128
0.238103
0.238206
0.238205
0.238101
0.160547
0.160609
0.160611
0.160549
0.168979
0.169047
0.16905
0.168979
0.0901307
0.090231
0.0902321
0.0901304
-0.130728
-0.130581
-0.130581
-0.13073
-0.351631
-0.351509
-0.351509
-0.351631
-0.677504
-0.677254
-0.677254
-0.677503
)
;

boundaryField
{
    inlet
    {
        type            zeroGradient;
    }
    outlet
    {
        type            fixedValue;
        value           uniform 0;
    }
    obstacle
    {
        type            zeroGradient;
    }
    topbottomsurface
    {
        type            empty;
    }
}


// ************************************************************************* //
