/*--------------------------------*- C++ -*----------------------------------*\
| =========                 |                                                 |
| \\      /  F ield         | OpenFOAM: The Open Source CFD Toolbox           |
|  \\    /   O peration     | Version:  v1806                                 |
|   \\  /    A nd           | Web:      www.OpenFOAM.com                      |
|    \\/     M anipulation  |                                                 |
\*---------------------------------------------------------------------------*/
FoamFile
{
    version     2.0;
    format      ascii;
    class       surfaceScalarField;
    location    "30";
    object      phi;
}
// * * * * * * * * * * * * * * * * * * * * * * * * * * * * * * * * * * * * * //

dimensions      [0 3 -1 0 0 0 0];
oriented        oriented;


internalField   nonuniform List<scalar> 
4680
(
0.105261
0.000637947
0.104294
-0.016236
0.103289
-0.0289847
0.104546
-0.0213251
0.106022
-0.0243828
0.102668
-0.0624136
0.092422
-0.119173
0.0772651
-0.165336
0.0605274
-0.186577
0.0448915
-0.185536
0.0318686
-0.171033
0.0219356
-0.150381
0.0148598
-0.128053
0.0100533
-0.106586
0.00687129
-0.0873062
0.00477882
-0.0707294
0.00339419
-0.056859
0.00246532
-0.0454408
0.0018301
-0.0360881
-0.0284619
0.00137936
0.105263
0.000375367
0.104224
-0.0151969
0.103055
-0.0278166
0.103892
-0.0221611
0.104453
-0.0249443
0.100529
-0.0584891
0.090946
-0.109591
0.0775687
-0.151958
0.0628872
-0.171895
0.0488187
-0.171468
0.036516
-0.15873
0.026501
-0.140366
0.0188341
-0.120386
0.0132547
-0.101006
0.00933627
-0.0833877
0.00663644
-0.0680295
0.00478588
-0.0550085
0.00351341
-0.0441684
0.00262876
-0.0352035
-0.0278429
0.00200975
0.10521
0.00016513
0.10419
-0.0141767
0.102941
-0.0265678
0.103198
-0.0224181
0.103084
-0.0248303
0.0991944
-0.0545994
0.0902546
-0.100651
0.0774885
-0.139192
0.0632812
-0.157688
0.0497359
-0.157922
0.0380356
-0.14703
0.0285415
-0.130872
0.0211408
-0.112985
0.0155393
-0.0954048
0.0113997
-0.0792481
0.00839378
-0.0650236
0.0062324
-0.0528471
0.00468502
-0.042621
0.00357254
-0.034091
-0.0270409
0.00277052
0.105165
2.78755e-08
0.104184
-0.0131952
0.102822
-0.0252066
0.102576
-0.0221721
0.101984
-0.0242379
0.0980878
-0.0507032
0.089696
-0.0922589
0.0779496
-0.127446
0.0648711
-0.144609
0.0521089
-0.14516
0.0406982
-0.135619
0.0311601
-0.121334
0.0235759
-0.105401
0.0177376
-0.0895665
0.0133316
-0.0748421
0.0100487
-0.0617408
0.00762147
-0.0504198
0.00583708
-0.0408366
0.0045225
-0.0327764
-0.026077
0.00355863
0.105125
-0.000125012
0.104168
-0.0122377
0.102701
-0.0237398
0.102084
-0.0215556
0.101148
-0.0233019
0.0972546
-0.0468096
0.0892241
-0.0842284
0.0780038
-0.116226
0.0654997
-0.132105
0.0533527
-0.133013
0.0424759
-0.124742
0.0332343
-0.112093
0.0256919
-0.0978581
0.019726
-0.0836006
0.0151096
-0.0702256
0.0115891
-0.0582203
0.00892872
-0.0477595
0.00693443
-0.0388423
0.0054386
-0.0312806
-0.0249662
0.00432783
0.105091
-0.000216478
0.104149
-0.0112952
0.102596
-0.0221866
0.101685
-0.0206444
0.100468
-0.0220853
0.0966059
-0.0429475
0.0890039
-0.0766264
0.0784546
-0.105676
0.0666041
-0.120255
0.0549151
-0.121324
0.0442976
-0.114125
0.0351677
-0.102963
0.0276127
-0.0903031
0.0215328
-0.0775208
0.016738
-0.0654308
0.013012
-0.0544943
0.0101463
-0.0448937
0.00796534
-0.0366614
0.00630689
-0.0296222
-0.0237252
0.00506585
0.105064
-0.000280906
0.104127
-0.0103581
0.102499
-0.020558
0.101362
-0.0195073
0.0999522
-0.0206758
0.0961298
-0.0391251
0.0888005
-0.0692972
0.078672
-0.0955478
0.0673184
-0.108901
0.0561041
-0.11011
0.0458295
-0.10385
0.0368683
-0.0940014
0.0293317
-0.0827666
0.0231652
-0.0713543
0.0182208
-0.0604864
0.0143171
-0.0505906
0.0112706
-0.0418473
0.00892445
-0.0343152
0.00712103
-0.0278188
-0.0223708
0.00576663
0.105041
-0.000321797
0.104107
-0.0094242
0.102419
-0.0188696
0.101097
-0.0181861
0.0995306
-0.019109
0.0957659
-0.0353604
0.0887416
-0.0622728
0.0790501
-0.0858563
0.0681231
-0.0979743
0.0572519
-0.0992388
0.0472179
-0.0938159
0.038385
-0.0851686
0.0308673
-0.0752488
0.0246319
-0.065119
0.0195618
-0.0554163
0.0155049
-0.0465337
0.0122998
-0.0386422
0.00980841
-0.0318238
0.0078772
-0.0258875
-0.0209216
0.00642804
0.105021
-0.000343141
0.104089
-0.00849192
0.102349
-0.0171294
0.100884
-0.0167213
0.0992068
-0.0174318
0.0954896
-0.0316432
0.088684
-0.0554673
0.0793307
-0.0765029
0.068779
-0.0874226
0.0582366
-0.0886964
0.0484347
-0.084014
0.0397246
-0.0764585
0.0322303
-0.0677545
0.025941
-0.0588296
0.0207652
-0.0502405
0.0165762
-0.0423447
0.0132323
-0.0352982
0.0106146
-0.0292061
0.00857241
-0.0238454
-0.0193985
0.0070493
0.105005
-0.000348256
0.104074
-0.00756097
0.102291
-0.0153466
0.100709
-0.0151393
0.098945
-0.0156673
0.0952894
-0.0279876
0.0887054
-0.0488832
0.0796551
-0.0674526
0.0694068
-0.0771742
0.059122
-0.0784116
0.0495075
-0.0743995
0.0409021
-0.0678531
0.0334315
-0.060284
0.0270994
-0.0524975
0.0218347
-0.0449758
0.0175319
-0.0380419
0.0140668
-0.0318331
0.0113404
-0.0264797
0.00920398
-0.021709
-0.0178255
0.00763093
0.104992
-0.000340234
0.104062
-0.00663076
0.102244
-0.0135285
0.100568
-0.0134639
0.0987399
-0.013839
0.0951405
-0.0243883
0.0887364
-0.0424791
0.079938
-0.0586542
0.0699519
-0.0671881
0.0598923
-0.068352
0.0504408
-0.0649479
0.0419272
-0.0593394
0.0344797
-0.0528365
0.0281135
-0.0461313
0.0227737
-0.039636
0.018373
-0.0336412
0.014802
-0.0282622
0.011983
-0.0236606
0.00976929
-0.0194953
-0.0162309
0.00817478
0.104981
-0.000321626
0.104052
-0.00570096
0.102205
-0.011682
0.100454
-0.0117131
0.0985774
-0.0119621
0.0950326
-0.0208435
0.0887875
-0.036234
0.0802034
-0.0500702
0.0704345
-0.0574191
0.0605604
-0.058478
0.0512446
-0.0556321
0.042809
-0.0509038
0.0353825
-0.04541
0.0289888
-0.0397376
0.0235854
-0.0342327
0.0191003
-0.029156
0.0154367
-0.0245987
0.0125391
-0.020763
0.0102655
-0.0172217
-0.0146496
0.00868417
0.104973
-0.000294779
0.104043
-0.00477108
0.102174
-0.00981273
0.100363
-0.0099025
0.09845
-0.0100487
0.0949544
-0.0173479
0.0888436
-0.0301232
0.0804383
-0.0416649
0.0708495
-0.0478304
0.0611288
-0.0487573
0.0519252
-0.0464285
0.0435547
-0.0425334
0.0361464
-0.0380017
0.0297302
-0.0333214
0.0242729
-0.0287754
0.0197148
-0.0245979
0.0159695
-0.0208534
0.0130046
-0.0177981
0.010689
-0.0149062
-0.0131244
0.00916383
0.104967
-0.000261823
0.104036
-0.00384021
0.102149
-0.00792601
0.100292
-0.00804514
0.098351
-0.00810753
0.0948977
-0.0138946
0.0888983
-0.0241238
0.0806396
-0.0334062
0.0711975
-0.0383882
0.0616008
-0.0391606
0.0524879
-0.0373156
0.0441704
-0.0342158
0.0367769
-0.0306083
0.030342
-0.0268864
0.0248388
-0.0232722
0.0202173
-0.0199763
0.0163986
-0.0170347
0.0133738
-0.0147733
0.0110346
-0.0125669
-0.0117085
0.00961867
0.104963
-0.000224621
0.10403
-0.0029071
0.10213
-0.00602652
0.100237
-0.00615213
0.0982749
-0.00614522
0.094856
-0.0104757
0.0889457
-0.0182135
0.0808041
-0.0252646
0.0714782
-0.0290623
0.0619791
-0.0296616
0.0529371
-0.0282736
0.0446607
-0.0259394
0.0372785
-0.0232261
0.0308277
-0.0204356
0.0252855
-0.0177301
0.0206087
-0.0152995
0.0167224
-0.0131483
0.0136397
-0.0116906
0.011293
-0.0102203
-0.010465
0.0100496
0.10496
-0.000184815
0.104023
-0.00197016
0.102115
-0.00411856
0.100196
-0.00423288
0.0982174
-0.00416658
0.094824
-0.00708236
0.0889813
-0.0123708
0.0809292
-0.0172125
0.0716915
-0.0198247
0.0622656
-0.0202356
0.053276
-0.019284
0.0450295
-0.0176929
0.0376546
-0.0158511
0.0311904
-0.0139714
0.0256154
-0.0121551
0.0208903
-0.0105745
0.016939
-0.00919698
0.0137923
-0.00854397
0.0114464
-0.00787435
-0.00945752
0.0104389
0.104959
-0.000143868
0.104016
-0.00102754
0.102104
-0.00220589
0.100166
-0.00229515
0.0981749
-0.0021754
0.0947983
-0.00370578
0.0890025
-0.00657496
0.0810136
-0.00922362
0.0718378
-0.0106488
0.0624616
-0.0108594
0.0535067
-0.0103291
0.0452795
-0.00946566
0.037908
-0.00847969
0.0314326
-0.00749599
0.0258305
-0.00655292
0.0210638
-0.00580783
0.017047
-0.00518023
0.0138192
-0.00531613
0.0114595
-0.00551468
-0.00871935
0.0107214
0.104959
-0.000102875
0.104009
-7.77105e-05
0.102095
-0.000291268
0.100144
-0.000345083
0.0981446
-0.000175544
0.0947769
-0.000338095
0.0890083
-0.000806305
0.0810572
-0.00127258
0.0719171
-0.00150868
0.0625678
-0.00151014
0.0536305
-0.00139183
0.0454121
-0.00124721
0.0380405
-0.00110808
0.0315563
-0.00101177
0.025933
-0.000929652
0.0211317
-0.00100652
0.0170466
-0.00109519
0.013706
-0.00197545
0.0112606
-0.00306934
-0.0081479
0.0106892
0.104959
-6.17928e-05
0.104001
0.000879806
0.102087
0.00162321
0.100129
0.00161311
0.0981255
0.00182769
0.0947612
0.00302617
0.0890008
0.00495414
0.0810612
0.00666705
0.0719292
0.00762331
0.0625832
0.00783579
0.0536465
0.00754493
0.045427
0.00697229
0.0380522
0.00626669
0.0315621
0.0054783
0.0259249
0.00470759
0.0210975
0.00382091
0.0169417
0.00306058
0.0134444
0.00152187
0.0107206
-0.000345535
-0.00722391
0.00979657
0.104947
-8.72729e-06
0.104004
0.00182259
0.102088
0.00353925
0.100127
0.00357407
0.0981343
0.00382059
0.0947696
0.00639084
0.0889916
0.0107321
0.0810247
0.0146339
0.0718654
0.0167826
0.0624964
0.0172049
0.0535435
0.0164978
0.0453149
0.0152009
0.0379365
0.0136451
0.031446
0.0119689
0.0258064
0.0103472
0.0209639
0.00866344
0.0167468
0.00727761
0.013037
0.00523172
0.00961082
0.00308062
0.00637197
-0.00398506
0.00134252
-0.00262658
0.0013089
-0.00255832
0.00127601
-0.00249069
0.00124401
-0.00242452
0.00121297
-0.00235974
0.00118293
-0.00229634
0.00115394
-0.00223426
0.00112605
-0.00217349
0.00109934
-0.002114
-0.0020555
0.00107306
0.00195469
-0.00257151
0.00190051
-0.00250414
0.00184832
-0.0024385
0.00179797
-0.00237417
0.00174935
-0.00231113
0.00170236
-0.00224934
0.00165687
-0.00218878
0.0016128
-0.00212942
0.00157003
-0.00207123
-0.00201431
0.00152885
0.00269837
-0.00249936
0.00262895
-0.00243472
0.00256174
-0.00237129
0.00249664
-0.00230907
0.00243356
-0.00224805
0.00237243
-0.0021882
0.00231315
-0.0021295
0.00225567
-0.00207194
0.00219992
-0.00201548
-0.0019601
0.0021457
0.00347108
-0.00241181
0.00338594
-0.00234958
0.00330323
-0.00228858
0.00322289
-0.00222873
0.00314483
-0.00216999
0.00306899
-0.00211236
0.00299531
-0.00205581
0.0029237
-0.00200033
0.00285413
-0.0019459
-0.00189252
0.00278655
0.0042259
-0.00230989
0.00412676
-0.00225044
0.00403028
-0.0021921
0.00393636
-0.00213481
0.00384494
-0.00207857
0.00375593
-0.00202336
0.00366927
-0.00196915
0.00358487
-0.00191594
0.00350268
-0.00186371
-0.00181246
0.00342263
0.00495101
-0.00219505
0.00483906
-0.00213849
0.0047299
-0.00208294
0.00462345
-0.00202836
0.00451963
-0.00197475
0.00441835
-0.00192208
0.00431955
-0.00187035
0.00422316
-0.00181955
0.00412912
-0.00176967
-0.00172071
0.00403737
0.00564028
-0.0020687
0.0055169
-0.0020151
0.00539637
-0.00196241
0.00527861
-0.0019106
0.00516354
-0.00185968
0.00505108
-0.00180962
0.00494116
-0.00176043
0.00483371
-0.0017121
0.00472867
-0.00166463
-0.00161803
0.00462599
0.00629168
-0.00193234
0.00615826
-0.00188168
0.00602767
-0.00183182
0.00589981
-0.00178275
0.00577462
-0.00173448
0.005652
-0.001687
0.00553189
-0.00164032
0.00541423
-0.00159444
0.00529897
-0.00154937
-0.00150512
0.00518606
0.00690455
-0.00178759
0.0067626
-0.00173973
0.00662335
-0.00169256
0.00648668
-0.00164609
0.00635253
-0.00160032
0.0062208
-0.00155527
0.00609145
-0.00151096
0.0059644
-0.0014674
0.00583964
-0.0014246
-0.00138259
0.00571711
0.00747961
-0.00163627
0.00733081
-0.00159093
0.00718441
-0.00154616
0.0070403
-0.00150198
0.00689839
-0.00145842
0.00675862
-0.0014155
0.00662091
-0.00137326
0.00648524
-0.00133173
0.00635157
-0.00129093
-0.00125091
0.00621988
0.00801897
-0.00148046
0.00786522
-0.00143718
0.00771338
-0.00139432
0.00756333
-0.00135193
0.00741496
-0.00131005
0.0072682
-0.00126874
0.00712301
-0.00122806
0.00697934
-0.00118806
0.00683719
-0.00114878
-0.0011103
0.00669658
0.00852638
-0.00132268
0.00836994
-0.00128074
0.00821467
-0.00123904
0.00806039
-0.00119765
0.00790699
-0.00115665
0.00775437
-0.00111612
0.00760247
-0.00107616
0.00745128
-0.00103687
0.00730082
-0.000998324
-0.000960633
0.00715116
0.00900721
-0.00116606
0.00885093
-0.00112446
0.0086947
-0.00108281
0.00853829
-0.00104125
0.00838152
-0.000999874
0.00822424
-0.000958842
0.00806638
-0.000918301
0.00790792
-0.000878408
0.00774891
-0.000839318
-0.000801209
0.00758949
0.00946727
-0.00101467
0.00931484
-0.000972032
0.00916092
-0.000928885
0.00900511
-0.000885435
0.00884709
-0.000841853
0.00868661
-0.000798365
0.00852353
-0.000755222
0.0083578
-0.000712679
0.00818949
-0.000671004
-0.000630503
0.00801878
0.00990866
-0.000873776
0.0097649
-0.000828266
0.00961752
-0.000781504
0.00946585
-0.000733768
0.00930933
-0.000685328
0.00914749
-0.000636528
0.00898001
-0.000587746
0.00880672
-0.000539386
0.00862761
-0.000491888
-0.000445837
0.00844294
0.0103143
-0.000749137
0.0101848
-0.000698765
0.010049
-0.000645738
0.00990593
-0.000590707
0.00975469
-0.000534084
0.00959448
-0.000476325
0.00942463
-0.000417895
0.00924454
-0.000359295
0.00905379
-0.000301142
-0.000244223
0.00885218
0.0106164
-0.000644235
0.0105044
-0.000586723
0.0103835
-0.000524841
0.0102525
-0.000459707
0.0101104
-0.000391924
0.00995587
-0.000321845
0.00978762
-0.000249643
0.00960376
-0.000175432
0.00940202
-9.94045e-05
-2.23094e-05
0.0091801
0.0105897
-0.000544783
0.0104822
-0.000479199
0.0103657
-0.000408358
0.0102407
-0.000334717
0.0101077
-0.000258891
0.0099662
-0.000180355
0.00981446
-9.79091e-05
0.00964986
-1.08255e-05
0.00946226
8.81967e-05
0.000196944
0.009243
0.00964881
-0.000397029
0.00949463
-0.00032502
0.00934453
-0.000258254
0.00920531
-0.000195492
0.00908105
-0.000134632
0.00897262
-7.19339e-05
0.008876
-1.28931e-06
0.00878321
8.19725e-05
0.00867935
0.00019205
0.000347398
0.0085289
0.00597494
0.00564992
0.00539166
0.00519617
0.00506154
0.0049896
0.00498831
0.00507029
0.00526234
0.00560974
0.000994171
-0.00535469
0.000923863
-0.00494688
0.000860845
-0.00456045
0.000804011
-0.00419444
0.000752566
-0.00384765
0.000705917
-0.00351887
0.00066364
-0.00320686
0.000625412
-0.00291036
0.000590973
-0.00262814
0.000560113
-0.00235895
0.000532652
-0.00210156
0.000508441
-0.00185475
0.000487354
-0.00161742
0.000469289
-0.00138861
0.000454155
-0.00116778
0.000441867
-0.000955338
0.000432321
-0.000753523
0.000425373
-0.000568187
0.000420805
-0.000411968
-0.000310105
0.00142668
-0.00525252
0.00133174
-0.00485194
0.00124423
-0.00447294
0.00116387
-0.00411409
0.00109032
-0.0037741
0.0010232
-0.00345175
0.000962138
-0.00314579
0.000906784
-0.00285501
0.00085684
-0.0025782
0.000812037
-0.00231415
0.000772147
-0.00206166
0.00073697
-0.00181958
0.000706339
-0.00158679
0.000680117
-0.00136238
0.000658184
-0.00114585
0.000640421
-0.000937575
0.000626667
-0.000739769
0.000616639
-0.000558159
0.000609765
-0.000405094
-0.000305239
0.00200393
-0.00511076
0.00187398
-0.00472198
0.0017545
-0.00435346
0.00164469
-0.00400427
0.0015439
-0.00367332
0.0014516
-0.00335945
0.00136735
-0.00306153
0.00129074
-0.00277841
0.00122145
-0.00250891
0.00115917
-0.00225187
0.00110364
-0.00200613
0.00105462
-0.00177056
0.00101192
-0.00154409
0.000975365
-0.00132583
0.000944806
-0.00111529
0.000920073
-0.000912842
0.000900916
-0.000720612
0.000886881
-0.000544124
0.000877089
-0.000395301
-0.000298064
0.00261063
-0.00493483
0.00244774
-0.00455909
0.00229709
-0.00420281
0.00215793
-0.00386512
0.00202966
-0.00354505
0.00191177
-0.00324155
0.0018038
-0.00295357
0.00170538
-0.00267999
0.00161617
-0.00241969
0.00153584
-0.00217154
0.00146412
-0.00193441
0.00140076
-0.0017072
0.00134554
-0.00148886
0.00129825
-0.00127854
0.0012587
-0.00107574
0.00122666
-0.000880804
0.00120179
-0.000695745
0.00118348
-0.000525814
0.00117059
-0.000382407
-0.000288532
0.00321311
-0.00472532
0.00301837
-0.00436436
0.00283751
-0.00402195
0.00266981
-0.00369742
0.0025147
-0.00338994
0.00237172
-0.00309857
0.00224045
-0.0028223
0.00212055
-0.00256009
0.00201169
-0.00231082
0.00191355
-0.00207341
0.00182585
-0.00184672
0.00174833
-0.00162967
0.00168071
-0.00142125
0.00162278
-0.00122061
0.00157429
-0.00102725
0.00153496
-0.000841465
0.00150433
-0.000665123
0.00148168
-0.000503157
0.00146561
-0.00036634
-0.000276595
0.00379654
-0.00448448
0.00357159
-0.00413941
0.00336178
-0.00381214
0.00316652
-0.00350217
0.00298537
-0.00320879
0.00281796
-0.00293115
0.00266396
-0.00266831
0.00252309
-0.00241921
0.00239504
-0.00218278
0.00227953
-0.00195789
0.00217625
-0.00174344
0.00208492
-0.00153834
0.00200524
-0.00134157
0.00193693
-0.0011523
0.0018797
-0.000970019
0.00183319
-0.000794954
0.00179688
-0.000628812
0.00176989
-0.000476169
0.00175064
-0.000347095
-0.000262251
0.00435549
-0.00421399
0.00410166
-0.00388558
0.00386393
-0.0035744
0.00364191
-0.00328015
0.00343536
-0.00300224
0.00324407
-0.00273986
0.00306785
-0.00249209
0.00290649
-0.00225785
0.00275975
-0.00203603
0.00262733
-0.00182548
0.00250894
-0.00162505
0.00240425
-0.00143364
0.00231291
-0.00125023
0.00223458
-0.00107397
0.0021689
-0.000904339
0.00211544
-0.000741493
0.00207359
-0.000586965
0.00204236
-0.000444943
0.00202
-0.000324727
-0.000245544
0.00488747
-0.0039154
0.00460583
-0.00360394
0.0043409
-0.00330947
0.00409263
-0.00303188
0.00386106
-0.00277067
0.00364624
-0.00252504
0.00344816
-0.00229401
0.00326673
-0.00207642
0.00310174
-0.00187105
0.00295292
-0.00167667
0.00281994
-0.00149207
0.0027024
-0.0013161
0.00259989
-0.00114773
0.00251199
-0.000986075
0.00243826
-0.000830604
0.00237817
-0.000681406
0.00233103
-0.00053983
0.00229575
-0.000409657
0.00227038
-0.00029936
-0.000226571
0.00539159
-0.00358987
0.00508275
-0.00329509
0.00479085
-0.00301758
0.00451636
-0.0027574
0.00425978
-0.00251408
0.00402149
-0.00228675
0.00380172
-0.00207424
0.00360051
-0.00187521
0.00341772
-0.00168825
0.00325304
-0.00151198
0.00310606
-0.00134509
0.0029763
-0.00118634
0.00286325
-0.00103467
0.00276636
-0.000889189
0.00268509
-0.000749333
0.00261882
-0.000615132
0.00256675
-0.000487759
0.00252767
-0.000370579
0.0024995
-0.000271189
-0.000205482
0.00586804
-0.00323803
0.00553188
-0.00295894
0.0052125
-0.00269819
0.00491115
-0.00245605
0.004629
-0.00223193
0.00436691
-0.00202466
0.0041254
-0.00183274
0.00390465
-0.00165445
0.0037045
-0.0014881
0.00352457
-0.00133206
0.00336434
-0.00118485
0.00322315
-0.00104516
0.00310034
-0.000911863
0.00299522
-0.000784068
0.00290709
-0.000661205
0.00283522
-0.000543256
0.00277869
-0.000431229
0.00273619
-0.000328076
0.00270548
-0.000240484
-0.000182485
0.00631811
-0.00285956
0.00595339
-0.00259422
0.00560485
-0.00234966
0.00527501
-0.00212621
0.00496598
-0.0019229
0.00467929
-0.00173797
0.00441575
-0.00156921
0.00417562
-0.00141433
0.00395867
-0.00127115
0.00376432
-0.00113771
0.00359179
-0.00101233
0.00344022
-0.000893587
0.00330869
-0.000780333
0.00319631
-0.000671684
0.0031022
-0.000567095
0.00302547
-0.00046653
0.0029651
-0.000370858
0.00291965
-0.000282628
0.00288677
-0.000207602
-0.000157847
0.00674428
-0.00245269
0.00634796
-0.00219789
0.00596685
-0.00196856
0.00560546
-0.00176481
0.00526728
-0.00158473
0.00495463
-0.00142531
0.00466861
-0.00128319
0.00440938
-0.0011551
0.00417643
-0.00103819
0.00396881
-0.000930086
0.00378534
-0.000828863
0.00362479
-0.000733028
0.0034859
-0.000641446
0.00336752
-0.000553302
0.00326855
-0.000468125
0.00318792
-0.000385908
0.00312449
-0.000307419
0.00307669
-0.000234832
0.00304207
-0.000172981
-0.000131899
0.00715011
-0.00201331
0.00671631
-0.00176409
0.00629665
-0.0015489
0.00589872
-0.00136687
0.00552797
-0.00121398
0.00518756
-0.0010849
0.00487865
-0.00097428
0.00460099
-0.000877435
0.00435341
-0.000790611
0.00413427
-0.000710953
0.00394179
-0.000636376
0.00377416
-0.0005654
0.00362972
-0.000497007
0.00350696
-0.000430546
0.00340454
-0.000365704
0.0033212
-0.000302569
0.00325564
-0.00024186
0.00320622
-0.000185413
0.00317039
-0.00013715
-0.000105034
0.00753903
-0.00153355
0.00705762
-0.00128269
0.00658983
-0.00108111
0.00614807
-0.000925103
0.0057403
-0.000806216
0.00537033
-0.000714932
0.00503879
-0.000642735
0.0047443
-0.000582954
0.0044845
-0.000530804
0.0042566
-0.000483055
0.00405787
-0.000437647
0.0038858
-0.000393326
0.00373817
-0.00034938
0.0036131
-0.000305473
0.00350896
-0.000261564
0.00342432
-0.000217927
0.00335775
-0.000175296
0.00330755
-0.000135212
0.00327112
-0.000100714
-7.76934e-05
0.00790974
-0.00100036
0.00736475
-0.000737694
0.00683515
-0.000551508
0.00634044
-0.000430397
0.00589134
-0.000357109
0.00549136
-0.000314956
0.00513934
-0.000290716
0.00483168
-0.000275293
0.0045639
-0.000263026
0.00433152
-0.000250668
0.00413052
-0.000236656
0.00395753
-0.000220335
0.00380974
-0.000201588
0.00368487
-0.000180604
0.00358107
-0.000157764
0.00349677
-0.000133622
0.00343046
-0.000108992
0.00338042
-8.51661e-05
0.00334404
-6.4336e-05
-5.03529e-05
0.00824406
-0.000392238
0.00761301
-0.000106647
0.00700542
5.6082e-05
0.00645012
0.000124902
0.00595912
0.000133892
0.0055333
0.000110869
0.0051674
7.51834e-05
0.00485396
3.81487e-05
0.00458546
5.47179e-06
0.00435503
-2.02421e-05
0.00415729
-3.89132e-05
0.00398794
-5.0991e-05
0.00384369
-5.73318e-05
0.00372198
-5.88945e-05
0.00362084
-5.6626e-05
0.00353867
-5.14466e-05
0.00347397
-4.42995e-05
0.00342507
-3.62603e-05
0.00338943
-2.86995e-05
-2.34875e-05
0.00847007
0.000317797
0.00773223
0.000631189
0.00703971
0.000748604
0.0064284
0.000736218
0.00590773
0.000654562
0.0054714
0.000547196
0.00510706
0.000439517
0.00480161
0.000343607
0.00454359
0.000263485
0.00432431
0.000199041
0.00413703
0.000148367
0.0039769
0.000109138
0.00384044
7.91327e-05
0.00372512
5.64268e-05
0.00362907
3.94151e-05
0.00355085
2.67792e-05
0.00348911
1.74421e-05
0.0034423
1.05487e-05
0.00340806
5.54281e-06
2.48267e-06
0.00842405
0.00113675
0.00758028
0.00147496
0.00682474
0.00150414
0.00619485
0.00136611
0.00568528
0.00116413
0.00527513
0.000957354
0.00494189
0.000772754
0.00466685
0.00061865
0.00443607
0.000494263
0.00423982
0.000395293
0.00407146
0.000316723
0.00392657
0.000254022
0.00380221
0.000203498
0.00369637
0.000162266
0.00360766
0.000128129
0.00353499
9.9446e-05
0.00347735
7.5079e-05
0.00343346
5.44435e-05
0.00340116
3.78377e-05
2.72718e-05
0.00762788
0.00203776
0.00681017
0.00229268
0.00614264
0.00217167
0.00562865
0.0018801
0.00523228
0.00156049
0.00491939
0.00127025
0.00466482
0.00102732
0.00445125
0.000832214
0.00426767
0.00067785
0.00410732
0.000555643
0.0039662
0.000457841
0.00384197
0.000378248
0.00373328
0.000312189
0.00363932
0.000256227
0.00355957
0.000207882
0.00349359
0.000165427
0.00344084
0.000127825
0.00340044
9.48494e-05
0.00337052
6.7756e-05
5.08179e-05
0.00547002
0.00217747
0.00517878
0.00258393
0.00491492
0.00243552
0.00472515
0.00206987
0.00457119
0.00171445
0.00443422
0.00140722
0.0043045
0.00115704
0.00417902
0.000957694
0.00405773
0.000799142
0.00394179
0.000671584
0.00383268
0.000566955
0.00373178
0.000479143
0.00364027
0.000403698
0.00355906
0.000337445
0.00348877
0.000278164
0.00342979
0.000224409
0.00338213
0.000175483
0.00334528
0.000131704
0.00331823
9.48074e-05
7.31851e-05
0.000674485
0.00150299
0.000936938
0.00232147
0.00106924
0.00230322
0.00113525
0.00200386
0.00116317
0.00168653
0.00116844
0.00140195
0.00115938
0.0011661
0.00114156
0.000975512
0.0011188
0.0008219
0.00109373
0.000696657
0.00106815
0.000592539
0.00104329
0.000503994
0.00102003
0.000426958
0.000998954
0.000358525
0.000980449
0.000296669
0.000964765
0.000240093
0.000952005
0.000188243
0.000942039
0.000141669
0.000934572
0.000102274
7.84102e-05
0.000430853
0.00107214
0.000738982
0.00201334
0.000936756
0.00210545
0.00104662
0.001894
0.0011035
0.00162964
0.00112693
0.00137852
0.00112938
0.00116365
0.00111899
0.000985898
0.00110114
0.000839754
0.00107939
0.000718411
0.00105611
0.000615816
0.0010329
0.000527202
0.00101084
0.000449022
0.000990642
0.000378721
0.000972797
0.000314514
0.000957603
0.000255287
0.000945197
0.000200649
0.000935528
0.000151339
0.000928186
0.000109616
8.34077e-05
0.000282135
0.000790002
0.000595998
0.00169948
0.000828386
0.00187306
0.000970446
0.00175194
0.00105043
0.00154966
0.00108913
0.00133982
0.00110152
0.00115126
0.00109763
0.000989785
0.00108411
0.000853276
0.00106531
0.000737208
0.0010441
0.000637023
0.00102238
0.000548922
0.00100141
0.000469996
0.000982026
0.000398105
0.000964791
0.000331749
0.000950055
0.000270023
0.000937987
0.000212717
0.000928575
0.000160751
0.000921442
0.000116749
8.83891e-05
0.000194031
0.000595971
0.000497184
0.00139633
0.000745833
0.00162441
0.000908773
0.001589
0.00100554
0.0014529
0.00105601
0.00128935
0.00107635
0.00113093
0.0010778
0.000988333
0.0010679
0.00086317
0.00105162
0.000753488
0.00103221
0.000656439
0.00101179
0.000569339
0.000991788
0.00049
0.000973136
0.000416756
0.000956457
0.000348428
0.000942142
0.000284338
0.000930388
0.000224471
0.000921213
0.000169926
0.000914263
0.000123699
9.33184e-05
0.000146679
0.000449292
0.000435353
0.00110765
0.000688587
0.00137118
0.000862646
0.00141494
0.000969819
0.00134572
0.00102826
0.00123091
0.00105431
0.00110488
0.00105977
0.000982874
0.0010527
0.000870241
0.00103844
0.000767749
0.00102049
0.000674381
0.00100118
0.000588657
0.000982005
0.00050917
0.000963995
0.000434767
0.000947811
0.000364612
0.000933878
0.000298272
0.000922412
0.000235937
0.000913453
0.000178886
0.000906665
0.000130486
9.81803e-05
0.000129476
0.000319816
0.00040562
0.000831509
0.000655663
0.00112113
0.000832346
0.00123826
0.000943781
0.00123429
0.0010063
0.00116839
0.00103569
0.0010755
0.00104372
0.000974838
0.0010386
0.000875362
0.00102582
0.000780532
0.00100901
0.000691191
0.000990569
0.000607097
0.000972088
0.000527651
0.000954622
0.000452233
0.000938869
0.000380364
0.000925273
0.000311868
0.000914068
0.000247141
0.000905304
0.00018765
0.000898658
0.000137132
0.00010296
0.000138566
0.00018125
0.00040537
0.000564705
0.000646006
0.000880499
0.000817626
0.00106664
0.000927487
0.00112443
0.000990262
0.00110561
0.00102061
0.00104515
0.00102976
0.000965685
0.00102569
0.000879431
0.00101382
0.000792398
0.000997789
0.000707226
0.000979997
0.000624889
0.000962054
0.000545594
0.000945032
0.000469255
0.000929643
0.000395754
0.00091634
0.000325171
0.000905366
0.000258115
0.000896775
0.000196241
0.000890248
0.000143659
0.000107646
0.000176297
4.95227e-06
0.000434274
0.000306728
0.000658653
0.000656119
0.000817832
0.000907459
0.000920613
0.00102165
0.000980018
0.00104621
0.00100903
0.00101614
0.00101788
0.000956839
0.00101398
0.000883336
0.00100247
0.000803905
0.000986851
0.000722843
0.000969474
0.000642266
0.000951915
0.000563153
0.000935235
0.000485935
0.00092014
0.000410848
0.000907085
0.000338227
0.000896312
0.000268888
0.000887873
0.000204679
0.000881445
0.000150088
0.000112225
0.000251778
-0.000246826
0.000494138
6.43685e-05
0.000692672
0.000457586
0.000831887
0.000768243
0.000922476
0.000931059
0.000975206
0.000993477
0.00100079
0.000990549
0.001008
0.000949627
0.00100342
0.000887916
0.000991738
0.000815591
0.000976192
0.000738389
0.000959003
0.000659455
0.000941677
0.000580479
0.000925237
0.000502376
0.000910368
0.000425717
0.000897514
0.000351081
0.000886913
0.000279488
0.000878604
0.000212989
0.000872248
0.000156445
0.000116675
0.000383276
-0.000630102
0.000589824
-0.00014218
0.000746453
0.000300956
0.00085828
0.000656417
0.000932067
0.000857272
0.000975274
0.00095027
0.000995591
0.000970232
0.000999983
0.000945235
0.00099396
0.00089394
0.000981597
0.000827954
0.000965794
0.000754191
0.000948575
0.000676674
0.000931336
0.000597718
0.000915037
0.000518675
0.000900327
0.000440426
0.000887629
0.00036378
0.000877173
0.000289944
0.000868961
0.000221201
0.000862712
0.000162694
0.000121117
0.00178956
-0.00064179
-0.00177787
0.00189456
-0.000247181
0.00202756
0.000167954
0.00215852
0.00052546
0.00225311
0.000762673
0.00230845
0.000894935
0.00232961
0.000949074
0.00232489
0.000949952
0.00230242
0.000916413
0.00226893
0.000861441
0.00222959
0.000793528
0.0021882
0.000718064
0.00214748
0.000638438
0.00210936
0.0005568
0.00207516
0.000474625
0.00204576
0.000393185
0.00202161
0.000314089
0.0020027
0.000240115
0.0019888
0.00017659
0.00013304
0.00282955
-0.000177209
-0.00329413
0.00257981
2.55609e-06
0.00245632
0.000291447
0.0024067
0.000575078
0.00238364
0.000785729
0.00236387
0.00091471
0.00233815
0.000974787
0.00230464
0.000983467
0.00226471
0.000956345
0.00222079
0.000905355
0.00217537
0.00083895
0.00213056
0.000762872
0.00208806
0.000680942
0.00204914
0.000595722
0.00201472
0.000509041
0.00198542
0.000422485
0.00196153
0.000337981
0.00194296
0.000258681
0.00192911
0.000190446
0.000144388
0.00352462
0.000418525
-0.00412035
0.0030999
0.000427278
0.00281507
0.000576273
0.00263315
0.000756999
0.00251251
0.000906372
0.0024247
0.00100251
0.00235322
0.00104627
0.00228964
0.00104705
0.0022303
0.00101569
0.00217405
0.000961609
0.00212091
0.000892086
0.0020714
0.000812386
0.00202613
0.000726214
0.00198567
0.000636174
0.0019505
0.00054421
0.00192092
0.000452065
0.00189702
0.000361884
0.00187857
0.000277135
0.00186481
0.000204199
0.000155331
0.00391652
0.00103075
-0.00452875
0.00342652
0.000917282
0.00306092
0.000941879
0.00279878
0.00101913
0.0026105
0.00109465
0.0024706
0.00114242
0.00236117
0.0011557
0.00227095
0.00113727
0.00219339
0.00109324
0.00212494
0.00103006
0.0020638
0.000953227
0.00200915
0.000867035
0.00196069
0.00077468
0.00191834
0.000678524
0.00188212
0.000580427
0.00185203
0.000482153
0.00182795
0.000385964
0.00180951
0.00029558
0.00179585
0.000217862
0.000165997
0.00407789
0.00160907
-0.0046562
0.00358519
0.00140997
0.00319267
0.0013344
0.00289193
0.00131988
0.0026642
0.00132238
0.00248984
0.00131678
0.00235287
0.00129266
0.00224188
0.00124826
0.00214925
0.00118587
0.00207019
0.00110911
0.00200179
0.00102163
0.00194231
0.000926517
0.00189073
0.000826258
0.00184647
0.000722792
0.00180914
0.000617751
0.00177848
0.000512811
0.00175417
0.000410274
0.0017357
0.000314052
0.00172213
0.000231439
0.000176452
0.00407869
0.00213313
-0.00460275
0.00361436
0.0018743
0.00322713
0.00172163
0.00291623
0.00163077
0.00267102
0.0015676
0.00247768
0.00151012
0.00232345
0.00144689
0.0021982
0.00137352
0.00209451
0.00128955
0.00200727
0.00119635
0.00193304
0.00109586
0.00186956
0.000990002
0.00181534
0.000880472
0.00176943
0.000768706
0.00173115
0.000656028
0.00170001
0.000543954
0.00167552
0.000434764
0.00165705
0.000332521
0.00164358
0.000244904
0.00018672
0.00397317
0.00259793
-0.00443797
0.00355009
0.00229738
0.0031852
0.00208652
0.00288166
0.00193431
0.00263424
0.00181502
0.00243391
0.00171045
0.00227118
0.00160962
0.00213778
0.00150692
0.00202716
0.00140017
0.00193447
0.00128905
0.00185619
0.00117414
0.00178987
0.00105633
0.00173377
0.000936568
0.0016867
0.000815779
0.00164779
0.00069494
0.00161637
0.000575373
0.00159183
0.0004593
0.00157345
0.000350897
0.00156016
0.000258203
0.000196783
0.00379951
0.00300609
-0.00420767
0.00342084
0.00267605
0.00308587
0.00242148
0.0027994
0.00222079
0.00255952
0.0020549
0.00236073
0.00190924
0.00219635
0.001774
0.00205999
0.00164328
0.00194625
0.00151391
0.00185081
0.00138449
0.00177039
0.00125456
0.00170254
0.00112417
0.00164548
0.00099363
0.00159788
0.000863375
0.00155877
0.000734051
0.00152738
0.000606769
0.001503
0.000483678
0.00148485
0.000369045
0.0014718
0.00027125
0.000206592
0.00358292
0.00336335
-0.00394018
0.00324702
0.00301195
0.00294418
0.00272433
0.00267946
0.0024855
0.00245289
0.00228147
0.00226136
0.00210077
0.00210038
0.00193498
0.00196524
0.00177842
0.00185163
0.00162753
0.00175592
0.0014802
0.0016752
0.00133527
0.0016072
0.00119218
0.00155016
0.00105067
0.00150275
0.000910784
0.00146395
0.00077285
0.00143294
0.00063778
0.00140897
0.000507646
0.00139122
0.000386798
0.00137853
0.000283937
0.000216079
0.00333916
0.0036761
-0.0036519
0.00304249
0.00330861
0.00277118
0.00299564
0.00252996
0.00272672
0.00231982
0.00249161
0.00213922
0.00228137
0.00198524
0.00208895
0.00185451
0.00190915
0.00174372
0.00173832
0.00164992
0.001574
0.0015706
0.00141459
0.00150374
0.00125904
0.0014477
0.00110671
0.00140122
0.000957268
0.00136328
0.000810793
0.00133304
0.000668013
0.00130976
0.000530927
0.00129259
0.000403966
0.00128039
0.000296142
0.000225163
0.00307768
0.00395017
-0.00335175
0.00281627
0.00357002
0.00257474
0.00323717
0.00235718
0.00294428
0.00216498
0.00268381
0.00199754
0.00244882
0.00185305
0.00223345
0.00172914
0.00203306
0.00162332
0.00184413
0.00153325
0.00166407
0.00145684
0.001491
0.00139231
0.00132356
0.00133822
0.0011608
0.00129339
0.00100211
0.00125684
0.000847337
0.00122779
0.000697066
0.00120548
0.000553234
0.0011891
0.000420353
0.0011775
0.000307737
0.000233758
0.002804
0.00419043
-0.00304427
0.00257421
0.00379981
0.00236039
0.00345099
0.00216592
0.00313875
0.00199223
0.0028575
0.00183927
0.00260178
0.00170595
0.00236676
0.00159064
0.00214836
0.00149149
0.00194328
0.00140666
0.00174891
0.00133443
0.00156323
0.00127331
0.00138468
0.00122203
0.00121208
0.00117952
0.00104462
0.00114489
0.000881959
0.00111741
0.000724549
0.00109636
0.000574285
0.00108095
0.000435765
0.00107009
0.000318594
0.000241777
0.00252145
0.00440069
-0.00273171
0.00232022
0.00400103
0.00213215
0.00363906
0.00195992
0.00331099
0.00180483
0.00301258
0.0016671
0.00273952
0.00154608
0.00248778
0.00144068
0.00225377
0.00134951
0.00203445
0.00127113
0.00182728
0.00120418
0.00163018
0.00114739
0.00144147
0.00109967
0.00125979
0.0010601
0.00108419
0.00102788
0.000914179
0.00100233
0.000750098
0.0009828
0.000593816
0.000968546
0.000450019
0.000958546
0.000328595
0.000249138
0.00223227
0.0045838
-0.00241537
0.00205722
0.00417608
0.00189324
0.00380304
0.00174238
0.00346185
0.00160575
0.00314921
0.00148363
0.00286163
0.00137568
0.00259573
0.00128112
0.00234833
0.00119892
0.00211665
0.00112798
0.00189822
0.00106719
0.00169098
0.00101552
0.00149314
0.000972031
0.00130328
0.000935938
0.00112029
0.000906549
0.000943568
0.000883261
0.000773387
0.000865487
0.00061159
0.000852552
0.000462954
0.000843515
0.000337632
0.000255767
0.00193861
0.00474179
-0.00209661
0.00178793
0.00432676
0.0016467
0.00394426
0.00151645
0.0035921
0.00139803
0.00326763
0.00129172
0.00296794
0.00119731
0.00269013
0.00111426
0.00243139
0.00104179
0.00218912
0.000979038
0.00196097
0.000925121
0.00174489
0.000879194
0.00153907
0.000840491
0.00134198
0.000808335
0.00115244
0.000782143
0.00096976
0.000761394
0.000794136
0.000745577
0.000627407
0.000734097
0.000474434
0.000726112
0.000345618
0.000261602
0.00164349
0.00487612
-0.00177781
0.00151583
0.00445441
0.00139631
0.00406379
0.00128598
0.00370244
0.00118547
0.00336814
0.00109499
0.00305842
0.00101439
0.00277073
0.000943273
0.00250251
0.000881039
0.00225135
0.000827016
0.002015
0.000780497
0.00179141
0.000740802
0.00157877
0.000707303
0.00137548
0.000679442
0.0011803
0.000656732
0.00099247
0.000638738
0.00081213
0.000625034
0.000641111
0.000615112
0.000484356
0.000608243
0.000352486
0.000266596
0.00135221
0.00498783
-0.00146392
0.00124652
0.0045601
0.00114778
0.00416252
0.00105669
0.00379353
0.000973664
0.00345116
0.000898827
0.00313326
0.000832052
0.0028375
0.000773013
0.00256155
0.000721253
0.00230311
0.000676239
0.00206001
0.000637413
0.00183024
0.000604232
0.00161195
0.000576191
0.00140352
0.000552842
0.00120365
0.000533791
0.00101152
0.000518686
0.000827234
0.000507184
0.000652613
0.000498876
0.000492664
0.000493162
0.0003582
0.000270715
0.00107491
0.00507798
-0.00116506
0.000990123
0.00464489
0.00091108
0.00424157
0.000838265
0.00386634
0.000771935
0.00351749
0.000712139
0.00319306
0.000658749
0.00289089
0.000611495
0.0026088
0.000570015
0.00234459
0.000533893
0.00209613
0.000502694
0.00186144
0.000475996
0.00163864
0.000453403
0.00142612
0.000434563
0.00122249
0.000419168
0.00102692
0.000406945
0.000839457
0.00039763
0.000661928
0.000390918
0.000499377
0.000386352
0.000362766
0.00027394
0.000832413
0.00514739
-0.000901831
0.000766305
0.004711
0.000704817
0.00430306
0.0006483
0.00392286
0.000596887
0.00356891
0.000550558
0.00323938
0.000509177
0.00293227
0.000472522
0.00264546
0.000440308
0.0023768
0.000412218
0.00212422
0.000387923
0.00188573
0.000367102
0.00165947
0.000349456
0.00144376
0.000334715
0.00123723
0.000322646
0.00103899
0.00031304
0.000849063
0.000305705
0.000669263
0.000300426
0.000504655
0.000296911
0.000366282
0.000276252
0.000668152
-0.000727437
0.000614327
0.000565027
0.000520045
0.000479236
0.000442466
0.000409589
0.000380422
0.000354744
0.000332314
0.000312881
0.000296201
0.000282041
0.000270194
0.000260475
0.00025272
0.000246778
0.000242493
0.000239721
0.00283966
0.000622188
-0.00346185
0.00241458
0.000425086
0.0021239
0.000290682
0.00192498
0.000198915
0.00179044
0.000134536
0.00170372
8.67273e-05
0.00165644
4.7279e-05
0.00164681
9.62682e-06
0.0016826
-3.57921e-05
-9.52631e-05
0.00532168
0.00100584
-0.00570533
0.00495183
0.000794931
0.00461684
0.000625676
0.00432538
0.000490374
0.00407773
0.000382187
0.00387023
0.000294228
0.00369734
0.000220167
0.00355241
0.000154555
0.00342355
9.30724e-05
3.41545e-05
0.00632651
0.00125796
-0.00657863
0.00604818
0.00107326
0.00576465
0.000909207
0.00548831
0.000766713
0.00522627
0.000644229
0.00498127
0.00053923
0.00475263
0.000448811
0.00453693
0.000370251
0.00432842
0.000301579
0.000242224
0.00658809
0.00144201
-0.00677214
0.00637871
0.00128264
0.00615256
0.00113536
0.00591765
0.00100162
0.00568008
0.000881801
0.0054438
0.000775506
0.00521077
0.000681848
0.00498122
0.000599796
0.00475428
0.000528519
0.00046775
0.00648421
0.0015866
-0.00662881
0.00631765
0.00144921
0.00613344
0.00131956
0.00593615
0.00119891
0.00572992
0.00108802
0.00551817
0.000987258
0.00530342
0.000896602
0.0050874
0.000815816
0.0048713
0.000744614
0.000682855
0.00619838
0.00170853
-0.0063203
0.00605881
0.00158877
0.00590398
0.0014744
0.00573653
0.00136636
0.00555916
0.00126539
0.00537442
0.001172
0.00518456
0.00108647
0.00499152
0.00100885
0.00479704
0.000939095
0.000877147
0.00582868
0.00181665
-0.0059368
0.00570699
0.00171046
0.00557308
0.00160831
0.00542858
0.00151086
0.00527526
0.00141871
0.00511493
0.00133233
0.00494939
0.00125201
0.00478031
0.00117793
0.00460932
0.00111009
0.00104849
0.00542616
0.0019156
-0.00552511
0.00531703
0.00181959
0.00519856
0.00172678
0.00507179
0.00163763
0.00493791
0.00155259
0.00479821
0.00147203
0.00465402
0.00139621
0.00450666
0.00132528
0.00435745
0.0012593
0.00119827
0.00501562
0.00200776
-0.00510778
0.00491602
0.0019192
0.0048095
0.00183329
0.00469677
0.00175036
0.00457863
0.00167073
0.004456
0.00159466
0.00432984
0.00152237
0.00420115
0.00145397
0.00407094
0.00138952
0.00132902
0.00460763
0.00209424
-0.00469411
0.00451584
0.00201099
0.00441908
0.00193004
0.00431784
0.0018516
0.00421268
0.00177589
0.00410423
0.00170311
0.00399319
0.0016334
0.0038803
0.00156686
0.00376629
0.00150353
0.00144341
0.00420528
0.00217547
-0.00428651
0.00412037
0.0020959
0.00403203
0.00201838
0.00394058
0.00194306
0.0038464
0.00187007
0.00374995
0.00179956
0.00365174
0.00173162
0.00355227
0.00166633
0.00345209
0.0016037
0.00154376
0.00380815
0.0022515
-0.00388418
0.00372969
0.00217436
0.00364896
0.00209911
0.00356618
0.00202583
0.00348163
0.00195462
0.00339561
0.00188557
0.00330849
0.00181874
0.00322064
0.00175419
0.00313243
0.00169191
0.00163193
0.00341452
0.00232216
-0.00348518
0.00334236
0.00224652
0.00326882
0.00217265
0.00319404
0.00210061
0.00311821
0.00203045
0.00304155
0.00196223
0.0029643
0.00189599
0.00288673
0.00183176
0.0028091
0.00176953
0.00170932
0.00302266
0.00238717
-0.00308767
0.00295686
0.00231232
0.00289033
0.00223918
0.00282317
0.00216777
0.0027555
0.00209812
0.00268747
0.00203026
0.00261927
0.0019642
0.00255105
0.00189997
0.00248302
0.00183756
0.00177697
0.00263164
0.00244617
-0.00269064
0.00257236
0.0023716
0.00251284
0.0022987
0.00245313
0.00222748
0.00239332
0.00215793
0.00233351
0.00209007
0.00227381
0.00202391
0.00221434
0.00195944
0.00215523
0.00189667
0.0018356
0.00224216
0.00249876
-0.00229475
0.00218966
0.0024241
0.00213727
0.0023511
0.00208501
0.00227973
0.00203294
0.00221
0.00198112
0.00214189
0.00192961
0.00207541
0.0018785
0.00201055
0.00182787
0.0019473
0.00188566
0.00185805
0.00254451
-0.0019038
0.00181265
0.0024695
0.00176758
0.00239616
0.00172288
0.00232444
0.00167854
0.00225433
0.00163462
0.00218582
0.00159115
0.00211889
0.00154817
0.00205353
0.00150574
0.00198973
0.00192748
0.00148928
0.0025832
-0.00152797
0.00145127
0.00250751
0.00141376
0.00243366
0.00137675
0.00236145
0.00134022
0.00229086
0.00130417
0.00222186
0.00126862
0.00215444
0.00123358
0.00208857
0.00119907
0.00202424
0.00196149
0.00116047
0.002614
-0.00119127
0.00112957
0.00253841
0.00109934
0.00246389
0.00106968
0.00239112
0.00104053
0.00232
0.00101188
0.00225051
0.000983693
0.00218263
0.000955938
0.00211632
0.00092857
0.00205161
0.00198823
0.00092055
-0.000945179
0.000897941
0.000875333
0.000852945
0.000830863
0.000809167
0.000787938
0.00076726
0.000747287
0.0704606
0.000270007
-0.000230609
0.0698497
0.00495825
-0.00434738
0.0685781
0.010305
-0.00903335
0.0673183
0.0103598
-0.0091
0.0660353
0.0105341
-0.00925117
0.0637403
0.0182339
-0.0159388
0.0597006
0.0316077
-0.0275681
0.0541038
0.0436024
-0.0380056
0.0476996
0.0499618
-0.0435576
0.0412035
0.0508996
-0.0444036
0.0350515
0.0484816
-0.0423296
0.0294484
0.0444328
-0.0388297
0.0244743
0.0396996
-0.0347255
0.0201413
0.0347933
-0.0304604
0.0164249
0.0300066
-0.0262902
0.0132557
0.0256374
-0.0224682
0.0105604
0.0218068
-0.0191115
0.0081561
0.0190691
-0.0166649
0.00615474
0.0182883
-0.016287
0.0205101
-0.0178173
0.0704684
0.000301571
0.0698502
0.00557651
0.0685921
0.011563
0.0673546
0.0115974
0.0660747
0.011814
0.063755
0.0205536
0.0596677
0.035695
0.0540122
0.0492579
0.0475463
0.0564277
0.0409934
0.0574525
0.0347969
0.0546781
0.029166
0.0500637
0.0241815
0.0446841
0.0198559
0.0391189
0.0161596
0.0337028
0.0130311
0.0287659
0.0104022
0.0244357
0.00816306
0.0213083
0.00670278
0.0197486
0.0215076
0.0704739
0.00032769
0.0698537
0.00619666
0.0686089
0.0128078
0.0674008
0.0128055
0.0661335
0.0130813
0.0637887
0.0228983
0.0596429
0.0398409
0.0539112
0.0549896
0.0473676
0.0629712
0.0407474
0.0640728
0.0345003
0.0609251
0.028839
0.0557251
0.0238449
0.0496782
0.019529
0.0434348
0.0158591
0.0373727
0.0127739
0.0318511
0.0102173
0.0269924
0.00811477
0.0234108
0.00691167
0.0209517
0.0218406
0.0704798
0.000347939
0.0698577
0.00681875
0.0686278
0.0140376
0.0674544
0.013979
0.0662038
0.0143318
0.0638311
0.025271
0.0596182
0.0440538
0.0537995
0.0608083
0.0471676
0.0696031
0.0404708
0.0707696
0.0341664
0.0672296
0.0284709
0.0614205
0.0234668
0.0546823
0.0191627
0.047739
0.0155228
0.0410127
0.0124846
0.0348892
0.00999743
0.0294796
0.0080088
0.0253994
0.00690482
0.0220557
0.0219733
0.0704861
0.00036184
0.0698622
0.00744267
0.0686485
0.0152513
0.0675153
0.0151121
0.0662865
0.0155607
0.0638839
0.0276736
0.0595951
0.0483426
0.0536777
0.0667258
0.0469458
0.0763349
0.0401625
0.0775529
0.0337936
0.0735985
0.0280605
0.0671537
0.023046
0.0596968
0.0187558
0.0520292
0.0151493
0.0446191
0.0121615
0.037877
0.00974094
0.0319002
0.00784722
0.0272931
0.00676309
0.0231398
0.0221076
0.0704931
0.000368787
0.0698675
0.00806822
0.0686712
0.0164476
0.067584
0.0161994
0.0663826
0.0167621
0.0639491
0.0301071
0.0595757
0.052716
0.0535468
0.0727547
0.0467021
0.0831797
0.0398214
0.0844336
0.0333805
0.0800393
0.027606
0.0729282
0.022581
0.0647218
0.0183071
0.0563031
0.0147378
0.0481884
0.0118035
0.0408113
0.00944751
0.0342562
0.00763444
0.0291062
0.00653716
0.0242371
0.0223245
0.0705007
0.000368115
0.0698738
0.00869509
0.0686965
0.0176249
0.0676613
0.0172346
0.0664938
0.0179296
0.064029
0.0325719
0.0595623
0.0571828
0.0534083
0.0789086
0.0464364
0.0901515
0.0394464
0.0914236
0.0329255
0.0865601
0.0271059
0.0787478
0.0220703
0.0697574
0.0178154
0.060558
0.0142871
0.0517167
0.0114097
0.0436886
0.00911771
0.0365482
0.00737547
0.0308484
0.00625797
0.0253546
0.0226456
0.070509
0.000359138
0.0698812
0.00932291
0.0687248
0.0187812
0.0677483
0.0182111
0.0666224
0.0190555
0.0641268
0.0350675
0.0595577
0.0617519
0.0532638
0.0852025
0.046149
0.0972663
0.0390365
0.0985362
0.0324268
0.0931698
0.0265581
0.0846166
0.0215122
0.0748033
0.0172793
0.0647909
0.0137962
0.0551997
0.0109796
0.0465053
0.00875248
0.0387753
0.00707525
0.0325257
0.00594388
0.026486
0.0230644
0.070518
0.000341129
0.0698895
0.00995139
0.0687565
0.0199142
0.0678467
0.0191209
0.0667713
0.0201309
0.0642461
0.0375926
0.0595653
0.0664327
0.0531153
0.0916526
0.0458402
0.104541
0.0385905
0.105786
0.0318824
0.099878
0.0259604
0.0905386
0.0209047
0.0798591
0.0166973
0.0689982
0.0132644
0.0586327
0.0105127
0.049257
0.00835287
0.0409351
0.0067382
0.0341403
0.00560533
0.0276189
0.0235619
0.0705278
0.000313284
0.0698988
0.0105804
0.068792
0.021021
0.0679586
0.0199543
0.0669441
0.0211454
0.0643912
0.0401456
0.0595887
0.0712352
0.0529648
0.0982765
0.04551
0.111996
0.038107
0.113189
0.03129
0.106695
0.0253105
0.0965181
0.0202458
0.0849238
0.0160681
0.0731759
0.0126907
0.06201
0.0100089
0.0519388
0.00791994
0.0430241
0.00636803
0.0356922
0.00524788
0.028739
0.0241157
0.0705386
0.000274689
0.0699088
0.0112102
0.0688316
0.0220982
0.0680862
0.0206997
0.0671454
0.0220862
0.0645671
0.0427239
0.0596321
0.0761702
0.0528147
0.105094
0.0451585
0.119652
0.0375843
0.120763
0.0306469
0.113632
0.0246055
0.10256
0.0195331
0.0899963
0.0153898
0.0773192
0.0120742
0.0653257
0.00946802
0.054545
0.00745468
0.0450374
0.00596781
0.0371791
0.00487431
0.0298325
0.0247035
0.0705504
0.00022429
0.069919
0.0118416
0.0688752
0.023142
0.0682324
0.0213425
0.0673806
0.022938
0.0647799
0.0453246
0.0597002
0.0812499
0.052667
0.112127
0.0447855
0.127534
0.0370201
0.128528
0.02995
0.120702
0.0238423
0.108667
0.0187641
0.0950745
0.014661
0.0814223
0.0114142
0.0685725
0.00889011
0.057069
0.00695802
0.0469695
0.00554002
0.0385971
0.00448591
0.0308866
0.0253052
0.0705634
0.00016086
0.0699291
0.0124759
0.068923
0.0241481
0.0684006
0.0218649
0.0676562
0.0236824
0.0650367
0.0479442
0.0597984
0.0864882
0.0525252
0.1194
0.0443913
0.135668
0.0364123
0.136507
0.0291958
0.127919
0.0230173
0.114846
0.017936
0.100156
0.0138798
0.0854785
0.0107097
0.0717426
0.00827517
0.0595036
0.00643087
0.0488138
0.00508675
0.0399412
0.0040834
0.03189
0.0259035
0.0705779
8.29618e-05
0.0699383
0.0131155
0.0689748
0.0251116
0.0685945
0.0222452
0.0679803
0.0242966
0.0653458
0.0505787
0.0599317
0.0919022
0.0523888
0.126943
0.0439724
0.144084
0.0357563
0.144723
0.0283798
0.135295
0.0221266
0.121099
0.0170458
0.105237
0.0130442
0.0894801
0.00996005
0.0748268
0.00762339
0.0618402
0.00587424
0.0505629
0.00460993
0.0412056
0.00366744
0.0328325
0.0264832
0.070594
-1.10478e-05
0.0699458
0.0137637
0.0690301
0.0260273
0.068819
0.0224563
0.0683622
0.0247533
0.0657164
0.0532245
0.060109
0.0975096
0.0522681
0.134784
0.0435365
0.152816
0.0350537
0.153206
0.0274985
0.142851
0.0211658
0.127432
0.0160902
0.110312
0.0121524
0.0934179
0.00916451
0.0778147
0.00693512
0.0640696
0.00528939
0.0522087
0.00411167
0.0423833
0.0032392
0.0337049
0.0270318
0.0706118
-0.000122881
0.0699512
0.0144244
0.0690885
0.02689
0.0690784
0.0224664
0.0688133
0.0250184
0.0661612
0.0558766
0.0603327
0.103338
0.0521476
0.142969
0.0430571
0.161906
0.0342823
0.161981
0.0265402
0.150593
0.0201288
0.133843
0.0150654
0.115375
0.0112024
0.0972809
0.00832259
0.0806945
0.00621124
0.066181
0.00467832
0.0537416
0.00359491
0.0434667
0.00280111
0.0344987
0.0275382
0.0706317
-0.000254587
0.069955
0.0151011
0.0691487
0.0276963
0.0693763
0.0222389
0.0693431
0.0250516
0.0666898
0.0585299
0.0606195
0.109408
0.0520684
0.15152
0.0425964
0.171378
0.0334923
0.171085
0.0255245
0.158561
0.0190164
0.140351
0.0139682
0.120424
0.0101922
0.101057
0.00743437
0.0834523
0.00545385
0.0681615
0.00404494
0.0551505
0.00306485
0.0444468
0.00235831
0.0352053
0.0279927
0.0706518
-0.000406394
0.0699627
0.0157902
0.0692107
0.0284483
0.0697067
0.0217428
0.0699619
0.0247964
0.0673205
0.0611713
0.0609673
0.115762
0.0519591
0.160528
0.041999
0.181338
0.0325182
0.180566
0.0243479
0.166731
0.0177885
0.146911
0.0127886
0.125423
0.00911998
0.104726
0.00650165
0.0860706
0.00466863
0.0699945
0.00339838
0.0564207
0.0025327
0.0453125
0.00192226
0.0358157
0.028387
0.0706679
-0.000574288
0.0699809
0.0164772
0.0692837
0.0291455
0.0700418
0.0209848
0.070644
0.0241942
0.0680466
0.0637686
0.061373
0.122435
0.0519466
0.169955
0.0416015
0.191683
0.0317751
0.190392
0.0233241
0.175182
0.0165976
0.153637
0.0115698
0.130451
0.0079919
0.108304
0.00553224
0.0885303
0.00387401
0.0716527
0.00276436
0.0575304
0.00202642
0.0460504
0.00151955
0.0363226
0.0287152
0.0706727
0.0700045
0.0693653
0.0703096
0.0712913
0.0689315
0.0619991
0.0518595
0.0406833
0.0302171
0.0214678
0.0147687
0.00997874
0.00671775
0.00456268
0.00315367
0.00223342
0.00162771
0.00121887
0.0299752
1.60943e-05
0.0297229
0.00207492
0.0291725
0.00408957
0.0286129
0.00413366
0.0280648
0.00436871
0.0271136
0.00734202
0.0254483
0.0123974
0.0231418
0.0169405
0.0204976
0.0194268
0.0178057
0.0198968
0.0152417
0.0190618
0.0128894
0.0175531
0.0107842
0.0157503
0.0089322
0.0138209
0.00732918
0.0119502
0.00593998
0.0100526
0.00474494
0.00847265
0.0036159
0.00636076
0.00238839
0.00430814
-0.00159667
0.029975
4.1116e-05
0.0297229
0.00232702
0.0291724
0.00464007
0.0286135
0.00469257
0.028067
0.00491514
0.0271171
0.008292
0.0254492
0.0140653
0.0231365
0.0192532
0.0204853
0.0220779
0.0177878
0.0225942
0.0152204
0.0216292
0.0128665
0.0199071
0.0107611
0.0178557
0.00890958
0.0156724
0.0073083
0.0135515
0.00591884
0.0114421
0.00472348
0.00966802
0.00357397
0.00751027
0.00226096
0.00562114
0.000664291
0.0299752
6.59406e-05
0.0297229
0.00257932
0.0291723
0.00519066
0.0286147
0.00525019
0.028069
0.00546079
0.0271183
0.00924268
0.0254473
0.0157363
0.023129
0.0215715
0.0204717
0.0247353
0.017769
0.0252969
0.015198
0.0242002
0.0128422
0.0222629
0.0107363
0.0199616
0.00888523
0.0175235
0.00728533
0.0151514
0.0058969
0.0128305
0.00470088
0.010864
0.00354026
0.00867089
0.002169
0.00699241
0.00283329
0.0299754
9.05416e-05
0.029723
0.00283176
0.0291724
0.0057412
0.0286162
0.00580636
0.0280715
0.00600554
0.0271199
0.0101943
0.0254451
0.0174111
0.0231207
0.0238959
0.0204566
0.0273993
0.0177482
0.0280053
0.0151733
0.0267751
0.0128153
0.0246209
0.0107088
0.0220681
0.00885831
0.019374
0.00726004
0.0167496
0.00587324
0.0142173
0.00467822
0.0120591
0.00351187
0.00983724
0.00210694
0.00839734
0.00494023
0.0299757
0.000114879
0.0297231
0.00308428
0.0291728
0.00629154
0.0286183
0.00636089
0.0280745
0.00654932
0.0271217
0.011147
0.0254427
0.0190902
0.0231115
0.0262271
0.0204402
0.0300707
0.0177255
0.0307199
0.0151463
0.0293543
0.0127859
0.0269814
0.0106787
0.0241752
0.00882879
0.0212238
0.00723242
0.018346
0.00584787
0.0156019
0.0046556
0.0132513
0.00348873
0.0110041
0.00207132
0.00981476
0.00701154
0.029976
0.000138905
0.0297234
0.00333685
0.0291735
0.00684149
0.0286208
0.00691355
0.0280781
0.00709203
0.0271239
0.0121012
0.0254401
0.020774
0.0231015
0.0285657
0.0204222
0.03275
0.0177009
0.0334413
0.015117
0.0319382
0.0127538
0.0293446
0.0106458
0.0262832
0.00879665
0.023073
0.00720245
0.0199402
0.0058208
0.0169835
0.00463305
0.0144391
0.00347082
0.0121663
0.00206103
0.0112246
0.00907257
0.0299763
0.000162571
0.0297238
0.00358942
0.0291744
0.00739086
0.0286238
0.0074641
0.0280823
0.0076336
0.0271264
0.0130571
0.0254373
0.0224631
0.0230907
0.0309123
0.0204029
0.0354378
0.0176743
0.0361698
0.0150852
0.0345274
0.0127191
0.0317107
0.0106102
0.0283921
0.00876188
0.0249213
0.00717012
0.021532
0.005792
0.0183617
0.00461056
0.0156205
0.00345807
0.0133188
0.00207712
0.0126055
0.0111497
0.0299767
0.000185822
0.0297242
0.00384198
0.0291756
0.00793944
0.0286275
0.00801226
0.0280871
0.00817394
0.0271292
0.0140149
0.0254342
0.0241581
0.023079
0.0332675
0.0203821
0.0381347
0.0176458
0.0389061
0.0150511
0.037122
0.0126818
0.0340801
0.0105718
0.0305021
0.00872445
0.0267687
0.00713541
0.023121
0.00576145
0.0197356
0.00458805
0.0167939
0.00345037
0.0144565
0.00212311
0.0139328
0.0132728
0.0299772
0.000208603
0.0297247
0.00409451
0.0291771
0.00848704
0.0286316
0.00855772
0.0280926
0.00871296
0.0271324
0.0149751
0.0254309
0.0258596
0.0230665
0.0356319
0.0203599
0.0408414
0.0176153
0.0416507
0.0150147
0.0397227
0.0126418
0.036453
0.0105307
0.0326131
0.00868436
0.0286151
0.00709831
0.024707
0.00572913
0.0211048
0.0045654
0.0179576
0.00344759
0.0155743
0.00220614
0.0151742
0.0154789
0.029978
0.0297251
0.0291788
0.0286365
0.0280983
0.0271346
0.0254261
0.0230525
0.0203363
0.0175834
0.0149764
0.0125997
0.0104873
0.00864202
0.00705888
0.00569552
0.00454163
0.00345108
0.00233831
)
;

boundaryField
{
    inlet
    {
        type            calculated;
        value           nonuniform List<scalar> 
50
(
-0.105
-0.105
-0.105
-0.105
-0.105
-0.105
-0.105
-0.105
-0.105
-0.105
-0.105
-0.105
-0.105
-0.105
-0.105
-0.105
-0.105
-0.105
-0.105
-0.105
-0.03
-0.03
-0.03
-0.03
-0.03
-0.03
-0.03
-0.03
-0.03
-0.03
-0.0705
-0.0705
-0.0705
-0.0705
-0.0705
-0.0705
-0.0705
-0.0705
-0.0705
-0.0705
-0.0705
-0.0705
-0.0705
-0.0705
-0.0705
-0.0705
-0.0705
-0.0705
-0.0705
-0.0705
)
;
    }
    outlet
    {
        type            calculated;
        value           nonuniform List<scalar> 
150
(
0.00041806
0.000604899
0.000869914
0.00116105
0.00145367
0.0017363
0.00200329
0.00225141
0.00247841
0.00268248
0.00286213
0.00301612
0.00314353
0.00324378
0.0033167
0.00336257
0.00338209
0.00337637
0.00334697
0.00329586
0.000929347
0.000923189
0.00091646
0.000909333
0.000901803
0.000893878
0.000885563
0.000876865
0.000867797
0.00085827
0.00197688
0.00191776
0.00185387
0.00178518
0.00171167
0.00163332
0.00155009
0.001462
0.00136904
0.0012713
0.00116891
0.00106207
0.000951185
0.000836886
0.000720276
0.00060325
0.000489043
0.000383126
0.000294599
0.000238204
-0.000746993
0.0171454
0.0297846
0.0200405
0.0232125
0.0661284
0.129368
0.180094
0.20286
0.200859
0.183931
0.160336
0.135241
0.111565
0.0906853
0.0730617
0.0584506
0.0466561
0.0367314
0.0289889
0.00263863
0.00256102
0.0024865
0.00241351
0.00234209
0.00227221
0.00220386
0.002137
0.00207158
0.00200808
0.00520668
0.00476482
0.00435236
0.00396784
0.00360972
0.00327615
0.00296515
0.00267463
0.00240248
0.00214665
0.00190516
0.00167615
0.00145792
0.00124908
0.00104871
0.000856817
0.000675206
0.00050894
0.000369054
0.00027777
-0.000899032
0.0172029
0.0299901
0.0200679
0.0229071
0.0657674
0.129419
0.180493
0.203314
0.201172
0.184055
0.160314
0.135128
0.111392
0.0904882
0.0728218
0.0582437
0.0463697
0.0367234
0.0289126
0.00266341
0.00259195
0.00252358
0.00245651
0.00239079
0.00232638
0.00226325
0.00220137
0.00214071
0.00208178
0.00543358
0.00501718
0.00462347
0.00425127
0.0038991
0.00356552
0.00324913
0.00294859
0.00266258
0.00238981
0.00212902
0.00187897
0.00163851
0.00140667
0.00118292
0.000967626
0.000763068
0.000575135
0.000416536
0.00031285
)
;
    }
    upAndBottom
    {
        type            empty;
        value           nonuniform 0();
    }
    obstacle
    {
        type            calculated;
        value           uniform 0;
    }
}


// ************************************************************************* //
