/*--------------------------------*- C++ -*----------------------------------*\
| =========                 |                                                 |
| \\      /  F ield         | OpenFOAM: The Open Source CFD Toolbox           |
|  \\    /   O peration     | Version:  v1806                                 |
|   \\  /    A nd           | Web:      www.OpenFOAM.com                      |
|    \\/     M anipulation  |                                                 |
\*---------------------------------------------------------------------------*/
FoamFile
{
    version     2.0;
    format      ascii;
    class       surfaceScalarField;
    location    "220";
    object      phi;
}
// * * * * * * * * * * * * * * * * * * * * * * * * * * * * * * * * * * * * * //

dimensions      [0 3 -1 0 0 0 0];
oriented        oriented;


internalField   nonuniform List<scalar> 
4680
(
0.0675004
-0.000294321
0.0675019
-0.000879417
0.0675049
-0.00146016
0.0675098
-0.00203463
0.0675172
-0.00260057
0.0675281
-0.00315507
0.0675431
-0.00369453
0.0675635
-0.00421467
0.0675905
-0.00471051
0.0676251
-0.00517624
0.0676689
-0.00560526
0.0677231
-0.00599019
0.0677888
-0.00632306
0.0678672
-0.00659554
0.0679587
-0.00679935
0.0680634
-0.00692644
0.068181
-0.0069699
0.0683093
-0.00692339
0.0684461
-0.00678378
-0.00655652
0.0686071
0.0675011
-0.000295376
0.0675044
-0.0008828
0.0675105
-0.00146626
0.06752
-0.00204414
0.0675339
-0.00261444
0.0675533
-0.00317445
0.0675795
-0.00372078
0.0676142
-0.00424935
0.067659
-0.0047553
0.0677157
-0.00523292
0.067786
-0.00567558
0.0678716
-0.00607576
0.0679737
-0.0064252
0.0680933
-0.00671511
0.0682305
-0.00693652
0.0683846
-0.00708059
0.0685541
-0.00713938
0.0687367
-0.00710598
0.0689293
-0.00697638
-0.00674843
0.0691212
0.0675016
-0.000297011
0.0675068
-0.000887987
0.0675162
-0.00147559
0.0675306
-0.00205861
0.0675516
-0.00263537
0.0675806
-0.00320351
0.0676198
-0.00375991
0.0676712
-0.00430076
0.0677372
-0.00482136
0.0678204
-0.00531611
0.0679231
-0.00577828
0.0680475
-0.00620017
0.0681953
-0.00657298
0.0683675
-0.00688726
0.0685639
-0.00713298
0.0687835
-0.00730014
0.0690232
-0.00737917
0.069279
-0.00736178
0.0695441
-0.00724144
-0.00701413
0.0698098
0.0675021
-0.000299087
0.0675087
-0.000894609
0.0675207
-0.00148756
0.0675393
-0.00207728
0.0675665
-0.0026625
0.0676043
-0.00324132
0.0676553
-0.00381098
0.0677226
-0.00436804
0.0678093
-0.00490801
0.0679186
-0.00542547
0.0680539
-0.00591356
0.0682181
-0.00636432
0.0684134
-0.00676828
0.0686412
-0.0071151
0.0689015
-0.00739329
0.0691926
-0.00759124
0.0695106
-0.00769715
0.0698494
-0.00770058
0.0702004
-0.0075924
-0.00736796
0.0705542
0.0675023
-0.000301428
0.0675099
-0.000902143
0.0675236
-0.00150131
0.0675453
-0.00209893
0.0675771
-0.00269429
0.0676218
-0.00328605
0.0676827
-0.00387191
0.0677637
-0.00444899
0.0678687
-0.00501301
0.0680021
-0.00555891
0.0681682
-0.00607961
0.0683709
-0.00656703
0.0686133
-0.00701074
0.0688977
-0.00739946
0.0692242
-0.00771976
0.0695909
-0.00795799
0.0699931
-0.00809935
0.0704232
-0.00813069
0.0708701
-0.00803928
-0.00781849
0.0713206
0.0675024
-0.000303811
0.0675102
-0.000909912
0.0675245
-0.00151569
0.0675476
-0.00212198
0.067582
-0.0027287
0.0676312
-0.00333527
0.0676992
-0.00393992
0.0677908
-0.00454053
0.0679108
-0.0051331
0.0680651
-0.00571322
0.068259
-0.00627345
0.0684979
-0.00680596
0.0687861
-0.00729896
0.0691271
-0.00774041
0.0695215
-0.00811419
0.069968
-0.00840443
0.0704608
-0.00859222
0.0709911
-0.008661
0.0715447
-0.00859283
-0.00837837
0.0721046
0.0675021
-0.000305961
0.0675093
-0.000917088
0.067523
-0.00152933
0.0675455
-0.00214449
0.06758
-0.00276323
0.0676307
-0.00338592
0.0677022
-0.00401141
0.0678003
-0.00463869
0.0679312
-0.00526399
0.0681021
-0.0058841
0.0683196
-0.00649093
0.0685913
-0.0070777
0.0689228
-0.00763045
0.0693197
-0.00813729
0.0697835
-0.00857805
0.0703141
-0.00893497
0.0709052
-0.0091833
0.0715465
-0.0093023
0.0722205
-0.00926683
-0.00906392
0.072906
0.0675016
-0.000307555
0.0675072
-0.000922698
0.0675185
-0.00154059
0.0675381
-0.00216415
0.0675698
-0.00279488
0.0676182
-0.00343433
0.0676888
-0.00408203
0.0677886
-0.00473854
0.0679248
-0.00540019
0.0681067
-0.00606594
0.0683421
-0.00672635
0.0686418
-0.00737739
0.0690126
-0.0080012
0.0694638
-0.00858851
0.0699978
-0.00911205
0.0706172
-0.00955436
0.0713151
-0.00988127
0.0720808
-0.010068
0.0728929
-0.0100789
-0.00989594
0.0737249
0.0675007
-0.000308225
0.0675036
-0.00092563
0.0675106
-0.00154759
0.0675247
-0.00217829
0.06755
-0.00282013
0.0675918
-0.00347613
0.0676563
-0.0041465
0.0677518
-0.00483404
0.0678864
-0.00553485
0.0680721
-0.00625157
0.0683178
-0.00697209
0.0686387
-0.00769833
0.0690425
-0.00840498
0.069545
-0.00909099
0.0701482
-0.00971527
0.0708614
-0.0102675
0.0716758
-0.0106957
0.0725822
-0.0109745
0.0735546
-0.0110513
-0.0109013
0.07456
0.0674993
-0.000307566
0.0674984
-0.00092465
0.067499
-0.00154825
0.0675046
-0.00218391
0.0675195
-0.00283499
0.0675496
-0.00350627
0.0676018
-0.00419865
0.0676857
-0.00491791
0.0678103
-0.00565953
0.0679906
-0.00643186
0.0682366
-0.00721806
0.0685696
-0.00803134
0.0689969
-0.00883227
0.0695455
-0.00963959
0.0702139
-0.0103837
0.0710258
-0.0110794
0.0719659
-0.0116358
0.0730335
-0.0120421
0.0741944
-0.0122122
-0.0121153
0.0754084
0.0674976
-0.000305141
0.0674914
-0.00091843
0.0674834
-0.0015403
0.0674772
-0.0021777
0.0674773
-0.00283504
0.06749
-0.00351903
0.0675228
-0.00423139
0.0675864
-0.00498155
0.0676909
-0.00576406
0.0678544
-0.00659536
0.0680877
-0.00745128
0.0684202
-0.00836388
0.0688571
-0.00926916
0.0694436
-0.0102261
0.0701678
-0.0111078
0.0710836
-0.0119953
0.0721557
-0.0127078
0.0734106
-0.013297
0.0747953
-0.0135969
-0.0135845
0.0762645
0.0674954
-0.0003005
0.0674825
-0.000905591
0.0674636
-0.00152139
0.0674421
-0.00215618
0.0674226
-0.00281554
0.0674117
-0.00350816
0.0674171
-0.00423681
0.0674506
-0.00501501
0.0675231
-0.00583654
0.0676556
-0.0067279
0.0678598
-0.00765552
0.0681748
-0.00867882
0.0686019
-0.00969626
0.069213
-0.0108372
0.0699752
-0.01187
0.0710007
-0.0130208
0.0722024
-0.0139095
0.0736819
-0.0147765
0.0753307
-0.0152457
-0.0153722
0.0771184
0.0674927
-0.000293195
0.0674719
-0.00088476
0.0674396
-0.00148913
0.0673992
-0.00211579
0.0673552
-0.00277157
0.0673141
-0.00346701
0.0672837
-0.00420637
0.0672758
-0.00500714
0.0673026
-0.00586336
0.0673868
-0.00681214
0.0675425
-0.00781116
0.0678164
-0.00895272
0.0682085
-0.0100884
0.0688216
-0.0114503
0.0695936
-0.0126421
0.070732
-0.0141592
0.072044
-0.0152216
0.0738076
-0.0165401
0.0757563
-0.0171944
-0.0175688
0.0779529
0.0674896
-0.000282805
0.0674595
-0.000854651
0.0674116
-0.00144125
0.0673489
-0.0020531
0.0672756
-0.00269827
0.0671975
-0.00338889
0.0671223
-0.00413118
0.0670611
-0.00494595
0.0670272
-0.00582945
0.0670428
-0.00682776
0.0671267
-0.00789497
0.0673281
-0.00915417
0.0676544
-0.0104146
0.0682305
-0.0120264
0.0689754
-0.013387
0.0702134
-0.0153972
0.0715931
-0.0166012
0.073736
-0.0186831
0.0759864
-0.0194447
-0.0203267
0.0787443
0.0674862
-0.000268967
0.0674457
-0.000814151
0.0673802
-0.00137576
0.0672921
-0.00196506
0.067185
-0.00259116
0.0670636
-0.00326749
0.0669349
-0.00400243
0.0668082
-0.00481934
0.0666974
-0.00571864
0.066622
-0.00675231
0.0666066
-0.00787957
0.0666957
-0.00924325
0.0669184
-0.0106374
0.0673952
-0.0125033
0.0680741
-0.0140659
0.0693502
-0.0166733
0.0707441
-0.0179951
0.0733748
-0.0213137
0.0758526
-0.0219225
-0.0239812
0.079507
0.0674824
-0.000251413
0.0674307
-0.000762423
0.0673461
-0.00129111
0.0672302
-0.0018492
0.0670855
-0.00244647
0.0669154
-0.00309739
0.0667251
-0.00381208
0.0665218
-0.00461606
0.0663176
-0.00551447
0.0661283
-0.006563
0.065982
-0.00773324
0.0659131
-0.00917436
0.0659805
-0.0107047
0.0662717
-0.0127945
0.0668406
-0.0146348
0.0680135
-0.0178462
0.0694111
-0.0193928
0.0725101
-0.0244126
0.0750744
-0.0244869
-0.0293538
0.080447
0.0674786
-0.00023
0.0674152
-0.000699004
0.0673104
-0.00118637
0.0671652
-0.00170399
0.0669804
-0.00226166
0.0667577
-0.00287465
0.0664994
-0.00355382
0.0662101
-0.00432679
0.0658976
-0.00520197
0.0655734
-0.00623879
0.0652618
-0.00742166
0.0649889
-0.00890141
0.0648285
-0.0105443
0.0648331
-0.0127991
0.0651982
-0.0149999
0.0660525
-0.0187005
0.067531
-0.0208713
0.0707326
-0.0276141
0.0734305
-0.0271849
-0.0378681
0.0819449
0.0674747
-0.000204749
0.0673996
-0.000623888
0.0672747
-0.00106146
0.0670998
-0.00152905
0.066874
-0.00203586
0.0665967
-0.00259737
0.066267
-0.00322415
0.0658855
-0.00394529
0.0654538
-0.00477026
0.0649774
-0.00576232
0.0644695
-0.00691376
0.0639488
-0.00838074
0.0634753
-0.0100708
0.0630915
-0.0124153
0.0630432
-0.0149515
0.0633677
-0.019025
0.064881
-0.0223846
0.0675807
-0.0303138
0.0712617
-0.0308659
-0.0501546
0.0835482
0.0674711
-0.000175887
0.0673849
-0.0005376
0.0672406
-0.000917232
0.067037
-0.0013254
0.0667713
-0.00177024
0.0664403
-0.00226631
0.0660395
-0.00282336
0.065564
-0.00346983
0.0650091
-0.00421532
0.0643696
-0.00512286
0.063646
-0.00619015
0.0628392
-0.0075739
0.0619795
-0.00921115
0.0610941
-0.0115299
0.0603583
-0.0142157
0.0598796
-0.0185463
0.0606831
-0.0231881
0.062389
-0.0320197
0.0696248
-0.0381017
-0.0617395
0.0812098
0.067468
-0.000143867
0.0673716
-0.000441209
0.0672099
-0.00075556
0.0669802
-0.00109567
0.0666781
-0.0014681
0.0662971
-0.00188536
0.0658297
-0.002356
0.0652647
-0.00290482
0.0645909
-0.00354152
0.0637894
-0.00432134
0.0628482
-0.00524898
0.0617359
-0.00646157
0.0604558
-0.007931
0.0589586
-0.0100328
0.0573342
-0.0125913
0.0555502
-0.0167623
0.0541536
-0.0217915
0.0539483
-0.0318144
0.0616526
-0.0458061
0.0667871
-0.066874
0.0686697
-0.00252999
0.0687275
-0.00246974
0.0687867
-0.00240667
0.0688458
-0.00233788
0.0689047
-0.00226405
0.0689631
-0.00218545
0.0690208
-0.0021024
0.0690774
-0.00201491
0.0691327
-0.00192441
-0.00182553
0.0691835
0.0691969
-0.0026057
0.0692742
-0.00254699
0.06935
-0.00248253
0.0694246
-0.00241243
0.0694974
-0.00233687
0.069568
-0.0022561
0.0696362
-0.0021705
0.0697013
-0.00208008
0.0697635
-0.00198664
-0.00188463
0.0698227
0.0699156
-0.00271146
0.0700196
-0.00265101
0.0701212
-0.00258416
0.0702199
-0.00251113
0.0703152
-0.00243214
0.0704065
-0.00234743
0.0704934
-0.00225745
0.0705755
-0.00216209
0.0706525
-0.00206371
-0.00195455
0.0707225
0.0706928
-0.00285006
0.0708286
-0.00278685
0.0709612
-0.00271669
0.0710896
-0.00263954
0.0712131
-0.00255568
0.0713311
-0.00246537
0.0714427
-0.00236911
0.0715473
-0.00226669
0.0716447
-0.00216112
-0.00204242
0.0717326
0.0714968
-0.00302622
0.0716696
-0.00295968
0.0718381
-0.00288516
0.0720011
-0.0028026
0.0721578
-0.0027123
0.0723069
-0.00261454
0.0724478
-0.00250995
0.0725792
-0.00239812
0.0727011
-0.00228299
-0.00215159
0.0728102
0.0723239
-0.00324553
0.072539
-0.00317486
0.0727487
-0.00309485
0.0729515
-0.00300542
0.0731462
-0.00290693
0.0733313
-0.00279967
0.0735058
-0.00268443
0.0736682
-0.00256055
0.0738184
-0.0024332
-0.00228557
0.0739524
0.0731751
-0.00351459
0.0734392
-0.00343897
0.0736966
-0.00335228
0.0739456
-0.00325439
0.0741844
-0.00314572
0.0744113
-0.00302659
0.0746249
-0.00289803
0.0748234
-0.00275903
0.0750066
-0.00261639
-0.00244847
0.0751695
0.0740523
-0.00384199
0.0743739
-0.00376063
0.0746876
-0.00366594
0.0749909
-0.00355773
0.0752817
-0.00343651
0.0755578
-0.00330269
0.0758174
-0.00315761
0.0760582
-0.00299981
0.0762801
-0.00283827
-0.00264522
0.0764768
0.0749569
-0.00423893
0.0753474
-0.00415104
0.0757283
-0.00404684
0.0760966
-0.00392603
0.0764494
-0.00378933
0.076784
-0.00363727
0.0770981
-0.00347169
0.0773888
-0.00329059
0.0776563
-0.00310576
-0.00288175
0.0778929
0.0758897
-0.00472024
0.0763637
-0.00462502
0.0768263
-0.00450943
0.0772732
-0.00437301
0.0777008
-0.0042169
0.0781054
-0.00404191
0.0784844
-0.00385067
0.0788343
-0.00364051
0.0791555
-0.00342696
-0.00316485
0.0794386
0.0768503
-0.005306
0.0774278
-0.00520261
0.0779914
-0.00507299
0.078535
-0.00491658
0.0790535
-0.00473538
0.0795424
-0.00453086
0.0799986
-0.00430689
0.0804181
-0.00406
0.0808019
-0.00381073
-0.00350161
0.0811386
0.0778375
-0.00602514
0.0785471
-0.00591214
0.0792381
-0.005764
0.079902
-0.00558046
0.080532
-0.00536538
0.0811226
-0.0051215
0.0816702
-0.0048545
0.0821704
-0.00456015
0.0826253
-0.00426563
-0.00389788
0.0830215
0.0788511
-0.00692332
0.0797354
-0.00679645
0.0805918
-0.00662045
0.0814082
-0.00639682
0.0821761
-0.00613326
0.0828889
-0.00583437
0.0835428
-0.00550841
0.084133
-0.00515035
0.0846641
-0.00479665
-0.00435389
0.0851201
0.0798985
-0.00807751
0.0810264
-0.00792434
0.0821061
-0.00770016
0.0831207
-0.00741143
0.08406
-0.00707251
0.0849161
-0.00669046
0.0856851
-0.00627743
0.0863625
-0.00582775
0.0869577
-0.00539185
-0.00484803
0.0874519
0.0810401
-0.00961061
0.0825173
-0.00940153
0.0839016
-0.00908447
0.0851695
-0.00867926
0.0863064
-0.00820947
0.0873023
-0.00768635
0.0881549
-0.00713003
0.088863
-0.00653584
0.0894469
-0.00597577
-0.005284
0.0898829
0.0825321
-0.0116958
0.0844674
-0.0113368
0.0861936
-0.0108106
0.087686
-0.0101717
0.0889275
-0.0094509
0.0899112
-0.00867005
0.0906479
-0.00786679
0.0911544
-0.00704235
0.091473
-0.00629433
-0.00539425
0.0915832
0.0847815
-0.0145324
0.0870657
-0.0136211
0.0888263
-0.0125712
0.0900945
-0.0114399
0.0908891
-0.0102454
0.0912529
-0.00903391
0.0912499
-0.00786381
0.0909505
-0.00674295
0.0904229
-0.00576674
-0.00467995
0.0897086
0.0865896
-0.0175738
0.0882089
-0.0152404
0.0887747
-0.0131369
0.088458
-0.0111233
0.0874354
-0.00922285
0.0859181
-0.00751658
0.0840832
-0.00602885
0.0820799
-0.00473969
0.0799783
-0.00366517
-0.00261492
0.0779133
0.0806111
-0.0169751
0.0784777
-0.013107
0.0751307
-0.00978994
0.0709859
-0.00697844
0.0664996
-0.00473654
0.0620477
-0.00306468
0.057876
-0.00185715
0.0541358
-0.000999457
0.0508927
-0.000422032
-8.28477e-05
0.0483606
0.0498119
0.0367049
0.026915
0.0199365
0.0152
0.0121353
0.0102782
0.00927871
0.00885668
0.00877383
0.0697924
-0.0133728
0.0698565
-0.00168789
0.0691259
0.0124687
0.0688108
0.00409773
0.0696417
-0.0160866
0.0708477
-0.0144194
0.0712445
-0.0111218
0.0717545
0.00439902
0.0720015
0.0242797
0.0706001
0.0379627
0.0678748
0.0254002
0.0659437
-0.0171932
0.0673977
-0.0351714
0.0701511
-0.0462449
0.0718703
-0.0433292
0.0726005
-0.00796935
0.0734539
0.0103927
0.073233
0.0483625
0.0702016
0.0312322
-0.026612
0.0703875
-0.0139377
0.0702131
-0.00151348
0.0690798
0.013602
0.0685645
0.004613
0.0696501
-0.0171721
0.0712713
-0.0160407
0.0717317
-0.0115822
0.0720377
0.00409304
0.0720533
0.0242641
0.0704964
0.0395196
0.0674825
0.0284141
0.0652173
-0.014928
0.0666737
-0.0366278
0.0699727
-0.049544
0.0719817
-0.0453382
0.0727041
-0.0086918
0.0733788
0.00971804
0.0730512
0.0486901
0.0699268
0.0343566
-0.0242275
0.071316
-0.0145312
0.0708595
-0.00105707
0.0691268
0.0153347
0.0682542
0.00548566
0.0696609
-0.0185789
0.0719235
-0.0183032
0.0725808
-0.0122395
0.0726034
0.00407042
0.0722161
0.0246515
0.0703064
0.0414293
0.0669559
0.0317646
0.0641297
-0.0121018
0.0654237
-0.0379217
0.0693441
-0.0534645
0.0719136
-0.0479077
0.0727812
-0.00955933
0.073237
0.00926225
0.0725646
0.0493624
0.069496
0.0374251
-0.02188
0.0724096
-0.0152082
0.0716941
-0.000341577
0.0692739
0.017755
0.0679124
0.00684714
0.0696285
-0.020295
0.0726905
-0.0213652
0.0737071
-0.0132562
0.0734415
0.004336
0.0725067
0.0255863
0.0701484
0.0437876
0.0663886
0.0355244
0.0628602
-0.00857346
0.063732
-0.0387935
0.0681484
-0.0578808
0.0714653
-0.0512246
0.0727233
-0.0108173
0.0729822
0.00900337
0.0719112
0.0504333
0.0688996
0.0404368
-0.0196002
0.0736037
-0.0160017
0.0726393
0.000622876
0.0694758
0.0209184
0.06752
0.00880297
0.0694976
-0.0222727
0.0734827
-0.0253503
0.075025
-0.0147984
0.0745033
0.00485766
0.0729357
0.027154
0.0700721
0.0466511
0.0658553
0.0397413
0.0615121
-0.0042303
0.0616978
-0.0389792
0.0663842
-0.0625672
0.0705368
-0.0553772
0.0724109
-0.0126915
0.0725664
0.00884784
0.071119
0.0518808
0.0681727
0.043383
-0.0173961
0.0748869
-0.0169362
0.0736518
0.00185804
0.0696972
0.0248729
0.0670488
0.0114514
0.069202
-0.0244258
0.0742043
-0.0303526
0.0764445
-0.0170386
0.0757297
0.00557247
0.0734931
0.0293905
0.0700948
0.0500495
0.0653896
0.0444464
0.0601659
0.000993377
0.0594594
-0.0382727
0.0641487
-0.0672564
0.0691148
-0.0603433
0.0717669
-0.0153435
0.0719476
0.00866712
0.0701927
0.0536356
0.0673348
0.046241
-0.015265
0.07627
-0.0180367
0.0747121
0.0034159
0.0699222
0.0296629
0.066483
0.0148905
0.0686518
-0.0265946
0.0747153
-0.0364161
0.077847
-0.0201704
0.0770411
0.0063784
0.0741494
0.0322822
0.0702125
0.0539863
0.064995
0.0496639
0.058886
0.00710241
0.0571806
-0.0365673
0.0616123
-0.0716881
0.067265
-0.0659961
0.0707661
-0.0188445
0.0710932
0.00833998
0.0691326
0.0555962
0.0663922
0.0489814
-0.0132004
0.0777762
-0.0193361
0.075807
0.00538505
0.0701526
0.0353173
0.0658256
0.0192175
0.0677159
-0.0284849
0.0747816
-0.0434817
0.0790424
-0.0244312
0.0783231
0.00709772
0.0748576
0.0357478
0.070404
0.0584399
0.0646589
0.055409
0.0577194
0.014042
0.0550222
-0.0338702
0.0589798
-0.0756457
0.0651091
-0.0721254
0.0694317
-0.0231671
0.0699928
0.00777891
0.0679392
0.0576497
0.0653461
0.0515746
-0.0111955
0.0794352
-0.0208785
0.0769234
0.00789689
0.0704013
0.0418394
0.0650962
0.0245227
0.0662127
-0.0296015
0.0740351
-0.0513041
0.0797282
-0.0301243
0.0794061
0.00741989
0.0755466
0.0396072
0.0706313
0.0633553
0.0643596
0.0616806
0.056697
0.0217046
0.0531112
-0.0302844
0.0564444
-0.0789789
0.0627956
-0.0784765
0.0678232
-0.0281947
0.0686603
0.00694175
0.0666172
0.0596928
0.064197
0.0539948
-0.00924469
0.0812794
-0.0227192
0.0780489
0.0111274
0.0706801
0.0492082
0.0643153
0.0308875
0.063932
-0.0292182
0.0720018
-0.0593739
0.0794833
-0.0376059
0.0800529
0.00685034
0.0761125
0.0435476
0.0708417
0.0686261
0.0640732
0.0684491
0.0558312
0.0299466
0.0515218
-0.025975
0.0541523
-0.0816094
0.0604687
-0.0847929
0.0660213
-0.0337472
0.0671298
0.00583322
0.0651788
0.0616438
0.0629493
0.0562243
-0.00734313
0.0833365
-0.0249171
0.0791781
0.0152858
0.0709849
0.0574014
0.0634693
0.0384031
0.0607026
-0.0264516
0.0682459
-0.0669171
0.0778448
-0.0472049
0.0799763
0.00471886
0.0764184
0.0471055
0.0709687
0.0740758
0.0637732
0.0756446
0.0551178
0.0386021
0.0502744
-0.0211316
0.0521885
-0.0835235
0.0582469
-0.0908513
0.0641125
-0.0396129
0.0654486
0.00449716
0.0636441
0.0634482
0.0616119
0.0582566
-0.00548667
0.0856139
-0.0275095
0.0803164
0.0205833
0.0712866
0.0664312
0.0624776
0.0472121
0.0564946
-0.0204686
0.0626184
-0.0730409
0.0744807
-0.0590672
0.0789082
0.000291361
0.0763131
0.0497006
0.0709376
0.0794514
0.0634314
0.0831507
0.0545393
0.0474941
0.0493491
-0.0159414
0.0505823
-0.0847567
0.0562131
-0.0964821
0.0621768
-0.0455765
0.0636706
0.0030033
0.0620397
0.0650792
0.0601992
0.060097
-0.003671
0.0880589
-0.0304483
0.0814694
0.0271728
0.0715296
0.076371
0.0612001
0.0575416
0.0515178
-0.0107863
0.0554772
-0.0770002
0.0693913
-0.0729814
0.0767026
-0.00701991
0.0756698
0.0507334
0.0706754
0.0844458
0.063019
0.0908072
0.054071
0.0564422
0.0487053
-0.0105757
0.0493246
-0.085376
0.0544159
-0.101573
0.0602805
-0.0514412
0.0618505
0.0014333
0.0603963
0.0665334
0.0587308
0.0617625
-0.00189127
0.090457
-0.0334535
0.0825909
0.0350389
0.0716304
0.0873315
0.0595059
0.0696662
0.0462393
0.00248033
0.0477007
-0.0784617
0.0629967
-0.0882774
0.0734188
-0.017442
0.0744281
0.049724
0.0701257
0.0887483
0.0625094
0.0984234
0.0536863
0.0652653
0.0482985
-0.00518795
0.0483865
-0.085464
0.0528749
-0.106062
0.0584753
-0.0570416
0.0600393
-0.00013063
0.0587468
0.0678259
0.05723
0.0632793
-0.000141896
0.0921895
-0.0357601
0.0834574
0.043771
0.0714527
0.0993362
0.0573332
0.0837857
0.0412803
0.0185332
0.040427
-0.0776084
0.0560441
-0.103894
0.0693199
-0.0307178
0.0726169
0.0464271
0.0692614
0.0921038
0.0618831
0.105802
0.0533625
0.0737859
0.0480897
8.48434e-05
0.0477337
-0.085108
0.0515907
-0.109919
0.0567978
-0.0622487
0.0582816
-0.00161446
0.0571239
0.0689835
0.0557228
0.0646804
0.00158339
0.0917608
-0.0359376
0.0834459
0.0520858
0.0707475
0.112035
0.0547132
0.09982
0.0371734
0.036073
0.0346665
-0.0751015
0.0494056
-0.118634
0.0647943
-0.0461064
0.0703458
0.0408756
0.0680894
0.0943602
0.0611315
0.11276
0.0530829
0.0818345
0.0480493
0.0051184
0.0473346
-0.0843933
0.0505538
-0.113138
0.0552725
-0.0669674
0.0566151
-0.00295704
0.0555587
0.07004
0.0542368
0.0660023
0.00329131
0.086285
-0.032514
0.0812626
0.0571082
0.0690653
0.124232
0.0516349
0.117251
0.0342281
0.0534798
0.031006
-0.0718794
0.0438486
-0.131476
0.0602744
-0.0625323
0.0677755
0.0333745
0.0666467
0.095489
0.0602579
0.119148
0.0528385
0.0892539
0.0481594
0.00979751
0.0471633
-0.0833973
0.0497513
-0.115726
0.0539156
-0.0711317
0.0550702
-0.00411163
0.0540797
0.0710305
0.0527998
0.0672822
0.00498878
0.07197
-0.0265707
0.0751376
0.0539406
0.0657011
0.133668
0.0480064
0.134945
0.0324447
0.0690415
0.02951
-0.0689448
0.0398687
-0.141835
0.0561618
-0.0788254
0.065081
0.0244554
0.0649907
0.0955793
0.0592769
0.124862
0.0526262
0.0959046
0.0484088
0.0140149
0.0471999
-0.0821884
0.0491708
-0.117697
0.0527369
-0.0746978
0.0536707
-0.00504542
0.0527125
0.0719887
0.0514395
0.0685552
0.00668265
0.048516
-0.0267261
0.0649245
0.0375321
0.0602553
0.138338
0.0437637
0.151437
0.0316459
0.0811593
0.0299307
-0.0672297
0.0376122
-0.149516
0.0527242
-0.0939375
0.0624203
0.0147593
0.063187
0.0948125
0.0582121
0.129837
0.0524492
0.101668
0.0487881
0.0176759
0.04743
-0.0808303
0.0488022
-0.119069
0.0517424
-0.077638
0.0524344
-0.00573742
0.0514796
0.0729434
0.0501821
0.0698527
0.00837971
0.0262296
-0.0441819
0.0535952
0.0101665
0.0531617
0.138771
0.0390237
0.165575
0.0316515
0.0885315
0.0317335
-0.0673117
0.0369098
-0.154693
0.0500694
-0.107097
0.0599149
0.00491378
0.0612937
0.0934337
0.057093
0.134038
0.0523114
0.106449
0.049299
0.0206883
0.0478483
-0.0793795
0.0486275
-0.119848
0.0509292
-0.0799397
0.0513778
-0.00618601
0.0504018
0.0739194
0.0490469
0.0712076
0.0100856
0.0111483
-0.0553302
0.0299816
-0.00866681
0.0311423
0.13761
0.0233066
0.173411
0.0214809
0.0903573
0.0226715
-0.0685023
0.0249092
-0.15693
0.0323055
-0.114493
0.0387299
-0.00151058
0.0398541
0.0923095
0.0373874
0.136504
0.0347884
0.109048
0.0332329
0.0222438
0.0322493
-0.0783959
0.0324145
-0.120013
0.033586
-0.0811112
0.0337985
-0.00639846
0.0331432
0.0745747
0.0321181
0.0722327
0.0112137
0.00748341
-0.0628136
0.0254633
-0.0266467
0.0275039
0.13557
0.0212334
0.179681
0.0220372
0.0895535
0.0240064
-0.0704716
0.025437
-0.158361
0.0317051
-0.120762
0.0378023
-0.00760778
0.0390276
0.0910843
0.0368683
0.138664
0.0347585
0.111158
0.0335473
0.023455
0.0325694
-0.0774179
0.0324835
-0.119928
0.0333641
-0.0819918
0.0334701
-0.00650447
0.0328029
0.0752419
0.0317262
0.0733094
0.0123451
0.00457279
-0.0673864
0.0210093
-0.0430832
0.0237149
0.132864
0.0193314
0.184065
0.0228318
0.0860531
0.0254712
-0.0731109
0.0261931
-0.159083
0.0313159
-0.125884
0.0369376
-0.0132295
0.0381906
0.0898313
0.0363653
0.140489
0.0347603
0.112763
0.033894
0.0243212
0.0329356
-0.0764595
0.0326083
-0.1196
0.0332012
-0.0825846
0.0331925
-0.00649584
0.0325049
0.0759295
0.0313936
0.0744207
0.013484
0.00212941
-0.0695158
0.0166055
-0.0575592
0.0199019
0.129568
0.0176639
0.186303
0.0238472
0.0798698
0.0270342
-0.076298
0.0271258
-0.159174
0.0311025
-0.129861
0.0361465
-0.0182735
0.0373694
0.0886084
0.0358738
0.141985
0.0347856
0.113851
0.0342739
0.0248329
0.0333466
-0.0755322
0.0327862
-0.11904
0.0330932
-0.0828917
0.0329723
-0.00637489
0.0322639
0.0766379
0.031116
0.0755686
0.0146306
0.000110204
-0.069626
0.0123175
-0.0697665
0.016187
0.125698
0.016337
0.186153
0.0250698
0.0711371
0.0286726
-0.0799008
0.0281929
-0.158695
0.0310373
-0.132705
0.035424
-0.0226602
0.0365684
0.087464
0.0354001
0.143153
0.0348373
0.114414
0.0346864
0.0249839
0.0337998
-0.0746457
0.0330152
-0.118255
0.0330395
-0.0829159
0.0328088
-0.00614424
0.0320807
0.0773661
0.0308959
0.0767533
0.0157847
-0.00133606
-0.06829
0.00828731
-0.0793899
0.0127365
0.121249
0.0154819
0.183407
0.0264845
0.0601346
0.0303706
-0.083787
0.029359
-0.157683
0.0310946
-0.134441
0.0347649
-0.0263306
0.0357921
0.0864368
0.0349498
0.143995
0.0349185
0.114445
0.0351311
0.0247713
0.034293
-0.0738075
0.0332932
-0.117255
0.0330386
-0.0826614
0.0327015
-0.00580712
0.0319561
0.0781115
0.0307356
0.0779738
0.0169457
-0.00196264
-0.0663273
0.00470596
-0.0860585
0.00975341
0.116202
0.0152531
0.177907
0.0280852
0.0473024
0.0321167
-0.0878184
0.0305941
-0.15616
0.031251
-0.135098
0.0341637
-0.0292433
0.0350443
0.0855562
0.0345288
0.144511
0.0350323
0.113942
0.0356079
0.0241957
0.0348234
-0.0730231
0.0336176
-0.11605
0.0330891
-0.0821329
0.032649
-0.00536709
0.0318902
0.0788703
0.0306366
0.0792274
0.0181117
-0.00144289
-0.0648845
0.00180444
-0.0893058
0.00746119
0.110545
0.0158106
0.169558
0.0298873
0.0332257
0.0339014
-0.0918325
0.0318719
-0.154131
0.0314857
-0.134712
0.0336154
-0.031373
0.0343293
0.0848424
0.0341431
0.144697
0.0351825
0.112902
0.0361169
0.0232613
0.0353886
-0.0722948
0.0339856
-0.114646
0.0331885
-0.0813358
0.0326497
-0.00482833
0.0318827
0.0796374
0.0306003
0.0805098
0.0192806
0.000541578
-0.065426
-0.000133995
-0.0886303
0.00608479
0.104326
0.017282
0.158361
0.0319135
0.0185942
0.035714
-0.095633
0.0331682
-0.151585
0.03178
-0.133323
0.033116
-0.032709
0.0336511
0.0843072
0.033799
0.144549
0.035373
0.111328
0.0366584
0.021976
0.0359861
-0.0716225
0.0343934
-0.113054
0.0333345
-0.0802769
0.0327011
-0.00419492
0.0319325
0.0804059
0.0306272
0.0818152
0.0204499
0.0039152
-0.0693412
-0.000687473
-0.0840276
0.00585255
0.097786
0.0197249
0.144488
0.0341221
0.00419702
0.0374866
-0.0989974
0.0344651
-0.148564
0.0321556
-0.131014
0.0326613
-0.0332147
0.0330141
0.0839544
0.0335048
0.144059
0.0356172
0.109216
0.0372163
0.0203769
0.0365802
-0.0709864
0.0348476
-0.111321
0.0335317
-0.078961
0.0328024
-0.00346559
0.032039
0.0811693
0.0307195
0.0831347
0.0216261
0.0267754
-0.0574487
-0.0386679
0.00274721
-0.0599994
0.0182281
0.0823051
0.0570567
0.10566
0.0848163
-0.0235626
0.0900502
-0.104231
0.0816763
-0.14019
0.0733483
-0.122686
0.0713843
-0.0312506
0.0714516
0.0838871
0.0740944
0.141416
0.0806827
0.102627
0.085133
0.0159266
0.0838661
-0.0697196
0.0796595
-0.107115
0.075765
-0.0750665
0.0738752
-0.00157586
0.0722235
0.0828211
0.0691359
0.0862222
0.0243366
0.0767193
-0.0262093
-0.107959
0.0350924
-0.0183726
0.0418013
0.0755962
0.0798885
0.0675726
0.0984185
-0.0420926
0.0985481
-0.104361
0.0874249
-0.129067
0.0753094
-0.11057
0.069755
-0.0256963
0.0690984
0.0845438
0.0737262
0.136788
0.0827711
0.0935824
0.0885335
0.0101642
0.0873738
-0.0685599
0.0823505
-0.102091
0.0772793
-0.0699953
0.0750977
0.000605836
0.0736464
0.0842724
0.0705496
0.0893191
0.026977
0.102296
-0.00425105
-0.124254
0.0696469
0.0142761
0.0739729
0.0712703
0.102699
0.0388464
0.11089
-0.0502834
0.105186
-0.0986574
0.0919269
-0.115807
0.077106
-0.0957496
0.068576
-0.0171663
0.0675957
0.0855241
0.0744389
0.129945
0.0857263
0.082295
0.0923281
0.00356241
0.0909818
-0.0672135
0.0852021
-0.0963117
0.0790616
-0.0638548
0.0766082
0.00305918
0.0754933
0.0853874
0.072629
0.0921833
0.0294879
0.112848
0.00781398
-0.124913
0.09551
0.0316136
0.10296
0.0638202
0.120814
0.020992
0.11963
-0.0490988
0.109282
-0.0883099
0.0950624
-0.101587
0.07879
-0.0794771
0.068058
-0.0064344
0.067324
0.0862582
0.0767042
0.120564
0.089735
0.0692642
0.0964713
-0.0031739
0.094579
-0.0653212
0.0880735
-0.0898062
0.081
-0.0567813
0.0783236
0.0057356
0.0776804
0.0860306
0.0752769
0.0945868
0.0317848
0.115044
0.014674
-0.121904
0.109437
0.0372207
0.120206
0.0530511
0.130104
0.0110942
0.123288
-0.0422828
0.110839
-0.0758609
0.0969403
-0.0876888
0.0805302
-0.0630671
0.0686397
0.00545618
0.0689517
0.0859462
0.0809368
0.108579
0.0948131
0.0553878
0.100792
-0.00915231
0.0979829
-0.0625126
0.0908043
-0.0826276
0.0829711
-0.0489481
0.0801134
0.00859334
0.08008
0.086064
0.0783886
0.0962781
0.0337615
0.114641
0.0188468
-0.118814
0.115193
0.0366686
0.126499
0.0417455
0.131643
0.0059498
0.123185
-0.0338241
0.110821
-0.0634977
0.0979867
-0.0748542
0.0825904
-0.0476709
0.0709579
0.0170887
0.0731924
0.0837117
0.0872163
0.0945555
0.100635
0.0419694
0.104977
-0.0134941
0.100986
-0.058522
0.0932464
-0.074888
0.0848569
-0.0405586
0.0818566
0.0115937
0.0825594
0.0853611
0.0818442
0.0969934
0.0352994
0.113796
0.0213819
-0.116331
0.116739
0.0337253
0.126456
0.0320289
0.129039
0.00336626
0.121263
-0.0260483
0.11006
-0.0522946
0.0984903
-0.063284
0.0849667
-0.0341473
0.0753197
0.0267357
0.0801013
0.07893
0.094935
0.0797217
0.106495
0.0304095
0.108604
-0.0156031
0.103385
-0.0533029
0.0952795
-0.0667827
0.0865735
-0.0318526
0.0834645
0.0147027
0.0850013
0.0838243
0.0855165
0.0964782
0.0362821
0.112982
0.0227016
-0.114302
0.116488
0.0302201
0.123933
0.024584
0.125115
0.00218359
0.118802
-0.0197352
0.109097
-0.0425895
0.0986804
-0.0528675
0.0875298
-0.0229967
0.0812351
0.0330304
0.0886018
0.0715633
0.102758
0.0655655
0.111478
0.0216893
0.111262
-0.0153872
0.105041
-0.0470821
0.0968368
-0.058578
0.0880857
-0.0231015
0.0849049
0.0178834
0.0873314
0.0813978
0.0892842
0.0945254
0.0366201
0.112155
0.0231251
-0.112578
0.115516
0.0268594
0.120862
0.0192376
0.121225
0.00182069
0.116377
-0.0148873
0.108143
-0.0343556
0.0987494
-0.0434737
0.090089
-0.0143363
0.0875828
0.0355366
0.0968124
0.0623337
0.109117
0.0532612
0.114806
0.0160001
0.11272
-0.013301
0.105938
-0.0403001
0.0979175
-0.0505576
0.0894094
-0.0145933
0.0862241
0.0210686
0.0895478
0.0780742
0.0930437
0.0910295
0.036281
0.111252
0.0229392
-0.111066
0.114223
0.0238879
0.117936
0.0155252
0.117816
0.00194033
0.114171
-0.0112423
0.107255
-0.02744
0.0988715
-0.0350897
0.0925196
-0.0079844
0.0931956
0.0348607
0.103063
0.0524659
0.112997
0.0433277
0.116192
0.0128052
0.113031
-0.0101399
0.106183
-0.0334524
0.0985782
-0.0429528
0.090602
-0.0066172
0.0875461
0.0241245
0.0917281
0.0738921
0.0967083
0.0860493
0.0353197
0.110274
0.0223738
-0.109708
0.112782
0.0213797
0.115318
0.0129892
0.11495
0.00230891
0.112211
-0.00850335
0.10644
-0.0216694
0.0991327
-0.0277824
0.0947289
-0.00358063
0.0973977
0.0321919
0.106713
0.0431506
0.114361
0.0356793
0.115927
0.0112398
0.112484
-0.00669734
0.105964
-0.0269325
0.0989115
-0.0358999
0.0917394
0.000554879
0.0890258
0.0268381
0.09398
0.0689379
0.100182
0.0798475
0.0338881
0.10925
0.0215974
-0.108474
0.111296
0.0193341
0.113018
0.0112667
0.112556
0.00277085
0.110475
-0.00642238
0.105696
-0.01689
0.0995163
-0.0216029
0.096619
-0.000683321
0.10012
0.0286907
0.108132
0.0351386
0.113906
0.0299052
0.114611
0.010535
0.111433
-0.00351975
0.105476
-0.0209751
0.0990272
-0.0294511
0.0928847
0.0066974
0.0907652
0.0289576
0.0963382
0.0633648
0.103314
0.0728714
0.0322048
0.108209
0.0207297
-0.107341
0.109833
0.0177099
0.111003
0.0100969
0.110539
0.00323434
0.108935
-0.00481792
0.105019
-0.0129745
0.0999411
-0.0165248
0.0981241
0.00113368
0.101671
0.0251436
0.108129
0.0286812
0.112484
0.0255497
0.112817
0.0102017
0.110164
-0.000865988
0.104874
-0.0156852
0.0990373
-0.0236146
0.094069
0.0116657
0.09274
0.0302866
0.0986834
0.0574215
0.105891
0.0656637
0.0304922
0.10717
0.0198546
-0.106295
0.108434
0.0164461
0.10923
0.00930085
0.108812
0.00365263
0.107561
-0.0035667
0.104402
-0.00981588
0.100326
-0.0124482
0.0992438
0.0022155
0.102441
0.0219466
0.107421
0.023701
0.110731
0.02224
0.11093
0.0100027
0.108851
0.00121252
0.104264
-0.0110982
0.0990422
-0.0183926
0.0952862
0.0154216
0.0947997
0.0307732
0.100768
0.0514532
0.107693
0.058739
0.0289122
0.106148
0.0190297
-0.105324
0.107117
0.0154777
0.107658
0.0087591
0.107306
0.00400484
0.106328
-0.00258874
0.103833
-0.00732101
0.10063
-0.00924525
0.100026
0.00282034
0.102738
0.0192341
0.106457
0.0199821
0.108991
0.0197061
0.109148
0.00984562
0.107588
0.00277269
0.103715
-0.00722572
0.0991172
-0.0137944
0.0964994
0.0180394
0.0967415
0.0305311
0.102343
0.0458522
0.108599
0.0524829
0.0275387
0.105151
0.0182932
-0.104415
0.105882
0.0147468
0.106249
0.00839259
0.105972
0.00428138
0.105219
-0.00183538
0.103307
-0.00540959
0.100851
-0.00678862
0.100545
0.00312607
0.102765
0.0170138
0.105462
0.0172856
0.107406
0.0177622
0.10755
0.00970087
0.10643
0.00389264
0.10327
-0.0040649
0.0993066
-0.00983145
0.0976548
0.0196912
0.098397
0.0297888
0.103286
0.0409632
0.108651
0.0471176
0.0263713
0.104185
0.0176669
-0.103558
0.104726
0.0142056
0.104971
0.00814729
0.104779
0.0044733
0.104227
-0.00128276
0.102831
-0.00401433
0.10101
-0.00496716
0.100883
0.00325252
0.102648
0.015249
0.104534
0.0154002
0.106018
0.0162781
0.106172
0.009547
0.105416
0.0046478
0.102954
-0.00160291
0.0996253
-0.00650239
0.0987016
0.0206149
0.0996839
0.0288066
0.103639
0.0370079
0.108037
0.0427192
0.0253704
0.103259
0.0171578
-0.10275
0.103651
0.0138132
0.103818
0.00798077
0.103729
0.00456226
0.103375
-0.000929077
0.102439
-0.00307796
0.101151
-0.00367959
0.101121
0.00328329
0.102474
0.0138958
0.103721
0.0141532
0.104849
0.0151504
0.10504
0.00935512
0.10459
0.00509821
0.102782
0.000204961
0.100063
-0.00378318
0.0996106
0.0210673
0.100605
0.0278124
0.103546
0.0340671
0.107013
0.0392516
0.0244838
0.10241
0.0167514
-0.102004
0.102705
0.0135179
0.102839
0.00784709
0.102879
0.00452245
0.102733
-0.000782894
0.102192
-0.00253701
0.101321
-0.00280903
0.101321
0.00328298
0.102309
0.0129082
0.103069
0.0133931
0.103937
0.0142824
0.104202
0.00909061
0.10403
0.0052695
0.102769
0.00146586
0.100524
-0.00153799
0.100352
0.0212397
0.101204
0.02696
0.103189
0.0320827
0.105846
0.0365946
0.0236507
0.101789
-0.101432
0.102048
0.102199
0.10237
0.102391
0.102105
0.101527
0.101495
0.102205
0.102665
0.103376
0.10373
0.103619
0.102778
0.101066
0.100872
0.101548
0.102804
0.104881
0.0975429
0.0148862
-0.112429
0.0847307
0.0128122
0.0737261
0.0110046
0.0643816
0.00934449
0.0566443
0.0077373
0.0504318
0.00621256
0.0456343
0.00479743
0.0421356
0.00349871
0.039849
0.0022866
0.00118109
0.116782
0.0122972
-0.114193
0.118354
0.0112401
0.11903
0.0103278
0.118934
0.00944071
0.11815
0.0085219
0.116796
0.00756643
0.115002
0.00659111
0.112879
0.00562159
0.110529
0.0046369
0.00375132
0.119995
0.00923885
-0.116936
0.122213
0.00902174
0.123888
0.00865236
0.125105
0.00822382
0.125894
0.00773351
0.126275
0.00718483
0.12628
0.00658696
0.125932
0.00596909
0.125268
0.00530111
0.00476535
0.116336
0.00738954
-0.114487
0.118111
0.00724659
0.119712
0.00705162
0.121134
0.00680182
0.122357
0.00651052
0.123357
0.00618499
0.124116
0.00582778
0.124625
0.00545989
0.124884
0.00504278
0.00473631
0.114423
0.00602752
-0.113061
0.115725
0.00594519
0.116942
0.00583435
0.118055
0.00568906
0.119049
0.00551655
0.119912
0.00532199
0.120634
0.00510607
0.12121
0.00488361
0.121632
0.00462067
0.00446449
0.112988
0.00509293
-0.112054
0.113887
0.00504595
0.114744
0.00497822
0.115543
0.00488931
0.116278
0.00478162
0.116942
0.00465819
0.117529
0.0045196
0.118036
0.00437618
0.118454
0.00420243
0.00410478
0.111664
0.0044157
-0.110987
0.112327
0.00438364
0.112966
0.00433874
0.113575
0.0042801
0.114148
0.00420889
0.114679
0.00412691
0.115164
0.00403447
0.115602
0.00393837
0.115984
0.00382076
0.00375777
0.110472
0.0038904
-0.109946
0.110987
0.00386841
0.111487
0.003838
0.111969
0.00379824
0.112428
0.00374984
0.112861
0.0036938
0.113266
0.00363023
0.113641
0.00356337
0.11398
0.00348145
0.0034356
0.109383
0.00347162
-0.108964
0.109794
0.00345687
0.110196
0.00343603
0.110586
0.00340837
0.110962
0.00337432
0.111321
0.00333446
0.111662
0.00328886
0.111986
0.00324007
0.112286
0.00318084
0.00314352
0.108374
0.00313182
-0.108034
0.108709
0.00312187
0.109038
0.00310717
0.109359
0.00308721
0.109671
0.00306226
0.109973
0.00303266
0.110263
0.0029985
0.110542
0.00296121
0.110806
0.0029167
0.00288402
0.107433
0.00285238
-0.107153
0.107709
0.00284556
0.107981
0.00283486
0.108249
0.00281991
0.10851
0.00280089
0.108765
0.00277799
0.109012
0.00275131
0.109252
0.00272159
0.109481
0.00268683
0.00265701
0.106551
0.00262094
-0.10632
0.106781
0.00261618
0.107008
0.00260814
0.107231
0.00259654
0.10745
0.00258148
0.107665
0.00256308
0.107875
0.00254145
0.10808
0.00251691
0.108278
0.00248876
0.00246114
0.105724
0.00242901
-0.105533
0.105915
0.00242563
0.106104
0.0024194
0.10629
0.00241007
0.106474
0.00239773
0.106655
0.00238245
0.106832
0.00236433
0.107005
0.00234346
0.107174
0.0023199
0.00229421
0.104947
0.00227053
-0.104788
0.105104
0.00226809
0.105261
0.00226309
0.105416
0.00225535
0.105568
0.00224491
0.105719
0.00223184
0.105867
0.00221621
0.106013
0.00219799
0.106155
0.00217768
0.00215377
0.104213
0.00214103
-0.104084
0.104342
0.00213921
0.10447
0.00213506
0.104597
0.00212842
0.104723
0.00211933
0.104847
0.00210783
0.104969
0.002094
0.105089
0.00207774
0.105207
0.00205974
0.00203744
0.103518
0.00203722
-0.103415
0.103622
0.00203576
0.103725
0.00203216
0.103827
0.00202625
0.103928
0.00201809
0.104028
0.00200769
0.104127
0.00199514
0.104225
0.00198031
0.10432
0.00196395
0.00194309
0.102856
0.00195646
-0.102776
0.102937
0.00195524
0.103017
0.00195196
0.103097
0.00194653
0.103176
0.00193897
0.103254
0.0019293
0.103332
0.0019176
0.103408
0.00190374
0.103484
0.00188848
0.00186865
0.102223
0.00189585
-0.102162
0.102283
0.00189501
0.102343
0.00189189
0.102403
0.00188676
0.102462
0.00187959
0.102521
0.00187039
0.102579
0.00185924
0.102637
0.00184604
0.102694
0.00183151
0.00181286
0.101626
0.00185575
-0.101586
0.101668
0.00185314
0.10171
0.00185005
0.101752
0.00184476
0.101794
0.0018375
0.101836
0.00182831
0.101878
0.00181723
0.10192
0.00180415
0.101961
0.00178969
0.00177067
0.101168
-0.101137
0.101195
0.101224
0.101253
0.101283
0.101313
0.101343
0.101373
0.101403
0.100455
0.000145081
-9.98236e-05
0.100317
0.000429009
-0.000291506
0.100085
0.000716216
-0.000483534
0.0997513
0.00101831
-0.000685085
0.09931
0.00134551
-0.000904131
0.0987501
0.00171213
-0.00115231
0.0980598
0.00213136
-0.00144098
0.0972231
0.00262815
-0.00179147
0.0962233
0.00322032
-0.0022205
0.095038
0.0039583
-0.00277305
0.09365
0.00486025
-0.00347228
0.0920341
0.00604403
-0.00442805
0.0902008
0.00749315
-0.00565989
0.088153
0.00952826
-0.00748045
0.0860816
0.0119038
-0.00983242
0.0842391
0.0156065
-0.013764
0.0839684
0.0190345
-0.0187637
0.0865208
0.0262536
-0.028806
0.099552
0.0293764
-0.0424076
0.0464388
-0.0593159
0.100463
0.000182138
0.10035
0.000541549
0.10016
0.000906457
0.099889
0.00128943
0.0995331
0.00170141
0.0990878
0.00215742
0.0985487
0.00267051
0.0979115
0.0032653
0.0971751
0.00395672
0.0963413
0.0047921
0.095424
0.00577756
0.0944484
0.00701966
0.0934819
0.00845964
0.0926268
0.0103834
0.0921314
0.0123991
0.0922913
0.0154466
0.0935356
0.0177902
0.0965765
0.0232127
0.101296
0.024657
0.0335422
0.100472
0.000210123
0.100387
0.000626888
0.100243
0.00105036
0.100039
0.00149301
0.0997753
0.00196532
0.0994513
0.00248138
0.0990693
0.00305253
0.0986341
0.00370052
0.0981555
0.00443529
0.0976507
0.00529688
0.0971496
0.00627865
0.0966998
0.0074695
0.0963764
0.00878299
0.0963017
0.0104582
0.0965971
0.0121037
0.097538
0.0145057
0.099098
0.0162302
0.102668
0.0196424
0.106826
0.0204993
0.0234318
0.100481
0.000229133
0.100423
0.000685313
0.100324
0.00114863
0.100187
0.00163059
0.100012
0.00214044
0.0998027
0.00269031
0.0995661
0.00328911
0.0993124
0.00395427
0.0990564
0.00469122
0.0988233
0.00553003
0.0986439
0.00645799
0.098575
0.00753842
0.0986675
0.00869053
0.0990454
0.0100803
0.0997265
0.0114225
0.101072
0.0131602
0.102832
0.0144705
0.106113
0.016361
0.109401
0.0172117
0.0183457
0.100489
0.000239951
0.100455
0.000719149
0.100399
0.00120543
0.10032
0.00170874
0.100224
0.00223673
0.100115
0.002799
0.100002
0.00340213
0.0998981
0.00405859
0.0998183
0.00477101
0.0997898
0.00555849
0.0998389
0.00640888
0.100019
0.0073581
0.100357
0.00835243
0.100964
0.00947335
0.101826
0.0105604
0.103195
0.0117918
0.104854
0.0128114
0.10729
0.0139252
0.109883
0.014618
0.0151677
0.100496
0.000243793
0.100483
0.000732022
0.100462
0.00122704
0.100433
0.00173697
0.100402
0.00226776
0.100375
0.00282638
0.10036
0.00341742
0.10037
0.0040487
0.100419
0.00472125
0.100533
0.00544478
0.100731
0.00621065
0.101055
0.00703413
0.101524
0.00788352
0.102212
0.00878574
0.103109
0.00966348
0.104337
0.0105635
0.105801
0.011347
0.107659
0.0120678
0.109717
0.0125602
0.0128308
0.100502
0.000242074
0.100506
0.000728146
0.100512
0.00122069
0.100523
0.00172592
0.100543
0.00224819
0.100577
0.00279209
0.100634
0.0033605
0.100725
0.00395757
0.100863
0.00458325
0.101066
0.00524121
0.101352
0.00592525
0.101748
0.00663814
0.10227
0.00736134
0.102959
0.00809662
0.103816
0.00880618
0.104891
0.00948937
0.10615
0.0100874
0.107627
0.010591
0.109253
0.0109337
0.011097
0.100506
0.000236216
0.100522
0.000711771
0.100549
0.00119355
0.100589
0.00168603
0.100645
0.00219205
0.100723
0.00271429
0.100829
0.00325421
0.100974
0.00381339
0.101166
0.00439106
0.10142
0.00498715
0.101749
0.00559651
0.102171
0.00621617
0.102698
0.00683397
0.103352
0.00744296
0.104136
0.00802171
0.105067
0.00855801
0.106133
0.00902169
0.107329
0.00939565
0.108615
0.00964742
0.00976575
0.100509
0.000227531
0.100534
0.000686807
0.100575
0.00115221
0.100634
0.00162665
0.100715
0.00211171
0.10082
0.00260858
0.100957
0.00311757
0.101132
0.00363869
0.101352
0.00417036
0.101629
0.00471054
0.101971
0.00525446
0.10239
0.00579712
0.102895
0.00632932
0.103495
0.0068424
0.104195
0.00732207
0.104997
0.00775598
0.105893
0.00812579
0.106871
0.00841777
0.107905
0.0086135
0.00870641
0.10051
0.000217149
0.100541
0.000656624
0.10059
0.0011023
0.100661
0.00155572
0.100756
0.00201746
0.100877
0.00248761
0.101029
0.00296563
0.101217
0.00345042
0.101447
0.0039398
0.101727
0.00443085
0.102063
0.00491896
0.102461
0.00539872
0.102928
0.00586257
0.103468
0.00630245
0.104082
0.00670786
0.104769
0.00706873
0.105522
0.00737275
0.10633
0.00761008
0.107174
0.00776923
0.00784617
0.100511
0.000205998
0.100544
0.000623988
0.100598
0.0010484
0.100674
0.00147964
0.100774
0.00191748
0.1009
0.00236121
0.101056
0.00280962
0.101246
0.00326093
0.101473
0.00371258
0.101742
0.00416127
0.102059
0.00460259
0.102426
0.00503132
0.102848
0.00544101
0.103326
0.00582473
0.103859
0.00617437
0.104446
0.0064821
0.105079
0.00673917
0.105751
0.00693864
0.106447
0.00707295
0.00713971
0.100511
0.000194806
0.100544
0.000591088
0.100598
0.000994115
0.100675
0.00140335
0.100774
0.00181796
0.100899
0.00223666
0.101051
0.00265774
0.101233
0.00307902
0.101447
0.00349772
0.101698
0.00391044
0.101988
0.00431296
0.102319
0.00470045
0.102692
0.00506734
0.103109
0.00540774
0.103569
0.0057152
0.104067
0.00598363
0.1046
0.00620657
0.105159
0.00637906
0.105736
0.00649597
0.00655592
0.100511
0.000184118
0.100542
0.000559614
0.100594
0.00094216
0.100667
0.00133055
0.100761
0.00172347
0.100879
0.00211923
0.101021
0.0025158
0.101189
0.00291074
0.101386
0.00330118
0.101612
0.00368371
0.101871
0.00405434
0.102163
0.00440865
0.102488
0.00474173
0.102848
0.00504857
0.103239
0.0053239
0.10366
0.00556287
0.104106
0.00576061
0.104571
0.00591343
0.105049
0.00601775
0.00607275
0.10051
0.000174335
0.100539
0.000530761
0.100586
0.000894491
0.100653
0.00126387
0.100739
0.00163725
0.100846
0.00201265
0.100974
0.0023878
0.101124
0.00276014
0.101299
0.00312674
0.101498
0.00348426
0.101724
0.00382893
0.101976
0.00415666
0.102254
0.00446309
0.102559
0.00474386
0.102888
0.00499457
0.10324
0.00521125
0.10361
0.00539011
0.103996
0.0055283
0.10439
0.00562323
0.00567442
0.100509
0.000165733
0.100534
0.000505353
0.100576
0.000852487
0.100635
0.00120519
0.10071
0.00156158
0.100804
0.00191945
0.100915
0.00227641
0.101045
0.0026298
0.101195
0.00297668
0.101366
0.00331381
0.101557
0.00363759
0.10177
0.00394422
0.102003
0.00422975
0.102256
0.0044903
0.102529
0.00472211
0.102818
0.00492182
0.103122
0.00508637
0.103437
0.00521349
0.103759
0.00530126
0.0053494
0.100507
0.000158497
0.100529
0.000483951
0.100564
0.000817092
0.100613
0.00115579
0.100677
0.00149798
0.100755
0.00184133
0.100848
0.00218334
0.100957
0.00252131
0.101081
0.00285232
0.101222
0.00317318
0.101379
0.00348047
0.101552
0.00377059
0.101742
0.0040399
0.101948
0.00428489
0.102168
0.00450223
0.1024
0.00468903
0.102644
0.00484268
0.102896
0.0049613
0.103154
0.00504341
0.00508902
0.100506
0.000152748
0.100523
0.000466934
0.100551
0.000788939
0.10059
0.00111651
0.100641
0.00144746
0.100703
0.00177937
0.100776
0.00210966
0.100862
0.00243561
0.10096
0.00275432
0.101071
0.00306266
0.101194
0.00335731
0.101329
0.00363485
0.101478
0.00389185
0.101637
0.00412505
0.101808
0.00433145
0.101989
0.00450846
0.102178
0.00465385
0.102373
0.00476601
0.102573
0.00484356
0.00488618
0.100504
0.000148563
0.100517
0.000454539
0.100537
0.000768436
0.100566
0.0010879
0.100602
0.00141068
0.100648
0.00173425
0.100701
0.00205601
0.100764
0.00237321
0.100835
0.00268297
0.100915
0.00298219
0.101005
0.00326765
0.101104
0.00353601
0.101212
0.003784
0.101328
0.00400855
0.101453
0.00420685
0.101585
0.00437648
0.101723
0.00451553
0.101867
0.00462268
0.102013
0.00469703
0.0047371
0.100503
0.00014599
0.10051
0.000446904
0.100523
0.000755809
0.10054
0.00107024
0.100563
0.00138787
0.100591
0.00170615
0.100625
0.00202243
0.100664
0.00233394
0.100709
0.00263781
0.100761
0.00293098
0.100818
0.00321024
0.100882
0.00347234
0.100952
0.00371411
0.101028
0.00393255
0.101109
0.00412501
0.101197
0.00428915
0.101289
0.00442309
0.101387
0.00452531
0.101488
0.00459548
0.00463954
0.100501
0.100504
0.100509
0.100517
0.100527
0.10054
0.100556
0.100575
0.100598
0.100625
0.100655
0.10069
0.100729
0.100773
0.100821
0.100874
0.10093
0.100991
0.101055
0.0449769
-0.000120787
0.0449081
-0.000372352
0.0447922
-0.000639706
0.0446267
-0.000930209
0.0444079
-0.00124923
0.0441301
-0.00160756
0.0437862
-0.00201209
0.043366
-0.00248462
0.0428575
-0.00303303
0.0422423
-0.00370619
0.0415022
-0.00450884
0.040602
-0.00556142
0.0395193
-0.00684833
0.0381772
-0.00869065
0.0365725
-0.0109866
0.0344753
-0.0146651
0.0319469
-0.019263
0.0276837
-0.0275513
0.0196195
-0.0377418
-0.0472545
0.044976
-9.67493e-05
0.044904
-0.000300416
0.0447827
-0.000518418
0.044609
-0.000756492
0.0443785
-0.00101867
0.0440844
-0.00131354
0.0437186
-0.00164621
0.0432682
-0.00203423
0.0427188
-0.00248366
0.0420463
-0.00303368
0.0412269
-0.00368943
0.040211
-0.00454557
0.0389626
-0.00559988
0.0373656
-0.00709369
0.0353737
-0.00899469
0.0326433
-0.0119347
0.0291169
-0.0157366
0.0235951
-0.0220296
0.0156161
-0.0297628
-0.0316384
0.0449753
-7.2025e-05
0.044901
-0.000226117
0.0447755
-0.000392935
0.0445954
-0.000576369
0.0443557
-0.000778994
0.0440489
-0.00100676
0.0436656
-0.00126294
0.0431912
-0.00155983
0.042609
-0.00190145
0.0418904
-0.00231509
0.0410061
-0.00280509
0.0398966
-0.00343604
0.0385091
-0.00421241
0.0367078
-0.00529245
0.034393
-0.00667989
0.031214
-0.00875564
0.0269634
-0.011486
0.0206369
-0.015703
0.0116179
-0.0207437
-0.0200205
0.0449748
-4.68367e-05
0.0448989
-0.000150249
0.0447706
-0.000264616
0.0445861
-0.000391864
0.0443401
-0.00053301
0.0440245
-0.000691109
0.043629
-0.000867444
0.0431377
-0.00106855
0.0425321
-0.00129588
0.041781
-0.0015639
0.04085
-0.0018741
0.0396739
-0.00225997
0.0381859
-0.0027244
0.0362409
-0.0033475
0.0336987
-0.00413767
0.0302214
-0.00527827
0.0255091
-0.00677376
0.0187891
-0.00898299
0.0095643
-0.011519
-0.0104562
0.0449746
-2.14359e-05
0.044898
-7.36392e-05
0.0447683
-0.000134897
0.0445815
-0.000205136
0.0443323
-0.000283741
0.0440119
-0.000370769
0.0436099
-0.000465384
0.0431095
-0.000568184
0.0424912
-0.000677594
0.0417224
-0.000795091
0.0407661
-0.000917804
0.0395543
-0.0010482
0.038012
-0.00118204
0.0359904
-0.00132594
0.0333277
-0.00147493
0.0296945
-0.00164505
0.0247558
-0.00183507
0.017859
-0.00208619
0.00867222
-0.00233225
-0.00178397
0.0449746
3.91825e-06
0.0448981
2.85668e-06
0.0447685
-5.2584e-06
0.0445818
-1.84128e-05
0.0443324
-3.43157e-05
0.0440117
-5.00754e-05
0.0436089
-6.26649e-05
0.0431076
-6.68747e-05
0.0424879
-5.78715e-05
0.0417173
-2.44761e-05
0.0407586
4.08963e-05
0.0395439
0.00016646
0.0379971
0.000364794
0.0359701
0.00070112
0.0332973
0.00119786
0.0296503
0.00200196
0.0246872
0.00312802
0.0177669
0.00483408
0.0085797
0.00685496
0.00679573
0.044975
2.89433e-05
0.0448994
7.84456e-05
0.0447713
0.000122798
0.0445868
0.000166068
0.0443404
0.000212126
0.0440237
0.000266628
0.0436262
0.000334791
0.0431322
0.000427209
0.0425224
0.000551887
0.0417662
0.000731771
0.0408275
0.000979577
0.0396431
0.00135086
0.038142
0.00186592
0.0361812
0.00266187
0.0336093
0.00376978
0.0300922
0.00551908
0.0253044
0.00791576
0.0185068
0.0116317
0.00925751
0.0161042
0.0160532
0.0449755
5.34214e-05
0.0449017
0.000152258
0.0447767
0.000247848
0.0445966
0.000346148
0.0443562
0.000452547
0.0440476
0.000575144
0.0436611
0.000721296
0.0431821
0.000906259
0.0425929
0.00114107
0.0418659
0.00145883
0.0409693
0.00187617
0.0398465
0.00247362
0.0384383
0.00327412
0.0366132
0.00448694
0.0342506
0.00613244
0.0310088
0.00876083
0.026629
0.0122955
0.0201565
0.0181043
0.0109023
0.0253584
0.0269555
0.0449763
7.71552e-05
0.044905
0.000223511
0.0447843
0.000368515
0.0446107
0.000519788
0.0443792
0.0006841
0.0440827
0.000871556
0.0437124
0.00109161
0.0432556
0.00136311
0.0426966
0.00170005
0.0420124
0.00214304
0.0411765
0.00271205
0.0401434
0.00350675
0.0388687
0.00454883
0.0372441
0.00611148
0.0351931
0.00818341
0.0323766
0.0115774
0.0286557
0.0160164
0.0229361
0.0238238
0.0143332
0.0339613
0.0412887
0.0449773
0.0449093
0.0447943
0.044629
0.044409
0.0441282
0.0437789
0.0433505
0.04283
0.0422
0.0414398
0.0405185
0.0394074
0.0380385
0.0363895
0.0342029
0.0314556
0.0264735
0.0180272
)
;

boundaryField
{
    inlet
    {
        type            calculated;
        value           nonuniform List<scalar> 
50
(
-0.0675
-0.0675
-0.0675
-0.0675
-0.0675
-0.0675
-0.0675
-0.0675
-0.0675
-0.0675
-0.0675
-0.0675
-0.0675
-0.0675
-0.0675
-0.0675
-0.0675
-0.0675
-0.0675
-0.0675
-0.045
-0.045
-0.045
-0.045
-0.045
-0.045
-0.045
-0.045
-0.045
-0.045
-0.1005
-0.1005
-0.1005
-0.1005
-0.1005
-0.1005
-0.1005
-0.1005
-0.1005
-0.1005
-0.1005
-0.1005
-0.1005
-0.1005
-0.1005
-0.1005
-0.1005
-0.1005
-0.1005
-0.1005
)
;
    }
    outlet
    {
        type            calculated;
        value           nonuniform List<scalar> 
150
(
0.0677677
0.0675423
0.0671485
0.0666199
0.0659686
0.0652036
0.0643276
0.0633412
0.0622462
0.0610477
0.0597554
0.0583836
0.0569511
0.0554806
0.0539975
0.0525288
0.0511024
0.0497456
0.048485
0.047341
0.0309899
0.0305949
0.0302547
0.0299694
0.0297418
0.0295747
0.0294706
0.0294313
0.0294579
0.0295433
0.0664254
0.0679091
0.0701182
0.07298
0.0764119
0.0803063
0.0845338
0.0889463
0.0933828
0.0976696
0.101613
0.104998
0.107604
0.109273
0.109972
0.109819
0.109038
0.1079
0.106679
0.105704
0.000145035
0.000443911
0.000750635
0.00106268
0.00137771
0.00169317
0.0020064
0.00231462
0.00261496
0.00290435
0.00317962
0.00343753
0.00367493
0.0038889
0.00407682
0.00423654
0.00436634
0.00446512
0.00453141
0.00455702
0.00182537
0.00182538
0.00182132
0.00181561
0.001808
0.00179847
0.00178711
0.00177385
0.00175934
0.00174153
0.0163944
0.0132595
0.00769595
0.00435135
-0.000803978
-0.00225041
-0.00223168
0.00331513
0.0121986
0.0129332
0.0135706
0.00873721
0.00538009
0.00230742
0.000173487
0.0214343
0.0262831
0.0308276
0.0345171
0.0228276
0.000293917
0.000877909
0.00145722
0.00202973
0.00259309
0.00314425
0.00367944
0.00419427
0.0046836
0.00514156
0.00556148
0.00593601
0.0062573
0.00651723
0.00670784
0.00682165
0.00685236
0.00679509
0.00664693
0.00639552
0.00246741
0.00241198
0.00234749
0.0022787
0.00220518
0.00212706
0.00204471
0.00195829
0.00186907
0.0017748
0.0127639
0.00162378
-0.011738
-0.00378263
0.0152557
0.0132134
0.010725
-0.00490901
-0.0245267
-0.0365613
-0.022675
0.0191243
0.0337174
0.0434915
0.04161
0.00723916
-0.0112461
-0.0481416
-0.0282007
0.0290459
)
;
    }
    upAndBottom
    {
        type            empty;
        value           nonuniform 0();
    }
    obstacle
    {
        type            calculated;
        value           uniform 0;
    }
}


// ************************************************************************* //
