/*--------------------------------*- C++ -*----------------------------------*\
| =========                 |                                                 |
| \\      /  F ield         | OpenFOAM: The Open Source CFD Toolbox           |
|  \\    /   O peration     | Version:  v1806                                 |
|   \\  /    A nd           | Web:      www.OpenFOAM.com                      |
|    \\/     M anipulation  |                                                 |
\*---------------------------------------------------------------------------*/
FoamFile
{
    version     2.0;
    format      ascii;
    class       surfaceScalarField;
    location    "4";
    object      phi;
}
// * * * * * * * * * * * * * * * * * * * * * * * * * * * * * * * * * * * * * //

dimensions      [0 3 -1 0 0 0 0];
oriented        oriented;


internalField   nonuniform List<scalar> 
4680
(
0.750306
0.000959824
0.748664
-0.0425484
0.747927
-0.0659989
0.752432
-0.0308783
0.753916
-0.042653
0.747049
-0.146679
0.741995
-0.220308
0.744297
-0.183309
0.75153
-0.126952
0.752352
-0.201104
0.742512
-0.351287
0.730118
-0.484075
0.719331
-0.487676
0.709869
-0.499457
0.688286
-0.534342
0.657899
-0.712966
0.608532
-0.85692
0.551719
-1.00326
0.492434
-1.06668
-1.0804
0.430788
0.750561
0.000398994
0.74893
-0.0409172
0.747774
-0.0648434
0.751442
-0.0345458
0.751577
-0.0427887
0.74654
-0.141642
0.74142
-0.215188
0.740086
-0.181975
0.7445
-0.131366
0.74458
-0.201184
0.734755
-0.341463
0.721256
-0.470575
0.701846
-0.468266
0.687892
-0.485503
0.664419
-0.510868
0.640152
-0.6887
0.594431
-0.811199
0.547759
-0.956585
0.497083
-1.016
-1.02915
0.44584
0.750925
-0.000526143
0.748668
-0.03866
0.747727
-0.0639027
0.749694
-0.0365122
0.749596
-0.0426907
0.746145
-0.138191
0.739515
-0.208558
0.737985
-0.180445
0.741126
-0.134506
0.738882
-0.198941
0.729711
-0.332292
0.716727
-0.457591
0.698894
-0.450433
0.690603
-0.477212
0.668347
-0.488612
0.642925
-0.663278
0.59518
-0.763454
0.549049
-0.910454
0.497295
-0.964246
-0.976931
0.445074
0.750475
-0.00100074
0.747957
-0.0361428
0.747389
-0.0633346
0.748365
-0.0374883
0.749453
-0.0437785
0.745121
-0.133859
0.737901
-0.201337
0.73608
-0.178624
0.735929
-0.134355
0.733617
-0.196629
0.726097
-0.324772
0.711194
-0.442688
0.690568
-0.429807
0.677048
-0.463692
0.647568
-0.459132
0.626
-0.641709
0.585507
-0.722962
0.549818
-0.874765
0.506883
-0.921311
-0.932599
0.462551
0.749529
-0.000529789
0.748292
-0.034906
0.747446
-0.0624881
0.748154
-0.0381966
0.749356
-0.0449807
0.743475
-0.127978
0.736408
-0.194271
0.732712
-0.174928
0.731788
-0.133431
0.730453
-0.195294
0.720311
-0.31463
0.703265
-0.425642
0.684589
-0.411131
0.674747
-0.453851
0.649352
-0.433737
0.6339
-0.626257
0.592025
-0.681088
0.554014
-0.836754
0.506832
-0.874128
-0.885983
0.460215
0.749753
-0.000282707
0.749435
-0.0345883
0.747123
-0.060176
0.747989
-0.0390625
0.748068
-0.04506
0.741588
-0.121497
0.735237
-0.18792
0.730355
-0.170046
0.729418
-0.132494
0.726021
-0.191897
0.714877
-0.303485
0.7002
-0.410965
0.681649
-0.39258
0.667208
-0.439409
0.636858
-0.403387
0.622781
-0.61218
0.582284
-0.64059
0.553047
-0.807517
0.51483
-0.835911
-0.848909
0.477757
0.750884
-0.00116708
0.7491
-0.0328042
0.745973
-0.0570487
0.747134
-0.0402236
0.746209
-0.0441344
0.741013
-0.116302
0.734496
-0.181402
0.728017
-0.163567
0.72731
-0.131787
0.722309
-0.186897
0.710605
-0.29178
0.694624
-0.394984
0.674415
-0.372371
0.662369
-0.427364
0.638461
-0.379479
0.629446
-0.603165
0.585456
-0.5966
0.554792
-0.776853
0.511603
-0.792723
-0.810159
0.472853
0.750703
-0.00186966
0.74762
-0.0297211
0.745907
-0.0553358
0.74603
-0.0403471
0.745368
-0.0434728
0.741171
-0.112105
0.732655
-0.172885
0.725797
-0.15671
0.724604
-0.130594
0.717031
-0.179323
0.706538
-0.281287
0.69108
-0.379526
0.670648
-0.351939
0.656923
-0.41364
0.629985
-0.352541
0.617969
-0.591149
0.573215
-0.551846
0.553589
-0.757226
0.51873
-0.757865
-0.782518
0.49109
0.749585
-0.00145461
0.748193
-0.0283295
0.746753
-0.0538953
0.745136
-0.0387298
0.745611
-0.0439479
0.739741
-0.106235
0.730177
-0.163321
0.724522
-0.151054
0.722052
-0.128124
0.713883
-0.171155
0.703833
-0.271238
0.684845
-0.360538
0.664677
-0.331771
0.653019
-0.401981
0.629873
-0.329395
0.618295
-0.579571
0.572426
-0.505978
0.556125
-0.740925
0.513129
-0.714868
-0.753291
0.483902
0.749894
-0.0013489
0.749425
-0.0278603
0.745957
-0.0504271
0.744635
-0.0374079
0.744658
-0.0439707
0.737609
-0.0991872
0.730121
-0.155832
0.723216
-0.14415
0.718511
-0.123419
0.711261
-0.163905
0.700415
-0.260391
0.680134
-0.340256
0.663265
-0.314903
0.647854
-0.386569
0.622016
-0.303557
0.607755
-0.56531
0.566735
-0.464958
0.563789
-0.737978
0.523012
-0.674092
-0.734147
0.503869
0.750549
-0.0018983
0.7485
-0.0258112
0.745264
-0.0471911
0.744613
-0.0367566
0.74273
-0.0420882
0.737206
-0.0936628
0.729736
-0.148362
0.720274
-0.134688
0.71686
-0.120006
0.709458
-0.156503
0.694758
-0.245691
0.674125
-0.319624
0.659397
-0.300174
0.641368
-0.368541
0.62346
-0.285649
0.610481
-0.552331
0.57074
-0.425217
0.567777
-0.735016
0.510823
-0.617138
-0.716054
0.49273
0.749925
-0.00182308
0.747742
-0.0236282
0.745983
-0.0454327
0.744069
-0.0348422
0.742226
-0.0402454
0.737423
-0.0888595
0.727337
-0.138276
0.71866
-0.12601
0.715186
-0.116531
0.70553
-0.146847
0.691614
-0.231776
0.673831
-0.301841
0.656547
-0.28289
0.631691
-0.343685
0.618018
-0.271977
0.600116
-0.534429
0.566239
-0.39134
0.572213
-0.74099
0.514329
-0.559254
-0.713344
0.51162
0.749742
-0.00156537
0.748652
-0.0225382
0.745738
-0.0425185
0.743315
-0.0324188
0.7419
-0.0388307
0.735604
-0.0825632
0.72599
-0.128663
0.719177
-0.119197
0.712017
-0.109371
0.702934
-0.137764
0.689427
-0.218268
0.668406
-0.28082
0.650962
-0.265445
0.628624
-0.321347
0.62294
-0.266292
0.59298
-0.50447
0.559853
-0.358212
0.56016
-0.741297
0.489404
-0.488498
-0.728557
0.504616
0.750169
-0.00173454
0.748322
-0.020691
0.744809
-0.0390056
0.743462
-0.0310713
0.741114
-0.0364834
0.734844
-0.0762927
0.725625
-0.119445
0.717111
-0.110683
0.708738
-0.100997
0.702781
-0.131808
0.686305
-0.201792
0.664321
-0.258836
0.648238
-0.249363
0.622596
-0.295705
0.612223
-0.25592
0.573289
-0.465536
0.559033
-0.343956
0.562642
-0.744906
0.498589
-0.424445
-0.771338
0.541371
0.749869
-0.00160331
0.748001
-0.0188232
0.745265
-0.0362698
0.743216
-0.0290223
0.739993
-0.0332603
0.734618
-0.0709178
0.724206
-0.109033
0.716262
-0.102739
0.708014
-0.0927493
0.699575
-0.123369
0.680344
-0.182561
0.662379
-0.240871
0.646654
-0.233637
0.620191
-0.269242
0.611251
-0.24698
0.571797
-0.426081
0.563693
-0.335853
0.541777
-0.722989
0.480233
-0.362902
-0.850499
0.559394
0.749861
-0.00146386
0.748349
-0.017312
0.744864
-0.032785
0.742485
-0.026643
0.739925
-0.0307003
0.734091
-0.0650832
0.722699
-0.0976413
0.715214
-0.0952542
0.705716
-0.0832514
0.697627
-0.11528
0.680095
-0.165029
0.66072
-0.221496
0.635386
-0.208303
0.612768
-0.246624
0.603229
-0.237441
0.571052
-0.393904
0.572591
-0.337391
0.532875
-0.683273
0.498565
-0.328592
-0.955479
0.603545
0.7499
-0.00136389
0.748077
-0.015489
0.744655
-0.0293628
0.742644
-0.0246319
0.739296
-0.0273526
0.73291
-0.0586971
0.722538
-0.0872695
0.714432
-0.0871476
0.704308
-0.0731274
0.695177
-0.106149
0.676219
-0.14607
0.657148
-0.202425
0.635128
-0.186283
0.616582
-0.228078
0.589983
-0.210842
0.546895
-0.350817
0.53473
-0.325226
0.477354
-0.625896
0.490777
-0.342016
-1.07667
0.611972
0.74982
-0.00118383
0.748121
-0.0137902
0.744701
-0.0259425
0.74208
-0.0220113
0.738844
-0.0241161
0.732765
-0.052618
0.721841
-0.0763462
0.712391
-0.0776974
0.703612
-0.0643487
0.693647
-0.0961836
0.674849
-0.127272
0.653794
-0.181371
0.628862
-0.161351
0.608929
-0.208144
0.586056
-0.187969
0.564799
-0.32956
0.551694
-0.312121
0.49616
-0.570363
0.532242
-0.378097
-1.15662
0.612187
0.749861
-0.0010446
0.748046
-0.0119758
0.744506
-0.0224019
0.741888
-0.0193939
0.738758
-0.0209858
0.731749
-0.0456084
0.721354
-0.0659521
0.711744
-0.0680874
0.703015
-0.0556195
0.690392
-0.0835605
0.673271
-0.110151
0.651477
-0.159577
0.628023
-0.137897
0.604971
-0.185093
0.575286
-0.158284
0.542674
-0.296948
0.501721
-0.271168
0.456304
-0.524946
0.515709
-0.437502
-1.16042
0.519506
0.749833
-0.000877616
0.747984
-0.0101266
0.744526
-0.0189442
0.741622
-0.0164898
0.738391
-0.0177548
0.731348
-0.0385658
0.721193
-0.0557967
0.710425
-0.057319
0.70203
-0.047225
0.68927
-0.0708003
0.672453
-0.0933336
0.646896
-0.134021
0.625397
-0.116397
0.598267
-0.157963
0.575404
-0.13542
0.536711
-0.258256
0.499742
-0.234199
0.44891
-0.474114
0.455507
-0.444099
0.38755
-1.09246
0.376591
-0.960233
0.325514
-0.924576
0.277687
-0.878782
0.232428
-0.820736
0.189894
-0.754204
0.151302
-0.683587
0.117821
-0.61194
0.0899868
-0.541863
0.0676889
-0.475404
-0.414136
0.0503775
0.397316
-0.911709
0.351491
-0.878752
0.308551
-0.835842
0.266821
-0.779006
0.226166
-0.713549
0.187682
-0.645103
0.152747
-0.577006
0.12229
-0.511406
0.0965641
-0.449678
-0.392987
0.0754153
0.394906
-0.861541
0.348489
-0.832335
0.305967
-0.79332
0.264691
-0.73773
0.224578
-0.673436
0.186988
-0.607512
0.15332
-0.543338
0.124446
-0.482532
0.100406
-0.425638
-0.373317
0.0807353
0.417435
-0.816425
0.375861
-0.790761
0.337755
-0.755214
0.298979
-0.698954
0.258901
-0.633358
0.219302
-0.567913
0.182111
-0.506147
0.148842
-0.449263
0.120327
-0.397123
-0.349724
0.0967341
0.412751
-0.76896
0.371068
-0.749078
0.33425
-0.718397
0.296753
-0.661457
0.257893
-0.594498
0.220148
-0.530168
0.185563
-0.471562
0.154937
-0.418636
0.128287
-0.370474
-0.32695
0.105513
0.435738
-0.726942
0.399457
-0.712796
0.36675
-0.685689
0.330357
-0.625064
0.289187
-0.553328
0.246633
-0.487615
0.206527
-0.431456
0.171189
-0.383297
0.141164
-0.34045
-0.301932
0.116146
0.429366
-0.683455
0.394833
-0.678263
0.364773
-0.65563
0.330426
-0.590716
0.291325
-0.514227
0.251364
-0.447653
0.213625
-0.393718
0.179671
-0.349343
0.149968
-0.310747
-0.276563
0.124599
0.454281
-0.646647
0.425687
-0.649669
0.398266
-0.628208
0.362244
-0.554695
0.317528
-0.469511
0.270791
-0.400916
0.227716
-0.350643
0.190499
-0.312126
0.158952
-0.2792
-0.25007
0.132459
0.449455
-0.6122
0.426104
-0.626318
0.401324
-0.603428
0.367153
-0.520524
0.324101
-0.426459
0.278441
-0.355257
0.235659
-0.30786
0.198206
-0.274673
0.166157
-0.247151
-0.223022
0.139109
0.479029
-0.587361
0.462995
-0.610284
0.435932
-0.576365
0.395075
-0.479668
0.343838
-0.375222
0.291468
-0.302886
0.244683
-0.261076
0.205319
-0.23531
0.172341
-0.214172
-0.19544
0.144759
0.478852
-0.573483
0.472973
-0.604405
0.446147
-0.549539
0.403982
-0.437503
0.351391
-0.322631
0.29779
-0.249285
0.250127
-0.213413
0.210326
-0.195508
0.177086
-0.180932
-0.16768
0.149326
0.512481
-0.574344
0.513386
-0.60531
0.477934
-0.514086
0.424279
-0.383848
0.362356
-0.260708
0.303527
-0.190455
0.25386
-0.163746
0.213689
-0.155338
0.180511
-0.147754
-0.140045
0.152876
0.522185
-0.591913
0.528496
-0.611621
0.486727
-0.472317
0.42816
-0.325281
0.362405
-0.194954
0.302864
-0.130914
0.253918
-0.1148
0.214853
-0.116273
0.18253
-0.115431
-0.112958
0.155442
0.564383
-0.614925
0.56046
-0.607698
0.499797
-0.411654
0.429852
-0.255336
0.356746
-0.121848
0.297288
-0.0714563
0.250566
-0.068078
0.213883
-0.0795902
0.183252
-0.0847997
-0.0868609
0.157155
0.583475
-0.639006
0.561174
-0.585397
0.482896
-0.333375
0.409302
-0.181743
0.33611
-0.0486552
0.283624
-0.0189703
0.242899
-0.0273533
0.210646
-0.0473368
0.182838
-0.0569918
-0.0622143
0.158191
0.606146
-0.641607
0.550162
-0.529413
0.448348
-0.231561
0.371865
-0.10526
0.303323
0.0198861
0.262434
0.0219188
0.231065
0.00401586
0.205206
-0.0214775
0.181533
-0.0333188
-0.0394728
0.158791
0.573734
-0.603369
0.479157
-0.434835
0.367254
-0.119658
0.303326
-0.0413321
0.255326
0.0678864
0.234017
0.0432274
0.215803
0.0222297
0.198049
-0.00372365
0.179183
-0.0144528
-0.0195585
0.159269
0.500593
-0.491775
0.360535
-0.294777
0.248514
-0.00763692
0.206611
0.000570239
0.194509
0.0799885
0.197716
0.0400206
0.19549
0.0244557
0.186766
0.00500026
0.175221
-0.00290718
-0.00168156
0.157344
0.335989
-0.308258
0.180325
-0.139113
0.115572
0.0571168
0.108184
0.00795807
0.137082
0.0510906
0.156751
0.0203514
0.166018
0.0151891
0.164825
0.00619298
0.159426
0.00249159
0.00666251
0.151082
0.0792913
-0.0598217
-0.00270493
0.00525314
0.0563437
0.0766951
0.0918842
0.0980772
0.100569
0.107231
0.0378588
-0.342184
0.0284601
-0.297682
0.0214921
-0.2585
0.0163646
-0.224319
0.0125996
-0.194667
0.00982911
-0.169008
0.00777908
-0.146789
0.00624991
-0.127488
0.00509828
-0.110635
0.00422205
-0.0958206
0.00354859
-0.0826968
0.00302629
-0.0709704
0.00261831
-0.060395
0.00229832
-0.0507621
0.00204747
-0.0418924
0.00185243
-0.0336285
0.00170428
-0.0258275
0.00159859
-0.0183533
0.00153512
-0.0110878
-0.00422383
0.0591889
-0.325957
0.0462954
-0.284788
0.0362239
-0.248428
0.028456
-0.216551
0.022512
-0.188724
0.0179789
-0.164475
0.0145199
-0.14333
0.0118708
-0.124839
0.00983063
-0.108595
0.00824848
-0.0942384
0.0070128
-0.0814611
0.00604153
-0.0699991
0.00527453
-0.059628
0.00466787
-0.0501554
0.00418964
-0.0414141
0.00381712
-0.0332559
0.00353522
-0.0255456
0.00333686
-0.018155
0.00322277
-0.0109737
-0.00418579
0.0654728
-0.310695
0.053037
-0.272352
0.0429848
-0.238376
0.0349281
-0.208494
0.0285181
-0.182314
0.0234442
-0.159401
0.0194376
-0.139323
0.016273
-0.121675
0.0137679
-0.10609
0.0117777
-0.0922483
0.0101904
-0.0798738
0.0089202
-0.0687289
0.00790233
-0.0586102
0.00708821
-0.0493413
0.00644202
-0.0407679
0.0059381
-0.032752
0.00555963
-0.0251672
0.00529902
-0.0178944
0.005157
-0.0108317
-0.00414102
0.0784836
-0.292444
0.0637507
-0.257619
0.051945
-0.22657
0.0425298
-0.199079
0.0350434
-0.174827
0.029099
-0.153457
0.0243777
-0.134602
0.020621
-0.117918
0.0176228
-0.103091
0.0152209
-0.0898464
0.0132898
-0.0779427
0.0117334
-0.0671725
0.0104784
-0.0573552
0.00947026
-0.0483331
0.00866833
-0.039966
0.0080437
-0.0321274
0.00757742
-0.0247009
0.00726035
-0.0175773
0.00709145
-0.0106628
-0.00408844
0.0872223
-0.274153
0.0719637
-0.242361
0.0594147
-0.214021
0.0492057
-0.18887
0.0409624
-0.166584
0.0343352
-0.146829
0.0290161
-0.129283
0.0247442
-0.113646
0.0213061
-0.0996533
0.0185307
-0.087071
0.0162839
-0.075696
0.0144621
-0.0653506
0.0129858
-0.0558789
0.0117953
-0.0471426
0.0108462
-0.039017
0.0101069
-0.0313881
0.00955624
-0.0241502
0.00918312
-0.0172042
0.00898419
-0.0104638
-0.00402533
0.0963563
-0.254363
0.0799468
-0.225951
0.0664444
-0.200519
0.0554158
-0.177841
0.0464609
-0.157629
0.0392168
-0.139585
0.0333651
-0.123431
0.0286351
-0.108916
0.024804
-0.0958221
0.0216924
-0.0839595
0.019159
-0.0731625
0.0170939
-0.0632855
0.015413
-0.0541981
0.0140527
-0.0457823
0.0129656
-0.0379298
0.0121175
-0.03054
0.0114856
-0.0235183
0.0110568
-0.0167754
0.0108255
-0.0102325
-0.00394971
0.104147
-0.233911
0.0869833
-0.208787
0.0727421
-0.186278
0.0610358
-0.166135
0.0514793
-0.148072
0.0437092
-0.131815
0.0374005
-0.117122
0.0322744
-0.10379
0.0281003
-0.091648
0.0246921
-0.0805512
0.0219028
-0.0703732
0.0196182
-0.0610009
0.0177506
-0.0523305
0.0162337
-0.0442654
0.015018
-0.0367142
0.0140677
-0.0295897
0.0133582
-0.0228088
0.0128749
-0.016292
0.01261
-0.0099676
-0.00386058
0.111153
-0.212605
0.0932483
-0.190883
0.0783489
-0.171378
0.0660628
-0.153849
0.056002
-0.138012
0.0477946
-0.123608
0.0411056
-0.110433
0.0356476
-0.0983319
0.0311823
-0.0871827
0.0275184
-0.0768874
0.0245052
-0.06736
0.0220256
-0.0585213
0.0199901
-0.0502949
0.0183306
-0.0426059
0.0169964
-0.03538
0.0159507
-0.028544
0.0151678
-0.0220259
0.0146316
-0.0157558
0.014333
-0.00966903
-0.00375758
0.117178
-0.190674
0.0986741
-0.172379
0.0832314
-0.155936
0.0704732
-0.141091
0.0600098
-0.127548
0.0514568
-0.115055
0.044467
-0.103444
0.0387429
-0.0926078
0.0340398
-0.0824797
0.0301625
-0.0730101
0.0269582
-0.0641557
0.0243089
-0.055872
0.0221243
-0.0481104
0.0203365
-0.040818
0.0188942
-0.0339378
0.0177603
-0.0274101
0.0169085
-0.0211742
0.0163219
-0.0151691
0.0159901
-0.0093373
-0.00364067
0.122269
-0.168185
0.10326
-0.153369
0.0873746
-0.14005
0.0742494
-0.127966
0.063487
-0.116786
0.0546834
-0.106251
0.0474747
-0.0962349
0.0415524
-0.0866854
0.036666
-0.0775933
0.0326181
-0.0689622
0.0292558
-0.0607934
0.026462
-0.0530782
0.0241478
-0.0457962
0.0222458
-0.0389161
0.020706
-0.0323979
0.0194913
-0.0261954
0.0185755
-0.0202584
0.017941
-0.0145346
0.0175771
-0.00897341
-0.00351002
0.126398
-0.145256
0.106989
-0.133961
0.0907588
-0.12382
0.0773732
-0.11458
0.0664201
-0.105833
0.0574651
-0.0972963
0.0501225
-0.0888924
0.0440717
-0.0806346
0.0390572
-0.0725788
0.0348816
-0.0647866
0.0313942
-0.057306
0.028481
-0.050165
0.0260559
-0.0433711
0.0240541
-0.0369142
0.0224271
-0.0307709
0.021139
-0.0249073
0.0201641
-0.0192834
0.0194847
-0.0138553
0.01909
-0.00857869
-0.00336597
0.129569
-0.12195
0.109856
-0.114247
0.093364
-0.107328
0.0798265
-0.101043
0.0687978
-0.0948039
0.0597961
-0.0882946
0.0524084
-0.0815047
0.0463002
-0.0745263
0.041213
-0.0674916
0.0369521
-0.0605257
0.0333719
-0.0537258
0.0303636
-0.0471567
0.0278459
-0.0408534
0.0257579
-0.0348262
0.0240537
-0.0290667
0.0226994
-0.0235531
0.0216704
-0.0182544
0.0209493
-0.0131342
0.0205253
-0.00815468
-0.003209
0.131785
-0.0982924
0.11185
-0.0943115
0.095163
-0.0906416
0.0815891
-0.0874687
0.0706106
-0.0838254
0.061675
-0.079359
0.0543349
-0.0741646
0.0482418
-0.0684332
0.0431369
-0.0623867
0.0388319
-0.0562206
0.0351895
-0.0500834
0.032109
-0.0440763
0.029516
-0.0382604
0.0273546
-0.0326648
0.0255828
-0.0272949
0.0241694
-0.0221396
0.023091
-0.0171761
0.0223314
-0.0123746
0.0218798
-0.00770307
-0.00303965
0.133066
-0.074204
0.112942
-0.0741871
0.0961167
-0.0738163
0.0826387
-0.0739906
0.0718519
-0.0730386
0.0631051
-0.0706122
0.0559099
-0.0669695
0.049905
-0.0624282
0.0448359
-0.0573177
0.0405258
-0.0519105
0.0368498
-0.0464074
0.0337183
-0.0409449
0.0310657
-0.0356078
0.0288428
-0.0304418
0.0270123
-0.0254645
0.0255461
-0.0206734
0.0244231
-0.0160531
0.023628
-0.0115795
0.0231505
-0.0072256
-0.00285856
0.133433
-0.0494454
0.113076
-0.0538301
0.0961689
-0.0569094
0.082951
-0.0607727
0.0725185
-0.0626061
0.064096
-0.0621897
0.0571477
-0.0600213
0.0513036
-0.056584
0.0463213
-0.0523354
0.0420418
-0.047631
0.0383578
-0.0427234
0.035194
-0.0377811
0.0324957
-0.0329094
0.0302217
-0.0281678
0.0283404
-0.0235832
0.0268274
-0.0191604
0.0256641
-0.0148897
0.0248364
-0.0107518
0.0243348
-0.00672404
-0.00266638
0.132908
-0.0235617
0.112148
-0.0330702
0.0952171
-0.0399787
0.0824923
-0.0480479
0.0726092
-0.052723
0.0646649
-0.0542455
0.0580703
-0.0534266
0.0524575
-0.0509713
0.0476084
-0.0474863
0.0433908
-0.0434134
0.0397205
-0.039053
0.03654
-0.0346006
0.0338076
-0.0301771
0.0314914
-0.0258516
0.0295662
-0.0216579
0.0280116
-0.0176059
0.0268118
-0.0136899
0.0259543
-0.00989428
0.0254304
-0.00620011
-0.00246378
0.131468
0.00423871
0.109903
-0.0115051
0.0930796
-0.0231549
0.0812065
-0.0361748
0.07213
-0.0436465
0.0648415
-0.0469569
0.0587099
-0.047295
0.0533937
-0.0456551
0.0487173
-0.0428098
0.0445865
-0.0392827
0.0409465
-0.035413
0.0377612
-0.0314153
0.0350038
-0.0274197
0.0326525
-0.0235004
0.030689
-0.0196944
0.0290974
-0.0160143
0.0278646
-0.0124571
0.0269798
-0.00900951
0.0264352
-0.00565549
-0.00225147
0.127687
0.0338959
0.105874
0.0103077
0.0898421
-0.00712326
0.0791512
-0.0254838
0.0711425
-0.0356377
0.0646818
-0.0404963
0.0591126
-0.0417257
0.0541468
-0.0406893
0.0496722
-0.0383352
0.0456449
-0.0352554
0.042046
-0.0318141
0.0388636
-0.0282329
0.0360873
-0.0246434
0.0337061
-0.0211192
0.0317086
-0.0176969
0.0300836
-0.0143893
0.0288207
-0.0111942
0.027911
-0.00809976
0.0273473
-0.00509178
-0.00203011
0.121481
0.0634969
0.0985226
0.0332661
0.0840948
0.00730456
0.0757524
-0.0171415
0.0695397
-0.029425
0.0642185
-0.035175
0.0593301
-0.0368374
0.054758
-0.0361173
0.0505014
-0.0340786
0.0465843
-0.0313383
0.04303
-0.0282598
0.0398536
-0.0250565
0.0370614
-0.0218513
0.0346534
-0.0187111
0.032625
-0.0156685
0.0309694
-0.0127337
0.029679
-0.00990376
0.0287462
-0.00716703
0.0281649
-0.00451047
-0.00180037
0.0985256
0.0722027
0.0842232
0.0475685
0.0766768
0.0148509
0.0719944
-0.0124591
0.0677936
-0.0252243
0.0636634
-0.0310447
0.0594648
-0.0326388
0.0552834
-0.0319359
0.0512378
-0.030033
0.0474244
-0.0275248
0.0439104
-0.0247458
0.0407379
-0.021884
0.0379298
-0.0190431
0.035496
-0.0162774
0.0334385
-0.013611
0.0317544
-0.0110496
0.0304384
-0.00858773
0.0294844
-0.00621308
0.0288869
-0.00391296
-0.00156292
0.0365268
0.0356759
0.0455248
0.0385705
0.0521467
0.00822904
0.0535549
-0.0138673
0.0526502
-0.0243195
0.0504719
-0.0288664
0.0476526
-0.0298196
0.0445783
-0.0288616
0.0414767
-0.0269314
0.0384871
-0.0245351
0.0356963
-0.0219551
0.0331563
-0.019344
0.0308961
-0.0167829
0.02893
-0.0143114
0.0272635
-0.0119445
0.0258966
-0.00968267
0.0248265
-0.00751763
0.0240492
-0.00543579
0.0235603
-0.00342405
-0.00136814
0.0199199
0.0157559
0.0376609
0.0208295
0.0476488
-0.0017588
0.0513966
-0.0176152
0.0517317
-0.0246546
0.0502355
-0.0273703
0.047786
-0.02737
0.0449017
-0.0259773
0.0418912
-0.0239209
0.038939
-0.021583
0.0361564
-0.0191725
0.0336091
-0.0167967
0.0313339
-0.0145077
0.0293499
-0.0123273
0.0276651
-0.0102597
0.0262813
-0.00829882
0.0251965
-0.00643286
0.0244073
-0.00464665
0.0239096
-0.00292626
-0.00116922
0.0113655
0.00439045
0.0324527
-0.000257765
0.0444529
-0.013759
0.049783
-0.0229453
0.0511295
-0.0260011
0.050173
-0.0264137
0.048002
-0.025199
0.0452522
-0.0232275
0.0422982
-0.0209668
0.0393625
-0.0186473
0.0365758
-0.0163858
0.0340142
-0.0142351
0.0317204
-0.0122139
0.0297167
-0.0103237
0.0280132
-0.00855621
0.0266127
-0.00689826
0.0255138
-0.00533399
0.0247135
-0.00384631
0.0242075
-0.00242028
-0.000966484
0.009845
-0.00545455
0.0307893
-0.0212021
0.0430639
-0.0260336
0.0491484
-0.0290298
0.0510139
-0.0278667
0.0503552
-0.025755
0.0483332
-0.0231769
0.0456448
-0.0205391
0.0427054
-0.0180275
0.0397616
-0.0157034
0.0369565
-0.0135807
0.0343725
-0.0116511
0.0320558
-0.00989721
0.0300306
-0.00829841
0.0283078
-0.00683339
0.0268906
-0.00548113
0.0257782
-0.00422153
0.0249673
-0.00303544
0.0244538
-0.00190673
-0.000760299
0.00809101
-0.0135456
0.0294388
-0.0425498
0.042586
-0.0391807
0.0492001
-0.035644
0.0513507
-0.0300172
0.0507959
-0.0252003
0.0487936
-0.0211746
0.046088
-0.0178335
0.0431172
-0.0150567
0.0401383
-0.0127245
0.0372993
-0.0107417
0.0346843
-0.00903615
0.0323401
-0.00755304
0.0302911
-0.00624943
0.0285483
-0.00509054
0.0271147
-0.00404753
0.0259891
-0.00309599
0.0251684
-0.00221467
0.0246479
-0.00138627
-0.000551049
0.00697629
-0.0205219
0.0292017
-0.0647753
0.043298
-0.053277
0.0500847
-0.0424307
0.0521926
-0.0321251
0.0515157
-0.0245233
0.0493915
-0.0190505
0.0465849
-0.0150268
0.0435343
-0.0120061
0.0404926
-0.00968287
0.0376038
-0.00785285
0.0349489
-0.00638126
0.0325726
-0.00517674
0.0304977
-0.00417454
0.0287341
-0.00332698
0.0272842
-0.00259759
0.0261461
-0.0019579
0.0253161
-0.00138471
0.0247895
-0.000859599
-0.000339128
0.00743092
-0.0279528
0.0304569
-0.0878013
0.0453174
-0.0681375
0.0518483
-0.0489615
0.0535548
-0.0338317
0.0525163
-0.0234848
0.0501243
-0.0166585
0.0471321
-0.0120346
0.0439539
-0.00882786
0.0408223
-0.00655121
0.0378682
-0.0048988
0.0351649
-0.00367799
0.0327521
-0.00276391
0.0306494
-0.00207179
0.0288645
-0.00154216
0.0273985
-0.00113154
0.0262484
-0.000807856
0.02541
-0.000546285
0.0248779
-0.000327439
-0.000124954
0.010947
-0.0388997
0.0341475
-0.111002
0.0491684
-0.0831584
0.0546503
-0.0544434
0.0554602
-0.0346416
0.0537877
-0.0218123
0.0509784
-0.0138492
0.0477195
-0.00877573
0.0443693
-0.00547774
0.0411227
-0.00330457
0.0380895
-0.00186562
0.0353303
-0.000918768
0.0328771
-0.000310695
0.0307449
6.04012e-05
0.0289386
0.000264167
0.0274568
0.000350196
0.0262956
0.000353397
0.0254495
0.00029977
0.0249127
0.000209426
9.10275e-05
0.0308032
-0.0697029
0.0461983
-0.126397
0.0562347
-0.0931948
0.0588041
-0.0570128
0.0579293
-0.0337668
0.0553011
-0.0191841
0.051928
-0.010476
0.0483303
-0.00517809
0.0447701
-0.00191752
0.0413872
7.83724e-05
0.0382634
0.00125818
0.035442
0.00190257
0.0329457
0.00218562
0.0307832
0.00222289
0.0289553
0.0020921
0.0274585
0.00184705
0.0262869
0.00152499
0.0254341
0.00115253
0.0248934
0.000750154
0.000308336
0.0631203
-0.132823
0.06458
-0.127857
0.0666492
-0.095264
0.0642965
-0.0546601
0.0608847
-0.0303549
0.0569902
-0.0152897
0.0529317
-0.00641746
0.0489393
-0.00118571
0.0451414
0.00188035
0.0416084
0.00361138
0.0383846
0.00448199
0.0354965
0.00479067
0.0329549
0.00472718
0.0307617
0.00441617
0.0289128
0.00394093
0.0274019
0.00335798
0.0262211
0.0027058
0.0253627
0.00201093
0.0248191
0.00129375
0.00052655
0.177812
-0.121906
-0.188729
0.14625
-0.0962943
0.119715
-0.068729
0.103556
-0.0385014
0.0926489
-0.0194476
0.0843325
-0.00697319
0.0771908
0.000724249
0.0707601
0.00524492
0.0648973
0.00774321
0.0595796
0.00892908
0.054804
0.00925757
0.0505691
0.00902557
0.0468683
0.00842794
0.0436905
0.00759394
0.0410216
0.00660983
0.0388465
0.00553313
0.0371502
0.00440206
0.0359193
0.00324188
0.0351418
0.00207125
0.0008386
0.191014
-0.0757174
-0.237203
0.152327
-0.0576075
0.125579
-0.0419811
0.108758
-0.0216797
0.0965962
-0.00728611
0.0869897
0.00263327
0.0788547
0.00885932
0.0717089
0.0123906
0.065364
0.0140881
0.0597253
0.0145678
0.0547384
0.0142445
0.0503654
0.0133985
0.0465754
0.012218
0.0433408
0.0108285
0.0406368
0.00931383
0.038441
0.00772901
0.0367335
0.00610952
0.0354977
0.00447767
0.0347197
0.00284924
0.00114966
0.191588
-0.0324783
-0.234827
0.158702
-0.024721
0.133259
-0.0165387
0.114958
-0.00337871
0.100782
0.00688986
0.0895352
0.0138805
0.0802744
0.0181201
0.0723995
0.0202656
0.0655819
0.0209057
0.0596367
0.020513
0.0544516
0.0194296
0.0499519
0.0178983
0.0460826
0.0160873
0.0428003
0.0141108
0.0400693
0.0120448
0.0378598
0.00993852
0.0361471
0.00782218
0.0349113
0.00571347
0.0341366
0.00362399
0.00145799
0.19446
0.0041713
-0.231109
0.16355
0.00618873
0.137646
0.00936538
0.118189
0.0160787
0.103096
0.0219827
0.0910314
0.025945
0.0810731
0.0280783
0.0726675
0.0286713
0.0654716
0.0281016
0.0592691
0.0267155
0.0539156
0.0247831
0.04931
0.0225039
0.0453776
0.0200197
0.0420607
0.0174277
0.0393135
0.014792
0.0370993
0.0121527
0.0353887
0.00953281
0.0341585
0.00694364
0.0333912
0.00439133
0.00176172
0.192635
0.0377208
-0.226185
0.164176
0.0346483
0.1398
0.0337409
0.120282
0.0355969
0.104604
0.0376605
0.0918586
0.0386906
0.0813303
0.0386067
0.0724964
0.0375051
0.064998
0.0356
0.0585916
0.0331219
0.0531077
0.030267
0.0484241
0.0271874
0.0444499
0.0239939
0.0411151
0.0207625
0.0383652
0.017542
0.036157
0.0143609
0.0344568
0.011233
0.0332386
0.00816185
0.0324832
0.00514677
0.00205884
0.190904
0.0687373
-0.221921
0.163844
0.0617083
0.140286
0.0572992
0.120829
0.0550538
0.104922
0.0535676
0.0918234
0.0517893
0.0809478
0.0494823
0.0718295
0.0466235
0.0641228
0.0433067
0.0575769
0.0396677
0.0520084
0.0358355
0.0472808
0.031915
0.0432906
0.0279841
0.0399581
0.024095
0.0372211
0.0202789
0.0350313
0.0165508
0.0333509
0.0129134
0.0321516
0.00936114
0.0314129
0.0058855
0.00234729
0.188093
0.0981732
-0.217529
0.162072
0.0877299
0.139339
0.0800323
0.120164
0.074228
0.104231
0.0695012
0.0909801
0.06504
0.0799221
0.0605403
0.070645
0.0559005
0.0628229
0.0511288
0.0562058
0.0462848
0.0506034
0.0414379
0.0458699
0.0366485
0.041893
0.031961
0.0385855
0.0274025
0.0358792
0.0229852
0.0337213
0.0187087
0.0320712
0.0145635
0.0308983
0.010534
0.0301813
0.00660251
0.00262492
0.184268
0.126424
-0.212519
0.159119
0.112879
0.137145
0.102006
0.118372
0.0930015
0.102578
0.0852942
0.0893418
0.0782767
0.0782476
0.0716344
0.0689298
0.0652183
0.0610838
0.0589749
0.0544654
0.0529031
0.0488826
0.0470207
0.0441845
0.0413466
0.040253
0.0358926
0.0369952
0.0306602
0.0343389
0.0256415
0.0322278
0.0208198
0.0306189
0.0161724
0.0294804
0.0116725
0.0287903
0.00729264
0.00288961
0.179417
0.153701
-0.206694
0.155092
0.137204
0.13382
0.123278
0.115525
0.111296
0.100009
0.100811
0.0869284
0.0913569
0.0759282
0.0826347
0.0666794
0.0744671
0.058898
0.0667563
0.0523487
0.0594525
0.0468406
0.0525288
0.0422211
0.0459661
0.0383686
0.039745
0.0351871
0.0338417
0.0326013
0.0282273
0.0305526
0.0228685
0.0289965
0.0177285
0.0279006
0.0127684
0.0272425
0.00795073
0.0031393
0.173517
0.180085
-0.199902
0.150011
0.16071
0.129442
0.143848
0.111694
0.129044
0.096566
0.115938
0.0837648
0.104158
0.0729746
0.0934249
0.0638965
0.0835452
0.0562648
0.0743879
0.0498537
0.0658635
0.044476
0.0579064
0.0399793
0.0504628
0.036241
0.0434834
0.0331632
0.0369195
0.0306691
0.0307214
0.028699
0.0248386
0.0272077
0.0192197
0.0261626
0.0138136
0.0255415
0.00857176
0.00337204
0.166576
0.205617
-0.192108
0.143899
0.183387
0.124064
0.163683
0.10693
0.146178
0.0922904
0.130578
0.079877
0.116572
0.0694021
0.1039
0.0605895
0.0923579
0.0531889
0.0817885
0.0469838
0.0720687
0.0417918
0.0630985
0.0374625
0.0547921
0.0338738
0.0470721
0.0309277
0.0398655
0.0285471
0.0331021
0.026672
0.0267137
0.0252575
0.0206343
0.0242713
0.0147998
0.0236921
0.00915093
0.00358605
0.158586
0.230253
-0.183221
0.136774
0.2052
0.117724
0.182733
0.101276
0.162626
0.0872169
0.144637
0.0752913
0.128497
0.0652295
0.113961
0.0567715
0.100816
0.0496798
0.0888802
0.0437464
0.078002
0.0387946
0.0680503
0.034677
0.0589097
0.0312735
0.0504756
0.0284873
0.0426517
0.0262419
0.0353475
0.0244783
0.0284774
0.0231522
0.0219603
0.0222327
0.0157193
0.0216997
0.0096839
0.00377983
0.149598
0.254033
-0.173378
0.128669
0.226128
0.110456
0.200946
0.094768
0.178315
0.0813783
0.158026
0.0700348
0.139841
0.0604781
0.123518
0.0524594
0.108835
0.0457512
0.0955884
0.0401533
0.0835999
0.0354948
0.0727089
0.0316326
0.0627719
0.0284494
0.0536588
0.0258508
0.0452503
0.0237621
0.0374361
0.0221259
0.0301136
0.0208997
0.0231865
0.0200542
0.0165648
0.0195712
0.0101669
0.00395217
0.139498
0.276721
-0.162187
0.119568
0.246058
0.102278
0.218235
0.0874347
0.193158
0.0748045
0.170657
0.0641349
0.15051
0.0551718
0.132481
0.0476735
0.116333
0.0414206
0.101841
0.0362198
0.0888006
0.0319063
0.0770225
0.0283418
0.0663364
0.0254132
0.0565873
0.0230294
0.0476341
0.0211183
0.0393472
0.0196249
0.031607
0.0185092
0.0243023
0.0177443
0.0173297
0.0173142
0.010597
0.00410233
0.128649
0.298748
-0.150676
0.109602
0.265105
0.0932498
0.234588
0.0793156
0.207092
0.0675285
0.182444
0.0576212
0.160418
0.049337
0.140765
0.0424376
0.123232
0.0367091
0.10757
0.0319649
0.0935449
0.0280461
0.0809413
0.0248204
0.0695621
0.0221795
0.0592283
0.0200364
0.0497772
0.0183229
0.0410607
0.016987
0.0329428
0.0159915
0.0252978
0.0153126
0.0180086
0.0149372
0.0109723
0.00423008
0.115957
0.318919
-0.136128
0.0983668
0.282695
0.0832404
0.249714
0.070385
0.219948
0.0595626
0.193266
0.0505181
0.169462
0.0430009
0.148283
0.0367779
0.129455
0.0316412
0.112707
0.0274108
0.0977753
0.0239346
0.0844175
0.0210868
0.0724099
0.018765
0.06155
0.0168875
0.0516547
0.0153904
0.0425578
0.0142255
0.0341077
0.0133589
0.0261644
0.0127702
0.0185974
0.0124498
0.0112927
0.00433592
0.104538
0.339479
-0.125098
0.0872699
0.299963
0.0728679
0.264116
0.0609147
0.231901
0.0510337
0.203147
0.042894
0.177602
0.0362082
0.154968
0.0307289
0.134934
0.0262462
0.117189
0.0225835
0.101438
0.0195952
0.0874058
0.0171622
0.0748428
0.0151892
0.0635231
0.0136004
0.0532435
0.0123372
0.043821
0.0113557
0.0350892
0.0106254
0.0268947
0.0101295
0.0190933
0.00986216
0.01156
0.0044216
0.0864032
0.356378
-0.103302
0.0720747
0.314292
0.0599898
0.276201
0.0498726
0.242018
0.0414735
0.211546
0.0345553
0.18452
0.0288939
0.16063
0.0242829
0.139545
0.0205394
0.120933
0.0175064
0.104471
0.0150524
0.0898598
0.0130703
0.0768249
0.0114739
0.0651195
0.0101953
0.054522
0.00918222
0.0448341
0.00839549
0.0358759
0.00780826
0.0274819
0.0074066
0.019495
0.00718821
0.0117784
0.00449088
0.0791277
0.374815
-0.0975652
0.063809
0.329611
0.0512864
0.288724
0.0411923
0.252112
0.0331456
0.219593
0.0267805
0.190885
0.0217685
0.165642
0.0178292
0.143485
0.0147326
0.124029
0.0122947
0.106909
0.0103713
0.0917831
0.00885094
0.0783453
0.00764829
0.0663221
0.00669858
0.0554718
0.00595319
0.0455795
0.00537652
0.0364526
0.00494418
0.0279142
0.00464354
0.0197956
0.0044732
0.0119487
0.00454688
0.0500669
-0.0645053
0.0387404
0.0299742
0.0232586
0.0181464
0.0142658
0.0113197
0.00907724
0.0073631
0.00604586
0.00502797
0.00423737
0.00362098
0.00313975
0.00276507
0.00247631
0.00225935
0.00210671
0.002017
0.219915
0.300487
-0.520403
0.0282892
0.191626
0.0537195
-0.0254303
0.0661287
-0.0124092
0.113208
-0.0470792
0.137827
-0.0246195
0.152718
-0.0148906
0.163067
-0.0103488
0.173002
-0.00993547
-0.0157272
0.50855
0.430074
-0.638137
0.372694
0.327482
0.281377
0.0658867
0.244524
0.0244432
0.242331
-0.0448858
0.249564
-0.0318528
0.252508
-0.0178346
0.247062
-0.0049022
0.241362
-0.00423538
-0.0115683
0.628407
0.483004
-0.681338
0.534663
0.421227
0.422607
0.177942
0.358524
0.0885262
0.3159
-0.00226194
0.298351
-0.0143032
0.284925
-0.00440847
0.2689
0.0111224
0.2561
0.00856501
0.00970385
0.643666
0.480433
-0.641095
0.60364
0.461254
0.513259
0.268322
0.443438
0.158348
0.380473
0.0607029
0.33863
0.0275396
0.306846
0.0273755
0.280281
0.0376869
0.254192
0.0346545
0.0327864
0.637635
0.47063
-0.627833
0.623109
0.47578
0.551791
0.33964
0.48281
0.227329
0.414136
0.129376
0.359705
0.0819709
0.317792
0.0692891
0.284068
0.0714109
0.254098
0.0646243
0.0606995
0.592933
0.45287
-0.575173
0.595195
0.473518
0.547351
0.387484
0.489174
0.285505
0.426278
0.192273
0.369841
0.138407
0.323115
0.116015
0.285228
0.109298
0.251499
0.0983531
0.0902781
0.588089
0.465368
-0.600587
0.578426
0.483181
0.537933
0.427978
0.485752
0.337687
0.427572
0.250452
0.371715
0.194264
0.323377
0.164354
0.283386
0.149289
0.248148
0.133592
0.120896
0.546608
0.483016
-0.564256
0.53776
0.492029
0.510347
0.455391
0.469182
0.378852
0.418531
0.301103
0.366588
0.246207
0.319402
0.21154
0.279119
0.189572
0.243556
0.169155
0.151933
0.552403
0.514458
-0.583845
0.529481
0.514951
0.498388
0.486484
0.456955
0.420284
0.408235
0.349823
0.358569
0.295873
0.312803
0.257306
0.272951
0.229423
0.237651
0.204455
0.18289
0.512672
0.547076
-0.545289
0.490586
0.537037
0.466735
0.510335
0.433241
0.453779
0.391243
0.391821
0.346432
0.340683
0.303505
0.300234
0.264944
0.267984
0.230405
0.238994
0.213394
0.532499
0.585294
-0.570717
0.498801
0.570734
0.464967
0.544169
0.425059
0.493687
0.380428
0.436452
0.335553
0.385558
0.293499
0.342288
0.255752
0.305731
0.221985
0.272761
0.24327
0.495394
0.627966
-0.538066
0.460391
0.605738
0.429631
0.574928
0.396069
0.52725
0.358394
0.474128
0.319021
0.42493
0.280496
0.380812
0.244725
0.341503
0.212208
0.305278
0.272257
0.512751
0.667168
-0.551953
0.474707
0.643782
0.436988
0.612647
0.395972
0.568265
0.352436
0.517664
0.309559
0.467807
0.269617
0.420755
0.233671
0.377448
0.201644
0.337306
0.300523
0.476893
0.711686
-0.521411
0.435511
0.685164
0.397496
0.650663
0.360286
0.605475
0.323174
0.554776
0.286807
0.504174
0.251852
0.45571
0.21911
0.41019
0.189089
0.367326
0.327426
0.491289
0.752764
-0.532367
0.449743
0.726709
0.408705
0.691702
0.366858
0.647321
0.32424
0.597394
0.282483
0.545931
0.24341
0.494782
0.208289
0.445312
0.17743
0.398185
0.35418
0.460186
0.802855
-0.510276
0.412673
0.774222
0.368516
0.735859
0.326697
0.689141
0.287166
0.636925
0.25062
0.582477
0.217335
0.528067
0.187259
0.475388
0.160202
0.425242
0.378254
0.470893
0.851094
-0.519133
0.423903
0.821212
0.378553
0.781208
0.334511
0.733183
0.292073
0.679363
0.251846
0.622705
0.214429
0.565484
0.180527
0.50929
0.150683
0.455086
0.403839
0.442812
0.90835
-0.500067
0.388873
0.875151
0.338869
0.831212
0.292736
0.779317
0.25046
0.721639
0.212252
0.660913
0.178437
0.599299
0.149201
0.538526
0.124315
0.479972
0.424851
0.446884
0.962673
-0.501208
0.394376
0.927658
0.344604
0.880984
0.29786
0.82606
0.254381
0.765118
0.21461
0.700683
0.178989
0.63492
0.147697
0.569818
0.120624
0.507045
0.44791
0.41985
-0.48212
0.360822
0.305817
0.255498
0.210258
0.170437
0.136187
0.107371
0.0836403
0.854776
0.000760753
-0.000537041
0.852692
0.00720066
-0.00511642
0.848549
0.0137365
-0.00959298
0.845231
0.0118841
-0.00856603
0.841087
0.0136544
-0.00951059
0.833359
0.0274823
-0.019755
0.820817
0.040458
-0.0279152
0.809568
0.0418278
-0.0305797
0.798105
0.0353735
-0.0239104
0.784899
0.0537323
-0.0405264
0.763296
0.0669859
-0.0453821
0.737215
0.104204
-0.0781235
0.709417
0.084035
-0.0562376
0.68262
0.130362
-0.103565
0.650501
0.101185
-0.0690658
0.613051
0.218885
-0.181435
0.564321
0.181651
-0.13292
0.510089
0.421609
-0.367377
0.550676
0.280639
-0.321226
1.02477
-0.994496
0.854802
0.000958815
0.852748
0.00925436
0.848572
0.0179124
0.845436
0.0150201
0.84138
0.0177103
0.833849
0.0350135
0.820897
0.05341
0.810877
0.0518477
0.798596
0.0476542
0.786891
0.0654379
0.763253
0.0906239
0.741881
0.125576
0.711849
0.114068
0.686922
0.155289
0.653629
0.134477
0.618805
0.25371
0.588687
0.211768
0.527017
0.483279
0.580332
0.227324
0.966965
0.854795
0.00116427
0.852775
0.0112741
0.848787
0.0218998
0.845597
0.0182104
0.841632
0.0216759
0.834475
0.0421699
0.821828
0.0660572
0.811333
0.0623429
0.799531
0.0594565
0.789593
0.0753754
0.766018
0.114199
0.742588
0.149006
0.715187
0.141469
0.692375
0.178101
0.672016
0.154836
0.627579
0.298147
0.615058
0.22429
0.554472
0.543865
0.552411
0.229385
0.838038
0.854874
0.00129068
0.852767
0.0133804
0.848813
0.0258541
0.845937
0.0210862
0.842369
0.0252435
0.834504
0.0500357
0.82262
0.0779413
0.812972
0.07199
0.801538
0.0708913
0.78928
0.0876333
0.76914
0.134339
0.748144
0.170002
0.722601
0.167012
0.692182
0.208519
0.674127
0.172891
0.624842
0.347431
0.612074
0.237057
0.573196
0.582744
0.531033
0.271548
0.727976
0.854838
0.0014526
0.852913
0.0153059
0.849176
0.0295912
0.845847
0.0244148
0.842788
0.028302
0.835795
0.0570291
0.823675
0.090061
0.812234
0.0834309
0.804221
0.0789051
0.793007
0.0988468
0.772478
0.154868
0.746454
0.196026
0.726184
0.187282
0.699426
0.235277
0.691377
0.18094
0.661822
0.376987
0.649777
0.249102
0.642879
0.589642
0.568636
0.345791
0.668779
0.854957
0.00149545
0.852684
0.0175789
0.849197
0.0330781
0.84684
0.0267719
0.843326
0.0318163
0.835309
0.065046
0.825626
0.0997444
0.814994
0.0940623
0.805141
0.0887581
0.792844
0.111144
0.776729
0.170982
0.75191
0.220845
0.733826
0.205366
0.708197
0.260906
0.686137
0.203
0.63653
0.426593
0.591757
0.293875
0.587967
0.593433
0.526802
0.406956
0.620409
0.85495
0.00154516
0.853285
0.0192446
0.849262
0.0371003
0.846232
0.0298025
0.844769
0.0332795
0.837055
0.0727599
0.825242
0.111557
0.815225
0.10408
0.808632
0.0953511
0.795825
0.123951
0.780861
0.185947
0.75619
0.245516
0.729549
0.232007
0.707352
0.283102
0.694716
0.215636
0.689204
0.432106
0.659286
0.323793
0.65818
0.594539
0.595022
0.470114
0.614843
0.85476
0.00178484
0.852615
0.0213897
0.850293
0.0394228
0.847464
0.0326309
0.844017
0.036727
0.837923
0.0788533
0.827997
0.121484
0.816538
0.115538
0.810984
0.100905
0.79845
0.136485
0.780411
0.203986
0.758975
0.266953
0.743453
0.247528
0.72367
0.302886
0.695547
0.243759
0.680119
0.447534
0.634167
0.369745
0.625281
0.603424
0.56808
0.527315
0.618667
0.855482
0.00130304
0.852932
0.023939
0.848891
0.0434644
0.848204
0.0333172
0.845913
0.0390186
0.838042
0.0867242
0.829332
0.130193
0.818234
0.126636
0.811045
0.108095
0.803811
0.143719
0.78825
0.219547
0.761954
0.293248
0.741621
0.267862
0.725667
0.31884
0.69229
0.277136
0.672495
0.467329
0.630061
0.412179
0.629149
0.604337
0.594163
0.562301
0.628985
0.854682
0.00162146
0.85412
0.0245007
0.850455
0.0471292
0.847356
0.0364165
0.846738
0.039636
0.839428
0.0940348
0.829234
0.140387
0.821914
0.133956
0.814953
0.115055
0.803976
0.154696
0.790827
0.232697
0.769084
0.314991
0.743949
0.292997
0.732752
0.330038
0.710871
0.299016
0.696634
0.481567
0.642705
0.466107
0.616591
0.630451
0.569156
0.609736
0.652852
0.854485
0.0021367
0.852319
0.0266663
0.851359
0.0480897
0.848744
0.0390314
0.847083
0.0412971
0.842499
0.0986183
0.830151
0.152736
0.821218
0.142889
0.819117
0.117156
0.808125
0.165688
0.792446
0.248375
0.777404
0.330032
0.753261
0.31714
0.731735
0.351564
0.70292
0.327831
0.695125
0.489362
0.656126
0.505106
0.635809
0.650767
0.597392
0.648153
0.679527
0.855997
0.00113927
0.852794
0.0298699
0.849434
0.0514492
0.849767
0.0386988
0.847416
0.0436481
0.842518
0.103516
0.833667
0.161587
0.82307
0.153486
0.82073
0.119497
0.814858
0.17156
0.795238
0.267995
0.775335
0.349935
0.75671
0.335765
0.742164
0.366109
0.713936
0.35606
0.702127
0.50117
0.661979
0.545254
0.629712
0.683035
0.579345
0.69852
0.720806
0.855517
0.000621888
0.855169
0.0302185
0.849736
0.056882
0.849668
0.0387669
0.849927
0.0433892
0.842006
0.111436
0.834745
0.168849
0.828236
0.159994
0.821607
0.126127
0.817064
0.176103
0.803683
0.281375
0.783132
0.370486
0.762187
0.35671
0.746857
0.381439
0.712776
0.390141
0.688204
0.525743
0.64842
0.585038
0.62335
0.708105
0.586397
0.735472
0.75525
0.854006
0.00161541
0.854009
0.0302164
0.851965
0.0589261
0.850424
0.0403074
0.85221
0.0416028
0.844532
0.119114
0.833398
0.179983
0.830544
0.162849
0.826771
0.129899
0.82024
0.182635
0.808843
0.292772
0.788785
0.390543
0.763454
0.382042
0.750437
0.394456
0.726778
0.413799
0.702862
0.549659
0.657056
0.630844
0.617293
0.747868
0.56777
0.784995
0.801609
0.855029
0.00158638
0.851364
0.0338812
0.851537
0.0587533
0.851788
0.0400562
0.85175
0.0416412
0.847677
0.123187
0.83625
0.19141
0.831248
0.167851
0.830373
0.130774
0.823291
0.189716
0.811585
0.304479
0.796935
0.405194
0.772666
0.406311
0.753499
0.413622
0.726715
0.440583
0.699678
0.576697
0.655408
0.675113
0.617025
0.786251
0.573817
0.828204
0.843059
0.856778
-0.000191194
0.852716
0.0379423
0.850209
0.0612609
0.853114
0.037151
0.851466
0.0432897
0.847856
0.126796
0.840232
0.199034
0.83343
0.174653
0.83435
0.129855
0.830854
0.193211
0.816845
0.318488
0.800535
0.421503
0.777888
0.428959
0.761113
0.430397
0.742456
0.45924
0.720945
0.598207
0.675136
0.720923
0.623672
0.837715
0.565898
0.885978
0.898681
0.855741
-0.000932207
0.855336
0.0383472
0.851581
0.0650161
0.854238
0.0344937
0.853517
0.0440111
0.846665
0.133648
0.84188
0.20382
0.837912
0.178621
0.837695
0.130072
0.836694
0.194213
0.823302
0.33188
0.807978
0.436826
0.788868
0.44807
0.765739
0.453525
0.736219
0.488761
0.710945
0.623481
0.67149
0.760379
0.625618
0.883587
0.572483
0.939113
0.952031
0.854105
-3.74497e-05
0.854404
0.0380481
0.853255
0.0661654
0.854709
0.0330392
0.856539
0.0421812
0.848891
0.141296
0.84202
0.21069
0.840907
0.179734
0.841396
0.129582
0.842549
0.19306
0.83115
0.34328
0.811702
0.456274
0.796355
0.463417
0.784185
0.465695
0.759047
0.513899
0.728261
0.654267
0.683537
0.805102
0.629199
0.937924
0.565199
1.00311
1.01716
0.854719
0.000243372
0.852371
0.0403966
0.853064
0.065472
0.855652
0.0304513
0.857681
0.0401527
0.851828
0.147149
0.84383
0.218688
0.844659
0.178905
0.846815
0.127426
0.846596
0.193279
0.839259
0.350617
0.82031
0.475223
0.79768
0.486047
0.780778
0.482597
0.754024
0.540653
0.717884
0.690407
0.670738
0.852249
0.61917
0.989492
0.561315
1.06097
1.07727
0.855673
0.852446
0.852458
0.857088
0.858836
0.852685
0.8455
0.849064
0.857062
0.856636
0.846994
0.832955
0.819674
0.808898
0.786648
0.746031
0.688235
0.622382
0.552829
0.59987
-0.000748106
0.598372
-0.00862784
0.595559
-0.0161319
0.593164
-0.0140939
0.590579
-0.0151702
0.58483
-0.0328169
0.576537
-0.0475037
0.568005
-0.0487865
0.561116
-0.0403361
0.550349
-0.0600335
0.53658
-0.0795645
0.516176
-0.113617
0.499451
-0.0996719
0.474204
-0.132716
0.455842
-0.117058
0.414929
-0.217343
0.385671
-0.204941
0.316317
-0.404761
0.24177
-0.369552
-0.850689
0.599867
-0.000615183
0.598346
-0.0071067
0.595526
-0.0133122
0.593088
-0.0116559
0.590412
-0.0124941
0.584631
-0.0270361
0.576323
-0.0391951
0.567664
-0.0401276
0.560563
-0.0332349
0.549736
-0.0492072
0.535902
-0.0657305
0.515006
-0.0927213
0.497586
-0.0822519
0.472181
-0.107311
0.452575
-0.0974527
0.409483
-0.174251
0.377034
-0.172491
0.28879
-0.316517
0.242726
-0.323488
-0.607963
0.599862
-0.000477585
0.598335
-0.00557945
0.595503
-0.0104802
0.592997
-0.00914991
0.590316
-0.00981284
0.584461
-0.0211809
0.576156
-0.0308901
0.567292
-0.0312636
0.560339
-0.0262826
0.549073
-0.0379406
0.535362
-0.0520194
0.513872
-0.0712312
0.496742
-0.0651225
0.470336
-0.0809045
0.449247
-0.0763632
0.405535
-0.130539
0.364993
-0.131949
0.282646
-0.23417
0.188614
-0.229457
-0.419349
0.599863
-0.00034014
0.598324
-0.00404081
0.595479
-0.00763538
0.592939
-0.00660941
0.590241
-0.00711555
0.584318
-0.0152576
0.576029
-0.022601
0.567064
-0.0222991
0.560099
-0.0193168
0.548596
-0.0264379
0.534999
-0.0384222
0.51305
-0.0492821
0.496178
-0.0482505
0.468376
-0.0531029
0.448221
-0.0562082
0.400103
-0.0824208
0.362082
-0.0939286
0.267788
-0.139876
0.191004
-0.152673
-0.228345
0.59986
-0.000200399
0.598316
-0.00249701
0.595462
-0.00478114
0.592906
-0.00405305
0.590171
-0.00438111
0.58425
-0.009336
0.575915
-0.0142664
0.566958
-0.0133422
0.55985
-0.0122081
0.548452
-0.0150407
0.534539
-0.0245088
0.5129
-0.0276431
0.495277
-0.0306277
0.468324
-0.0261498
0.446082
-0.033966
0.399954
-0.0362931
0.356224
-0.0501979
0.266806
-0.0504575
0.171445
-0.0573117
-0.0569001
0.599858
-5.80127e-05
0.598315
-0.000954446
0.595452
-0.0019185
0.592887
-0.00148762
0.590135
-0.00162918
0.584217
-0.00341799
0.575858
-0.00590737
0.566896
-0.00437986
0.559764
-0.00507681
0.548338
-0.00361391
0.534443
-0.0106148
0.512717
-0.00591691
0.495276
-0.0131859
0.468002
0.00112345
0.446361
-0.0123251
0.399351
0.010717
0.357161
-0.00800745
0.265426
0.0412773
0.173947
0.0341673
0.117047
0.599855
8.7306e-05
0.598319
0.00058144
0.595448
0.00095221
0.592888
0.00107202
0.590121
0.00113785
0.584232
0.00247154
0.575838
0.00248686
0.566924
0.00453404
0.559748
0.00209895
0.548401
0.00773326
0.534481
0.00330534
0.51287
0.0156938
0.495571
0.00411275
0.468392
0.0283024
0.447686
0.0083812
0.400595
0.0578075
0.362215
0.0303734
0.270319
0.133173
0.192943
0.111544
0.30999
0.599852
0.000235749
0.598325
0.00210768
0.59545
0.00382752
0.592914
0.00360852
0.590124
0.0039277
0.584301
0.00829442
0.575845
0.0109424
0.567064
0.0133156
0.559745
0.00941777
0.548738
0.0187399
0.534471
0.0175729
0.51363
0.0365347
0.495551
0.0221917
0.470309
0.0535442
0.44809
0.0305998
0.405677
0.100221
0.364785
0.0712651
0.280929
0.217028
0.192007
0.200467
0.501996
0.599851
0.000384321
0.598335
0.00362451
0.595457
0.00670512
0.592954
0.00611114
0.590165
0.0067166
0.584382
0.0140775
0.575936
0.0193888
0.567217
0.0220346
0.55996
0.0166748
0.548971
0.0297288
0.535017
0.0315265
0.51407
0.0574818
0.49677
0.0394922
0.471236
0.0790781
0.451651
0.0501844
0.408249
0.143624
0.376873
0.102641
0.289111
0.304789
0.240648
0.24893
0.742644
0.599847
0.598355
0.595468
0.593013
0.590219
0.584541
0.576015
0.56747
0.560234
0.549437
0.535581
0.514939
0.498194
0.473707
0.454826
0.417014
0.386735
0.324147
0.251852
)
;

boundaryField
{
    inlet
    {
        type            calculated;
        value           nonuniform List<scalar> 
50
(
-0.75
-0.75
-0.75
-0.75
-0.75
-0.75
-0.75
-0.75
-0.75
-0.75
-0.75
-0.75
-0.75
-0.75
-0.75
-0.75
-0.75
-0.75
-0.75
-0.75
-0.6
-0.6
-0.6
-0.6
-0.6
-0.6
-0.6
-0.6
-0.6
-0.6
-0.855
-0.855
-0.855
-0.855
-0.855
-0.855
-0.855
-0.855
-0.855
-0.855
-0.855
-0.855
-0.855
-0.855
-0.855
-0.855
-0.855
-0.855
-0.855
-0.855
)
;
    }
    outlet
    {
        type            calculated;
        value           nonuniform List<scalar> 
150
(
0.00151307
0.00318473
0.00511223
0.00703888
0.00892108
0.0107499
0.0125208
0.01423
0.0158732
0.0174464
0.018946
0.0203684
0.0217105
0.0229694
0.0241426
0.0252278
0.0262229
0.0271259
0.0279352
0.0286494
0.0233655
0.0237106
0.0240047
0.0242476
0.0244387
0.0245775
0.0246637
0.0246967
0.0246761
0.0246009
0.0348297
0.0344086
0.0338282
0.0330874
0.032186
0.0311244
0.0299037
0.0285256
0.0269928
0.0253088
0.0234781
0.021506
0.0193989
0.017164
0.0148095
0.012344
0.00977649
0.00711893
0.0044172
0.00198647
-0.000429282
0.0436237
0.065459
0.0258216
0.0384046
0.1533
0.225873
0.175341
0.119428
0.193705
0.360259
0.489262
0.499328
0.493373
0.562903
0.731024
0.910045
1.05534
1.13052
1.14798
1.02494
0.986687
0.935989
0.876379
0.810359
0.740504
0.669171
0.598635
0.530775
0.467045
0.389254
0.340937
0.29749
0.258828
0.224705
0.194766
0.168588
0.145727
0.125744
0.108226
0.092801
0.0791359
0.0669385
0.055953
0.0459542
0.0367414
0.0281312
0.0199483
0.0120385
0.00457741
-0.00126582
0.04419
0.066736
0.026374
0.041169
0.153545
0.225362
0.181006
0.11972
0.200282
0.361128
0.496468
0.498463
0.508918
0.555925
0.743353
0.906288
1.06007
1.12596
1.14204
1.01443
0.975653
0.926609
0.865996
0.796738
0.722178
0.645421
0.569698
0.497702
0.431447
0.354702
0.30708
0.265468
0.229446
0.198432
0.171778
0.148839
0.129017
0.111787
0.0966968
0.0833702
0.0714927
0.060803
0.0510821
0.0421432
0.0338235
0.0259757
0.018459
0.0111512
0.00424588
)
;
    }
    upAndBottom
    {
        type            empty;
        value           nonuniform 0();
    }
    obstacle
    {
        type            calculated;
        value           uniform 0;
    }
}


// ************************************************************************* //
