/*--------------------------------*- C++ -*----------------------------------*\
| =========                 |                                                 |
| \\      /  F ield         | OpenFOAM: The Open Source CFD Toolbox           |
|  \\    /   O peration     | Version:  v1806                                 |
|   \\  /    A nd           | Web:      www.OpenFOAM.com                      |
|    \\/     M anipulation  |                                                 |
\*---------------------------------------------------------------------------*/
FoamFile
{
    version     2.0;
    format      ascii;
    class       volScalarField;
    location    "400";
    object      p;
}
// * * * * * * * * * * * * * * * * * * * * * * * * * * * * * * * * * * * * * //

dimensions      [0 2 -2 0 0 0 0];


internalField   nonuniform List<scalar> 
5004
(
-0.00505295
-0.00505417
-0.00505417
-0.00505295
-0.00511069
-0.00511062
-0.00511062
-0.00511069
-0.0050295
-0.0050291
-0.0050291
-0.0050295
-0.00499795
-0.00499763
-0.00499763
-0.00499795
-0.00498855
-0.00498862
-0.00498862
-0.00498855
-0.00508282
-0.0050834
-0.0050834
-0.00508282
-0.00510937
-0.00510995
-0.00510995
-0.00510937
-0.00516081
-0.00516253
-0.00516253
-0.0051608
0.0208854
0.0208808
0.0208808
0.0208854
0.0215293
0.0215237
0.0215237
0.0215293
0.0218843
0.0218859
0.0218859
0.0218843
-0.00503588
-0.00503617
-0.00503617
-0.00503588
-0.00520202
-0.00520203
-0.00520203
-0.00520202
0.0154399
0.0154339
0.0154339
0.0154399
0.0172811
0.0172774
0.0172774
0.0172811
0.0134568
0.0134497
0.0134497
0.0134568
0.0337585
0.033781
0.033781
0.0337585
0.0389757
0.0389924
0.0389924
0.0389757
-0.00532851
-0.00532619
-0.00532619
-0.00532851
-0.00556713
-0.00556849
-0.00556849
-0.00556713
-0.00560999
-0.00560889
-0.00560889
-0.00560999
-0.00529235
-0.00528557
-0.00528557
-0.00529235
0.0175099
0.0175177
0.0175177
0.0175099
-0.00756321
-0.0075719
-0.0075719
-0.00756321
-0.00579951
-0.0057964
-0.0057964
-0.00579951
-0.00579233
-0.00579085
-0.00579085
-0.00579233
-0.00600322
-0.00600486
-0.00600486
-0.00600322
-0.00605811
-0.00605551
-0.00605551
-0.00605811
-0.00591105
-0.00590869
-0.00590869
-0.00591105
-0.00630466
-0.00630851
-0.00630851
-0.00630466
-0.00559482
-0.00558968
-0.00558968
-0.00559482
-0.00613997
-0.00613256
-0.00613256
-0.00613997
0.020844
0.0208469
0.0208469
0.020844
0.02321
0.0231793
0.0231793
0.02321
0.0257471
0.0257726
0.0257726
0.0257471
0.0213949
0.0213905
0.0213905
0.0213949
0.0194384
0.0194575
0.0194575
0.0194384
-0.00637329
-0.0063757
-0.0063757
-0.00637329
-0.0066621
-0.00666759
-0.00666759
-0.0066621
-0.0125418
-0.0125959
-0.0125959
-0.0125418
0.0245248
0.0245389
0.0245389
0.0245248
-0.00704148
-0.00704148
-0.00704148
-0.00704148
-0.00770977
-0.00770411
-0.00770411
-0.00770977
-0.00842028
-0.00841441
-0.00841441
-0.00842028
-0.00920085
-0.00919471
-0.00919471
-0.00920085
-0.0100619
-0.010054
-0.010054
-0.0100619
-0.011137
-0.0111277
-0.0111277
-0.011137
-0.0126218
-0.0126141
-0.0126141
-0.0126218
-0.0143445
-0.0143337
-0.0143337
-0.0143445
-0.0168969
-0.0168875
-0.0168875
-0.0168969
-0.0193122
-0.0192971
-0.0192971
-0.0193122
-0.0227677
-0.0228177
-0.0228177
-0.0227677
-0.0175532
-0.0175142
-0.0175142
-0.0175532
-0.0213585
-0.0213946
-0.0213946
-0.0213585
-0.00277961
-0.00277576
-0.00277576
-0.00277961
0.0126848
0.0127214
0.0127214
0.0126848
0.0160265
0.0160165
0.0160165
0.0160265
0.018983
0.0189976
0.0189976
0.018983
0.017708
0.0177015
0.0177015
0.017708
-0.00600282
-0.00600298
-0.00600298
-0.00600282
0.018829
0.018833
0.018833
0.018829
0.0249278
0.0249355
0.0249355
0.0249278
0.0270883
0.027083
0.027083
0.0270883
-0.00654402
-0.00655255
-0.00655255
-0.00654402
-0.00584671
-0.00584129
-0.00584129
-0.00584671
-0.00604982
-0.00605456
-0.00605456
-0.00604982
-0.00614414
-0.00614224
-0.00614224
-0.00614414
-0.00637791
-0.0063825
-0.0063825
-0.00637791
-0.00644143
-0.00644061
-0.00644061
-0.00644143
-0.00647966
-0.00647861
-0.00647861
-0.00647966
-0.00630959
-0.00630793
-0.00630793
-0.00630959
-0.00601367
-0.00601244
-0.00601244
-0.00601367
0.0169368
0.0169496
0.0169496
0.0169368
0.0158854
0.0158927
0.0158927
0.0158854
0.0283219
0.0283193
0.0283193
0.0283219
0.0344685
0.0345118
0.0345118
0.0344685
0.036405
0.0363917
0.0363917
0.036405
0.0498737
0.0499268
0.0499268
0.0498737
0.0143908
0.0143966
0.0143966
0.0143908
0.0189851
0.0189835
0.0189835
0.0189851
0.0167
0.0167039
0.0167039
0.0167
0.0164895
0.0164923
0.0164923
0.0164895
0.0157133
0.0157165
0.0157165
0.0157133
0.0145126
0.0145174
0.0145174
0.0145126
0.0131901
0.01319
0.01319
0.0131901
0.0253751
0.0253763
0.0253763
0.0253751
-0.00533046
-0.00533143
-0.00533143
-0.00533046
0.0142539
0.0142605
0.0142605
0.0142539
0.0142369
0.0142366
0.0142366
0.0142369
0.013983
0.0139952
0.0139952
0.013983
0.0117786
0.0117782
0.0117782
0.0117786
0.00653976
0.00651386
0.00651386
0.00653976
-0.000492254
-0.000497544
-0.000497544
-0.000492254
-0.0156431
-0.0157135
-0.0157135
-0.0156431
-0.0151327
-0.015114
-0.015114
-0.0151327
-0.0173401
-0.0173807
-0.0173807
-0.0173401
-0.0167084
-0.0167011
-0.0167011
-0.0167084
-0.0153711
-0.0153632
-0.0153632
-0.0153711
-0.0135577
-0.0135509
-0.0135509
-0.0135577
-0.012104
-0.0121003
-0.0121003
-0.012104
-0.0107504
-0.0107447
-0.0107447
-0.0107504
-0.00962673
-0.00961885
-0.00961885
-0.00962673
-0.00881358
-0.00881026
-0.00881026
-0.00881358
-0.0080821
-0.00807749
-0.00807749
-0.0080821
-0.00743455
-0.00743077
-0.00743077
-0.00743455
-0.00684547
-0.00684283
-0.00684283
-0.00684547
-0.0062846
-0.00627701
-0.00627701
-0.0062846
-0.00644854
-0.00646033
-0.00646033
-0.00644854
-0.00539927
-0.00538853
-0.00538853
-0.00539927
-0.00557453
-0.00557692
-0.00557692
-0.00557453
-0.00595757
-0.00596453
-0.00596453
-0.00595757
-0.00605141
-0.00604858
-0.00604858
-0.00605141
-0.00617541
-0.00617526
-0.00617526
-0.00617541
-0.0062592
-0.00626029
-0.00626029
-0.0062592
-0.00626718
-0.0062714
-0.0062714
-0.00626718
-0.00647813
-0.00648096
-0.00648096
-0.00647813
-0.00653598
-0.00653774
-0.00653774
-0.00653598
-0.00648559
-0.00648912
-0.00648912
-0.00648559
-0.00621806
-0.00621977
-0.00621977
-0.00621806
-0.0058392
-0.00584112
-0.00584112
-0.0058392
-0.00581539
-0.00581391
-0.00581391
-0.00581539
-0.00604036
-0.0060433
-0.0060433
-0.00604036
-0.00575885
-0.00575743
-0.00575743
-0.00575885
-0.00560225
-0.00560196
-0.00560196
-0.00560225
-0.00543915
-0.00544018
-0.00544018
-0.00543915
0.0297989
0.0298081
0.0298081
0.0297989
0.0338904
0.0338811
0.0338811
0.0338904
0.0128044
0.0128058
0.0128058
0.0128044
0.0380879
0.0380688
0.0380688
0.0380879
0.011903
0.0118988
0.0118988
0.011903
0.0433473
0.0433322
0.0433322
0.0433473
-0.00525357
-0.00525439
-0.00525439
-0.00525357
-0.0053838
-0.00538421
-0.00538421
-0.0053838
-0.00551527
-0.00551742
-0.00551742
-0.00551527
-0.00554667
-0.00554753
-0.00554753
-0.00554667
-0.00549283
-0.00549208
-0.00549208
-0.00549283
-0.00544295
-0.00544444
-0.00544444
-0.00544295
0.0453227
0.0453554
0.0453554
0.0453227
0.0291458
0.0291439
0.0291439
0.0291458
0.0252016
0.0252132
0.0252132
0.0252016
0.0216058
0.0216039
0.0216039
0.0216058
0.0188148
0.0188186
0.0188186
0.0188148
0.0164213
0.0164238
0.0164238
0.0164213
0.0144715
0.0144753
0.0144753
0.0144715
0.0147235
0.0147262
0.0147262
0.0147235
0.014607
0.0146124
0.0146124
0.014607
0.014101
0.0141044
0.0141044
0.014101
0.0132385
0.0132451
0.0132451
0.0132385
0.0122078
0.0122139
0.0122139
0.0122078
0.0111155
0.0111211
0.0111211
0.0111155
0.00997224
0.00997776
0.00997776
0.00997224
0.0105892
0.0105861
0.0105861
0.0105892
0.011276
0.011275
0.011275
0.011276
0.0116749
0.0116714
0.0116714
0.0116749
0.0117876
0.0117916
0.0117916
0.0117876
0.0114475
0.0114544
0.0114544
0.0114475
0.0104193
0.0104253
0.0104253
0.0104193
0.00865654
0.00866065
0.00866065
0.00865654
0.00418202
0.0041582
0.0041582
0.00418202
-3.88221e-05
-2.75618e-05
-2.75617e-05
-3.8822e-05
-0.00899663
-0.00903749
-0.00903749
-0.00899663
-0.0105518
-0.0105206
-0.0105206
-0.0105518
-0.0122022
-0.0121992
-0.0121992
-0.0122022
-0.0128074
-0.0127974
-0.0127974
-0.0128074
-0.0122888
-0.0122752
-0.0122752
-0.0122888
-0.0113151
-0.0113041
-0.0113041
-0.0113151
-0.0104388
-0.0104305
-0.0104305
-0.0104388
-0.00959263
-0.00958489
-0.00958489
-0.00959263
-0.00879754
-0.0087885
-0.0087885
-0.00879754
-0.00816286
-0.00815946
-0.00815946
-0.00816286
-0.0075316
-0.00752521
-0.00752521
-0.0075316
-0.00703366
-0.0070315
-0.0070315
-0.00703366
-0.00652321
-0.00651811
-0.00651811
-0.00652321
-0.00614338
-0.00614002
-0.00614002
-0.00614338
-0.00582963
-0.00582812
-0.00582812
-0.00582963
-0.00564019
-0.0056431
-0.0056431
-0.00564019
-0.00557162
-0.0055703
-0.0055703
-0.00557162
-0.00573209
-0.00573815
-0.00573815
-0.00573209
-0.00581963
-0.00582096
-0.00582096
-0.00581963
-0.00589856
-0.00590116
-0.00590116
-0.00589856
-0.00589548
-0.00589522
-0.00589522
-0.00589548
-0.00586874
-0.00587261
-0.00587261
-0.00586874
-0.00568634
-0.00568896
-0.00568896
-0.00568634
-0.0061213
-0.00612309
-0.00612309
-0.0061213
-0.00637103
-0.00637237
-0.00637237
-0.00637103
-0.00646035
-0.0064624
-0.0064624
-0.00646035
-0.00636861
-0.00636928
-0.00636928
-0.00636861
-0.00607025
-0.00607059
-0.00607059
-0.00607025
-0.00569926
-0.00570006
-0.00570007
-0.00569926
-0.00527383
-0.00527446
-0.00527446
-0.00527383
-0.00489297
-0.0048932
-0.0048932
-0.00489297
-0.00506543
-0.00506621
-0.00506621
-0.00506543
-0.00514827
-0.00514834
-0.00514834
-0.00514827
-0.00522189
-0.00522302
-0.00522302
-0.00522189
-0.00522256
-0.0052233
-0.0052233
-0.00522256
-0.00516057
-0.00516069
-0.00516069
-0.00516057
-0.00509477
-0.00509462
-0.00509462
-0.00509477
-0.00497645
-0.00497637
-0.00497637
-0.00497645
-0.00502926
-0.00502991
-0.00502991
-0.00502926
-0.00539874
-0.00539949
-0.00539949
-0.00539874
-0.00585457
-0.00585629
-0.00585629
-0.00585457
-0.00613092
-0.00613279
-0.00613279
-0.00613092
-0.00622186
-0.00622336
-0.00622336
-0.00622186
-0.00613023
-0.00613199
-0.00613199
-0.00613023
-0.00583565
-0.00583679
-0.00583679
-0.00583565
-0.00545557
-0.00545651
-0.00545651
-0.00545556
-0.00503414
-0.00503502
-0.00503502
-0.00503414
-0.0046624
-0.00466263
-0.00466263
-0.0046624
0.00885879
0.00886269
0.00886269
0.00885879
0.00936599
0.00936475
0.00936475
0.00936599
0.00974407
0.00974118
0.00974118
0.00974407
0.00984457
0.00984524
0.00984524
0.00984457
0.00959984
0.00960217
0.00960217
0.00959984
0.00914675
0.00915633
0.00915633
0.00914675
0.00799486
0.00799178
0.00799178
0.00799486
0.00653051
0.0065368
0.0065368
0.00653051
0.00299941
0.00297257
0.00297257
0.00299941
8.6251e-06
1.70359e-05
1.70359e-05
8.62513e-06
-0.00527791
-0.00532228
-0.00532228
-0.00527791
-0.00773586
-0.00772845
-0.00772845
-0.00773586
-0.0091709
-0.00916301
-0.00916301
-0.0091709
-0.00976216
-0.00976135
-0.00976135
-0.00976216
-0.00989484
-0.00989499
-0.00989499
-0.00989484
-0.00958826
-0.00958637
-0.00958637
-0.00958826
-0.00906072
-0.00905566
-0.00905566
-0.00906072
-0.00848201
-0.00847577
-0.00847577
-0.00848201
-0.00788037
-0.00787344
-0.00787344
-0.00788037
-0.00735045
-0.00734666
-0.00734666
-0.00735045
-0.00685239
-0.00684771
-0.00684771
-0.00685239
-0.0064362
-0.00643481
-0.00643481
-0.0064362
-0.00605098
-0.00604859
-0.00604859
-0.00605098
-0.00572415
-0.00572235
-0.00572235
-0.00572415
-0.00548416
-0.00548622
-0.00548622
-0.00548416
-0.00535412
-0.00535784
-0.00535784
-0.00535412
-0.00524236
-0.00523946
-0.00523946
-0.00524236
-0.00526974
-0.005273
-0.005273
-0.00526974
-0.00533186
-0.00533582
-0.00533582
-0.00533186
-0.0053788
-0.00538096
-0.00538096
-0.0053788
-0.00535436
-0.00535387
-0.00535387
-0.00535436
-0.00529014
-0.00529258
-0.00529258
-0.00529014
-0.00511034
-0.00511215
-0.00511215
-0.00511034
-0.00480793
-0.00480815
-0.00480815
-0.00480793
0.0356785
0.0356771
0.0356771
0.0356785
0.0332939
0.0332949
0.0332949
0.0332939
0.0128683
0.0128715
0.0128715
0.0128683
0.0131066
0.01311
0.01311
0.0131066
0.0130397
0.0130427
0.0130427
0.0130397
0.0126908
0.0126917
0.0126917
0.0126908
0.0120575
0.0120595
0.0120595
0.0120575
0.0112301
0.0112328
0.0112328
0.0112301
0.0102943
0.010298
0.010298
0.0102943
0.00931398
0.00931806
0.00931806
0.00931398
0.00833293
0.00833628
0.00833628
0.00833293
0.0296349
0.0296387
0.0296387
0.0296349
0.0264782
0.0264818
0.0264818
0.0264782
0.0234212
0.0234232
0.0234232
0.0234212
0.0205074
0.0205086
0.0205086
0.0205074
0.0179645
0.0179652
0.0179652
0.0179645
0.0158255
0.0158243
0.0158243
0.0158255
0.0139877
0.0139901
0.0139901
0.0139877
0.0123587
0.012362
0.012362
0.0123587
0.0231954
0.0232299
0.0232299
0.0231954
0.0281406
0.0281647
0.0281647
0.0281406
0.0271525
0.0271625
0.0271625
0.0271525
0.025613
0.0256195
0.0256195
0.025613
0.0234332
0.0234341
0.0234341
0.0234332
0.021146
0.0211457
0.0211457
0.021146
0.018816
0.0188159
0.0188159
0.018816
0.0166717
0.0166726
0.0166726
0.0166717
0.0147663
0.0147662
0.0147662
0.0147663
0.013087
0.0130902
0.0130902
0.013087
0.011623
0.0116253
0.0116253
0.011623
0.0103913
0.0103921
0.0103921
0.0103913
0.0110661
0.0110672
0.0110672
0.0110661
0.0115456
0.011546
0.011546
0.0115456
0.0117733
0.0117745
0.0117745
0.0117733
0.0117707
0.011773
0.011773
0.0117707
0.0115247
0.0115263
0.0115263
0.0115247
0.0110526
0.0110545
0.0110545
0.0110526
0.010406
0.0104089
0.0104089
0.010406
0.00961577
0.00962049
0.00962049
0.00961577
0.00875829
0.00876305
0.00876305
0.00875829
0.00787452
0.00787842
0.00787842
0.00787452
0.00697667
0.00697978
0.00697978
0.00697667
0.00737475
0.007377
0.007377
0.00737475
0.00772844
0.0077293
0.0077293
0.00772844
0.0080308
0.00803298
0.00803298
0.0080308
0.0081535
0.00815635
0.00815635
0.0081535
0.00820958
0.00821498
0.00821498
0.00820958
0.0077982
0.00779451
0.00779451
0.0077982
0.00724362
0.00725019
0.00725019
0.00724362
0.00612508
0.00611776
0.00611776
0.00612508
0.00477583
0.00478017
0.00478017
0.00477583
0.00226198
0.00223986
0.00223986
0.00226198
-8.6438e-05
-8.22562e-05
-8.22562e-05
-8.64379e-05
-0.00330563
-0.00333215
-0.00333215
-0.00330563
-0.00553816
-0.00554509
-0.00554509
-0.00553816
-0.00682805
-0.00682004
-0.00682004
-0.00682805
-0.00750969
-0.00750308
-0.00750308
-0.00750969
-0.00778176
-0.00778043
-0.00778043
-0.00778176
-0.0078129
-0.00780919
-0.00780919
-0.0078129
-0.00756379
-0.00755461
-0.00755461
-0.00756379
-0.00719556
-0.00718511
-0.00718511
-0.00719556
-0.00677396
-0.00676475
-0.00676475
-0.00677396
-0.00636741
-0.0063621
-0.0063621
-0.00636741
-0.00599942
-0.0059963
-0.0059963
-0.00599942
-0.00568033
-0.00567935
-0.00567935
-0.00568033
-0.00539552
-0.00539464
-0.00539464
-0.00539552
-0.00514901
-0.00514806
-0.00514806
-0.00514901
-0.00495818
-0.00495923
-0.00495923
-0.00495818
-0.00482667
-0.00482806
-0.00482806
-0.00482667
-0.00474959
-0.00474898
-0.00474898
-0.00474959
-0.00472846
-0.00472989
-0.00472989
-0.00472846
-0.00474276
-0.00474629
-0.00474629
-0.00474276
-0.00475513
-0.00475798
-0.00475798
-0.00475513
-0.00471642
-0.00471727
-0.00471727
-0.00471642
-0.00461382
-0.00461727
-0.00461727
-0.00461382
-0.00445911
-0.00446124
-0.00446124
-0.00445911
-0.0041777
-0.00417534
-0.00417534
-0.0041777
-0.00439767
-0.00439578
-0.00439578
-0.00439767
-0.00496389
-0.00496326
-0.00496326
-0.00496389
-0.00543454
-0.00543672
-0.00543672
-0.00543454
-0.00573009
-0.00573375
-0.00573375
-0.00573009
-0.00582762
-0.00583073
-0.00583073
-0.00582762
-0.00574053
-0.00574309
-0.00574309
-0.00574053
-0.00546283
-0.00546459
-0.00546459
-0.00546283
-0.00509647
-0.00509772
-0.00509772
-0.00509647
-0.00470638
-0.00470689
-0.00470689
-0.00470638
-0.00440125
-0.00440138
-0.00440138
-0.00440125
-0.00416729
-0.00416676
-0.00416676
-0.00416729
-0.00442393
-0.0044248
-0.0044248
-0.00442393
-0.00459371
-0.00459347
-0.00459347
-0.00459371
-0.00473962
-0.00474046
-0.00474046
-0.00473962
-0.00485971
-0.00486032
-0.00486032
-0.00485971
-0.0049563
-0.00495695
-0.00495695
-0.0049563
-0.00500844
-0.00500913
-0.00500913
-0.00500844
-0.00503264
-0.00503311
-0.00503311
-0.00503264
-0.00504645
-0.00504637
-0.00504637
-0.00504645
-0.00497508
-0.00497561
-0.00497561
-0.00497508
-0.00379149
-0.00378758
-0.00378758
-0.00379149
-0.00514905
-0.00514938
-0.00514938
-0.00514905
-0.00400974
-0.00400874
-0.00400874
-0.00400974
-0.00422497
-0.0042258
-0.0042258
-0.00422497
-0.00435996
-0.00435957
-0.00435957
-0.00435996
-0.00449628
-0.00449662
-0.00449662
-0.00449628
-0.00462265
-0.00462292
-0.00462292
-0.00462265
-0.00474273
-0.00474298
-0.00474298
-0.00474273
-0.00485868
-0.00485912
-0.00485912
-0.00485868
-0.00495361
-0.00495398
-0.00495398
-0.00495361
-0.00502161
-0.00502137
-0.00502137
-0.00502161
-0.00511407
-0.00511517
-0.00511517
-0.00511407
-0.00517892
-0.00517894
-0.00517894
-0.00517892
-0.00529482
-0.00529667
-0.00529667
-0.00529482
-0.0052092
-0.00521142
-0.00521142
-0.0052092
-0.00534239
-0.00534305
-0.00534305
-0.00534239
-0.00334403
-0.00334174
-0.00334174
-0.00334403
-0.00390184
-0.00390064
-0.00390064
-0.00390184
-0.00441537
-0.00441515
-0.00441515
-0.00441537
-0.00483873
-0.00483945
-0.00483945
-0.00483873
-0.00511876
-0.00512064
-0.00512064
-0.00511876
-0.00522025
-0.00522249
-0.00522249
-0.00522025
-0.00513738
-0.00513911
-0.00513911
-0.00513738
-0.00489939
-0.00490072
-0.00490072
-0.00489939
-0.0045967
-0.00459761
-0.00459761
-0.0045967
-0.00430229
-0.00430255
-0.00430255
-0.00430229
-0.00408507
-0.00408462
-0.00408462
-0.00408507
-0.00394435
-0.00394374
-0.00394374
-0.00394435
-0.00388053
-0.00388063
-0.00388063
-0.00388053
0.00604621
0.00604843
0.00604843
0.00604621
0.00633551
0.00633797
0.00633797
0.00633551
0.0065357
0.00653659
0.00653659
0.0065357
0.00669932
0.00670333
0.00670333
0.00669932
0.00672832
0.00673113
0.00673113
0.00672832
0.00666828
0.00667297
0.00667297
0.00666828
0.00626511
0.00626081
0.00626081
0.00626511
0.00569624
0.0057002
0.0057002
0.00569624
0.00467054
0.00466516
0.00466516
0.00467054
0.00352794
0.00353379
0.00353379
0.00352794
0.00176864
0.0017553
0.0017553
0.00176864
-6.91517e-05
-6.96387e-05
-6.96386e-05
-6.91517e-05
-0.00211481
-0.00212956
-0.00212956
-0.00211481
-0.00387167
-0.00388147
-0.00388147
-0.00387167
-0.00505495
-0.00504987
-0.00504987
-0.00505495
-0.00570001
-0.0056908
-0.0056908
-0.00570001
-0.00604417
-0.00603964
-0.00603964
-0.00604417
-0.00618171
-0.00617888
-0.00617888
-0.00618171
-0.00614129
-0.00613508
-0.00613508
-0.00614129
-0.00595512
-0.00594636
-0.00594636
-0.00595512
-0.00569002
-0.00568203
-0.00568203
-0.00569002
-0.00540904
-0.00540436
-0.00540436
-0.00540904
-0.00513753
-0.00513544
-0.00513544
-0.00513753
-0.0048894
-0.00488903
-0.00488903
-0.0048894
-0.00467066
-0.00467126
-0.00467126
-0.00467066
-0.00448609
-0.00448703
-0.00448703
-0.00448609
-0.0043367
-0.00433687
-0.00433687
-0.0043367
-0.00422173
-0.00422167
-0.00422167
-0.00422173
-0.00414724
-0.0041469
-0.0041469
-0.00414724
-0.00410449
-0.00410482
-0.00410482
-0.00410449
-0.00406939
-0.00407191
-0.00407191
-0.00406939
-0.00403758
-0.00404175
-0.00404175
-0.00403758
-0.00398145
-0.00398468
-0.00398468
-0.00398145
-0.00388152
-0.00388333
-0.00388333
-0.00388152
-0.00372842
-0.00372837
-0.00372837
-0.00372842
-0.00350573
-0.00350314
-0.00350314
-0.00350573
-0.00318807
-0.00318408
-0.00318408
-0.00318807
-0.00281161
-0.00280873
-0.00280873
-0.00281161
0.00937531
0.00937438
0.00937438
0.00937531
0.0100205
0.0100198
0.0100198
0.0100205
0.0104691
0.0104687
0.0104687
0.0104691
0.010699
0.0106995
0.0106995
0.010699
0.0107153
0.0107161
0.0107161
0.0107153
0.0105366
0.010537
0.010537
0.0105366
0.0101688
0.0101681
0.0101681
0.0101688
0.00964256
0.00964167
0.00964167
0.00964256
0.00898432
0.00898466
0.00898466
0.00898432
0.00823948
0.0082408
0.0082408
0.00823948
0.00744287
0.00744451
0.00744451
0.00744287
0.0066167
0.00661825
0.00661825
0.0066167
0.00576858
0.00576997
0.00576997
0.00576858
0.0188304
0.0188468
0.0188468
0.0188304
0.0219246
0.0219484
0.0219484
0.0219246
0.0219122
0.0219287
0.0219287
0.0219122
0.0214298
0.0214386
0.0214386
0.0214298
0.0201178
0.0201175
0.0201175
0.0201178
0.0184687
0.0184694
0.0184694
0.0184687
0.0166753
0.0166747
0.0166747
0.0166753
0.0149393
0.0149402
0.0149402
0.0149393
0.0133351
0.0133368
0.0133368
0.0133351
0.0118768
0.0118799
0.0118799
0.0118768
0.0105783
0.0105798
0.0105798
0.0105783
0.00948743
0.00948871
0.00948871
0.00948743
0.00854433
0.00854322
0.00854322
0.00854433
0.0119945
0.0119884
0.0119884
0.0119945
0.000485902
0.000469542
0.000469542
0.000485903
-0.00715939
-0.00714958
-0.00714958
-0.00715939
-0.00543987
-0.00543992
-0.00543992
-0.00543987
-0.00380551
-0.00380547
-0.00380547
-0.00380551
-0.00390362
-0.00390261
-0.00390261
-0.00390362
-0.00406383
-0.00406431
-0.00406431
-0.00406383
-0.00420098
-0.00420116
-0.00420116
-0.00420098
-0.00432594
-0.00432636
-0.00432636
-0.00432594
-0.004449
-0.0044494
-0.0044494
-0.004449
-0.00460991
-0.00461091
-0.00461091
-0.00460991
-0.00474199
-0.00474261
-0.00474261
-0.00474199
-0.00490195
-0.00490323
-0.00490323
-0.00490195
-0.00499698
-0.00499712
-0.00499712
-0.00499698
-0.0051257
-0.00512718
-0.00512718
-0.0051257
-0.00518907
-0.00518863
-0.00518863
-0.00518907
-0.00537371
-0.00537612
-0.00537612
-0.00537371
-0.00535375
-0.00535145
-0.00535145
-0.00535375
0.00195168
0.00195637
0.00195637
0.00195167
0.00865191
0.00862788
0.00862788
0.00865191
0.0142931
0.0143002
0.0143002
0.0142931
0.0167006
0.0167177
0.0167177
0.0167006
0.0173823
0.0173983
0.0173983
0.0173823
0.0173766
0.0173855
0.0173855
0.0173766
0.0166813
0.0166829
0.0166829
0.0166813
0.0155903
0.0155908
0.0155908
0.0155903
0.0142742
0.0142735
0.0142735
0.0142742
0.0129164
0.0129168
0.0129168
0.0129164
0.0115997
0.0116006
0.0116006
0.0115997
0.0103913
0.010393
0.010393
0.0103913
0.00931893
0.00931994
0.00931994
0.00931893
0.00837058
0.0083719
0.0083719
0.00837058
0.0075493
0.00754855
0.00754855
0.0075493
0.0068833
0.00688064
0.00688064
0.0068833
0.00779029
0.00778749
0.00778749
0.00779029
0.00855341
0.00855118
0.00855118
0.00855341
0.00915537
0.00915338
0.00915338
0.00915537
0.00957611
0.00957534
0.00957534
0.00957611
0.00980959
0.00980948
0.00980948
0.00980959
0.00985585
0.0098563
0.0098563
0.00985585
0.00972933
0.00972979
0.00972979
0.00972933
0.0094419
0.00944204
0.00944204
0.0094419
0.00900886
0.00900889
0.00900889
0.00900886
0.00845375
0.00845366
0.00845366
0.00845375
0.00780544
0.00780515
0.00780515
0.00780544
0.0070845
0.00708424
0.00708424
0.0070845
0.00631976
0.00631925
0.00631925
0.00631976
0.00552498
0.00552432
0.00552432
0.00552498
0.00470486
0.00470453
0.00470453
0.00470486
0.00490082
0.00490277
0.00490277
0.00490082
0.00509772
0.00509961
0.00509961
0.00509772
0.00528859
0.00529085
0.00529085
0.00528859
0.00539949
0.00540046
0.00540046
0.00539949
0.00547712
0.00548107
0.00548107
0.00547712
0.00543591
0.00543787
0.00543787
0.00543591
0.00530316
0.0053072
0.0053072
0.00530316
0.00494639
0.00494453
0.00494453
0.00494639
0.00441986
0.00442257
0.00442257
0.00441986
0.00359351
0.0035909
0.0035909
0.00359351
0.00263216
0.0026365
0.0026365
0.00263216
0.00137001
0.00136399
0.00136399
0.00137001
2.96073e-05
2.43683e-05
2.43683e-05
2.96073e-05
-0.00140234
-0.00141339
-0.00141339
-0.00140234
-0.00270769
-0.00271807
-0.00271807
-0.00270769
-0.0036942
-0.00369593
-0.00369593
-0.0036942
-0.00431528
-0.00430911
-0.00430911
-0.00431528
-0.00465223
-0.00464651
-0.00464651
-0.00465223
-0.00483969
-0.0048363
-0.0048363
-0.00483969
-0.00487842
-0.00487376
-0.00487376
-0.00487842
-0.00480392
-0.0047979
-0.0047979
-0.00480392
-0.00465901
-0.00465285
-0.00465285
-0.00465901
-0.00447261
-0.00446837
-0.00446837
-0.00447261
-0.00427627
-0.00427416
-0.00427416
-0.00427627
-0.00408306
-0.0040827
-0.0040827
-0.00408306
-0.003916
-0.00391712
-0.00391712
-0.003916
-0.0037809
-0.00378194
-0.00378194
-0.0037809
-0.00366102
-0.00366043
-0.00366043
-0.00366102
-0.00356028
-0.00355906
-0.00355906
-0.00356028
-0.00348194
-0.0034812
-0.0034812
-0.00348194
-0.00342381
-0.00342466
-0.00342466
-0.00342381
-0.00337658
-0.00337917
-0.00337917
-0.00337658
-0.00333021
-0.00333386
-0.00333386
-0.00333021
-0.00326878
-0.00327167
-0.00327167
-0.00326878
-0.00317642
-0.00317778
-0.00317778
-0.00317642
-0.00304379
-0.00304356
-0.00304356
-0.00304379
-0.00286328
-0.00286123
-0.00286123
-0.00286328
-0.00261264
-0.00260933
-0.00260933
-0.00261264
-0.00231198
-0.00230898
-0.00230898
-0.00231198
-0.00197385
-0.00197126
-0.00197126
-0.00197385
-0.00239532
-0.0023933
-0.0023933
-0.00239532
-0.00284825
-0.00284685
-0.00284685
-0.00284825
-0.00332174
-0.00332066
-0.00332066
-0.00332175
-0.00376093
-0.00376075
-0.00376075
-0.00376093
-0.00412037
-0.00412122
-0.00412122
-0.00412037
-0.00434659
-0.00434787
-0.00434787
-0.00434659
-0.00442398
-0.0044254
-0.0044254
-0.00442398
-0.00435406
-0.00435542
-0.00435542
-0.00435406
-0.0041754
-0.00417654
-0.00417654
-0.0041754
-0.00397317
-0.00397376
-0.00397376
-0.00397317
-0.00382418
-0.00382406
-0.00382406
-0.00382418
-0.00374815
-0.0037479
-0.0037479
-0.00374815
-0.00372663
-0.00372716
-0.00372716
-0.00372663
-0.00371982
-0.00372046
-0.00372046
-0.00371982
-0.00367012
-0.00367034
-0.00367034
-0.00367012
-0.00355029
-0.00355082
-0.00355082
-0.00355029
-0.00367596
-0.003676
-0.003676
-0.00367596
-0.00377259
-0.0037711
-0.0037711
-0.00377259
-0.00390511
-0.00390524
-0.00390524
-0.00390511
-0.00402375
-0.00402347
-0.00402347
-0.00402375
-0.00414437
-0.00414412
-0.00414412
-0.00414437
-0.00427252
-0.0042715
-0.0042715
-0.00427252
-0.00443149
-0.0044314
-0.0044314
-0.00443149
-0.00459135
-0.0045906
-0.0045906
-0.00459135
-0.00477087
-0.00477151
-0.00477151
-0.00477087
-0.00492052
-0.00492025
-0.00492025
-0.00492052
-0.0050892
-0.00509118
-0.00509118
-0.0050892
-0.00520013
-0.00519967
-0.00519967
-0.00520013
-0.00544949
-0.00545403
-0.00545403
-0.00544949
-0.0055638
-0.00556314
-0.00556314
-0.0055638
-0.00599722
-0.00600038
-0.00600038
-0.00599722
-0.00608216
-0.00609085
-0.00609085
-0.00608216
-0.00561307
-0.00560655
-0.00560655
-0.00561307
-0.00628087
-0.00627471
-0.00627471
-0.00628087
-0.00797742
-0.00798409
-0.00798409
-0.00797742
-0.00819841
-0.00821762
-0.00821762
-0.00819841
-0.00726827
-0.00725532
-0.00725532
-0.00726827
0.00386811
0.00386811
0.00386811
0.00386811
0.00401112
0.00401365
0.00401365
0.00401112
0.00414941
0.00415155
0.00415155
0.00414941
0.00426834
0.00427037
0.00427037
0.00426834
0.00432707
0.00432775
0.00432775
0.00432707
0.00434552
0.00434834
0.00434834
0.00434552
0.00427228
0.00427377
0.00427377
0.00427228
0.00411411
0.00411759
0.00411759
0.00411411
0.00380945
0.0038098
0.0038098
0.00380945
0.00336626
0.00336796
0.00336796
0.00336626
0.00272904
0.00272746
0.00272746
0.00272904
0.00196665
0.00196761
0.00196761
0.00196665
0.0010601
0.00105652
0.00105652
0.0010601
6.71288e-05
6.03313e-05
6.03313e-05
6.71288e-05
-0.000956248
-0.000965413
-0.000965413
-0.000956248
-0.00190301
-0.0019116
-0.0019116
-0.00190301
-0.0026662
-0.00266958
-0.00266958
-0.0026662
-0.00319867
-0.00319537
-0.00319537
-0.00319867
-0.00352188
-0.00351612
-0.00351612
-0.00352188
-0.00370332
-0.00369867
-0.00369867
-0.00370332
-0.00377135
-0.00376711
-0.00376711
-0.00377135
-0.00375452
-0.00375021
-0.00375021
-0.00375452
-0.00367475
-0.00367045
-0.00367045
-0.00367475
-0.00355928
-0.00355602
-0.00355602
-0.00355928
-0.00342777
-0.00342589
-0.00342589
-0.00342777
-0.00328985
-0.00328932
-0.00328932
-0.00328985
-0.00316528
-0.00316579
-0.00316579
-0.00316528
-0.00305964
-0.00305982
-0.00305982
-0.00305964
-0.00296539
-0.00296467
-0.00296467
-0.00296539
-0.00288391
-0.00288292
-0.00288292
-0.00288391
-0.00281284
-0.00281241
-0.00281241
-0.00281284
-0.00275615
-0.00275727
-0.00275727
-0.00275615
-0.00270895
-0.00271119
-0.00271119
-0.00270895
-0.00266143
-0.002664
-0.002664
-0.00266143
-0.00260098
-0.00260283
-0.00260283
-0.00260098
-0.00251451
-0.00251543
-0.00251543
-0.00251451
-0.00240275
-0.00240298
-0.00240298
-0.00240275
-0.00225406
-0.00225339
-0.00225339
-0.00225406
-0.00207186
-0.00206977
-0.00206977
-0.00207186
-0.00184579
-0.00184294
-0.00184294
-0.00184579
-0.0015796
-0.00157668
-0.00157668
-0.0015796
-0.00129823
-0.00129627
-0.00129627
-0.00129824
-0.001619
-0.00161758
-0.00161758
-0.001619
-0.00196461
-0.00196369
-0.00196369
-0.00196461
-0.00233026
-0.00232973
-0.00232973
-0.00233026
-0.00269845
-0.00269823
-0.00269823
-0.00269845
-0.00303436
-0.00303456
-0.00303456
-0.00303436
-0.00329926
-0.00330003
-0.00330003
-0.00329926
-0.00345501
-0.00345605
-0.00345605
-0.00345501
-0.00349289
-0.00349393
-0.00349393
-0.00349289
-0.00342592
-0.00342684
-0.00342684
-0.00342592
-0.00331354
-0.00331425
-0.00331425
-0.00331354
-0.00324682
-0.00324699
-0.00324699
-0.00324682
-0.00327217
-0.00327199
-0.00327199
-0.00327217
-0.00336133
-0.00336088
-0.00336088
-0.00336133
-0.00344519
-0.00344434
-0.00344434
-0.00344519
-0.00348774
-0.00348691
-0.00348691
-0.00348774
-0.0034628
-0.00346214
-0.00346214
-0.0034628
-0.00333039
-0.00332975
-0.00332975
-0.00333039
-0.0105857
-0.0105978
-0.0105978
-0.0105857
-0.0122699
-0.0122703
-0.0122703
-0.0122699
-0.0140992
-0.0141044
-0.0141044
-0.0140992
-0.0136997
-0.0137029
-0.0137029
-0.0136997
-0.00964835
-0.00964917
-0.00964917
-0.00964835
-0.00374184
-0.00375148
-0.00375148
-0.00374183
0.00198157
0.00197799
0.00197799
0.00198158
0.00655412
0.00655458
0.00655458
0.00655412
0.0102697
0.0102706
0.0102706
0.0102697
0.0124656
0.0124788
0.0124788
0.0124656
0.0133876
0.0134
0.0134
0.0133876
0.0136659
0.0136757
0.0136757
0.0136659
0.0133425
0.013346
0.013346
0.0133425
0.0126428
0.0126448
0.0126448
0.0126428
0.011712
0.0117119
0.0117119
0.011712
0.0107077
0.0107074
0.0107074
0.0107077
0.00969745
0.00969651
0.00969651
0.00969745
0.00874379
0.0087438
0.0087438
0.00874379
0.00786169
0.00786272
0.00786272
0.00786169
0.00708494
0.00708646
0.00708646
0.00708494
0.00640062
0.00640014
0.00640014
0.00640062
0.00584727
0.00584502
0.00584502
0.00584727
0.00538752
0.00538478
0.00538478
0.00538752
0.00634187
0.00633854
0.00633854
0.00634187
0.00718818
0.00718468
0.00718468
0.00718818
0.00789927
0.00789626
0.00789626
0.00789927
0.00845955
0.00845747
0.00845747
0.00845955
0.00885817
0.00885703
0.00885703
0.00885817
0.00909273
0.0090922
0.0090922
0.00909273
0.00916148
0.00916113
0.00916113
0.00916148
0.00907253
0.00907198
0.00907198
0.00907253
0.00883781
0.00883659
0.00883659
0.00883781
0.00847069
0.0084689
0.0084689
0.00847069
0.00799246
0.0079901
0.0079901
0.00799246
0.00742264
0.00741984
0.00741984
0.00742264
0.00677756
0.00677465
0.00677465
0.00677756
0.00607312
0.00607036
0.00607036
0.00607312
0.00532473
0.00532233
0.00532233
0.00532473
0.00455165
0.00454966
0.00454966
0.00455165
0.00375214
0.00375055
0.00375055
0.00375214
0.00293941
0.00293827
0.00293827
0.00293941
0.00301486
0.0030153
0.0030153
0.00301486
0.00311161
0.00311422
0.00311422
0.00311161
0.00320926
0.00321135
0.00321135
0.00320926
0.00328338
0.00328481
0.00328481
0.00328338
0.00330904
0.00330916
0.00330916
0.00330904
0.00329629
0.00329778
0.00329778
0.00329629
0.00321567
0.00321701
0.00321701
0.00321567
0.00307243
0.00307543
0.00307543
0.00307243
0.00282725
0.00282834
0.00282834
0.00282725
0.00247746
0.00247845
0.00247845
0.00247746
0.00200173
0.00200049
0.00200049
0.00200173
0.00143401
0.00143307
0.00143307
0.00143401
0.000784423
0.000781184
0.000781184
0.000784423
7.19621e-05
6.62338e-05
6.62338e-05
7.19622e-05
-0.000648823
-0.000655531
-0.000655531
-0.000648823
-0.00131714
-0.00132297
-0.00132297
-0.00131714
-0.00187636
-0.00187906
-0.00187906
-0.00187636
-0.00229185
-0.00229026
-0.00229026
-0.00229185
-0.00256378
-0.00255936
-0.00255936
-0.00256378
-0.00272257
-0.0027182
-0.0027182
-0.00272257
-0.00279551
-0.00279208
-0.00279208
-0.00279551
-0.00280341
-0.00280048
-0.00280048
-0.00280341
-0.00276462
-0.00276187
-0.00276187
-0.00276462
-0.00269546
-0.0026931
-0.0026931
-0.00269546
-0.00260963
-0.00260799
-0.00260799
-0.00260963
-0.00251796
-0.00251715
-0.00251715
-0.00251796
-0.00243052
-0.00243016
-0.00243016
-0.00243052
-0.00235143
-0.00235112
-0.00235112
-0.00235143
-0.00228034
-0.00227987
-0.00227987
-0.00228034
-0.00221779
-0.0022174
-0.0022174
-0.00221779
-0.0021626
-0.00216268
-0.00216268
-0.0021626
-0.00211519
-0.00211613
-0.00211613
-0.00211519
-0.00207285
-0.00207434
-0.00207434
-0.00207285
-0.00202917
-0.00203075
-0.00203075
-0.00202917
-0.00197526
-0.00197641
-0.00197641
-0.00197526
-0.00190537
-0.00190606
-0.00190606
-0.00190537
-0.00181499
-0.00181509
-0.00181509
-0.00181499
-0.00170323
-0.00170277
-0.00170277
-0.00170323
-0.00156494
-0.00156368
-0.00156368
-0.00156494
-0.00140191
-0.00139975
-0.00139975
-0.00140191
-0.00120904
-0.00120627
-0.00120627
-0.00120904
-0.000992658
-0.000990517
-0.000990517
-0.000992658
-0.000767591
-0.000766516
-0.000766515
-0.000767591
-0.00100035
-0.000999072
-0.000999072
-0.00100035
-0.00125015
-0.00124884
-0.00124884
-0.00125015
-0.00151202
-0.00151058
-0.00151058
-0.00151202
-0.0017803
-0.00177868
-0.00177868
-0.0017803
-0.00203851
-0.00203682
-0.00203682
-0.00203851
-0.00226197
-0.00226044
-0.00226044
-0.00226197
-0.00242152
-0.00242066
-0.00242066
-0.00242152
-0.00249363
-0.00249332
-0.00249332
-0.00249363
-0.00247874
-0.00247888
-0.00247888
-0.00247874
-0.0024105
-0.00241107
-0.00241107
-0.0024105
-0.00237067
-0.00237134
-0.00237134
-0.00237067
-0.00244271
-0.00244339
-0.00244339
-0.00244271
-0.00264578
-0.00264749
-0.00264749
-0.00264578
-0.00291311
-0.00291533
-0.00291533
-0.00291311
-0.00313536
-0.00313776
-0.00313776
-0.00313536
-0.00321682
-0.00321943
-0.00321944
-0.00321682
-0.00317946
-0.00318209
-0.00318209
-0.00317946
-0.00302449
-0.00302699
-0.00302699
-0.00302449
-0.0027323
-0.00273509
-0.00273509
-0.0027323
-0.00305313
-0.00305218
-0.00305218
-0.00305313
-0.00329386
-0.00329542
-0.00329543
-0.00329386
-0.00344764
-0.00344823
-0.00344823
-0.00344764
-0.00355974
-0.00355874
-0.00355874
-0.00355974
-0.00369336
-0.00369386
-0.00369386
-0.00369336
-0.00381892
-0.00381894
-0.00381894
-0.00381892
-0.00395826
-0.00395858
-0.00395858
-0.00395826
-0.0041144
-0.00411511
-0.00411511
-0.0041144
-0.00428789
-0.00428921
-0.00428921
-0.00428789
-0.00446331
-0.00446466
-0.00446466
-0.00446331
-0.00464234
-0.00464418
-0.00464418
-0.00464234
-0.00480047
-0.00480091
-0.00480091
-0.00480047
-0.00494761
-0.00494977
-0.00494977
-0.00494761
-0.00502258
-0.00502122
-0.00502122
-0.00502258
-0.00515323
-0.00515642
-0.00515642
-0.00515323
-0.00515674
-0.00515594
-0.00515594
-0.00515674
-0.00542154
-0.00542371
-0.00542371
-0.00542154
-0.00584848
-0.00583833
-0.00583833
-0.00584848
-0.00709663
-0.00710602
-0.00710602
-0.00709663
-0.00766048
-0.00765298
-0.00765298
-0.00766048
-0.00884743
-0.00886303
-0.00886303
-0.00884743
-0.00956263
-0.00957821
-0.00957821
-0.00956263
-0.00968849
-0.00968944
-0.00968944
-0.00968849
-0.00885132
-0.00884671
-0.00884671
-0.00885132
-0.00639612
-0.00638638
-0.00638638
-0.00639612
-0.00295643
-0.00295582
-0.00295582
-0.00295642
0.00115226
0.00114508
0.00114508
0.00115226
0.00477759
0.00477524
0.00477524
0.00477759
0.00731096
0.00731349
0.00731349
0.00731096
0.00902238
0.00903365
0.00903365
0.00902238
0.00990873
0.00991968
0.00991968
0.00990873
0.0102804
0.0102905
0.0102905
0.0102804
0.0101723
0.0101773
0.0101773
0.0101723
0.00975721
0.00976014
0.00976014
0.00975721
0.00912706
0.00912734
0.00912734
0.00912706
0.0084123
0.00841156
0.00841156
0.0084123
0.00767049
0.00766881
0.00766881
0.00767049
0.00695029
0.00694964
0.00694964
0.00695029
0.00626926
0.00626985
0.00626985
0.00626926
0.00565518
0.00565637
0.00565637
0.00565518
0.00512965
0.00512898
0.00512898
0.00512965
0.00469795
0.00469624
0.00469624
0.00469795
0.00433559
0.00433413
0.00433413
0.00433559
0.00401897
0.00401758
0.00401758
0.00401897
0.00501386
0.00501107
0.00501107
0.00501386
0.00591747
0.00591419
0.00591419
0.00591747
0.0067176
0.0067144
0.0067144
0.0067176
0.00738785
0.00738507
0.00738507
0.00738785
0.00791753
0.00791553
0.00791553
0.00791753
0.00830231
0.00830112
0.00830112
0.00830231
0.00853737
0.0085366
0.0085366
0.00853737
0.00862377
0.00862319
0.00862319
0.00862377
0.00856521
0.00856461
0.00856461
0.00856521
0.00837294
0.00837202
0.00837202
0.00837294
0.00805703
0.00805566
0.00805566
0.00805703
0.00763325
0.00763123
0.00763123
0.00763325
0.0071172
0.00711446
0.00711446
0.0071172
0.00652484
0.00652139
0.00652139
0.00652484
0.00586851
0.0058647
0.0058647
0.00586851
0.0051631
0.00515913
0.00515913
0.0051631
0.00441925
0.00441563
0.00441563
0.00441925
0.00365159
0.00364846
0.00364846
0.00365159
0.00286909
0.00286667
0.00286667
0.00286909
0.00206584
0.00206479
0.00206479
0.00206584
0.00211541
0.00211518
0.00211518
0.00211541
0.00216115
0.00216204
0.00216204
0.00216115
0.00222702
0.00222897
0.00222897
0.00222702
0.00228643
0.00228758
0.00228758
0.00228643
0.00232705
0.00232764
0.00232764
0.00232705
0.00233541
0.00233533
0.00233533
0.00233541
0.00231294
0.00231384
0.00231384
0.00231294
0.0022448
0.00224593
0.00224593
0.0022448
0.0021302
0.00213218
0.00213218
0.0021302
0.00194874
0.00194975
0.00194975
0.00194874
0.00169808
0.0016987
0.0016987
0.00169808
0.00136937
0.00136855
0.00136855
0.00136937
0.000978241
0.000976955
0.000976955
0.000978241
0.000534866
0.000532344
0.000532344
0.000534866
5.87129e-05
5.48445e-05
5.48445e-05
5.87129e-05
-0.000419349
-0.000423733
-0.000423733
-0.000419349
-0.000864638
-0.000868457
-0.000868457
-0.000864638
-0.00124422
-0.00124624
-0.00124624
-0.00124422
-0.00153643
-0.00153587
-0.00153587
-0.00153643
-0.0017368
-0.00173414
-0.00173414
-0.0017368
-0.00185867
-0.00185561
-0.00185561
-0.00185867
-0.00192093
-0.00191852
-0.00191852
-0.00192093
-0.0019383
-0.00193646
-0.00193646
-0.0019383
-0.00192239
-0.00192075
-0.00192075
-0.00192239
-0.00188339
-0.00188186
-0.00188186
-0.00188339
-0.00183082
-0.0018296
-0.0018296
-0.00183082
-0.00177275
-0.00177193
-0.00177193
-0.00177275
-0.00171438
-0.00171388
-0.00171388
-0.00171438
-0.00165967
-0.00165945
-0.00165945
-0.00165967
-0.00161027
-0.00161021
-0.00161021
-0.00161027
-0.0015664
-0.00156652
-0.00156652
-0.0015664
-0.00152751
-0.00152787
-0.00152787
-0.00152751
-0.00149258
-0.00149327
-0.00149327
-0.00149258
-0.00145921
-0.00146016
-0.00146016
-0.00145921
-0.00142419
-0.00142525
-0.00142525
-0.0014242
-0.00138287
-0.00138379
-0.00138379
-0.00138287
-0.00133204
-0.0013327
-0.0013327
-0.00133204
-0.00126761
-0.0012678
-0.0012678
-0.00126761
-0.00118874
-0.00118858
-0.00118858
-0.00118874
-0.00109146
-0.00109071
-0.00109071
-0.00109146
-0.000979825
-0.000978673
-0.000978673
-0.000979825
-0.000848621
-0.000846835
-0.000846835
-0.000848621
-0.000701036
-0.000699591
-0.000699591
-0.000701036
-0.000546277
-0.000545474
-0.000545474
-0.000546277
-0.000393881
-0.000393792
-0.000393792
-0.000393881
-0.000550731
-0.000550968
-0.000550968
-0.000550731
-0.000715075
-0.000715361
-0.000715361
-0.000715075
-0.000889479
-0.000889555
-0.000889555
-0.000889479
-0.00106706
-0.00106661
-0.00106661
-0.00106706
-0.00124123
-0.00124011
-0.00124011
-0.00124123
-0.00139734
-0.00139553
-0.00139553
-0.00139734
-0.00151508
-0.00151286
-0.00151286
-0.00151508
-0.00157517
-0.00157326
-0.00157326
-0.00157517
-0.00156499
-0.00156356
-0.00156356
-0.00156499
-0.00149323
-0.00149191
-0.00149191
-0.00149323
-0.00140478
-0.00140303
-0.00140303
-0.00140478
-0.00140633
-0.00140366
-0.00140366
-0.00140633
-0.00158835
-0.0015854
-0.0015854
-0.00158835
-0.00191137
-0.00190837
-0.00190837
-0.00191137
-0.00226452
-0.00226177
-0.00226177
-0.00226452
-0.00249553
-0.00249245
-0.00249245
-0.00249553
-0.00263334
-0.0026306
-0.0026306
-0.00263334
-0.00260693
-0.00260346
-0.00260346
-0.00260693
-0.00246265
-0.00246007
-0.00246007
-0.00246265
-0.00219847
-0.00219765
-0.00219765
-0.00219847
-0.00177147
-0.00177071
-0.00177071
-0.00177147
-0.00223811
-0.00223952
-0.00223952
-0.00223811
-0.00254864
-0.00254868
-0.00254868
-0.00254864
-0.0027797
-0.00278092
-0.00278092
-0.0027797
-0.00293978
-0.00294049
-0.00294049
-0.00293978
-0.00307911
-0.00307966
-0.00307966
-0.00307911
-0.00319516
-0.00319506
-0.00319506
-0.00319516
-0.00331295
-0.00331279
-0.00331279
-0.00331295
-0.00343433
-0.0034337
-0.0034337
-0.00343433
-0.00356635
-0.00356507
-0.00356507
-0.00356635
-0.00371161
-0.00370914
-0.00370914
-0.00371161
-0.00387947
-0.00387721
-0.00387721
-0.00387947
-0.00405557
-0.00405409
-0.00405409
-0.00405557
-0.00421636
-0.00421547
-0.00421547
-0.00421636
-0.00435797
-0.00435854
-0.00435854
-0.00435797
-0.00446236
-0.00446256
-0.00446256
-0.00446236
-0.00454381
-0.0045466
-0.0045466
-0.00454381
-0.00459108
-0.00459405
-0.00459405
-0.00459108
-0.00471069
-0.00471854
-0.00471854
-0.00471069
-0.00490419
-0.00491102
-0.00491102
-0.00490419
-0.00536642
-0.00537358
-0.00537358
-0.00536642
-0.00572601
-0.0057121
-0.0057121
-0.00572601
-0.0063766
-0.00637571
-0.00637571
-0.0063766
-0.00658932
-0.00659546
-0.00659546
-0.00658932
-0.00631255
-0.00632285
-0.00632285
-0.00631255
-0.0053465
-0.00535062
-0.00535062
-0.0053465
-0.00376312
-0.00375442
-0.00375442
-0.00376312
-0.0017361
-0.00172981
-0.00172981
-0.0017361
0.000732147
0.000728804
0.000728803
0.000732147
0.00308895
0.00308414
0.00308414
0.00308895
0.00489803
0.0048995
0.0048995
0.00489803
0.00612058
0.00612907
0.00612907
0.00612058
0.00684482
0.00685338
0.00685338
0.00684482
0.00718512
0.00719377
0.00719377
0.00718512
0.00718
0.00718569
0.00718569
0.00718
0.00694911
0.006953
0.006953
0.00694911
0.00655121
0.00655228
0.00655228
0.00655121
0.00607546
0.00607524
0.00607524
0.00607546
0.00556333
0.0055619
0.0055619
0.00556333
0.00505835
0.00505729
0.00505729
0.00505835
0.00457648
0.0045761
0.0045761
0.00457648
0.0041347
0.004135
0.004135
0.0041347
0.00374787
0.00374756
0.00374756
0.00374787
0.00343536
0.00343514
0.00343514
0.00343536
0.00316313
0.00316332
0.00316332
0.00316313
0.00295574
0.00295559
0.00295559
0.00295574
0.00277361
0.00277202
0.00277202
0.00277361
0.00379465
0.00379215
0.00379215
0.00379465
0.00474528
0.00474216
0.00474216
0.00474528
0.00561137
0.00560812
0.00560812
0.00561137
0.00637145
0.00636848
0.00636848
0.00637145
0.007012
0.00700956
0.00700956
0.007012
0.00752241
0.00752068
0.00752068
0.00752241
0.00789681
0.00789563
0.00789563
0.00789681
0.00813268
0.00813179
0.00813179
0.00813268
0.0082299
0.008229
0.008229
0.0082299
0.00819109
0.00818999
0.00818999
0.00819109
0.00802604
0.00802443
0.00802443
0.00802604
0.00774383
0.00774158
0.00774158
0.00774383
0.00735752
0.00735459
0.00735459
0.00735752
0.00688057
0.00687702
0.00687702
0.00688057
0.00632655
0.00632251
0.00632251
0.00632655
0.00570727
0.00570298
0.00570298
0.00570727
0.00503582
0.00503138
0.00503138
0.00503582
0.00432088
0.00431663
0.00431663
0.00432088
0.00357416
0.00357035
0.00357035
0.00357416
0.00281012
0.00280729
0.00280729
0.00281012
0.00202352
0.00202201
0.00202201
0.00202352
-0.0011724
-0.00117118
-0.00117118
-0.0011724
-0.00149969
-0.00150039
-0.00150039
-0.00149969
-0.00173415
-0.0017355
-0.0017355
-0.00173415
-0.00192335
-0.00192568
-0.00192568
-0.00192335
-0.00207121
-0.0020734
-0.0020734
-0.00207121
-0.00220234
-0.00220482
-0.00220482
-0.00220234
-0.00232592
-0.00232843
-0.00232843
-0.00232592
-0.00245319
-0.00245526
-0.00245526
-0.00245319
-0.00259231
-0.00259332
-0.00259332
-0.00259231
-0.00275338
-0.00275434
-0.00275434
-0.00275338
-0.00291909
-0.00292188
-0.00292188
-0.00291909
-0.00303788
-0.00304046
-0.00304046
-0.00303788
-0.00311136
-0.00311362
-0.00311362
-0.00311136
-0.00314821
-0.00315057
-0.00315057
-0.00314821
-0.0031565
-0.00315918
-0.00315918
-0.0031565
-0.0031456
-0.00314782
-0.00314782
-0.0031456
-0.00312735
-0.00312941
-0.00312941
-0.00312735
-0.00309992
-0.00310081
-0.00310081
-0.00309992
-0.00312394
-0.00312766
-0.00312766
-0.00312394
-0.00318645
-0.00319355
-0.00319355
-0.00318645
-0.00331959
-0.00332612
-0.00332612
-0.00331959
-0.0034764
-0.00346594
-0.00346594
-0.0034764
-0.00373223
-0.00372432
-0.00372432
-0.00373223
-0.00375983
-0.00375622
-0.00375622
-0.00375983
-0.00352236
-0.00352894
-0.00352894
-0.00352236
-0.00291632
-0.00292108
-0.00292108
-0.00291632
-0.0019841
-0.00198453
-0.00198453
-0.0019841
-0.000858304
-0.000857758
-0.000857758
-0.000858304
0.000446242
0.000445481
0.000445481
0.000446242
0.00173243
0.0017307
0.0017307
0.00173243
0.00279706
0.00279757
0.00279757
0.00279706
0.0035634
0.00356751
0.00356751
0.0035634
0.00403531
0.00404004
0.00404004
0.00403531
0.00427326
0.00427897
0.00427897
0.00427326
0.00429926
0.00430368
0.00430368
0.00429926
0.0041843
0.00418796
0.00418796
0.0041843
0.00396253
0.00396422
0.00396422
0.00396253
0.00368858
0.00368915
0.00368915
0.00368858
0.00338572
0.00338515
0.00338515
0.00338572
0.00308384
0.00308316
0.00308316
0.00308384
0.00279412
0.00279328
0.00279328
0.00279412
0.00253072
0.00252994
0.00252994
0.00253072
0.00229817
0.00229766
0.00229766
0.00229817
0.0020965
0.00209707
0.00209707
0.0020965
0.00192508
0.00192662
0.00192662
0.00192508
0.00178137
0.00178317
0.00178317
0.00178137
0.00168651
0.00168598
0.00168598
0.00168651
0.00163049
0.00162724
0.00162724
0.00163049
0.00267109
0.00266781
0.00266781
0.00267109
0.00365894
0.00365582
0.00365582
0.00365894
0.00457891
0.00457596
0.00457596
0.00457891
0.00541394
0.00541129
0.00541129
0.00541394
0.00614824
0.00614598
0.00614598
0.00614824
0.00676861
0.00676679
0.00676679
0.00676861
0.00726575
0.00726444
0.00726444
0.00726575
0.00763398
0.00763313
0.00763313
0.00763398
0.00787022
0.00786959
0.00786959
0.00787022
0.00797493
0.00797434
0.00797434
0.00797493
0.00794973
0.00794907
0.00794907
0.00794973
0.00780343
0.00780246
0.00780246
0.00780343
0.00754354
0.00754206
0.00754206
0.00754354
0.00718103
0.0071789
0.0071789
0.00718103
0.00672787
0.00672502
0.00672502
0.00672787
0.00619649
0.00619292
0.00619292
0.00619649
0.00559917
0.00559502
0.00559502
0.00559917
0.00494768
0.00494317
0.00494317
0.00494768
0.00425177
0.0042472
0.0042472
0.00425177
0.00352138
0.00351707
0.00351707
0.00352138
0.00276411
0.00276084
0.00276084
0.00276411
0.00199618
0.00199323
0.00199323
0.00199618
0.00120735
0.00120519
0.00120519
0.00120735
0.00122451
0.00122398
0.00122398
0.00122451
0.00124684
0.00124695
0.00124695
0.00124684
0.00127297
0.00127359
0.00127359
0.00127297
0.00130579
0.00130658
0.00130658
0.00130579
0.00134067
0.00134145
0.00134145
0.00134067
0.00136975
0.00137001
0.00137001
0.00136975
0.0013884
0.0013885
0.0013885
0.0013884
0.00138934
0.0013893
0.0013893
0.00138934
0.00137135
0.00137188
0.00137188
0.00137135
0.00132695
0.00132768
0.00132768
0.00132695
0.00125313
0.00125418
0.00125418
0.00125313
0.00114112
0.00114174
0.00114174
0.00114112
0.000989598
0.000989879
0.000989879
0.000989598
0.000795941
0.000795452
0.000795452
0.000795941
0.000565938
0.000564932
0.000564932
0.000565938
0.000308134
0.0003066
0.0003066
0.000308134
3.53664e-05
3.32118e-05
3.32118e-05
3.53664e-05
-0.00023676
-0.000239203
-0.000239203
-0.000236759
-0.00049069
-0.000492819
-0.000492819
-0.00049069
-0.000709149
-0.000710265
-0.000710265
-0.000709149
-0.00088046
-0.000880133
-0.000880133
-0.00088046
-0.0010012
-0.000999577
-0.000999577
-0.0010012
-0.00107693
-0.00107484
-0.00107484
-0.00107693
-0.00111763
-0.00111578
-0.00111578
-0.00111763
-0.00113203
-0.00113046
-0.00113046
-0.00113203
-0.00112667
-0.00112513
-0.00112513
-0.00112667
-0.00110717
-0.00110562
-0.00110562
-0.00110717
-0.00107899
-0.00107757
-0.00107757
-0.00107899
-0.00104673
-0.00104558
-0.00104558
-0.00104673
-0.00101364
-0.0010128
-0.0010128
-0.00101364
-0.000982256
-0.000981706
-0.000981706
-0.000982256
-0.000953736
-0.000953378
-0.000953378
-0.000953736
-0.000928244
-0.000928003
-0.000928003
-0.000928244
-0.000905216
-0.000905069
-0.000905069
-0.000905216
-0.00088384
-0.000883842
-0.000883842
-0.000883841
-0.000862828
-0.000863007
-0.000863007
-0.000862828
-0.00084073
-0.000841056
-0.000841056
-0.00084073
-0.000815161
-0.000815474
-0.000815474
-0.000815161
-0.000784038
-0.00078421
-0.00078421
-0.000784038
-0.00074479
-0.000744688
-0.000744688
-0.00074479
-0.00069708
-0.000696743
-0.000696743
-0.00069708
-0.000640353
-0.000639764
-0.000639764
-0.000640353
-0.000575415
-0.000574753
-0.000574753
-0.000575415
-0.000499192
-0.000498308
-0.000498308
-0.000499193
-0.000415673
-0.000414959
-0.000414959
-0.000415673
-0.000327694
-0.000327008
-0.000327007
-0.000327694
-0.000236129
-0.000235678
-0.000235678
-0.000236129
-0.000140173
-0.000139639
-0.000139639
-0.000140173
-0.000235022
-0.000234614
-0.000234614
-0.000235022
-0.000328477
-0.000328148
-0.000328148
-0.000328478
-0.000425797
-0.000425384
-0.000425383
-0.000425797
-0.00052531
-0.000524519
-0.000524519
-0.00052531
-0.000622844
-0.000621395
-0.000621395
-0.000622845
-0.000713726
-0.000711589
-0.000711589
-0.000713726
-0.000787913
-0.00078524
-0.00078524
-0.000787913
-0.000831328
-0.000828568
-0.000828568
-0.000831328
-0.000827935
-0.000825951
-0.000825951
-0.000827935
-0.000765607
-0.00076489
-0.00076489
-0.000765607
-0.000662915
-0.000664091
-0.000664091
-0.000662914
-0.0006149
-0.000617212
-0.000617212
-0.0006149
-0.000699186
-0.000702473
-0.000702473
-0.000699186
-0.000915084
-0.00091886
-0.00091886
-0.000915084
-0.00128296
-0.00128749
-0.00128749
-0.00128296
-0.00169216
-0.00169649
-0.00169649
-0.00169216
-0.00200826
-0.00201334
-0.00201334
-0.00200826
-0.00207
-0.00207554
-0.00207554
-0.00207
-0.00198903
-0.00199533
-0.00199533
-0.00198903
-0.00179326
-0.00179941
-0.00179941
-0.00179326
-0.00152128
-0.00152604
-0.00152604
-0.00152128
-0.00117764
-0.00117923
-0.00117923
-0.00117764
-0.000760638
-0.000759987
-0.000759987
-0.000760638
-0.0502903
-0.0503465
-0.0503465
-0.0502903
-0.022471
-0.0224495
-0.0224495
-0.022471
-0.0284333
-0.028476
-0.028476
-0.0284333
-0.0221721
-0.0221653
-0.0221653
-0.0221721
-0.0198355
-0.0198422
-0.0198422
-0.0198355
-0.0162478
-0.0162383
-0.0162383
-0.0162478
-0.0139154
-0.0139104
-0.0139104
-0.0139154
-0.012002
-0.0119945
-0.0119945
-0.012002
-0.0106303
-0.0106231
-0.0106231
-0.0106303
-0.00956076
-0.00955474
-0.00955474
-0.00956076
-0.00870158
-0.00869669
-0.00869669
-0.00870158
-0.0079758
-0.0079706
-0.0079706
-0.0079758
-0.00741429
-0.00741439
-0.00741439
-0.00741429
-0.00676509
-0.0067575
-0.0067575
-0.00676509
-0.00613266
-0.00613202
-0.00613202
-0.00613266
-0.00532159
-0.00532272
-0.00532272
-0.00532159
-0.00491103
-0.00491152
-0.00491152
-0.00491103
-0.00479885
-0.00479871
-0.00479871
-0.00479885
-0.00507346
-0.0050748
-0.0050748
-0.00507346
-0.00547854
-0.00547819
-0.00547819
-0.00547854
-0.00623339
-0.00623726
-0.00623726
-0.00623339
-0.00671502
-0.00671109
-0.00671109
-0.00671502
-0.00958771
-0.00959576
-0.00959576
-0.00958771
-0.0116484
-0.0116535
-0.0116535
-0.0116484
-0.0149468
-0.0149512
-0.0149512
-0.0149468
-0.0165498
-0.016557
-0.016557
-0.0165498
-0.0162737
-0.016272
-0.016272
-0.0162737
-0.0152089
-0.0151986
-0.0151986
-0.0152089
-0.0133563
-0.013372
-0.013372
-0.0133563
-0.00243142
-0.00245441
-0.00245441
-0.00243141
0.0123172
0.0123266
0.0123266
0.0123172
0.0250454
0.0250652
0.0250651
0.0250454
0.0364813
0.0364861
0.0364861
0.0364813
0.0484502
0.0484733
0.0484733
0.0484502
0.0494079
0.0494029
0.0494029
0.0494079
0.0308768
0.0308796
0.0308796
0.0308768
0.00160946
0.00160578
0.00160578
0.00160946
0.00262888
0.00262519
0.00262519
0.00262888
0.00359614
0.00359298
0.00359298
0.00359614
0.00449792
0.00449521
0.00449521
0.00449792
0.00531711
0.00531483
0.00531483
0.00531711
0.00603879
0.00603695
0.00603695
0.00603879
0.00665042
0.00664904
0.00664904
0.00665042
0.007142
0.00714108
0.00714108
0.007142
0.00750702
0.00750644
0.00750644
0.00750702
0.00774326
0.00774286
0.00774286
0.00774326
0.00785023
0.00784978
0.00784978
0.00785023
0.00782957
0.00782898
0.00782898
0.00782957
0.00768965
0.00768866
0.00768866
0.00768965
0.00743837
0.00743682
0.00743682
0.00743837
0.00708671
0.0070845
0.0070845
0.00708671
0.00664621
0.00664332
0.00664332
0.00664621
0.00612842
0.00612489
0.00612489
0.00612842
0.00554437
0.00554034
0.00554034
0.00554437
0.00490462
0.00490028
0.00490028
0.00490462
0.00421915
0.00421476
0.00421476
0.00421915
0.00349712
0.00349301
0.00349301
0.00349712
0.00274731
0.00274374
0.00274374
0.00274731
0.0019844
0.00198071
0.00198071
0.0019844
0.00120366
0.00120051
0.00120051
0.00120366
0.000402437
0.000401304
0.000401304
0.000402437
0.000405274
0.000404511
0.000404511
0.000405274
0.000408818
0.000408817
0.000408817
0.000408818
0.000417731
0.000418094
0.000418094
0.000417731
0.000427219
0.000427606
0.000427606
0.000427219
0.000437603
0.00043789
0.00043789
0.000437603
0.000448301
0.000448498
0.000448498
0.000448301
0.000456796
0.000456864
0.000456864
0.000456796
0.000462147
0.000462217
0.000462217
0.000462147
0.000461873
0.000461935
0.000461935
0.000461873
0.000455073
0.0004553
0.0004553
0.000455073
0.000439293
0.000439551
0.000439551
0.000439293
0.000413233
0.00041353
0.00041353
0.000413233
0.000374569
0.000374686
0.000374686
0.000374569
0.000322811
0.00032272
0.00032272
0.000322811
0.000257571
0.000257122
0.000257122
0.000257571
0.000180517
0.000179697
0.000179697
0.000180517
9.48724e-05
9.3674e-05
9.3674e-05
9.48724e-05
4.53873e-06
2.97418e-06
2.97418e-06
4.53874e-06
-8.56297e-05
-8.74032e-05
-8.74032e-05
-8.56297e-05
-0.000169889
-0.000171613
-0.000171613
-0.000169889
-0.000242521
-0.000243927
-0.000243927
-0.000242521
-0.000299634
-0.000300564
-0.000300564
-0.000299633
-0.000340058
-0.000340548
-0.000340548
-0.000340058
-0.000365469
-0.000365757
-0.000365757
-0.000365469
-0.00037905
-0.000379363
-0.000379363
-0.00037905
-0.000383762
-0.000384136
-0.000384136
-0.000383762
-0.000381866
-0.00038223
-0.00038223
-0.000381866
-0.000375276
-0.000375607
-0.000375607
-0.000375276
-0.000365768
-0.000366115
-0.000366115
-0.000365768
-0.000354883
-0.000355298
-0.000355298
-0.000354883
-0.000343758
-0.00034425
-0.00034425
-0.000343758
-0.000333204
-0.000333754
-0.000333754
-0.000333204
-0.000323581
-0.000324145
-0.000324145
-0.000323581
-0.000314929
-0.000315475
-0.000315475
-0.000314929
-0.00030703
-0.000307552
-0.000307552
-0.00030703
-0.000299659
-0.000300179
-0.000300179
-0.000299659
-0.000292409
-0.000292938
-0.000292938
-0.000292409
-0.000284884
-0.000285407
-0.000285407
-0.000284884
-0.000276303
-0.000276745
-0.000276745
-0.000276303
-0.000266132
-0.000266451
-0.000266451
-0.000266132
-0.000253433
-0.000253599
-0.000253599
-0.000253433
-0.000237519
-0.00023762
-0.00023762
-0.000237519
-0.000216996
-0.000216971
-0.000216971
-0.000216996
-0.00019292
-0.000192761
-0.000192761
-0.00019292
-0.000166478
-0.000166226
-0.000166226
-0.000166478
-0.000138663
-0.00013845
-0.00013845
-0.000138663
-0.000108754
-0.000108455
-0.000108455
-0.000108754
-7.81777e-05
-7.79012e-05
-7.79012e-05
-7.81777e-05
-4.61202e-05
-4.57597e-05
-4.57597e-05
-4.61202e-05
-1.47655e-05
-1.4694e-05
-1.46939e-05
-1.47655e-05
-4.82036e-05
-4.82914e-05
-4.82914e-05
-4.82036e-05
-8.2265e-05
-8.2524e-05
-8.2524e-05
-8.2265e-05
-0.00011586
-0.000116271
-0.000116271
-0.00011586
-0.000150044
-0.000150601
-0.000150601
-0.000150044
-0.000184191
-0.000184815
-0.000184815
-0.000184191
-0.000215684
-0.000216239
-0.000216239
-0.000215684
-0.000241799
-0.000242092
-0.000242092
-0.000241799
-0.000256067
-0.000255695
-0.000255695
-0.000256067
-0.000249227
-0.000247576
-0.000247576
-0.000249227
-0.000208181
-0.000204695
-0.000204695
-0.000208181
-0.000110839
-0.000105703
-0.000105703
-0.000110839
4.43115e-05
4.98418e-05
4.98416e-05
4.43116e-05
0.000197781
0.000202611
0.000202611
0.000197781
0.000269041
0.00027374
0.00027374
0.000269041
0.000151777
0.00015699
0.00015699
0.000151777
-6.52795e-06
-1.43347e-06
-1.43352e-06
-6.52793e-06
-0.000173195
-0.000168901
-0.000168901
-0.000173195
-0.000314478
-0.00030934
-0.00030934
-0.000314478
-0.000467105
-0.000461586
-0.000461586
-0.000467105
-0.000551661
-0.000545917
-0.000545917
-0.000551661
-0.000557565
-0.000552918
-0.000552918
-0.000557565
-0.000498229
-0.000495613
-0.000495613
-0.000498229
-0.000391482
-0.000389927
-0.000389927
-0.000391482
-0.000254721
-0.000253645
-0.000253645
-0.000254721
-9.82433e-05
-9.82862e-05
-9.82861e-05
-9.82432e-05
-0.000274583
-0.000274329
-0.000274329
-0.000274583
-0.000411559
-0.000411766
-0.000411766
-0.000411559
-0.000519616
-0.000520458
-0.000520458
-0.000519616
-0.000601746
-0.000602107
-0.000602107
-0.000601746
-0.000660903
-0.000661492
-0.000661492
-0.000660903
-0.000699553
-0.00069967
-0.00069967
-0.000699553
-0.000731177
-0.000730753
-0.000730753
-0.000731177
-0.000759021
-0.000757507
-0.000757507
-0.000759021
-0.000774106
-0.000773701
-0.000773701
-0.000774106
-0.000763053
-0.000763701
-0.000763701
-0.000763053
-0.00072738
-0.000726223
-0.000726223
-0.00072738
-0.000707824
-0.000703888
-0.000703888
-0.000707824
-0.000742315
-0.000738499
-0.000738499
-0.000742315
-0.000807585
-0.000804372
-0.000804372
-0.000807585
-0.000876404
-0.000873615
-0.000873615
-0.000876404
-0.000930299
-0.000927655
-0.000927655
-0.000930299
-0.000963467
-0.000960629
-0.000960629
-0.000963467
-0.000981704
-0.000978538
-0.000978538
-0.000981704
-0.000996791
-0.000993071
-0.000993071
-0.000996791
-0.00102753
-0.00102533
-0.00102533
-0.00102753
-0.00107185
-0.00107293
-0.00107293
-0.00107185
-0.00111743
-0.00111962
-0.00111962
-0.00111743
-0.00116271
-0.00116014
-0.00116014
-0.00116271
-0.00123852
-0.0012371
-0.0012371
-0.00123852
-0.00123894
-0.00123827
-0.00123827
-0.00123894
-0.00117262
-0.0011758
-0.0011758
-0.00117262
-0.0009689
-0.000972156
-0.000972156
-0.0009689
-0.000663175
-0.000665727
-0.000665727
-0.000663175
-0.000270427
-0.000271937
-0.000271937
-0.000270427
0.000158875
0.000158843
0.000158843
0.000158875
0.000577946
0.000578723
0.000578723
0.000577946
0.000934358
0.000936056
0.000936056
0.000934358
0.0012007
0.00120397
0.00120397
0.0012007
0.00136756
0.00137134
0.00137134
0.00136756
0.00145286
0.00145724
0.00145724
0.00145286
0.00146323
0.00146715
0.00146715
0.00146323
0.00142513
0.00142874
0.00142874
0.00142513
0.00134921
0.00135186
0.00135186
0.00134921
0.00125586
0.00125781
0.00125781
0.00125586
0.00115201
0.00115312
0.00115312
0.00115201
0.00104886
0.00104948
0.00104948
0.00104886
0.000950034
0.000950093
0.000950093
0.000950034
0.000861103
0.000860838
0.000860838
0.000861103
0.000782216
0.000781968
0.000781968
0.000782216
0.000712829
0.000713293
0.000713293
0.000712829
0.000649958
0.000651304
0.000651304
0.000649958
0.000594286
0.000595595
0.000595595
0.000594286
0.000561086
0.000561131
0.000561131
0.000561086
0.000550182
0.00054865
0.00054865
0.000550182
0.000539617
0.000537941
0.000537941
0.000539617
-0.00534454
-0.00534349
-0.00534349
-0.00534454
0.0189031
0.0189137
0.0189137
0.0189031
0.0124997
0.012482
0.012482
0.0124997
-0.0112403
-0.0112277
-0.0112277
-0.0112403
-0.00587608
-0.00587904
-0.00587904
-0.00587608
-0.00401941
-0.00402138
-0.00402138
-0.00401942
)
;

boundaryField
{
    inlet
    {
        type            zeroGradient;
    }
    outlet
    {
        type            fixedValue;
        value           uniform 0;
    }
    obstacle
    {
        type            zeroGradient;
    }
    topbottomsurface
    {
        type            empty;
    }
}


// ************************************************************************* //
