/*--------------------------------*- C++ -*----------------------------------*\
| =========                 |                                                 |
| \\      /  F ield         | OpenFOAM: The Open Source CFD Toolbox           |
|  \\    /   O peration     | Version:  v1806                                 |
|   \\  /    A nd           | Web:      www.OpenFOAM.com                      |
|    \\/     M anipulation  |                                                 |
\*---------------------------------------------------------------------------*/
FoamFile
{
    version     2.0;
    format      ascii;
    class       volScalarField;
    location    "380";
    object      p;
}
// * * * * * * * * * * * * * * * * * * * * * * * * * * * * * * * * * * * * * //

dimensions      [0 2 -2 0 0 0 0];


internalField   nonuniform List<scalar> 
4400
(
0.009169
0.010701
0.0119777
0.0122115
0.0115635
0.0104545
0.00920003
0.00797341
0.00684962
0.00584814
0.00496586
0.00418957
0.00350411
0.00289549
0.00235085
0.00185819
0.00140629
0.000984733
0.000583997
0.000194751
0.0220247
0.0175514
0.0140461
0.0115846
0.00986261
0.00856228
0.00749745
0.00658585
0.00579291
0.005098
0.00448198
0.00392568
0.00341199
0.00292731
0.00246156
0.00200745
0.0015597
0.00111468
0.000670557
0.000226187
0.0148466
0.0137614
0.0127066
0.0116999
0.0108116
0.0100165
0.00925043
0.00848104
0.00770527
0.00693308
0.00617582
0.00544058
0.00473019
0.00404478
0.00338293
0.00274207
0.00211872
0.00150854
0.000906519
0.000305474
0.013506
0.0126618
0.0116922
0.0106699
0.00967682
0.00876335
0.00793349
0.00717287
0.0064634
0.00579313
0.0051556
0.0045468
0.00396312
0.00340063
0.00285526
0.00232302
0.00180026
0.0012839
0.000771819
0.000260814
0.0098489
0.00946479
0.00904659
0.00860101
0.00812996
0.00764089
0.00714764
0.006652
0.00614968
0.00563829
0.00511837
0.00459197
0.00406126
0.00352785
0.00299265
0.00245589
0.00191729
0.0013762
0.000831625
0.000280672
0.00839669
0.0081121
0.0077633
0.00736027
0.00691989
0.00646008
0.00599495
0.00553224
0.00507437
0.00462113
0.00417154
0.00372493
0.00328104
0.00283974
0.00240075
0.00196363
0.00152781
0.00109282
0.000658476
0.000222836
0.00635585
0.00618482
0.0059873
0.00576647
0.00552296
0.00525856
0.00497514
0.00467523
0.0043612
0.00403373
0.00369338
0.00334102
0.00297779
0.00260484
0.00222324
0.00183386
0.00143743
0.00103466
0.000626151
0.000211189
0.00531784
0.00518674
0.00502196
0.00482648
0.00460479
0.00436127
0.00410124
0.00382951
0.00354892
0.00326136
0.00296797
0.00266943
0.00236636
0.00205935
0.00174902
0.00143588
0.00112041
0.000803147
0.000484681
0.000164077
0.00408249
0.00399372
0.00388707
0.00376438
0.00362575
0.00347182
0.0033034
0.00312118
0.00292592
0.00271849
0.00249957
0.00226985
0.00203012
0.00178125
0.00152411
0.00125957
0.000988526
0.000711963
0.000430812
0.000145127
0.00338899
0.00331877
0.00322895
0.00312083
0.00299615
0.00285643
0.0027035
0.00253949
0.00236625
0.00218509
0.00199705
0.00180299
0.00160361
0.00139958
0.00119154
0.000980137
0.000765958
0.000549671
0.000331946
0.00011233
0.00261908
0.00256874
0.00250647
0.00243352
0.00234988
0.0022558
0.00215169
0.00203791
0.00191483
0.00178283
0.00164238
0.00149396
0.00133811
0.00117545
0.00100663
0.000832341
0.000653334
0.00047045
0.000284492
9.57059e-05
0.00217136
0.0021307
0.00207782
0.00201356
0.00193881
0.00185421
0.00176057
0.00165885
0.00155002
0.00143498
0.00131443
0.00118902
0.00105931
0.000925862
0.000789184
0.000649782
0.000508154
0.000364836
0.000220357
7.4502e-05
0.00169014
0.00165993
0.00162178
0.00157654
0.00152418
0.00146483
0.00139871
0.00132606
0.00124711
0.0011621
0.00107132
0.000975083
0.000873766
0.000767783
0.000657596
0.000543706
0.000426665
0.000307085
0.000185551
6.23286e-05
0.00141114
0.00138629
0.00135345
0.00131339
0.00126656
0.00121327
0.00115395
0.00108909
0.00101924
0.000944918
0.000866616
0.000784776
0.000699811
0.000612118
0.000522079
0.000430062
0.000336431
0.000241577
0.000145876
4.92484e-05
0.00111551
0.00109639
0.0010719
0.00104267
0.00100862
0.000969841
0.00092647
0.000878668
0.000826597
0.00077043
0.000710357
0.000646603
0.000579422
0.000509101
0.000435962
0.000360357
0.000282674
0.000203334
0.00012274
4.1152e-05
0.000951942
0.000936462
0.000914701
0.000888364
0.000857506
0.00082226
0.000782877
0.000739657
0.000692917
0.000642984
0.000590182
0.000534824
0.000477204
0.000417606
0.00035631
0.000293584
0.000229694
0.000164916
9.95213e-05
3.35218e-05
0.00078066
0.00076794
0.000751214
0.000730949
0.000707221
0.000680091
0.000649664
0.000616067
0.000579431
0.000539899
0.000497626
0.000452783
0.000405562
0.000356175
0.000304853
0.000251852
0.000197444
0.000141921
8.55604e-05
2.86169e-05
0.00069824
0.000686333
0.000670725
0.000651529
0.000629088
0.00060349
0.000574904
0.000543519
0.000509536
0.000473167
0.000434628
0.000394132
0.000351892
0.000308117
0.000263012
0.000216783
0.000169633
0.000121774
7.34179e-05
2.46556e-05
0.000612101
0.000601041
0.000587375
0.000571236
0.00055258
0.000531413
0.000507772
0.000481714
0.000453307
0.000422632
0.000389788
0.000354889
0.000318071
0.000279489
0.000239324
0.000197777
0.00015507
0.000111437
6.71168e-05
2.23941e-05
0.00060042
0.000591067
0.000578363
0.000562422
0.000543472
0.00052169
0.00049725
0.000470336
0.000441136
0.000409834
0.000376614
0.000341659
0.000305151
0.00026727
0.000228199
0.00018812
0.000147211
0.000105654
6.36441e-05
2.13228e-05
0.0348115
0.035119
0.0352625
0.0353011
0.0352286
0.0350375
0.0347261
0.0342929
0.0337353
0.0330498
0.0322322
0.0312774
0.0301797
0.0289326
0.0275287
0.0259601
0.0242201
0.0223021
0.0201731
0.0177423
0.0282224
0.0284067
0.0285498
0.0286541
0.0287212
0.0287515
0.0287451
0.0287019
0.0286215
0.0285033
0.0283467
0.0281506
0.0279138
0.027635
0.0273121
0.026943
0.026527
0.0260662
0.0255469
0.0248851
0.0178847
0.017859
0.017821
0.0177703
0.0177068
0.0176307
0.0175418
0.0174405
0.0173271
0.0172018
0.0170653
0.0169182
0.016761
0.0165948
0.0164203
0.0162388
0.016051
0.0158579
0.0156617
0.01547
0.0150124
0.0150179
0.0150166
0.0150084
0.0149932
0.0149711
0.0149419
0.0149057
0.0148625
0.0148124
0.0147555
0.0146917
0.0146213
0.0145444
0.0144611
0.0143715
0.0142759
0.0141749
0.0140678
0.0139489
0.0106339
0.010624
0.0106112
0.0105957
0.0105774
0.0105563
0.0105326
0.0105062
0.0104772
0.0104457
0.0104116
0.0103752
0.0103364
0.0102953
0.0102521
0.0102067
0.0101591
0.0101092
0.0100575
0.0100075
0.00892678
0.00892638
0.00892381
0.00891906
0.00891215
0.00890307
0.00889185
0.00887849
0.008863
0.00884541
0.00882572
0.00880395
0.00878013
0.00875426
0.00872636
0.00869644
0.00866458
0.00863107
0.00859558
0.00855497
0.00664851
0.00664676
0.00664381
0.00663967
0.00663433
0.00662782
0.00662013
0.00661127
0.00660125
0.00659008
0.00657776
0.0065643
0.00654971
0.006534
0.00651719
0.00649927
0.00648023
0.00645989
0.00643852
0.00641809
0.00554557
0.00554651
0.00554645
0.00554537
0.00554328
0.00554019
0.00553609
0.005531
0.00552491
0.00551782
0.00550975
0.00550069
0.00549065
0.00547962
0.00546761
0.00545462
0.00544069
0.00542596
0.00541028
0.00539189
0.00421205
0.00421272
0.00421273
0.00421206
0.00421073
0.00420873
0.00420607
0.00420275
0.00419876
0.00419412
0.00418881
0.00418285
0.00417623
0.00416896
0.00416104
0.00415248
0.00414325
0.00413325
0.00412263
0.00411253
0.00349977
0.00350114
0.00350195
0.00350219
0.00350186
0.00350096
0.0034995
0.00349748
0.00349489
0.00349173
0.00348802
0.00348374
0.00347891
0.00347351
0.00346755
0.00346103
0.00345396
0.00344645
0.0034384
0.00342876
0.00268208
0.00268326
0.00268403
0.00268438
0.00268433
0.00268387
0.002683
0.00268172
0.00268004
0.00267794
0.00267544
0.00267253
0.00266922
0.00266549
0.00266137
0.00265684
0.0026519
0.00264648
0.00264067
0.00263516
0.00223034
0.00223159
0.00223249
0.00223305
0.00223326
0.00223312
0.00223264
0.00223182
0.00223065
0.00222913
0.00222727
0.00222506
0.00222251
0.00221962
0.00221638
0.00221279
0.00220887
0.00220467
0.00220012
0.00219472
0.00172299
0.00172408
0.0017249
0.00172546
0.00172577
0.00172581
0.00172559
0.00172511
0.00172437
0.00172337
0.0017221
0.00172058
0.00171879
0.00171675
0.00171445
0.00171189
0.00170906
0.00170593
0.00170254
0.00169935
0.00144499
0.00144597
0.00144673
0.00144726
0.00144758
0.00144767
0.00144755
0.0014472
0.00144663
0.00144585
0.00144484
0.00144361
0.00144216
0.00144049
0.0014386
0.00143648
0.00143415
0.00143165
0.00142895
0.0014256
0.00113395
0.00113482
0.00113551
0.00113603
0.00113638
0.00113656
0.00113656
0.00113639
0.00113605
0.00113554
0.00113485
0.001134
0.00113297
0.00113176
0.00113039
0.00112885
0.00112712
0.0011252
0.00112311
0.00112114
0.000973032
0.000973772
0.000974364
0.000974808
0.000975105
0.000975253
0.000975254
0.000975107
0.000974813
0.00097437
0.00097378
0.000973042
0.000972157
0.000971124
0.000969943
0.000968612
0.00096714
0.000965556
0.00096383
0.000961631
0.000791852
0.00079253
0.000793088
0.000793526
0.000793843
0.00079404
0.000794117
0.000794073
0.000793909
0.000793624
0.00079322
0.000792695
0.000792051
0.000791286
0.000790403
0.000789401
0.000788277
0.000787012
0.00078563
0.000784332
0.000712714
0.000713294
0.000713765
0.000714127
0.00071438
0.000714525
0.000714561
0.000714488
0.000714306
0.000714015
0.000713615
0.000713106
0.000712488
0.000711761
0.000710924
0.000709976
0.000708924
0.000707784
0.000706537
0.000704976
0.000623303
0.000623861
0.000624318
0.000624669
0.000624915
0.000625056
0.000625091
0.00062502
0.000624844
0.000624562
0.000624173
0.000623679
0.000623077
0.00062237
0.000621555
0.000620635
0.000619606
0.000618456
0.000617198
0.000615955
0.000608385
0.000608975
0.00060947
0.000609877
0.000610197
0.000610429
0.000610573
0.000610629
0.000610596
0.000610475
0.000610266
0.000609969
0.000609584
0.000609111
0.00060855
0.000607902
0.000607167
0.00060635
0.000605449
0.000604417
0.0245669
0.0251493
0.0257132
0.0262659
0.0268068
0.0273343
0.0278476
0.0283463
0.0288308
0.0293015
0.0297598
0.0302075
0.0306471
0.0310823
0.0315182
0.0319607
0.0324178
0.0329089
0.0334796
0.0341645
0.0215481
0.0219199
0.0222907
0.0226608
0.0230297
0.023397
0.0237623
0.024125
0.0244846
0.0248407
0.0251925
0.0255396
0.025881
0.0262159
0.0265431
0.0268612
0.0271684
0.0274627
0.0277411
0.0279979
0.0164801
0.0166118
0.016742
0.0168671
0.0169865
0.0170999
0.0172073
0.0173082
0.0174022
0.0174892
0.0175688
0.0176407
0.0177045
0.01776
0.0178069
0.0178448
0.0178733
0.0178921
0.0179007
0.0178984
0.0137114
0.0138219
0.0139258
0.014026
0.0141228
0.0142157
0.0143045
0.0143889
0.0144689
0.0145442
0.0146146
0.01468
0.0147401
0.0147949
0.0148441
0.0148875
0.014925
0.0149564
0.0149815
0.0150003
0.0102514
0.0102932
0.0103352
0.0103749
0.0104118
0.010446
0.0104777
0.0105068
0.0105331
0.0105569
0.0105778
0.0105961
0.0106115
0.0106242
0.0106341
0.0106412
0.0106454
0.0106468
0.0106453
0.0106411
0.00848861
0.00853125
0.00857
0.00860687
0.00864203
0.00867531
0.00870661
0.00873592
0.00876321
0.00878847
0.00881167
0.00883279
0.00885181
0.00886871
0.00888349
0.00889611
0.00890659
0.0089149
0.00892103
0.008925
0.0064278
0.00644901
0.00647069
0.00649119
0.00651029
0.00652814
0.00654477
0.00656018
0.00657436
0.0065873
0.00659901
0.00660948
0.00661873
0.00662674
0.00663352
0.00663907
0.0066434
0.0066465
0.00664839
0.00664905
0.00531288
0.00533507
0.00535505
0.00537405
0.00539219
0.00540936
0.00542553
0.00544069
0.00545485
0.005468
0.00548014
0.00549127
0.00550138
0.00551047
0.00551854
0.00552559
0.00553163
0.00553664
0.00554063
0.00554361
0.00405714
0.00407046
0.00408412
0.00409712
0.00410934
0.00412085
0.00413168
0.00414184
0.00415132
0.00416011
0.00416822
0.00417566
0.00418241
0.00418848
0.00419388
0.00419859
0.00420263
0.004206
0.00420869
0.0042107
0.00335216
0.00336558
0.00337767
0.0033892
0.00340024
0.00341074
0.00342066
0.00343002
0.00343881
0.00344702
0.00345467
0.00346175
0.00346826
0.0034742
0.00347956
0.00348436
0.00348858
0.00349223
0.00349532
0.00349783
0.00257263
0.00258145
0.00259051
0.00259916
0.00260734
0.00261509
0.00262243
0.00262937
0.00263589
0.00264201
0.00264771
0.002653
0.00265787
0.00266234
0.00266639
0.00267003
0.00267327
0.00267609
0.00267849
0.00268049
0.00213239
0.00214098
0.00214873
0.00215614
0.00216326
0.00217004
0.00217648
0.00218258
0.00218832
0.00219373
0.00219879
0.0022035
0.00220787
0.00221189
0.00221557
0.00221889
0.00222188
0.00222451
0.0022268
0.00222874
0.00164688
0.00165277
0.00165884
0.00166466
0.00167017
0.00167542
0.00168041
0.00168514
0.00168961
0.00169383
0.00169778
0.00170147
0.00170491
0.00170808
0.00171099
0.00171364
0.00171603
0.00171816
0.00172003
0.00172164
0.00137906
0.00138471
0.00138981
0.0013947
0.0013994
0.0014039
0.00140817
0.00141223
0.00141606
0.00141968
0.00142308
0.00142626
0.00142923
0.00143197
0.00143449
0.00143679
0.00143887
0.00144073
0.00144237
0.00144379
0.00108088
0.00108489
0.00108903
0.001093
0.00109678
0.00110038
0.00110381
0.00110707
0.00111016
0.00111308
0.00111584
0.00111842
0.00112083
0.00112307
0.00112514
0.00112704
0.00112876
0.00113032
0.0011317
0.00113291
0.000927304
0.000931164
0.00093465
0.000937994
0.000941218
0.000944302
0.00094724
0.000950032
0.000952679
0.000955181
0.000957537
0.000959747
0.00096181
0.000963728
0.000965498
0.000967122
0.000968599
0.000969928
0.00097111
0.000972145
0.000753471
0.000756318
0.000759268
0.000762099
0.000764793
0.000767366
0.000769824
0.000772167
0.000774392
0.0007765
0.00077849
0.000780362
0.000782115
0.00078375
0.000785266
0.000786663
0.00078794
0.000789098
0.000790136
0.000791054
0.000678499
0.000681358
0.000683944
0.000686426
0.000688822
0.000691115
0.000693302
0.000695383
0.000697357
0.000699226
0.000700988
0.000702644
0.000704193
0.000705634
0.000706969
0.000708196
0.000709315
0.000710327
0.00071123
0.000712026
0.000590276
0.000592807
0.00059536
0.000597808
0.00060014
0.000602365
0.000604488
0.000606508
0.000608424
0.000610237
0.000611945
0.00061355
0.000615051
0.000616448
0.00061774
0.000618929
0.000620013
0.000620993
0.000621869
0.00062264
0.00057883
0.00058112
0.000583289
0.000585381
0.000587398
0.000589335
0.000591191
0.000592965
0.000594657
0.000596267
0.000597793
0.000599235
0.000600594
0.000601867
0.000603056
0.000604159
0.000605177
0.000606107
0.000606951
0.000607708
0.0136144
0.0218173
0.0256899
0.0281996
0.0300497
0.0314022
0.0323634
0.0330131
0.0334112
0.0336061
0.0336389
0.0335458
0.0333593
0.0331091
0.0328238
0.0325308
0.0322576
0.0320328
0.0318885
0.0318479
0.0106799
0.0178694
0.0225115
0.0257906
0.0281538
0.0298547
0.0310692
0.0319145
0.0324722
0.0328038
0.032958
0.0329756
0.0328918
0.0327379
0.0325421
0.0323309
0.0321288
0.0319585
0.0318447
0.0318062
0.0113181
0.0171636
0.0214971
0.0247884
0.0272315
0.0290271
0.0303336
0.031263
0.0318969
0.0322981
0.0325169
0.0325949
0.0325678
0.0324667
0.0323195
0.0321509
0.0319832
0.0318361
0.0317269
0.0316675
0.0130467
0.0177586
0.0215002
0.0245096
0.0268314
0.028589
0.0298982
0.0308491
0.031513
0.0319476
0.0322004
0.0323118
0.0323164
0.0322446
0.0321228
0.0319745
0.0318201
0.0316769
0.0315556
0.031459
0.0146944
0.0185762
0.0217915
0.0244882
0.0266393
0.0283134
0.0295893
0.0305351
0.0312094
0.0316622
0.0319366
0.0320702
0.0320957
0.0320421
0.0319347
0.0317954
0.0316431
0.0314939
0.0313525
0.0312122
0.0161092
0.0193845
0.0221703
0.0245784
0.0265529
0.0281276
0.029354
0.0302813
0.0309554
0.0314182
0.0317075
0.031857
0.0318972
0.0318551
0.0317547
0.0316166
0.031459
0.0312969
0.031131
0.0309469
0.017294
0.0201099
0.0225481
0.0247029
0.0265109
0.0279845
0.0291557
0.0300584
0.0307273
0.0311964
0.0314975
0.0316603
0.0317122
0.0316782
0.0315807
0.0314393
0.0312716
0.0310927
0.0309005
0.0306751
0.0182727
0.0207271
0.0228818
0.0248188
0.026476
0.0278535
0.0289692
0.0298454
0.0305074
0.0309815
0.0312937
0.0314693
0.0315324
0.0315057
0.0314097
0.0312632
0.0310833
0.0308858
0.0306668
0.0304027
0.0190792
0.0212399
0.02316
0.0249098
0.0264323
0.0277203
0.0287823
0.0296318
0.0302861
0.0307647
0.0310882
0.0312773
0.0313527
0.031334
0.0312401
0.0310884
0.0308959
0.0306791
0.0304333
0.0301319
0.0197452
0.0216621
0.0233849
0.0249727
0.0263749
0.0275802
0.0285908
0.0294137
0.0300596
0.0305424
0.0308776
0.0310813
0.0311704
0.0311616
0.0310715
0.0309159
0.0307115
0.0304754
0.0302023
0.029863
0.0202967
0.0220084
0.0235628
0.0250094
0.0263038
0.0274328
0.0283944
0.0291907
0.0298277
0.0303143
0.0306612
0.0308806
0.0309853
0.0309889
0.0309052
0.0307479
0.030533
0.030278
0.0299762
0.0295956
0.0207543
0.0222913
0.0237008
0.0250236
0.026221
0.0272795
0.0281945
0.0289646
0.029592
0.0300818
0.0304405
0.0306765
0.030799
0.0308179
0.0307439
0.0305881
0.0303649
0.0300913
0.0297585
0.0293301
0.0211342
0.0225214
0.0238052
0.0250188
0.0261291
0.0271226
0.0279933
0.0287376
0.0293551
0.0298474
0.0302181
0.0304718
0.0306143
0.0306519
0.0305919
0.0304419
0.0302135
0.0299225
0.0295553
0.0290686
0.021449
0.0227072
0.0238812
0.0249982
0.02603
0.0269638
0.0277928
0.0285121
0.0291194
0.0296141
0.0299969
0.0302697
0.030435
0.0304957
0.0304551
0.0303167
0.0300883
0.0297822
0.0293764
0.0288158
0.0217091
0.0228551
0.0239328
0.0249641
0.0259252
0.0268043
0.0275943
0.0282899
0.0288873
0.0293844
0.02978
0.0300738
0.0302653
0.0303545
0.0303406
0.0302223
0.0300021
0.0296866
0.029239
0.0285827
0.0219235
0.0229716
0.0239642
0.0249193
0.0258166
0.0266458
0.0273998
0.0280731
0.0286614
0.0291615
0.0295711
0.029888
0.0301101
0.0302345
0.0302567
0.0301704
0.0299716
0.0296586
0.0291694
0.0283893
0.0220995
0.0230611
0.0239782
0.0248651
0.0257051
0.0264888
0.0272099
0.0278628
0.0284431
0.0289473
0.0293725
0.0297156
0.0299734
0.0301412
0.0302118
0.0301739
0.0300168
0.0297276
0.0292058
0.0282746
0.0222358
0.0231185
0.0239662
0.0247906
0.0255779
0.0263197
0.0270104
0.0276449
0.028219
0.0287293
0.0291731
0.0295474
0.0298491
0.0300734
0.0302121
0.0302511
0.0301748
0.0299566
0.0294439
0.0283717
0.0223275
0.0231345
0.0239154
0.0246801
0.0254169
0.0261187
0.0267804
0.0273975
0.0279667
0.0284851
0.0289509
0.0293627
0.0297192
0.0300184
0.0302556
0.0304214
0.030504
0.0304702
0.030129
0.0291392
0.0224297
0.0231822
0.023911
0.024628
0.0253242
0.0259929
0.0266296
0.0272306
0.027793
0.0283151
0.0287962
0.0292366
0.0296381
0.030003
0.030334
0.0306344
0.0309104
0.0311491
0.0312202
0.0309337
0.000304687
0.000899011
0.00149476
0.0020977
0.00271313
0.00334758
0.00400823
0.0047034
0.00544295
0.00623892
0.00710634
0.00806401
0.00913533
0.0103492
0.0117427
0.0133649
0.0152716
0.0174929
0.0200073
0.0227554
0.000358152
0.00105552
0.00175276
0.00245616
0.00317096
0.00390325
0.00465966
0.00544733
0.00627407
0.00714837
0.0080794
0.00907695
0.0101512
0.0113126
0.012571
0.0139334
0.0154025
0.0169776
0.0186572
0.0204341
0.000373735
0.00110008
0.00182201
0.00254487
0.00327192
0.00400694
0.00475375
0.00551602
0.00629719
0.00710045
0.00792853
0.00878349
0.00966628
0.0105761
0.0115097
0.0124598
0.0134146
0.0143564
0.0152604
0.0160842
0.000347978
0.00102486
0.00169618
0.00236608
0.00303607
0.00370802
0.00438377
0.00506491
0.0057526
0.00644753
0.00714979
0.00785882
0.0085732
0.00929063
0.0100077
0.0107199
0.0114215
0.0121033
0.0127507
0.0133564
0.000308543
0.000909415
0.00150312
0.0020922
0.00267659
0.00325643
0.00383189
0.00440288
0.00496899
0.00552932
0.00608244
0.00662629
0.00715801
0.00767391
0.00816941
0.00863905
0.00907656
0.00947553
0.00983035
0.0101308
0.00026159
0.00077172
0.00127553
0.00177492
0.00226929
0.00275812
0.00324099
0.0037173
0.00418623
0.00464673
0.00509748
0.00553694
0.00596328
0.00637438
0.00676782
0.00714083
0.00749003
0.0078107
0.0080964
0.00834608
0.000215426
0.000636064
0.00105091
0.00146094
0.00186505
0.00226219
0.00265145
0.00303184
0.00340228
0.00376155
0.00410825
0.00444082
0.00475756
0.00505657
0.00533589
0.0055934
0.00582696
0.00603484
0.00621625
0.00636819
0.000175871
0.00051984
0.000859184
0.00119474
0.00152555
0.00185064
0.00216916
0.00248024
0.00278297
0.00307638
0.00335945
0.00363111
0.00389024
0.00413563
0.004366
0.00457996
0.00477599
0.00495208
0.00510573
0.00523773
0.000140041
0.000414141
0.000684494
0.000951519
0.0012142
0.00147152
0.00172259
0.00196655
0.00220251
0.0024296
0.00264691
0.00285353
0.00304853
0.00323103
0.00340013
0.00355498
0.00369481
0.00381913
0.00392798
0.00401995
0.000113082
0.000334877
0.000553765
0.00077015
0.000983286
0.00119237
0.0013967
0.00159558
0.00178835
0.00197432
0.00215281
0.00232314
0.00248462
0.00263655
0.00277823
0.00290894
0.00302795
0.00313429
0.00322686
0.00330661
8.87842e-05
0.000262948
0.000434883
0.000604786
0.000771959
0.000935672
0.00109528
0.00125019
0.0013998
0.00154352
0.0016808
0.00181109
0.00193386
0.00204863
0.00215495
0.0022524
0.00234059
0.00241937
0.00248881
0.00254806
7.18956e-05
0.000213303
0.000352979
0.000491116
0.00062722
0.000760739
0.000891178
0.00101807
0.00114095
0.00125937
0.00137288
0.00148104
0.00158342
0.00167959
0.00176913
0.00185164
0.00192672
0.00199384
0.00205242
0.00210322
5.62973e-05
0.000166989
0.000276391
0.00038458
0.000491111
0.000595508
0.000697349
0.000796235
0.000891779
0.000983607
0.00107136
0.00115471
0.00123332
0.00130691
0.00137521
0.00143797
0.00149498
0.00154614
0.00159149
0.00163051
4.61849e-05
0.000137304
0.000227407
0.00031656
0.000404449
0.000490711
0.000575017
0.000657054
0.000736514
0.000813095
0.000886504
0.000956455
0.00102267
0.00108487
0.0011428
0.00119621
0.00124485
0.00128842
0.00132656
0.00135983
3.65037e-05
0.000108499
0.000179757
0.000250266
0.000319745
0.000387889
0.000454423
0.000519084
0.000581621
0.000641789
0.000699358
0.000754106
0.000805831
0.000854342
0.000899468
0.000941048
0.00097894
0.00101306
0.00104344
0.00106981
3.08113e-05
9.18311e-05
0.000152258
0.000212065
0.000271045
0.00032896
0.000385585
0.000440705
0.00049411
0.000545595
0.000594961
0.000642013
0.000686564
0.000728431
0.000767442
0.000803438
0.000836264
0.000865713
0.000891555
0.000914187
2.51565e-05
7.49795e-05
0.000124379
0.000173279
0.000221487
0.000268803
0.000315039
0.000360012
0.000403548
0.000445477
0.000485637
0.000523874
0.000560044
0.000594011
0.000625652
0.000654852
0.000681498
0.000705502
0.000726885
0.000745718
2.22782e-05
6.66165e-05
0.000110608
0.000154157
0.000197117
0.000239324
0.000280616
0.000320836
0.000359833
0.000397458
0.000433566
0.000468019
0.00050068
0.000531419
0.000560109
0.00058663
0.000610863
0.000632663
0.000651884
0.000668775
1.92812e-05
5.7681e-05
9.58499e-05
0.00013364
0.000170902
0.000207493
0.000243272
0.000278102
0.000311854
0.000344403
0.000375631
0.000405432
0.000433704
0.000460359
0.000485319
0.000508515
0.000529884
0.000549401
0.000567132
0.000582986
1.90816e-05
5.71847e-05
9.50506e-05
0.000132536
0.0001695
0.000205796
0.000241285
0.000275824
0.00030928
0.00034152
0.000372416
0.000401846
0.000429693
0.000455846
0.000480196
0.000502645
0.0005231
0.000541463
0.000557602
0.000571495
0.000139431
0.000391108
0.000652972
0.000898409
0.00113826
0.00136129
0.00156709
0.0017478
0.00189686
0.00200327
0.00205287
0.00202356
0.00188484
0.00158242
0.00105381
0.000103241
-0.0014005
-0.00441764
-0.00442522
-0.0257531
0.000146489
0.00040711
0.000681659
0.00093834
0.00119148
0.00142853
0.00165048
0.00184968
0.00202067
0.00215354
0.00223598
0.0022484
0.00216499
0.00193699
0.0015173
0.000726855
-0.0004435
-0.00302279
-0.00201464
-0.0198136
0.000153455
0.000423337
0.000710488
0.000978608
0.00124508
0.00149631
0.00173455
0.00195245
0.00214563
0.00230532
0.0024211
0.00247596
0.00244875
0.00229679
0.00198786
0.00136247
0.000508837
-0.00158205
0.00017449
-0.0134191
0.000160371
0.000439738
0.000739448
0.00101916
0.001299
0.00156454
0.0018192
0.00205596
0.00227154
0.00245835
0.00260784
0.00270566
0.00273522
0.00266025
0.00246261
0.00200376
0.00144862
-0.000146049
0.00217318
-0.00762818
0.00016725
0.000456287
0.000768515
0.00105995
0.00135319
0.00163315
0.00190429
0.00216006
0.0023982
0.00261233
0.00279579
0.00293691
0.00302353
0.00302591
0.00293898
0.00264556
0.00236919
0.00125513
0.00399629
-0.00268262
0.000174097
0.000472958
0.00079766
0.00110093
0.00140758
0.00170204
0.00198973
0.00226459
0.00252538
0.00276697
0.00298454
0.0031691
0.00331277
0.00339231
0.00341453
0.00328318
0.0032645
0.00260094
0.00564911
0.00144541
0.000180918
0.000489728
0.000826856
0.00114205
0.00146211
0.00177113
0.00207539
0.0023694
0.00265288
0.00292197
0.00317367
0.00340164
0.00360208
0.0037581
0.00388704
0.00391261
0.00412999
0.00387875
0.00714031
0.00485467
0.000187716
0.000506575
0.000856071
0.00118327
0.00151671
0.00184033
0.00216116
0.00247432
0.00278049
0.00307705
0.00336279
0.00363397
0.00389062
0.00412197
0.00435451
0.0045305
0.00496239
0.00508173
0.00848192
0.00766003
0.000194493
0.000523476
0.000885276
0.00122454
0.00157132
0.00190955
0.00224693
0.00257921
0.002908
0.00323192
0.0035515
0.0038655
0.00417758
0.00448271
0.00481519
0.00513409
0.00575955
0.00620719
0.00968719
0.0099697
0.000201254
0.000540411
0.000914439
0.00126581
0.00162587
0.0019787
0.00233256
0.0026839
0.00303519
0.00338629
0.00373939
0.0040957
0.00446219
0.00483924
0.00526754
0.0057212
0.0065202
0.00725518
0.0107694
0.0118763
0.000208
0.00055736
0.000943527
0.00130703
0.00168031
0.0020477
0.00241796
0.00278823
0.00316186
0.00353988
0.0039261
0.00432404
0.00474375
0.00519054
0.00571027
0.00629015
0.00724384
0.00822769
0.0117411
0.0134557
0.000214734
0.000574302
0.000972508
0.00134817
0.00173457
0.00211645
0.00250299
0.00289207
0.0032878
0.00369242
0.00411126
0.00455003
0.00502159
0.00553574
0.00614228
0.00683972
0.00793057
0.00912792
0.0126142
0.0147691
0.000221456
0.000591223
0.00100135
0.00138916
0.00178858
0.00218488
0.00258756
0.00299525
0.00341282
0.00384366
0.00429451
0.0047732
0.00529509
0.00587403
0.00656265
0.00736901
0.00858088
0.0099598
0.0133993
0.0158653
0.000228158
0.000608117
0.00103002
0.00142999
0.0018423
0.00225293
0.00267158
0.00309766
0.00353675
0.00399334
0.00447554
0.0049931
0.00556366
0.00620464
0.00697053
0.00787731
0.00919544
0.0107275
0.0141061
0.0167838
0.000234847
0.000624969
0.0010585
0.00147062
0.00189569
0.00232052
0.00275496
0.00319918
0.00365943
0.00414125
0.00465401
0.00520929
0.0058267
0.00652683
0.00736514
0.00836404
0.00977505
0.0114351
0.0147431
0.0175558
0.000241606
0.000641702
0.00108674
0.00151095
0.00194862
0.00238749
0.0028375
0.00329957
0.00378058
0.00428706
0.00482958
0.00542138
0.00608384
0.00684027
0.00774638
0.00882963
0.0103217
0.0120878
0.015319
0.0182073
0.000248583
0.000658179
0.00111457
0.00155076
0.00200081
0.00245351
0.00291881
0.0033984
0.00389973
0.00443031
0.00500184
0.00562911
0.00633512
0.00714552
0.00811566
0.00927672
0.0108403
0.0126937
0.0158441
0.0187595
0.000255583
0.000674538
0.00114188
0.00159003
0.0020522
0.0025185
0.00299878
0.00349552
0.00401672
0.00457082
0.0051706
0.00583237
0.00658057
0.00744296
0.00847391
0.00970747
0.0113343
0.0132608
0.0163258
0.01923
0.000261284
0.00069186
0.00116912
0.00162978
0.00210393
0.00258388
0.00307899
0.00359261
0.00413317
0.00470994
0.00533659
0.00603072
0.00681786
0.00772765
0.00881261
0.0101104
0.0117883
0.0137779
0.0167534
0.0196301
0.000264306
0.000711335
0.00119765
0.00167186
0.00215838
0.00265245
0.0031626
0.00369304
0.0042523
0.0048502
0.0055008
0.00622232
0.00704054
0.00798611
0.00910909
0.0104519
0.0121594
0.0141965
0.0170948
0.0199636
-3.00269e-05
-8.22466e-05
-0.000140783
-0.000204877
-0.000277378
-0.000360149
-0.00045473
-0.000562138
-0.000682524
-0.000814853
-0.000956322
-0.0011017
-0.00124287
-0.00136979
-0.00147513
-0.00156575
-0.00167323
-0.00181429
-0.00193096
-0.0023932
-2.97262e-05
-8.16517e-05
-0.000140307
-0.0002056
-0.000280757
-0.000368209
-0.000470101
-0.000588181
-0.000723444
-0.000875832
-0.00104361
-0.00122256
-0.00140506
-0.00158042
-0.00173842
-0.00188075
-0.00203658
-0.00222683
-0.00239094
-0.00266995
-2.89556e-05
-7.95076e-05
-0.000137311
-0.000202859
-0.000279802
-0.000371188
-0.00047983
-0.000608302
-0.000758572
-0.000931754
-0.00112747
-0.00134291
-0.00157157
-0.00180267
-0.00202328
-0.00222814
-0.0024393
-0.00268003
-0.00288539
-0.00314315
-2.75906e-05
-7.56112e-05
-0.000131404
-0.000196084
-0.000273734
-0.000368062
-0.000482605
-0.000620848
-0.000785855
-0.000980095
-0.00120482
-0.00145903
-0.00173788
-0.00203125
-0.0023237
-0.00260132
-0.00287428
-0.00316731
-0.00341078
-0.00365013
-2.55339e-05
-6.97365e-05
-0.000122185
-0.000184686
-0.000261738
-0.000357747
-0.000477017
-0.000624017
-0.000803025
-0.00101803
-0.00127218
-0.0015667
-0.00189896
-0.00226028
-0.0026333
-0.00299431
-0.00333732
-0.00368619
-0.00397036
-0.00420673
-2.27026e-05
-6.16503e-05
-0.000109254
-0.000168065
-0.000242983
-0.000339127
-0.000461597
-0.000615909
-0.000807652
-0.0010425
-0.00132575
-0.00166121
-0.00204915
-0.00248324
-0.00294518
-0.00340138
-0.00382613
-0.00423737
-0.00456933
-0.0048186
-1.90173e-05
-5.11247e-05
-9.22153e-05
-0.000145631
-0.000216636
-0.00031107
-0.000434839
-0.000594549
-0.000797178
-0.00105023
-0.00136137
-0.00173742
-0.00218221
-0.00269288
-0.00325178
-0.00381644
-0.00433893
-0.00482341
-0.005214
-0.00549036
-1.44031e-05
-3.7943e-05
-7.06923e-05
-0.000116815
-0.000181892
-0.000272467
-0.000395242
-0.000557932
-0.00076896
-0.00103778
-0.00137464
-0.00178976
-0.00229125
-0.00288113
-0.00354452
-0.00423225
-0.0048732
-0.00544836
-0.0059114
-0.00623183
-8.7913e-06
-2.19072e-05
-4.43383e-05
-8.10895e-05
-0.000137991
-0.000222257
-0.000341347
-0.000504076
-0.000720329
-0.00100159
-0.0013609
-0.0018122
-0.00236869
-0.0030389
-0.00381335
-0.00463943
-0.00542446
-0.00611746
-0.00666904
-0.00705956
-2.1223e-06
-2.84432e-06
-1.28498e-05
-3.79872e-05
-8.42506e-05
-0.000159468
-0.000271788
-0.000431076
-0.00064866
-0.000938093
-0.0013153
-0.00179832
-0.00240621
-0.00315583
-0.00404619
-0.00502548
-0.00598494
-0.00683701
-0.00749419
-0.00799899
5.652e-06
1.9385e-05
2.40206e-05
1.28783e-05
-2.00933e-05
-8.32556e-05
-0.000185343
-0.000337181
-0.000551459
-0.00084376
-0.00123295
-0.00174138
-0.00239474
-0.00322016
-0.00422827
-0.00537363
-0.00654244
-0.00761479
-0.00839188
-0.00908738
1.45652e-05
4.48797e-05
6.64496e-05
7.17913e-05
5.4922e-05
7.05102e-06
-8.09993e-05
-0.000220875
-0.000426477
-0.00071529
-0.00110903
-0.00163446
-0.00232462
-0.00321852
-0.00434161
-0.0056618
-0.00707837
-0.00845555
-0.00936435
-0.0103755
2.46341e-05
7.36899e-05
0.000114531
0.000138912
0.000141068
0.000111904
4.1981e-05
-8.09727e-05
-0.000271841
-0.000549753
-0.000939029
-0.00147077
-0.00218572
-0.00313599
-0.0043646
-0.00586178
-0.00756484
-0.00934908
-0.0104121
-0.0119252
3.5858e-05
0.000105812
0.000168263
0.00021426
0.000238422
0.000231494
0.000183998
8.32857e-05
-8.61852e-05
-0.000344794
-0.000719015
-0.00124391
-0.00196781
-0.00295624
-0.00427191
-0.00593825
-0.00796003
-0.0102541
-0.0115387
-0.0137949
4.82182e-05
0.000141186
0.000227547
0.000297704
0.000346851
0.000365725
0.000345068
0.000272158
0.000131217
-9.88323e-05
-0.000445915
-0.000948277
-0.00166097
-0.00266194
-0.00403435
-0.00584603
-0.00820057
-0.0110871
-0.0127553
-0.0160067
6.16709e-05
0.000179691
0.000292184
0.00038896
0.000465999
0.000514191
0.000524782
0.000485325
0.000380317
0.000188696
-0.000117938
-0.000579716
-0.00125644
-0.00223562
-0.00361933
-0.00552787
-0.00819181
-0.0117122
-0.0140301
-0.0185128
7.6117e-05
0.000221156
0.000361854
0.00048757
0.000595257
0.00067613
0.000722227
0.00072176
0.00066007
0.000516943
0.00026473
-0.000136706
-0.000748631
-0.00166289
-0.00299544
-0.0049203
-0.00780646
-0.0119105
-0.0150804
-0.0209973
9.1383e-05
0.000265344
0.000436082
0.000592862
0.000733689
0.000850326
0.000935845
0.000979515
0.000968087
0.000883067
0.000698902
0.000377768
-0.000138663
-0.000939297
-0.0021452
-0.00397455
-0.00690997
-0.011353
-0.015118
-0.0228924
0.000107448
0.000311827
0.000514266
0.000703875
0.000879997
0.00103503
0.00116334
0.00125557
0.00130041
0.00128185
0.0011777
0.00095477
0.000562216
-7.84111e-05
-0.00108126
-0.00268402
-0.00540462
-0.00971473
-0.0132941
-0.0251542
0.000125197
0.000359573
0.000596014
0.000819353
0.00103279
0.00122816
0.00140203
0.00154632
0.00165221
0.00170667
0.00169194
0.00158121
0.00133472
0.000888835
0.000152017
-0.00109497
-0.00325042
-0.00691303
-0.00928701
-0.0329317
-1.2352e-06
-3.27828e-06
-6.39997e-06
-1.01152e-05
-1.57107e-05
-2.43096e-05
-3.77454e-05
-5.7915e-05
-8.61752e-05
-0.000122043
-0.000161649
-0.00019685
-0.000217146
-0.000215622
-0.000194888
-0.000165978
-0.000140573
-0.000127685
-0.000142263
-0.00010928
-3.35828e-06
-8.2196e-06
-1.45673e-05
-2.09418e-05
-2.84895e-05
-3.74999e-05
-4.88565e-05
-6.34044e-05
-8.18965e-05
-0.000104403
-0.000129466
-0.000153329
-0.000170612
-0.0001773
-0.000173553
-0.000163817
-0.000153862
-0.000145029
-0.000133276
-0.000134748
-5.42466e-06
-1.36224e-05
-2.37055e-05
-3.38654e-05
-4.54196e-05
-5.85855e-05
-7.40896e-05
-9.23148e-05
-0.000113077
-0.000134912
-0.000154515
-0.000167123
-0.000169119
-0.000161878
-0.000151555
-0.000144054
-0.000142266
-0.000143797
-0.000142965
-0.000145955
-7.35251e-06
-1.87361e-05
-3.21648e-05
-4.55174e-05
-6.00228e-05
-7.56063e-05
-9.26066e-05
-0.000110949
-0.00013006
-0.000148354
-0.000162891
-0.000169885
-0.000167187
-0.000157821
-0.000149222
-0.000146986
-0.000152414
-0.000162064
-0.000169593
-0.000172745
-9.24591e-06
-2.38499e-05
-4.06634e-05
-5.73353e-05
-7.50673e-05
-9.36019e-05
-0.000112999
-0.000132774
-0.000151838
-0.000168127
-0.000178595
-0.000180183
-0.000172518
-0.000160944
-0.000154565
-0.000158373
-0.00017125
-0.000187799
-0.000200138
-0.000204569
-1.10851e-05
-2.88434e-05
-4.89528e-05
-6.88353e-05
-8.96545e-05
-0.000110977
-0.000132623
-0.0001538
-0.000173105
-0.000188267
-0.000196309
-0.000194682
-0.00018399
-0.00017095
-0.000166212
-0.000175012
-0.000194371
-0.000216897
-0.000232936
-0.000238149
-1.28916e-05
-3.37681e-05
-5.71508e-05
-8.02562e-05
-0.000104235
-0.000128521
-0.00015274
-0.00017585
-0.000196164
-0.000211203
-0.00021801
-0.00021442
-0.000201739
-0.000187618
-0.000184016
-0.000196863
-0.000221771
-0.000249535
-0.000268707
-0.000274036
-1.46612e-05
-3.86054e-05
-6.52238e-05
-9.15439e-05
-0.000118722
-0.00014609
-0.00017313
-0.000198613
-0.000220647
-0.000236599
-0.000243489
-0.00023932
-0.000225713
-0.000210821
-0.000207773
-0.000223722
-0.000253361
-0.000285761
-0.000307591
-0.000312555
-1.63964e-05
-4.33592e-05
-7.31857e-05
-0.000102738
-0.0001332
-0.000163839
-0.000194037
-0.000222427
-0.000246956
-0.00026485
-0.000273054
-0.000269565
-0.000256002
-0.000240624
-0.000237501
-0.000255491
-0.000288999
-0.000325464
-0.000349529
-0.000353785
-1.80932e-05
-4.80169e-05
-8.10179e-05
-0.000113819
-0.000147654
-0.000181765
-0.000215473
-0.000247323
-0.000275147
-0.000296042
-0.000306816
-0.000305289
-0.000292785
-0.000277286
-0.000273505
-0.000292393
-0.000328825
-0.00036877
-0.000394676
-0.000397999
-1.97466e-05
-5.25631e-05
-8.8698e-05
-0.000124765
-0.000162072
-0.000199873
-0.000237468
-0.000273361
-0.000305304
-0.000330278
-0.000344902
-0.000346669
-0.000336344
-0.000321259
-0.000316393
-0.000335016
-0.000373357
-0.000416168
-0.000443506
-0.000445843
-2.13483e-05
-5.69728e-05
-9.61862e-05
-0.000135527
-0.000176401
-0.000218111
-0.000259979
-0.000300512
-0.000337421
-0.000367584
-0.000387398
-0.000393899
-0.000387058
-0.000373195
-0.000367095
-0.000384373
-0.000423564
-0.000468602
-0.000496902
-0.000498426
-2.2887e-05
-6.12132e-05
-0.000103429
-0.000146036
-0.000190559
-0.000236394
-0.000282922
-0.000328699
-0.000371438
-0.000407938
-0.000434355
-0.000447178
-0.000445385
-0.000433933
-0.000426884
-0.000441966
-0.000480977
-0.00052761
-0.000556272
-0.000557083
-2.4348e-05
-6.5242e-05
-0.000110358
-0.000156198
-0.000204432
-0.000254591
-0.000306156
-0.00035778
-0.000407224
-0.000451249
-0.000485774
-0.000506693
-0.000511832
-0.00050447
-0.000497366
-0.000509855
-0.000547822
-0.000595514
-0.000623848
-0.000625243
-2.57129e-05
-6.90074e-05
-0.000116884
-0.000165895
-0.000217872
-0.000272527
-0.000329484
-0.000387544
-0.000444572
-0.000497344
-0.000541582
-0.000572578
-0.000586911
-0.000585916
-0.00058045
-0.000590686
-0.000627164
-0.000675665
-0.000702902
-0.000706818
-2.6962e-05
-7.24464e-05
-0.000122903
-0.00017498
-0.000230691
-0.000289976
-0.000352646
-0.000417705
-0.000483188
-0.000545953
-0.000601599
-0.000644867
-0.000671071
-0.000679406
-0.00067826
-0.000687664
-0.000722997
-0.000772674
-0.000798232
-0.000808726
-2.80772e-05
-7.54851e-05
-0.000128291
-0.000183281
-0.000242667
-0.000306664
-0.00037532
-0.0004479
-0.000522678
-0.000596688
-0.000665512
-0.000723451
-0.000764623
-0.000785999
-0.000793004
-0.000804439
-0.000840263
-0.00089257
-0.000916375
-0.000942146
-2.90334e-05
-7.80441e-05
-0.00013291
-0.000190606
-0.00025355
-0.000322282
-0.000397135
-0.000477701
-0.000562572
-0.000649063
-0.000732876
-0.000808049
-0.000867681
-0.000906558
-0.0009268
-0.000944953
-0.000984933
-0.00104321
-0.00106579
-0.00111739
-2.97558e-05
-8.00581e-05
-0.00013662
-0.000196757
-0.000263078
-0.000336503
-0.000417697
-0.000506645
-0.000602346
-0.000702512
-0.000803135
-0.000898214
-0.000980095
-0.00104159
-0.00108144
-0.0011132
-0.0011641
-0.00123542
-0.0012615
-0.00136331
-3.00819e-05
-8.14873e-05
-0.000139262
-0.000201511
-0.000270957
-0.000348953
-0.000436552
-0.000534195
-0.000641379
-0.000756345
-0.000875556
-0.000993234
-0.0011013
-0.00119098
-0.00125788
-0.00131241
-0.0013845
-0.00148187
-0.00153257
-0.00174229
-0.000110709
-0.00011133
-0.000109582
-0.000107895
-0.000106587
-0.000105503
-0.000104567
-0.000103741
-0.000102993
-0.000102297
-0.000101637
-0.000101004
-0.0001004
-9.98452e-05
-9.93731e-05
-9.90353e-05
-9.8916e-05
-9.92963e-05
-0.000100784
-0.000101979
-0.000129932
-0.000127482
-0.00012592
-0.000124641
-0.000123498
-0.000122492
-0.000121668
-0.000121074
-0.000120739
-0.000120675
-0.000120869
-0.000121288
-0.000121876
-0.000122553
-0.000123224
-0.00012377
-0.000124052
-0.000123878
-0.000123086
-0.000122711
-0.000140395
-0.000138082
-0.000136166
-0.000134163
-0.000132238
-0.000130599
-0.000129399
-0.000128759
-0.000128765
-0.000129457
-0.000130827
-0.00013282
-0.00013533
-0.00013821
-0.000141278
-0.000144331
-0.000147158
-0.000149486
-0.000150993
-0.000152296
-0.000167909
-0.000165631
-0.000163045
-0.000160147
-0.000157337
-0.000154943
-0.000153214
-0.000152344
-0.000152471
-0.00015366
-0.000155905
-0.000159126
-0.000163171
-0.000167824
-0.000172813
-0.000177834
-0.000182562
-0.000186614
-0.00018955
-0.000191604
-0.000198142
-0.000194846
-0.000191179
-0.000187159
-0.000183281
-0.000179972
-0.000177569
-0.000176339
-0.000176471
-0.000178056
-0.000181089
-0.000185462
-0.000190975
-0.000197338
-0.000204189
-0.000211116
-0.000217678
-0.000223371
-0.00022766
-0.000230823
-0.000229279
-0.000224621
-0.000219547
-0.000214067
-0.000208799
-0.00020429
-0.000200975
-0.000199198
-0.000199197
-0.000201092
-0.000204876
-0.000210415
-0.000217453
-0.000225626
-0.000234474
-0.000243475
-0.00025207
-0.000259622
-0.000265465
-0.000269931
-0.00026223
-0.000255902
-0.000249056
-0.000241741
-0.000234727
-0.0002287
-0.000224201
-0.000221657
-0.000221364
-0.000223467
-0.000227956
-0.000234669
-0.000243291
-0.000253376
-0.000264362
-0.000275608
-0.000286426
-0.000296036
-0.000303619
-0.000309555
-0.000297024
-0.000288585
-0.000279527
-0.000269944
-0.000260783
-0.000252881
-0.000246898
-0.000243351
-0.000242595
-0.000244804
-0.000249966
-0.000257882
-0.000268179
-0.00028032
-0.00029363
-0.00030734
-0.000320623
-0.000332539
-0.000342102
-0.000349769
-0.000333544
-0.000322475
-0.000310698
-0.000298349
-0.000286577
-0.000276395
-0.000268594
-0.000263788
-0.000262394
-0.000264616
-0.000270437
-0.000279622
-0.000291731
-0.00030613
-0.000322023
-0.000338499
-0.000354575
-0.00036913
-0.000380985
-0.000390708
-0.000371832
-0.000357516
-0.000342421
-0.000326716
-0.000311795
-0.000298872
-0.000288883
-0.000282543
-0.000280335
-0.000282488
-0.000288979
-0.000299534
-0.000313642
-0.000330569
-0.000349387
-0.000369029
-0.000388335
-0.000405972
-0.000420528
-0.000432724
-0.000412123
-0.000393765
-0.000374605
-0.000354829
-0.000336122
-0.000319931
-0.000307344
-0.000299179
-0.000295977
-0.000297993
-0.000305191
-0.000317259
-0.000333613
-0.000353415
-0.000375602
-0.000398934
-0.000422055
-0.000443374
-0.000461191
-0.000476422
-0.000454884
-0.000431414
-0.00040722
-0.000382476
-0.000359218
-0.000339149
-0.00032351
-0.000313212
-0.000308843
-0.00031067
-0.000318641
-0.000332405
-0.000351313
-0.000374431
-0.000400557
-0.000428275
-0.000456001
-0.000481834
-0.000503698
-0.000522749
-0.000500835
-0.000470805
-0.000440286
-0.000409427
-0.000380679
-0.000356025
-0.000336838
-0.000324089
-0.000318387
-0.000319991
-0.00032883
-0.000344517
-0.000366354
-0.00039333
-0.000424124
-0.000457145
-0.000490561
-0.000522092
-0.000549161
-0.000573137
-0.000551263
-0.000512476
-0.000473836
-0.000435354
-0.000399961
-0.000369904
-0.000346632
-0.000331115
-0.000323932
-0.000325305
-0.000335131
-0.000353003
-0.000378206
-0.000409696
-0.000446077
-0.000485616
-0.00052623
-0.000565191
-0.000599265
-0.000629733
-0.00060782
-0.000557025
-0.000507726
-0.000459636
-0.000416181
-0.000379804
-0.0003519
-0.000333328
-0.000324553
-0.000325715
-0.000336669
-0.000357011
-0.000386062
-0.000422823
-0.000465919
-0.000513558
-0.000563451
-0.000612303
-0.000655794
-0.000695598
-0.000672839
-0.000604848
-0.000541175
-0.000480858
-0.000427669
-0.000384012
-0.00035099
-0.00032916
-0.000318754
-0.000319769
-0.000332005
-0.000355098
-0.000388485
-0.000431346
-0.000482495
-0.000540275
-0.000602366
-0.000665026
-0.000722729
-0.000775909
-0.000749398
-0.000655647
-0.000572139
-0.000496282
-0.000431549
-0.00037978
-0.000341362
-0.000316265
-0.000304324
-0.000305327
-0.000318993
-0.000345056
-0.000383185
-0.000432926
-0.000493575
-0.00056399
-0.000642253
-0.000724624
-0.000804343
-0.000878523
-0.000840343
-0.000707581
-0.000597098
-0.000502373
-0.000424754
-0.000364588
-0.000320975
-0.000292947
-0.000279768
-0.00028096
-0.000296136
-0.000325196
-0.000368158
-0.000425161
-0.000496368
-0.000581747
-0.000680605
-0.000790414
-0.000904695
-0.00101368
-0.000945851
-0.000748092
-0.00060191
-0.000487249
-0.000397799
-0.000330745
-0.000283347
-0.000253483
-0.000239787
-0.000241487
-0.00025817
-0.000289898
-0.000337105
-0.000400685
-0.000482058
-0.00058312
-0.000705881
-0.000851853
-0.00101953
-0.0012019
-0.00104229
-0.000724081
-0.000528094
-0.000396477
-0.000302079
-0.000234529
-0.000188231
-0.000159935
-0.000147887
-0.000151226
-0.000169656
-0.000203436
-0.000253462
-0.000321623
-0.000411463
-0.000529039
-0.000683816
-0.0008943
-0.00121086
-0.00165184
-9.02345e-05
-8.42122e-05
-9.45816e-05
-0.000115117
-0.000137791
-0.000149487
-0.000142291
-0.000119362
-9.03919e-05
-6.37642e-05
-4.34813e-05
-2.99307e-05
-2.16251e-05
-1.66233e-05
-1.33139e-05
-1.07131e-05
-8.23937e-06
-5.92713e-06
-3.20574e-06
-1.34075e-06
-0.000129993
-0.000128216
-0.000127941
-0.000131522
-0.000135983
-0.000135921
-0.000128784
-0.000115324
-9.91909e-05
-8.37408e-05
-7.05318e-05
-5.97205e-05
-5.07959e-05
-4.30929e-05
-3.6042e-05
-2.93295e-05
-2.2648e-05
-1.62962e-05
-9.34636e-06
-3.98587e-06
-0.000158418
-0.000151474
-0.000143092
-0.000139326
-0.000143094
-0.00015123
-0.0001564
-0.000152735
-0.000141269
-0.000126144
-0.000110624
-9.61954e-05
-8.31e-05
-7.10351e-05
-5.95885e-05
-4.85121e-05
-3.75017e-05
-2.69224e-05
-1.56628e-05
-6.39245e-06
-0.000196562
-0.00018481
-0.000170272
-0.000159969
-0.000159555
-0.000167727
-0.00017654
-0.000178175
-0.000171653
-0.000159716
-0.00014513
-0.000129577
-0.00011384
-9.81995e-05
-8.27067e-05
-6.7408e-05
-5.2151e-05
-3.73881e-05
-2.19376e-05
-8.70373e-06
-0.000237639
-0.000222531
-0.000202548
-0.000186027
-0.000181671
-0.000190463
-0.000203519
-0.000210307
-0.000207586
-0.000197176
-0.000181968
-0.00016418
-0.000145156
-0.000125625
-0.000105953
-8.63752e-05
-6.68439e-05
-4.78693e-05
-2.82132e-05
-1.09597e-05
-0.000279328
-0.00026162
-0.00023733
-0.000215958
-0.000208926
-0.000218525
-0.00023457
-0.000244742
-0.000244478
-0.000234905
-0.000218827
-0.000198753
-0.000176444
-0.000153026
-0.000129166
-0.000105299
-8.1488e-05
-5.83023e-05
-3.44528e-05
-1.3187e-05
-0.000321943
-0.000302057
-0.00027458
-0.000249666
-0.000241155
-0.000252001
-0.000270599
-0.000283238
-0.000284373
-0.000274658
-0.000256937
-0.000234038
-0.000208107
-0.000180603
-0.000152445
-0.000124228
-9.61086e-05
-6.87006e-05
-4.06596e-05
-1.53952e-05
-0.000365839
-0.000344055
-0.000314401
-0.000287148
-0.000278364
-0.000290939
-0.000311605
-0.000325653
-0.000327035
-0.000316224
-0.000296171
-0.000269984
-0.00024013
-0.00020835
-0.000175778
-0.000143143
-0.000110684
-7.90451e-05
-4.68228e-05
-1.75865e-05
-0.000411354
-0.000387835
-0.000357021
-0.000328639
-0.000320814
-0.000335589
-0.000357888
-0.000372379
-0.000372904
-0.000360002
-0.000336832
-0.000306789
-0.000272627
-0.000236322
-0.000199181
-0.000162041
-0.000125201
-8.93235e-05
-5.29349e-05
-1.976e-05
-0.000459085
-0.00043387
-0.000402982
-0.000374693
-0.000369019
-0.000386356
-0.000409759
-0.000423654
-0.000422157
-0.000406122
-0.000379015
-0.000344517
-0.000305631
-0.000264524
-0.000222642
-0.000180899
-0.000139638
-9.9515e-05
-5.89833e-05
-2.19125e-05
-0.000510017
-0.000482992
-0.000453203
-0.000426212
-0.000423758
-0.000443811
-0.000467616
-0.00047977
-0.000475019
-0.000454754
-0.000422835
-0.000383235
-0.000339168
-0.000292955
-0.000246142
-0.00019969
-0.000153966
-0.000109595
-6.49533e-05
-2.40395e-05
-0.000565642
-0.000536475
-0.000509053
-0.000484484
-0.000486077
-0.000508675
-0.000531916
-0.000541008
-0.000531662
-0.000506001
-0.000468348
-0.00042296
-0.000373229
-0.000321586
-0.00026964
-0.000218371
-0.000168144
-0.000119534
-7.08259e-05
-2.61351e-05
-0.000628141
-0.000596153
-0.000572435
-0.000551216
-0.000557283
-0.000581804
-0.000603165
-0.000607647
-0.000592236
-0.000559936
-0.000515578
-0.000463683
-0.00040778
-0.000350368
-0.000293083
-0.000236889
-0.000182128
-0.000129293
-7.65791e-05
-2.81917e-05
-0.000700665
-0.00066459
-0.000645898
-0.00062856
-0.000638921
-0.000664154
-0.000681884
-0.000679938
-0.000656841
-0.00061658
-0.000564499
-0.000505351
-0.000442754
-0.000379228
-0.000316396
-0.000255174
-0.00019586
-0.000138831
-8.21867e-05
-3.01997e-05
-0.000787714
-0.000745282
-0.000732716
-0.000719097
-0.000732711
-0.000756719
-0.000768563
-0.000758075
-0.000725514
-0.000675891
-0.000615033
-0.000547867
-0.000478044
-0.00040806
-0.000339481
-0.000273142
-0.000209268
-0.000148093
-8.76173e-05
-3.21495e-05
-0.000895425
-0.000842746
-0.000836888
-0.000825713
-0.000840421
-0.000860447
-0.00086361
-0.000842149
-0.000798193
-0.000737742
-0.000667026
-0.000591071
-0.000513497
-0.00043672
-0.000362208
-0.000290682
-0.000222267
-0.000157014
-9.28324e-05
-3.40384e-05
-0.0010316
-0.000962542
-0.00096309
-0.000951437
-0.000963724
-0.000976161
-0.000967308
-0.000932138
-0.000874718
-0.000801926
-0.000720264
-0.000634757
-0.00054892
-0.000465035
-0.000384427
-0.00030767
-0.000234757
-0.000165517
-9.77865e-05
-3.58749e-05
-0.00120809
-0.00111238
-0.00111685
-0.00109941
-0.00110415
-0.00110451
-0.00107982
-0.00102795
-0.000954897
-0.000868225
-0.000774532
-0.000678721
-0.000584125
-0.000492836
-0.000405994
-0.000323986
-0.000246642
-0.000173531
-0.000102445
-3.76394e-05
-0.0014533
-0.00130527
-0.00130449
-0.00127301
-0.0012631
-0.00124587
-0.00120116
-0.00112952
-0.00103861
-0.000936505
-0.00082969
-0.000722827
-0.000618987
-0.000520011
-0.000426808
-0.000339547
-0.000257855
-0.00018101
-0.000106836
-3.91583e-05
-0.00180852
-0.00155543
-0.00152996
-0.00147476
-0.0014413
-0.00139994
-0.00133099
-0.00123662
-0.00112571
-0.0010066
-0.000885573
-0.000766915
-0.000653355
-0.000546425
-0.000446755
-0.000354257
-0.000268316
-0.000187902
-0.000111049
-4.00805e-05
-0.0022739
-0.00193814
-0.00186323
-0.00176882
-0.0016953
-0.00161489
-0.00150927
-0.00138177
-0.00124225
-0.00109916
-0.000958338
-0.000823488
-0.000696774
-0.000579252
-0.000471125
-0.000371924
-0.000280668
-0.000195967
-0.000115977
-4.0873e-05
-0.00266429
-0.0024275
-0.00230899
-0.00216846
-0.00204067
-0.00190289
-0.00174317
-0.00156827
-0.00138889
-0.00121308
-0.00104574
-0.00088961
-0.000745993
-0.000615217
-0.000496851
-0.000389854
-0.000292726
-0.000203624
-0.000120228
-4.21914e-05
-0.00313394
-0.00293725
-0.00278151
-0.00259707
-0.00241166
-0.00220896
-0.00198744
-0.00175915
-0.00153575
-0.00132442
-0.00112878
-0.000950346
-0.000789415
-0.000645444
-0.000517254
-0.000403139
-0.000301012
-0.00020849
-0.000122743
-4.30964e-05
-0.00365473
-0.00346681
-0.0032778
-0.00304928
-0.00280161
-0.00252684
-0.00223673
-0.00194992
-0.00167901
-0.00142992
-0.00120465
-0.00100333
-0.000825058
-0.000668299
-0.000531014
-0.000410746
-0.000304747
-0.000210029
-0.000123262
-4.33276e-05
-0.00421504
-0.00402194
-0.00379888
-0.00352258
-0.00320534
-0.00285057
-0.00248547
-0.00213565
-0.00181436
-0.00152584
-0.00127018
-0.00104588
-0.000850696
-0.000681965
-0.000536681
-0.000411548
-0.00030309
-0.000207669
-0.000121445
-4.27435e-05
-0.00481672
-0.00460916
-0.00434701
-0.00401533
-0.00361796
-0.003174
-0.00272756
-0.00231081
-0.00193694
-0.001608
-0.00132182
-0.00107503
-0.000863885
-0.000684468
-0.000532691
-0.000404338
-0.000295149
-0.000200801
-0.000116923
-4.12298e-05
-0.00546501
-0.00523418
-0.00492495
-0.00452579
-0.00403412
-0.00349038
-0.00295623
-0.00246918
-0.00204131
-0.00167174
-0.00135564
-0.00108753
-0.000861999
-0.000673713
-0.000517404
-0.000387867
-0.000280009
-0.000188799
-0.000109331
-3.86638e-05
-0.00616758
-0.00590225
-0.00553555
-0.00505114
-0.00444711
-0.00379183
-0.00316379
-0.00260387
-0.0021215
-0.00171203
-0.00136748
-0.00108
-0.00084232
-0.000647557
-0.000489164
-0.000360883
-0.000256759
-0.000171047
-9.83093e-05
-3.49244e-05
-0.00693542
-0.00661816
-0.00618147
-0.00558677
-0.00484849
-0.00406932
-0.00334188
-0.00270752
-0.00217127
-0.00172368
-0.0013531
-0.00104904
-0.000802161
-0.00060391
-0.00044637
-0.000322188
-0.000224534
-0.000146957
-8.35184e-05
-2.98954e-05
-0.00778367
-0.00738568
-0.00686509
-0.00612618
-0.00522851
-0.00431321
-0.00348193
-0.00277271
-0.00218434
-0.0017015
-0.0013083
-0.000991307
-0.000738913
-0.000540757
-0.000387488
-0.000270636
-0.000182505
-0.000115972
-6.46329e-05
-2.34647e-05
-0.00873183
-0.00820698
-0.00758803
-0.00666133
-0.00557626
-0.00451298
-0.00357454
-0.00279131
-0.0021538
-0.00163979
-0.00122852
-0.000903213
-0.00064979
-0.000455968
-0.000310911
-0.00020504
-0.000129823
-7.75205e-05
-4.13213e-05
-1.55176e-05
-0.00980181
-0.00908259
-0.0083476
-0.00718002
-0.00587593
-0.00465306
-0.00360598
-0.00275177
-0.00207022
-0.00153101
-0.00110784
-0.000780207
-0.000531353
-0.000346986
-0.00021478
-0.000124079
-6.55814e-05
-3.10159e-05
-1.32474e-05
-5.93775e-06
-0.0110108
-0.0100116
-0.00912472
-0.00765372
-0.00609622
-0.00470506
-0.00355313
-0.00263618
-0.00191989
-0.00136483
-0.000938618
-0.000616733
-0.000379652
-0.000211076
-9.72526e-05
-2.65541e-05
1.09705e-05
2.39845e-05
1.98259e-05
5.35528e-06
-0.0123593
-0.0109858
-0.00986136
-0.00802052
-0.00618296
-0.00462662
-0.00338569
-0.00242353
-0.0016885
-0.00113165
-0.000714618
-0.000408946
-0.000192471
-4.70808e-05
4.21742e-05
8.76695e-05
9.97886e-05
8.73775e-05
5.78136e-05
1.83304e-05
-0.0138125
-0.0119671
-0.0104525
-0.00819719
-0.00608307
-0.00438673
-0.00308748
-0.00210665
-0.00137427
-0.00083286
-0.000438881
-0.000160534
2.65164e-05
0.000141732
0.000200833
0.00021657
0.000199447
0.000158237
0.0001002
3.28175e-05
-0.015259
-0.0128617
-0.0108145
-0.00815983
-0.00581025
-0.00401378
-0.00268887
-0.00171392
-0.0010023
-0.000489737
-0.000128765
0.000114909
0.000267101
0.000348041
0.000373746
0.000356971
0.00030807
0.000235556
0.000146532
4.86968e-05
-0.016452
-0.013578
-0.0110119
-0.00802678
-0.00548198
-0.00360275
-0.00225986
-0.00129526
-0.000607183
-0.000125153
0.000201658
0.000409611
0.000525752
0.000570963
0.000561502
0.000510124
0.000427045
0.000320545
0.000197674
6.63248e-05
-0.0172869
-0.0141521
-0.0111959
-0.00790225
-0.00514716
-0.0031626
-0.00178379
-0.000818794
-0.000149106
0.000303272
0.000593305
0.000760245
0.000833338
0.000835014
0.000782489
0.000689023
0.00056498
0.000418501
0.000256513
8.66428e-05
-0.0185933
-0.014472
-0.0109324
-0.00727073
-0.00432741
-0.00228192
-0.000916467
-1.70356e-06
0.000599856
0.000974901
0.0011834
0.0012685
0.00126249
0.00118983
0.00106884
0.000913059
0.000732554
0.000534665
0.000325197
0.000109922
-0.0204927
-0.0121964
-0.00774318
-0.00423379
-0.00166695
-1.06056e-05
0.000997886
0.0015999
0.00193102
0.00207246
0.00207925
0.00199106
0.0018374
0.00164008
0.00141469
0.00117197
0.000918949
0.000659967
0.000397655
0.000133423
)
;

boundaryField
{
    inlet
    {
        type            zeroGradient;
    }
    outlet
    {
        type            fixedValue;
        value           uniform 0;
    }
    upAndBottom
    {
        type            empty;
    }
    obstacle
    {
        type            zeroGradient;
    }
}


// ************************************************************************* //
