/*--------------------------------*- C++ -*----------------------------------*\
| =========                 |                                                 |
| \\      /  F ield         | OpenFOAM: The Open Source CFD Toolbox           |
|  \\    /   O peration     | Version:  v1806                                 |
|   \\  /    A nd           | Web:      www.OpenFOAM.com                      |
|    \\/     M anipulation  |                                                 |
\*---------------------------------------------------------------------------*/
FoamFile
{
    version     2.0;
    format      ascii;
    class       volScalarField;
    location    "350";
    object      p;
}
// * * * * * * * * * * * * * * * * * * * * * * * * * * * * * * * * * * * * * //

dimensions      [0 2 -2 0 0 0 0];


internalField   nonuniform List<scalar> 
4400
(
0.00693015
0.00844335
0.00569709
0.00362395
0.00266131
0.00222128
0.002018
0.00191954
0.00184848
0.00176871
0.00166826
0.00154541
0.00140212
0.00124157
0.00106715
0.000882128
0.000689478
0.000492049
0.000291126
8.67604e-05
0.0272835
0.0182445
0.0122471
0.00845878
0.00628427
0.00499245
0.00416176
0.00358874
0.00316044
0.00281096
0.00250368
0.00221886
0.00194583
0.00167885
0.00141496
0.00115279
0.000891947
0.000632482
0.000373468
0.000115597
0.029563
0.0216979
0.0161403
0.012145
0.00941216
0.00752668
0.00618317
0.00519681
0.00444449
0.0038426
0.00333714
0.00289435
0.00249311
0.00211998
0.0017663
0.00142644
0.00109672
0.00077456
0.00045726
0.000144383
0.0300998
0.0236851
0.0184773
0.0144583
0.0114936
0.00933277
0.00772583
0.0064982
0.00553268
0.0047481
0.00408851
0.00351597
0.00300484
0.00253761
0.00210217
0.00169002
0.0012951
0.000912895
0.000539223
0.000172376
0.0283167
0.0235118
0.0192554
0.0157325
0.0129218
0.010717
0.00898318
0.0076021
0.0064832
0.0055573
0.00477227
0.00408996
0.00348292
0.00293144
0.00242125
0.00194189
0.00148555
0.0010462
0.000618437
0.000199363
0.0265088
0.0229432
0.0194729
0.0163909
0.0137823
0.0116349
0.00988138
0.00844061
0.00724204
0.00622919
0.0053577
0.00459335
0.00391022
0.00328875
0.00271418
0.00217526
0.00166328
0.00117129
0.00069307
0.000224866
0.024574
0.0218889
0.019118
0.0165271
0.014222
0.0122295
0.0105317
0.0090882
0.00785424
0.00678914
0.00585812
0.00503245
0.00428907
0.00360974
0.00298014
0.00238894
0.0018271
0.00128718
0.000762477
0.000248626
0.0228699
0.0208226
0.0185986
0.0164136
0.0143837
0.0125602
0.0109529
0.00954696
0.00831582
0.00723134
0.00626753
0.00540166
0.00461452
0.00389019
0.00321562
0.00258012
0.00197486
0.00139234
0.000825744
0.000270349
0.0213278
0.0197309
0.0179345
0.0161036
0.0143408
0.0127015
0.0112091
0.00986561
0.00866058
0.00757769
0.00659937
0.00570882
0.00489085
0.00413217
0.00342143
0.00274891
0.00210634
0.00148647
0.000882623
0.000289922
0.0200061
0.0187356
0.0172663
0.0157197
0.0141831
0.0127116
0.0113353
0.0100656
0.0089019
0.00783656
0.00685878
0.00595691
0.00511961
0.00433635
0.00359765
0.00289509
0.00222121
0.00156924
0.000932881
0.000307265
0.018857
0.0178246
0.0166059
0.015291
0.0139503
0.0126332
0.0113706
0.0101791
0.0090645
0.00802596
0.00705832
0.00615442
0.00530637
0.00450624
0.00374646
0.00301994
0.00232017
0.00164102
0.00097666
0.000322409
0.0178822
0.017026
0.0159989
0.0148673
0.0136876
0.012503
0.0113433
0.0102271
0.00916407
0.00815755
0.00720655
0.00630751
0.00545547
0.00464484
0.00386984
0.00312473
0.00240399
0.00170223
0.00101417
0.000335423
0.0170524
0.0163283
0.0154482
0.0144625
0.0134159
0.0123449
0.0112769
0.0102307
0.00921804
0.00824514
0.00731404
0.00642402
0.0055726
0.00475618
0.00397059
0.00321136
0.00247392
0.00175363
0.00104582
0.000346434
0.0163597
0.0157347
0.0149673
0.0140959
0.0131563
0.0121793
0.0111896
0.0102053
0.0092392
0.00829904
0.00738895
0.00651033
0.0056626
0.00484386
0.00405134
0.00328168
0.00253122
0.00179603
0.00107205
0.000355585
0.0157866
0.0152365
0.0145553
0.0137732
0.0129191
0.0120191
0.011095
0.0101641
0.00923923
0.00832914
0.00743937
0.00657283
0.00573043
0.00491165
0.00411486
0.00333769
0.00257727
0.00183033
0.00109337
0.000363043
0.0153257
0.0148312
0.0142151
0.0135013
0.0127137
0.0118747
0.0110038
0.010117
0.00922702
0.00834312
0.0074717
0.00661674
0.00578026
0.00496278
0.00416362
0.00338122
0.00261337
0.00185739
0.00111026
0.000368971
0.0149672
0.0145136
0.0139455
0.0132827
0.0125455
0.0117533
0.0109237
0.0100719
0.00920997
0.00834755
0.00749155
0.0066467
0.00581581
0.00500017
0.00419984
0.0034139
0.00264068
0.00187797
0.00112317
0.000373518
0.0147069
0.0142819
0.0137475
0.0131206
0.0124191
0.0116605
0.0108609
0.0100346
0.0091936
0.00834734
0.00750316
0.00666623
0.00583993
0.00502608
0.00422526
0.00343702
0.00266012
0.00189269
0.00113244
0.000376801
0.0145407
0.0141337
0.0136202
0.0130158
0.0123369
0.0115995
0.0108191
0.0100092
0.00918167
0.00834595
0.00750952
0.00667787
0.00585469
0.00504215
0.00424115
0.00345155
0.00267237
0.001902
0.00113833
0.000378898
0.0144648
0.0140652
0.0135611
0.012967
0.0122984
0.0115709
0.0107993
0.00999706
0.00917577
0.00834498
0.00751221
0.00668306
0.00586137
0.00504948
0.00424844
0.00345823
0.00267803
0.0019063
0.00114105
0.000379869
0.0356972
0.0424347
0.0473594
0.0511632
0.0541215
0.0563763
0.0580382
0.0591904
0.0598904
0.0601744
0.0600611
0.0595532
0.0586379
0.0572857
0.055448
0.0530528
0.0500058
0.046183
0.0413191
0.0347303
0.0439531
0.0462273
0.0481147
0.0497042
0.0510305
0.0521035
0.0529294
0.0535134
0.0538591
0.0539682
0.0538409
0.0534756
0.0528695
0.052018
0.0509143
0.0495487
0.0479149
0.0460245
0.0438473
0.0409729
0.0391074
0.0406325
0.0420303
0.0432676
0.0443304
0.0452108
0.0459033
0.0464045
0.0467122
0.046825
0.0467418
0.0464618
0.045984
0.0453076
0.0444317
0.0433562
0.0420838
0.0406239
0.0389725
0.0370459
0.0363785
0.037271
0.0380662
0.0387686
0.0393715
0.0398677
0.0402523
0.0405217
0.0406733
0.0407051
0.0406159
0.0404052
0.0400731
0.0396202
0.0390479
0.0383584
0.0375563
0.0366492
0.0356368
0.0344777
0.0323828
0.0329655
0.0334961
0.0339676
0.0343735
0.0347085
0.0349683
0.0351493
0.035249
0.0352655
0.0351978
0.0350455
0.0348094
0.0344905
0.0340913
0.0336145
0.0330647
0.0324473
0.0317671
0.0310208
0.0295043
0.0298978
0.0302432
0.0305455
0.0308024
0.0310107
0.031168
0.0312726
0.0313233
0.0313191
0.0312597
0.031145
0.0309756
0.0307523
0.0304766
0.0301503
0.0297761
0.0293578
0.0288971
0.028386
0.0267163
0.0269828
0.0272192
0.0274254
0.0275993
0.0277391
0.0278435
0.0279111
0.0279413
0.0279333
0.027887
0.0278023
0.0276797
0.0275199
0.0273238
0.0270927
0.0268284
0.0265329
0.0262082
0.0258543
0.0245497
0.0247439
0.0249112
0.0250554
0.0251757
0.025271
0.0253403
0.0253831
0.0253988
0.0253874
0.0253486
0.0252826
0.0251897
0.0250701
0.0249247
0.0247541
0.0245593
0.0243419
0.0241025
0.0238382
0.0226265
0.0227656
0.022886
0.0229892
0.0230746
0.0231413
0.0231889
0.023217
0.0232253
0.0232136
0.023182
0.0231304
0.0230591
0.0229683
0.0228585
0.02273
0.0225836
0.02242
0.0222401
0.0220433
0.0210713
0.0211782
0.0212689
0.0213459
0.021409
0.0214577
0.0214916
0.0215104
0.0215141
0.0215026
0.0214758
0.0214337
0.0213766
0.0213046
0.0212179
0.0211169
0.0210019
0.0208736
0.0207323
0.0205766
0.0197291
0.0198102
0.0198792
0.0199374
0.0199846
0.0200205
0.0200448
0.0200574
0.0200583
0.0200473
0.0200245
0.0199899
0.0199436
0.0198856
0.0198162
0.0197356
0.019644
0.0195418
0.0194292
0.0193061
0.0186238
0.0186891
0.0187438
0.0187896
0.0188265
0.0188542
0.0188724
0.0188813
0.0188805
0.0188703
0.0188504
0.0188211
0.0187823
0.018734
0.0186765
0.0186099
0.0185343
0.0184501
0.0183573
0.0182553
0.0176868
0.0177392
0.0177831
0.0178197
0.0178488
0.0178704
0.0178842
0.0178903
0.0178885
0.0178789
0.0178615
0.0178363
0.0178033
0.0177626
0.0177143
0.0176584
0.0175951
0.0175246
0.0174471
0.0173621
0.0169171
0.0169611
0.0169976
0.0170279
0.0170519
0.0170694
0.0170804
0.0170847
0.0170825
0.0170736
0.0170581
0.0170359
0.0170072
0.016972
0.0169302
0.0168821
0.0168276
0.016767
0.0167002
0.016627
0.0162811
0.0163185
0.0163495
0.0163751
0.0163953
0.0164098
0.0164187
0.0164219
0.0164193
0.0164111
0.0163971
0.0163774
0.0163521
0.0163211
0.0162844
0.0162423
0.0161946
0.0161416
0.0160832
0.0160194
0.0157725
0.0158058
0.0158333
0.0158559
0.0158737
0.0158864
0.0158941
0.0158966
0.0158941
0.0158865
0.0158738
0.015856
0.0158332
0.0158053
0.0157725
0.0157346
0.0156919
0.0156444
0.0155921
0.0155348
0.015376
0.0154064
0.0154316
0.0154523
0.0154684
0.0154799
0.0154868
0.0154891
0.0154867
0.0154796
0.0154679
0.0154516
0.0154307
0.0154052
0.0153752
0.0153406
0.0153016
0.0152581
0.0152104
0.0151581
0.0150907
0.0151191
0.0151428
0.0151621
0.0151772
0.0151879
0.0151943
0.0151963
0.015194
0.0151873
0.0151763
0.015161
0.0151413
0.0151174
0.0150892
0.0150568
0.0150203
0.0149795
0.0149348
0.0148857
0.014911
0.0149371
0.0149588
0.0149766
0.0149904
0.0150001
0.0150057
0.0150073
0.0150047
0.0149981
0.0149873
0.0149725
0.0149536
0.0149307
0.0149038
0.0148729
0.014838
0.0147992
0.0147566
0.0147101
0.0148365
0.0148616
0.0148825
0.0148996
0.0149128
0.014922
0.0149273
0.0149286
0.0149259
0.0149192
0.0149085
0.0148938
0.0148751
0.0148524
0.0148258
0.0147952
0.0147607
0.0147224
0.0146802
0.0146339
0.00660462
0.00686501
0.00711303
0.00736086
0.00760918
0.00786153
0.00812273
0.00840264
0.0087161
0.00908363
0.00953297
0.0100996
0.0108272
0.0117726
0.0130156
0.0146493
0.0166984
0.0190316
0.0217349
0.0264361
0.00985944
0.010378
0.0109551
0.0116015
0.012322
0.0131244
0.0140186
0.0150161
0.0161303
0.0173764
0.0187713
0.020333
0.0220811
0.0240371
0.0262224
0.0286517
0.0313272
0.0342501
0.0374414
0.0408875
0.010374
0.0108384
0.0113597
0.0119427
0.0125946
0.0133234
0.0141386
0.0150509
0.0160721
0.0172154
0.0184945
0.0199233
0.0215148
0.0232799
0.0252242
0.027345
0.0296305
0.0320582
0.0345815
0.0371044
0.011566
0.0121244
0.012734
0.0134001
0.0141284
0.014925
0.0157965
0.0167496
0.0177909
0.0189269
0.0201632
0.0215041
0.0229513
0.0245028
0.026151
0.0278818
0.0296738
0.0314934
0.0332942
0.0350414
0.0109908
0.0115225
0.0121009
0.0127316
0.0134193
0.0141691
0.014986
0.015875
0.0168406
0.0178862
0.0190137
0.0202229
0.0215111
0.0228715
0.0242926
0.0257576
0.0272434
0.0287189
0.0301422
0.0314685
0.0110518
0.0115931
0.0121719
0.0127931
0.0134607
0.0141787
0.0149505
0.0157795
0.0166675
0.0176155
0.0186226
0.0196863
0.0208012
0.0219588
0.023147
0.0243495
0.0255456
0.0267084
0.0278049
0.0288152
0.0104048
0.010937
0.0115022
0.0121049
0.0127479
0.013434
0.0141653
0.0149435
0.0157694
0.0166422
0.0175599
0.0185182
0.0195106
0.020528
0.0215578
0.0225844
0.023589
0.0245486
0.0254352
0.0262251
0.010048
0.0105725
0.0111244
0.0117076
0.012324
0.0129755
0.0136634
0.0143884
0.0151501
0.015947
0.0167762
0.0176329
0.0185103
0.0193993
0.0202883
0.0211634
0.022008
0.0228029
0.0235244
0.0241586
0.00943954
0.00996217
0.0105078
0.01108
0.0116799
0.0123088
0.0129673
0.0136552
0.0143716
0.0151142
0.0158796
0.0166627
0.0174568
0.0182529
0.0190402
0.0198058
0.0205352
0.0212116
0.0218154
0.0223317
0.00895078
0.00946889
0.0100066
0.0105671
0.0111505
0.0117574
0.012388
0.0130416
0.0137166
0.0144107
0.01512
0.0158395
0.0165624
0.0172803
0.0179834
0.0186601
0.0192975
0.0198814
0.0203949
0.0208274
0.00837741
0.00889958
0.00943758
0.00999435
0.0105699
0.0111646
0.0117781
0.0124093
0.0130563
0.0137162
0.0143852
0.015058
0.0157282
0.016388
0.0170281
0.0176381
0.0182066
0.0187211
0.0191671
0.0195347
0.00785336
0.00837844
0.00891713
0.00947208
0.0100428
0.0106291
0.01123
0.011844
0.0124688
0.0131015
0.0137382
0.0143739
0.0150023
0.0156162
0.0162069
0.0167651
0.0172804
0.0177419
0.018137
0.0184575
0.00729973
0.00783514
0.00838165
0.00894149
0.00951395
0.0100982
0.0106933
0.0112976
0.011909
0.0125245
0.01314
0.0137506
0.0143502
0.0149317
0.0154872
0.0160076
0.0164838
0.0169059
0.0172628
0.0175471
0.00676625
0.00731291
0.00786835
0.00843402
0.00900999
0.00959556
0.0101901
0.0107916
0.0113976
0.0120046
0.0126083
0.0132035
0.0137843
0.0143437
0.014874
0.0153672
0.0158145
0.0162073
0.0165358
0.0167937
0.00622185
0.00678245
0.00734954
0.007926
0.00851328
0.00910943
0.00971271
0.0103203
0.010929
0.0115353
0.0121347
0.0127222
0.0132918
0.0138371
0.0143507
0.0148251
0.0152523
0.0156245
0.0159329
0.0161718
0.00568174
0.00625849
0.00684607
0.00744273
0.00804792
0.008658
0.00927133
0.00988568
0.0104985
0.0111064
0.0117052
0.0122899
0.012855
0.0133939
0.0138997
0.0143651
0.0147825
0.0151443
0.0154423
0.015671
0.00513856
0.00574107
0.00634952
0.00695804
0.00757087
0.00818753
0.00880792
0.00943025
0.0100517
0.0106685
0.0112762
0.0118696
0.0124427
0.012989
0.0135013
0.0139719
0.0143929
0.0147563
0.0150538
0.0152798
0.00460818
0.0052031
0.00580199
0.0064089
0.00702988
0.00766227
0.00830288
0.00894798
0.0095935
0.010235
0.0108673
0.0114848
0.0120808
0.0126482
0.0131792
0.0136653
0.0140983
0.0144696
0.0147713
0.0149979
0.00407377
0.00466318
0.00528834
0.00593466
0.00659489
0.00726387
0.00793814
0.00861448
0.00928919
0.00995786
0.0106152
0.011255
0.0118703
0.0124534
0.0129963
0.0134904
0.0139276
0.0143
0.0146005
0.0148238
0.00361797
0.00438823
0.00509999
0.00579235
0.00647972
0.00716723
0.00785553
0.0085431
0.0092269
0.00990271
0.0105652
0.0112082
0.0118246
0.0124067
0.0129467
0.0134365
0.0138682
0.0142348
0.0145301
0.0147499
0.0116113
0.0133743
0.0144555
0.0150365
0.0152917
0.0153479
0.015291
0.0151668
0.0150274
0.0148866
0.0147573
0.0146458
0.0145529
0.01448
0.0144257
0.0143882
0.0143662
0.0143579
0.0143621
0.0143913
0.0129326
0.0138442
0.0143992
0.0146797
0.014787
0.0147861
0.0147262
0.0146414
0.0145531
0.0144737
0.0144036
0.0143535
0.0143173
0.0142919
0.0142757
0.0142665
0.0142633
0.0142653
0.0142716
0.0142948
0.0125457
0.0132463
0.0137166
0.0140153
0.0141847
0.0142628
0.0142811
0.0142645
0.0142309
0.014192
0.0141547
0.0141229
0.0140976
0.0140784
0.0140653
0.0140554
0.0140504
0.0140487
0.0140487
0.0140576
0.0120758
0.012711
0.0131812
0.0135121
0.0137304
0.0138621
0.0139307
0.0139566
0.0139556
0.0139395
0.0139165
0.013892
0.0138687
0.0138482
0.0138309
0.0138168
0.0138057
0.0137975
0.0137919
0.0137896
0.0115662
0.0121625
0.0126329
0.0129912
0.0132522
0.013432
0.0135467
0.013612
0.0136416
0.0136469
0.0136368
0.0136179
0.0135951
0.0135713
0.0135486
0.0135281
0.0135106
0.0134964
0.0134861
0.0134782
0.0110802
0.0116413
0.0121052
0.0124767
0.0127628
0.0129727
0.0131176
0.0132094
0.01326
0.0132803
0.0132793
0.0132648
0.0132424
0.0132165
0.01319
0.013165
0.0131428
0.0131242
0.0131102
0.0130981
0.0105807
0.0110967
0.0115382
0.0119051
0.0121996
0.0124262
0.0125913
0.0127035
0.0127722
0.0128067
0.0128159
0.0128076
0.012788
0.0127623
0.0127342
0.0127064
0.0126808
0.0126587
0.0126413
0.0126243
0.0100649
0.0105296
0.0109379
0.0112868
0.0115758
0.0118057
0.0119799
0.0121038
0.0121845
0.0122296
0.012247
0.0122441
0.0122275
0.0122025
0.0121735
0.0121436
0.012115
0.0120895
0.0120688
0.0120467
0.00950316
0.00991217
0.0102788
0.0105991
0.0108709
0.0110932
0.011267
0.0113953
0.0114828
0.0115355
0.0115598
0.0115625
0.0115495
0.0115263
0.0114975
0.0114664
0.0114356
0.0114074
0.0113834
0.0113562
0.00888419
0.00923607
0.0095556
0.00983925
0.0100843
0.0102888
0.0104522
0.010576
0.010663
0.0107175
0.0107446
0.0107499
0.010739
0.0107168
0.0106879
0.0106558
0.0106232
0.0105927
0.010566
0.010534
0.00819543
0.00849121
0.00876314
0.00900804
0.00922268
0.00940424
0.00955215
0.00966649
0.00974888
0.00980216
0.00983014
0.00983725
0.00982814
0.00980731
0.00977888
0.00974633
0.00971238
0.00967973
0.00965025
0.00961384
0.00740935
0.00764049
0.00786041
0.00804584
0.00822185
0.00837182
0.00849469
0.00858997
0.00865803
0.00870146
0.0087229
0.00872583
0.00871407
0.00869147
0.0086617
0.00862792
0.00859272
0.00855887
0.00852794
0.00848832
0.00659801
0.00678238
0.00695462
0.00711128
0.00725167
0.00737944
0.00746432
0.00755115
0.00760939
0.00764683
0.00766531
0.0076668
0.00765458
0.00763182
0.00760161
0.00756679
0.00752974
0.00749317
0.00745903
0.00741512
0.00549674
0.00560301
0.00570441
0.0057965
0.00587674
0.00594361
0.00599578
0.00603457
0.00606255
0.00606348
0.00606442
0.00605053
0.00602683
0.00599608
0.00596063
0.00592267
0.00588408
0.00584744
0.00581351
0.0057683
0.00473555
0.00483397
0.00492298
0.00500459
0.00507635
0.00513679
0.00518502
0.00522023
0.00524222
0.00525236
0.00524428
0.00522842
0.00520535
0.00517309
0.00513488
0.00509287
0.00504879
0.00500508
0.00496477
0.00491244
0.00280496
0.00274967
0.00270497
0.00265951
0.00261076
0.00255969
0.00250688
0.00245253
0.00239694
0.00234063
0.00228372
0.00222662
0.00216986
0.00211431
0.0020607
0.00201037
0.00196016
0.001918
0.00187992
0.00182759
0.00325741
0.00328272
0.00328845
0.00329072
0.00328741
0.00327679
0.00325884
0.00323354
0.00320201
0.00316921
0.00310431
0.00306126
0.00300426
0.00294219
0.00287706
0.00280986
0.00274201
0.002676
0.00261796
0.0025439
-0.00181631
-0.00211873
-0.00239634
-0.00267656
-0.00296008
-0.00324143
-0.00351661
-0.00378243
-0.00403578
-0.00427375
-0.00449371
-0.00469337
-0.00487191
-0.00502957
-0.00516723
-0.00528642
-0.00538858
-0.00547324
-0.00554054
-0.00562442
0.00477474
0.00470819
0.00460417
0.0044918
0.00436952
0.0042354
0.00409036
0.00393529
0.0037703
0.00359595
0.00341319
0.00322309
0.00302688
0.00282586
0.00262128
0.00241449
0.00220789
0.00200373
0.00178963
0.00153227
-0.00751905
-0.0084041
-0.00932199
-0.010326
-0.0114186
-0.0125408
-0.0137976
-0.0151365
-0.0165579
-0.0180644
-0.0196511
-0.0213081
-0.0230215
-0.0247735
-0.0265404
-0.0282904
-0.0299828
-0.0315954
-0.0331763
-0.0346932
0.000189755
0.000588672
0.00098776
0.00138658
0.00178499
0.00218179
0.0025757
0.00296521
0.00334825
0.00372164
0.00408133
0.00442385
0.00474621
0.00504135
0.00529685
0.00555401
0.00584406
0.00596903
0.00569541
0.00587031
0.000191274
0.000589762
0.000990384
0.00139165
0.00179388
0.00219649
0.0025988
0.00300003
0.00339886
0.00379318
0.00418095
0.00456082
0.00492717
0.00526497
0.00557644
0.00591993
0.00630911
0.00660044
0.0070453
0.00866364
0.000194925
0.000599066
0.00100629
0.00141539
0.00182711
0.00224168
0.00265936
0.00308049
0.00350543
0.00393534
0.00437393
0.00482597
0.00529004
0.00576172
0.00625913
0.00680013
0.00729497
0.00765185
0.00823383
0.00953932
0.000196335
0.000601796
0.00101073
0.00142199
0.00183648
0.00225462
0.00267671
0.00310282
0.00353279
0.00396708
0.00440734
0.00485384
0.00530482
0.00577131
0.00629186
0.00688853
0.00751086
0.00817218
0.0091552
0.0106043
0.000197857
0.000605109
0.00101607
0.00142993
0.00184796
0.00227111
0.00270043
0.00313718
0.00358333
0.00404194
0.00451565
0.00500303
0.00550061
0.00601413
0.00655597
0.00711148
0.00764889
0.00823845
0.00908959
0.0102099
0.00019725
0.000602021
0.00101048
0.00142176
0.00183693
0.00225668
0.00268149
0.00311186
0.00354889
0.00399457
0.00445104
0.00492068
0.00541092
0.00593828
0.00651423
0.00712303
0.00774803
0.00844338
0.00931116
0.0103151
0.000196106
0.000597391
0.00100237
0.00141042
0.0018229
0.00224097
0.0026658
0.00309872
0.00354117
0.00399402
0.00445652
0.00492746
0.00540941
0.00590944
0.00642966
0.00696308
0.00751952
0.00815362
0.00891666
0.00975218
0.000193014
0.000586916
0.000984169
0.00138391
0.00178709
0.00219447
0.00260677
0.0030251
0.00345108
0.00388663
0.00433394
0.00479641
0.00527953
0.00578742
0.00631639
0.0068586
0.00742199
0.00803937
0.00873093
0.00945406
0.000189154
0.000574344
0.000962821
0.00135395
0.00174883
0.0021484
0.00255342
0.00296454
0.00338209
0.00380605
0.00423645
0.00467469
0.00512404
0.00558747
0.00606505
0.00655767
0.00707646
0.00764178
0.00825828
0.00889003
0.00018343
0.000556075
0.000931479
0.00130878
0.00168878
0.0020723
0.00246021
0.00285359
0.00325365
0.00366164
0.00407885
0.00450677
0.0049466
0.00539805
0.00585935
0.00633072
0.00681922
0.00733704
0.0078866
0.00844202
0.000177095
0.000536311
0.000898129
0.00126179
0.00162798
0.00199726
0.00237002
0.00274654
0.00312708
0.00351202
0.00390216
0.00429883
0.0047036
0.00511758
0.00554127
0.00597576
0.00642484
0.00689561
0.00739097
0.00789103
0.000168931
0.000510913
0.000855084
0.00120062
0.00154811
0.00189823
0.00225162
0.00260891
0.00297069
0.00333747
0.00370966
0.00408756
0.00447136
0.0048612
0.00525719
0.00565973
0.00607069
0.00649581
0.0069406
0.0073894
0.000160406
0.000484752
0.000810959
0.00113815
0.00146667
0.00179687
0.00212901
0.00246334
0.00280021
0.00314009
0.00348354
0.0038312
0.00418366
0.00454148
0.004905
0.00527393
0.00564837
0.00603291
0.00643568
0.006845
0.000150369
0.000453993
0.000759271
0.00106539
0.00137265
0.00168147
0.00199212
0.00230487
0.00261993
0.00293747
0.00325763
0.00358052
0.00390635
0.00423551
0.00456829
0.00490413
0.00524245
0.00558762
0.00594997
0.00632055
0.000139969
0.000422333
0.000705992
0.000990048
0.00127462
0.00155993
0.00184614
0.00213342
0.002422
0.00271214
0.00300408
0.00329804
0.00359428
0.00389318
0.00419497
0.00449873
0.00480309
0.00511217
0.00543854
0.00577667
0.000128716
0.000388187
0.000648827
0.000909809
0.00117121
0.00143318
0.00169583
0.00195918
0.00222331
0.00248826
0.00275408
0.00302084
0.00328872
0.00355806
0.00382906
0.00410072
0.0043716
0.00464587
0.00493696
0.00524065
0.000116894
0.000352361
0.000588771
0.000825286
0.00106188
0.00129865
0.00153562
0.00177285
0.00201037
0.00224823
0.00248647
0.00272511
0.00296424
0.00320413
0.00344492
0.0036857
0.00392484
0.00416565
0.00442162
0.00469251
0.000104934
0.000316249
0.000528422
0.000740658
0.000952875
0.00116511
0.00137734
0.00158953
0.0018016
0.00201353
0.00222525
0.0024367
0.0026479
0.00285906
0.00307033
0.00328072
0.00348823
0.00369577
0.00391782
0.0041582
9.33208e-05
0.000280925
0.000469116
0.000657385
0.000845682
0.00103404
0.00122244
0.00141085
0.0015992
0.0017874
0.00197535
0.0021629
0.00234994
0.00253644
0.00272214
0.00290596
0.00308676
0.0032677
0.00345863
0.00365591
7.59822e-05
0.000229615
0.000384424
0.000539386
0.000694351
0.000849382
0.00100451
0.00115975
0.00131512
0.00147064
0.00162633
0.0017822
0.00193828
0.00209463
0.00225143
0.00240877
0.00256523
0.00271818
0.00287369
0.00305875
0.000615439
0.00111451
0.00147241
0.001848
0.00222757
0.00260596
0.00298672
0.00337348
0.00376923
0.00417687
0.00459938
0.00503991
0.00550202
0.00598972
0.0065065
0.00705462
0.00764207
0.00830288
0.00908637
0.00989376
0.000695333
0.00149123
0.00218443
0.00287536
0.00355053
0.00420614
0.00484387
0.00546522
0.00607124
0.00666273
0.00724036
0.00780459
0.00835573
0.00889401
0.00941953
0.00993176
0.0104288
0.0109099
0.0113855
0.0118728
0.000641717
0.00147827
0.00224897
0.00300877
0.00374799
0.00446411
0.0051572
0.00582722
0.00647392
0.00709698
0.00769601
0.00827058
0.00882018
0.00934424
0.00984217
0.0103134
0.0107572
0.0111734
0.0115608
0.0119168
0.000504295
0.00129528
0.00204748
0.00278601
0.00350621
0.00420637
0.00488591
0.00554417
0.00618044
0.00679396
0.00738398
0.00794973
0.00849046
0.00900544
0.00949401
0.0099556
0.0103898
0.010796
0.0111737
0.0115226
0.000413762
0.00112846
0.00182136
0.00250506
0.0031766
0.00383451
0.00447787
0.00510575
0.00571712
0.00631094
0.00688614
0.00744161
0.00797627
0.00848901
0.0089788
0.00944464
0.00988571
0.0103012
0.0106899
0.0110506
0.000354471
0.00100428
0.00164122
0.00227191
0.00289455
0.00350806
0.00411166
0.00470452
0.00528574
0.00585435
0.00640932
0.00694952
0.00747379
0.00798088
0.00846948
0.00893829
0.00938601
0.00981136
0.0102128
0.0105888
0.000315207
0.000910336
0.00149734
0.00208026
0.00265789
0.00322943
0.00379432
0.00435189
0.00490146
0.00544224
0.00597335
0.00649383
0.00700259
0.00749839
0.0079799
0.00844562
0.00889397
0.00932333
0.00973198
0.0101176
0.000285045
0.000834057
0.00137768
0.00191847
0.00245563
0.00298862
0.003517
0.00404033
0.0045581
0.00506973
0.00557459
0.0060719
0.00656078
0.00704016
0.0075088
0.00796523
0.00840773
0.00883448
0.00924368
0.00963283
0.000259021
0.000765271
0.0012681
0.00176903
0.00226755
0.00276324
0.00325577
0.0037448
0.00422997
0.00471085
0.00518697
0.00565776
0.00612254
0.00658046
0.00703047
0.00747124
0.0079011
0.00831816
0.00872076
0.00910641
0.000235323
0.000700427
0.00116353
0.00162539
0.0020857
0.00254413
0.00300042
0.00345427
0.0039054
0.00435349
0.00479818
0.00523906
0.00567563
0.00610723
0.00653303
0.00695192
0.00736239
0.00776259
0.00815118
0.00852659
0.000212044
0.000635478
0.00105812
0.00148006
0.00190113
0.00232108
0.00273963
0.00315654
0.00357155
0.0039844
0.00439482
0.0048025
0.00520707
0.00560807
0.00600485
0.00639654
0.00678214
0.00716041
0.00752975
0.00789047
0.000189248
0.000570487
0.000951795
0.00133272
0.00171318
0.00209293
0.00247168
0.00284916
0.0032251
0.00359925
0.00397133
0.00434109
0.00470824
0.00507236
0.00543282
0.00578917
0.0061423
0.00649141
0.00681924
0.00713799
0.000166437
0.000505094
0.00084452
0.00118375
0.00152276
0.00186129
0.00219901
0.0025356
0.00287077
0.00320423
0.00353573
0.00386506
0.00419197
0.00451601
0.00483687
0.0051569
0.00547921
0.00577266
0.00607274
0.00636452
0.000144058
0.000440289
0.000737687
0.00103476
0.00133139
0.0016272
0.00192167
0.00221435
0.00250476
0.00279247
0.00307702
0.00335796
0.00363466
0.00390625
0.00417393
0.00444337
0.00467592
0.0049189
0.00514165
0.00535239
0.000125147
0.000385606
0.00064722
0.000907885
0.00116728
0.00142473
0.00167946
0.00193072
0.00217782
0.00242014
0.00265718
0.00288851
0.00311385
0.00333411
0.00355303
0.00375471
0.00395599
0.00415859
0.00436073
0.00457368
0.000110229
0.000342375
0.000575488
0.000807021
0.00103643
0.00126266
0.00148441
0.0017002
0.00190835
0.00210697
0.00229385
0.00246646
0.0026222
0.00275858
0.00286955
0.0029475
0.00299879
0.00301098
0.00298351
0.00291177
9.79299e-05
0.000307398
0.000518067
0.000726554
0.000931895
0.0011328
0.00132789
0.00151593
0.0016959
0.00186696
0.00202857
0.00218054
0.002323
0.00245517
0.00257464
0.00268374
0.00280096
0.00291136
0.0030265
0.00314814
0.000106635
0.000333493
0.000560433
0.000782213
0.000995949
0.00119822
0.00138508
0.00155201
0.0016937
0.00180379
0.00187475
0.00189799
0.00186274
0.00175214
0.00157594
0.00128188
0.000884566
0.000349711
-0.000309597
-0.00115025
0.000151746
0.000467085
0.000783816
0.00109902
0.00141158
0.00172016
0.00202329
0.0023195
0.00260745
0.00288641
0.003156
0.00341607
0.0036639
0.00390179
0.00413397
0.00435175
0.00454525
0.00469431
0.00485525
0.00473195
0.000184123
0.000563444
0.000942098
0.00131752
0.00168758
0.00204913
0.00239817
0.0027297
0.00303723
0.0033116
0.00354018
0.00370547
0.0037772
0.00374314
0.00349841
0.0029862
0.00209377
0.00065967
-0.00155645
-0.00507813
0.000553644
0.000517919
0.000314527
0.000192973
8.39625e-05
-2.87771e-05
-0.000138245
-0.000241034
-0.000336109
-0.000422733
-0.00050034
-0.000568561
-0.000627146
-0.000675885
-0.000714573
-0.000743004
-0.000760764
-0.000768419
-0.000771606
-0.000786657
0.000620072
0.000542516
0.000319449
0.000189726
6.81734e-05
-5.75278e-05
-0.000178639
-0.000292143
-0.000397204
-0.000493129
-0.000579452
-0.00065595
-0.000722542
-0.000779224
-0.000826072
-0.000863299
-0.000891266
-0.000911186
-0.000929032
-0.00095706
0.000666463
0.000570502
0.000326631
0.000183677
4.85101e-05
-9.04977e-05
-0.000223869
-0.000348708
-0.000464299
-0.000570038
-0.000665575
-0.000750818
-0.000825807
-0.000890633
-0.00094542
-0.000990361
-0.00102573
-0.00105207
-0.00107172
-0.00108934
0.000709415
0.000597998
0.000331898
0.00017391
2.43865e-05
-0.00012853
-0.000274818
-0.00041161
-0.000538313
-0.000654443
-0.00075978
-0.00085435
-0.000938283
-0.0010117
-0.00107468
-0.0011272
-0.00116918
-0.00120046
-0.00122077
-0.0012298
0.00075057
0.000623082
0.000334302
0.000160467
-4.05999e-06
-0.000171423
-0.000331137
-0.00048038
-0.000618704
-0.000745767
-0.000861488
-0.000966011
-0.00105954
-0.00114219
-0.00121395
-0.00127456
-0.00132357
-0.00136025
-0.00138294
-0.00138923
0.000789105
0.000644676
0.000333313
0.000143141
-3.68859e-05
-0.000219075
-0.000392575
-0.000554659
-0.000705045
-0.000843557
-0.000970267
-0.00108544
-0.00118935
-0.0012821
-0.00136356
-0.00143325
-0.00149035
-0.00153366
-0.00156088
-0.00156892
0.000824337
0.000662006
0.000328462
0.000121715
-7.4096e-05
-0.000271304
-0.000458803
-0.000634011
-0.000796843
-0.000947308
-0.00108565
-0.00121227
-0.00132751
-0.00143148
-0.00152392
-0.00160413
-0.00167094
-0.00172265
-0.00175666
-0.00176991
0.000855492
0.000674351
0.000319382
9.60924e-05
-0.000115554
-0.000327772
-0.000529322
-0.000717825
-0.000893421
-0.00105633
-0.00120699
-0.00134595
-0.00147365
-0.00159021
-0.00169527
-0.0017879
-0.00186651
-0.00192891
-0.00197219
-0.00199365
0.000881697
0.000681025
0.000305812
6.62929e-05
-0.000160992
-0.000387997
-0.00060348
-0.00080533
-0.000993932
-0.00116975
-0.00133343
-0.00148574
-0.00162721
-0.001758
-0.00187767
-0.00198505
-0.00207811
-0.00215396
-0.00220937
-0.00224215
0.00090207
0.00068142
0.000287591
3.24499e-05
-0.000210019
-0.000451367
-0.000680493
-0.000895609
-0.00109737
-0.00128652
-0.00146395
-0.00163066
-0.00178735
-0.00193426
-0.00207091
-0.00219589
-0.00230665
-0.00239943
-0.00247053
-0.00251801
0.000915782
0.000675052
0.000264676
-5.19111e-06
-0.000262131
-0.000517156
-0.000759455
-0.000987616
-0.0012026
-0.00140542
-0.0015973
-0.00177949
-0.00195297
-0.00211811
-0.00227448
-0.00242047
-0.00255296
-0.00266707
-0.0027584
-0.00282506
0.000922122
0.000661604
0.000237146
-4.62731e-05
-0.000316715
-0.000584532
-0.000839352
-0.00108018
-0.00130829
-0.00152503
-0.00173197
-0.00193071
-0.00212256
-0.00230822
-0.00248739
-0.00265842
-0.00281762
-0.00295878
-0.00307645
-0.00316857
0.000920549
0.000640954
0.000205201
-9.03482e-05
-0.000373081
-0.000652589
-0.000919081
-0.00117202
-0.001413
-0.00164373
-0.00186619
-0.00208239
-0.00229415
-0.00250263
-0.00270797
-0.00290872
-0.00310074
-0.00327641
-0.003429
-0.00355603
0.000910705
0.000613134
0.000169075
-0.000136988
-0.000430582
-0.000720477
-0.000997592
-0.00126187
-0.00151524
-0.00175981
-0.00199797
-0.00223231
-0.00246527
-0.00269876
-0.00293374
-0.00316939
-0.00340165
-0.00362155
-0.00382139
-0.00399845
0.00089237
0.000578307
0.000129045
-0.00018575
-0.000488564
-0.000787326
-0.00107379
-0.00134839
-0.0016134
-0.00187131
-0.00212502
-0.00237775
-0.00263276
-0.00289306
-0.00316089
-0.00343695
-0.00371803
-0.00399463
-0.0042597
-0.00451222
0.000865721
0.000537343
8.62055e-05
-0.0002352
-0.000545186
-0.000850884
-0.00114498
-0.00142842
-0.00170379
-0.001974
-0.00224246
-0.00251309
-0.00279016
-0.0030781
-0.00338116
-0.00370263
-0.00404173
-0.00439019
-0.00474672
-0.00511932
0.000832055
0.00049204
4.2049e-05
-0.000283459
-0.000597976
-0.000908071
-0.00120742
-0.00149744
-0.00178105
-0.00206154
-0.0023428
-0.00262949
-0.002927
-0.00324149
-0.00357995
-0.00394981
-0.00435477
-0.00479122
-0.00527667
-0.00584866
0.000790541
0.000438331
-1.11395e-05
-0.000339997
-0.000657639
-0.000970828
-0.00127415
-0.00156944
-0.00185993
-0.00214919
-0.00244155
-0.0027423
-0.00305789
-0.00339632
-0.00376795
-0.0041858
-0.00466014
-0.00519735
-0.00586138
-0.00676469
0.000719319
0.000363014
-8.88486e-05
-0.000424934
-0.000747337
-0.00106529
-0.00137456
-0.0016772
-0.00197665
-0.00227667
-0.00258183
-0.00289779
-0.00323169
-0.00359296
-0.00399509
-0.00445657
-0.00499448
-0.00563381
-0.00653212
-0.00795004
0.000578192
0.000320665
-0.000111616
-0.000443647
-0.000752137
-0.00105603
-0.00135356
-0.0016463
-0.00193753
-0.00223099
-0.00253113
-0.00284347
-0.00317509
-0.00353565
-0.00393958
-0.00440636
-0.00495485
-0.00563677
-0.00674119
-0.00873659
1.00602e-06
-9.12183e-07
-3.80498e-06
-5.86079e-06
-7.31034e-06
-8.43576e-06
-9.30621e-06
-9.9435e-06
-1.03768e-05
-1.06366e-05
-1.0749e-05
-1.0737e-05
-1.06208e-05
-1.04181e-05
-1.01441e-05
-9.81213e-06
-9.44084e-06
-9.04867e-06
-8.56322e-06
-7.72043e-06
6.56003e-06
8.46959e-06
6.23457e-06
4.82498e-06
4.01031e-06
3.27488e-06
2.55612e-06
1.88665e-06
1.2707e-06
7.00118e-07
1.68267e-07
-3.29743e-07
-7.98662e-07
-1.24371e-06
-1.67101e-06
-2.08763e-06
-2.49932e-06
-2.91178e-06
-3.37434e-06
-4.05087e-06
1.02794e-05
1.35275e-05
1.04953e-05
8.61432e-06
7.53028e-06
6.49525e-06
5.43588e-06
4.41417e-06
3.44612e-06
2.52732e-06
1.65454e-06
8.26552e-07
4.23152e-08
-6.99381e-07
-1.40009e-06
-2.06177e-06
-2.68278e-06
-3.24933e-06
-3.75916e-06
-4.34699e-06
1.43578e-05
1.92344e-05
1.55294e-05
1.33379e-05
1.2152e-05
1.09611e-05
9.67503e-06
8.38537e-06
7.12067e-06
5.88177e-06
4.67077e-06
3.49197e-06
2.34934e-06
1.24597e-06
1.83772e-07
-8.36634e-07
-1.81138e-06
-2.72343e-06
-3.57397e-06
-4.53079e-06
1.86979e-05
2.51629e-05
2.05928e-05
1.79595e-05
1.65785e-05
1.5151e-05
1.35674e-05
1.19497e-05
1.03389e-05
8.74029e-06
7.16102e-06
5.61079e-06
4.09864e-06
2.63213e-06
1.21702e-06
-1.43099e-07
-1.44069e-06
-2.65124e-06
-3.77633e-06
-5.04465e-06
2.3508e-05
3.16661e-05
2.60633e-05
2.28777e-05
2.12258e-05
1.94876e-05
1.75319e-05
1.55149e-05
1.34908e-05
1.14699e-05
9.46475e-06
7.49104e-06
5.56329e-06
3.69393e-06
1.89272e-06
1.66253e-07
-1.47403e-06
-2.99463e-06
-4.39546e-06
-5.97451e-06
2.89779e-05
3.89892e-05
3.21375e-05
2.8256e-05
2.62299e-05
2.40751e-05
2.1638e-05
1.91143e-05
1.65745e-05
1.40353e-05
1.1516e-05
9.03937e-06
6.62649e-06
4.29535e-06
2.06014e-06
-6.94016e-08
-2.07804e-06
-3.92285e-06
-5.60184e-06
-7.48922e-06
3.53426e-05
4.74269e-05
3.90434e-05
3.42779e-05
3.17405e-05
2.90258e-05
2.59568e-05
2.27778e-05
1.95797e-05
1.63878e-05
1.32304e-05
1.01394e-05
7.14383e-06
4.26854e-06
1.53281e-06
-1.05025e-06
-3.46163e-06
-5.64862e-06
-7.60682e-06
-9.79504e-06
4.28993e-05
5.73416e-05
4.70466e-05
4.11436e-05
3.7907e-05
3.44348e-05
3.05272e-05
2.64886e-05
2.24363e-05
1.84079e-05
1.44438e-05
1.05877e-05
6.87912e-06
3.35081e-06
2.81236e-08
-3.07229e-06
-5.92853e-06
-8.47976e-06
-1.07186e-05
-1.31838e-05
5.2031e-05
6.91892e-05
5.64667e-05
4.90781e-05
4.488e-05
4.03758e-05
3.53435e-05
3.01644e-05
2.49904e-05
1.98764e-05
1.48793e-05
1.00587e-05
5.4669e-06
1.14703e-06
-2.86841e-06
-6.55892e-06
-9.90161e-06
-1.28322e-05
-1.53341e-05
-1.79776e-05
6.32326e-05
8.35475e-05
6.76927e-05
5.83359e-05
5.28069e-05
4.68864e-05
4.03333e-05
3.36277e-05
2.69678e-05
2.04329e-05
1.41024e-05
8.05689e-06
2.36569e-06
-2.9151e-06
-7.74384e-06
-1.20957e-05
-1.59506e-05
-1.92451e-05
-2.1928e-05
-2.45473e-05
7.71405e-05
0.000101144
8.11912e-05
6.91939e-05
6.18105e-05
5.39338e-05
4.53091e-05
3.6545e-05
2.79018e-05
1.94921e-05
1.1426e-05
3.81111e-06
-3.26186e-06
-9.72137e-06
-1.55159e-05
-2.06182e-05
-2.50206e-05
-2.86761e-05
-3.14415e-05
-3.41037e-05
9.45627e-05
0.000122884
9.75095e-05
8.19334e-05
7.19542e-05
6.13645e-05
4.9905e-05
3.83534e-05
2.70529e-05
1.61619e-05
5.83129e-06
-3.7954e-06
-1.26003e-05
-2.04928e-05
-2.7411e-05
-3.33222e-05
-3.82131e-05
-4.20507e-05
-4.48334e-05
-4.70603e-05
0.000116501
0.000149859
0.000117255
9.67923e-05
8.31693e-05
6.88083e-05
5.34599e-05
3.81241e-05
2.32539e-05
9.06934e-06
-4.22506e-06
-1.64402e-05
-2.74236e-05
-3.70616e-05
-4.52785e-05
-5.20372e-05
-5.73347e-05
-6.11768e-05
-6.35697e-05
-6.47687e-05
0.000144151
0.00018333
0.000141044
0.000113881
9.51419e-05
7.55414e-05
5.48607e-05
3.439e-05
1.4726e-05
-3.8308e-06
-2.10078e-05
-3.65586e-05
-5.02879e-05
-6.20532e-05
-7.17601e-05
-7.93645e-05
-8.48825e-05
-8.83881e-05
-8.98811e-05
-8.91348e-05
0.00017886
0.000224643
0.000169386
0.000133032
0.000107136
8.02868e-05
5.23251e-05
2.49146e-05
-1.16424e-06
-2.55116e-05
-4.7772e-05
-6.763e-05
-8.48384e-05
-9.92176e-05
-0.000110646
-0.000119062
-0.000124505
-0.000127155
-0.000126992
-0.00012287
0.000222028
0.000275041
0.00020244
0.000153528
0.000117694
8.08932e-05
4.30604e-05
6.32939e-06
-2.82965e-05
-6.03027e-05
-8.92398e-05
-0.000114713
-0.000136412
-0.000154104
-0.000167614
-0.000176822
-0.000181767
-0.000182789
-0.000179703
-0.000169874
0.000274973
0.000335513
0.000239827
0.000173902
0.000124494
7.42875e-05
2.3328e-05
-2.56754e-05
-7.14615e-05
-0.000113396
-0.000150932
-0.000183588
-0.000210973
-0.000232776
-0.000248744
-0.000258635
-0.000262342
-0.000260747
-0.000253819
-0.000236074
0.00033779
0.000405311
0.000279423
0.000190767
0.000122962
5.47898e-05
-1.35705e-05
-7.87823e-05
-0.000139351
-0.000194571
-0.000243852
-0.000286682
-0.000322636
-0.000351359
-0.000372627
-0.000386255
-0.000390851
-0.000387385
-0.000373967
-0.000338527
0.000417401
0.000477911
0.000315038
0.00020165
0.000111467
2.08125e-05
-6.87962e-05
-0.00015351
-0.000231769
-0.00030279
-0.000365892
-0.000420449
-0.000465849
-0.000501349
-0.000525812
-0.000537778
-0.000536878
-0.000517805
-0.000470484
-0.000387804
-4.9947e-06
-5.10652e-06
-5.73402e-06
-7.33013e-06
-9.39579e-06
-1.16077e-05
-1.37908e-05
-1.58287e-05
-1.76326e-05
-1.9108e-05
-2.01276e-05
-2.05123e-05
-2.00216e-05
-1.83612e-05
-1.5234e-05
-1.05216e-05
-2.92735e-06
6.43097e-06
1.42734e-05
1.98128e-05
-6.59366e-06
-7.17057e-06
-8.88703e-06
-1.07468e-05
-1.28927e-05
-1.51681e-05
-1.75117e-05
-1.98883e-05
-2.22722e-05
-2.46223e-05
-2.68606e-05
-2.88538e-05
-3.03962e-05
-3.11903e-05
-3.08165e-05
-2.89124e-05
-2.50044e-05
-1.897e-05
-1.08362e-05
-4.14674e-06
-7.38661e-06
-8.35253e-06
-1.01349e-05
-1.13595e-05
-1.26396e-05
-1.40203e-05
-1.5593e-05
-1.7423e-05
-1.95703e-05
-2.2094e-05
-2.50521e-05
-2.84965e-05
-3.24554e-05
-3.68923e-05
-4.15916e-05
-4.61576e-05
-4.97284e-05
-5.11504e-05
-4.79226e-05
-4.25447e-05
-8.88544e-06
-1.01483e-05
-1.19909e-05
-1.27505e-05
-1.34424e-05
-1.42433e-05
-1.53569e-05
-1.69238e-05
-1.90702e-05
-2.1935e-05
-2.56854e-05
-3.05211e-05
-3.66559e-05
-4.42582e-05
-5.32754e-05
-6.32862e-05
-7.28394e-05
-8.00877e-05
-8.07486e-05
-7.67671e-05
-1.08685e-05
-1.22714e-05
-1.41815e-05
-1.45235e-05
-1.47213e-05
-1.50634e-05
-1.58487e-05
-1.72825e-05
-1.95487e-05
-2.28555e-05
-2.74623e-05
-3.36904e-05
-4.19021e-05
-5.24225e-05
-6.53089e-05
-8.01143e-05
-9.49308e-05
-0.000107405
-0.000111471
-0.000109416
-1.33087e-05
-1.46506e-05
-1.64969e-05
-1.63139e-05
-1.5951e-05
-1.57978e-05
-1.6236e-05
-1.75279e-05
-1.99087e-05
-2.36515e-05
-2.91025e-05
-3.66979e-05
-4.69395e-05
-6.02997e-05
-7.69391e-05
-9.6411e-05
-0.000116417
-0.000134257
-0.000141863
-0.000142509
-1.63623e-05
-1.73882e-05
-1.89858e-05
-1.81181e-05
-1.71019e-05
-1.64012e-05
-1.64611e-05
-1.75892e-05
-2.00638e-05
-2.42165e-05
-3.04757e-05
-3.93878e-05
-5.15911e-05
-6.77061e-05
-8.80074e-05
-0.000112091
-0.000137305
-0.0001608
-0.000172193
-0.000176509
-2.02253e-05
-2.05853e-05
-2.17064e-05
-1.99776e-05
-1.82056e-05
-1.69089e-05
-1.65653e-05
-1.75135e-05
-2.00633e-05
-2.45972e-05
-3.16201e-05
-4.17837e-05
-5.58599e-05
-7.46215e-05
-9.84758e-05
-0.00012712
-0.00015759
-0.000187156
-0.000202651
-0.000211942
-2.50567e-05
-2.44497e-05
-2.45865e-05
-2.19177e-05
-1.92496e-05
-1.73034e-05
-1.65293e-05
-1.72781e-05
-1.98789e-05
-2.47571e-05
-3.24879e-05
-4.38245e-05
-5.96718e-05
-8.09644e-05
-0.00010827
-0.000141463
-0.000177327
-0.000213589
-0.00023362
-0.0002497
-3.0706e-05
-2.93529e-05
-2.77287e-05
-2.39066e-05
-2.0201e-05
-1.75482e-05
-1.63134e-05
-1.68386e-05
-1.94584e-05
-2.46326e-05
-3.30017e-05
-4.54177e-05
-6.29216e-05
-8.66247e-05
-0.000117295
-0.000155077
-0.000196578
-0.000240424
-0.00026558
-0.000291013
-3.76663e-05
-3.5119e-05
-3.11246e-05
-2.58938e-05
-2.10244e-05
-1.76042e-05
-1.58793e-05
-1.61537e-05
-1.87535e-05
-2.41642e-05
-3.3087e-05
-4.64717e-05
-6.55012e-05
-9.14835e-05
-0.000125437
-0.000167891
-0.000215377
-0.000267998
-0.000299058
-0.000337515
-4.60506e-05
-4.18646e-05
-3.47193e-05
-2.78283e-05
-2.16624e-05
-1.74283e-05
-1.51889e-05
-1.51848e-05
-1.77188e-05
-2.32948e-05
-3.26707e-05
-4.68934e-05
-6.72954e-05
-9.54059e-05
-0.000132554
-0.000179788
-0.0002337
-0.000296631
-0.00033461
-0.000391384
-5.60417e-05
-4.96829e-05
-3.84164e-05
-2.96267e-05
-2.20487e-05
-1.69713e-05
-1.42022e-05
-1.38925e-05
-1.63091e-05
-2.1967e-05
-3.16768e-05
-4.65831e-05
-6.81758e-05
-9.82312e-05
-0.000138457
-0.000190575
-0.000251427
-0.000326575
-0.000372778
-0.000455564
-6.77025e-05
-5.8544e-05
-4.20528e-05
-3.11693e-05
-2.21001e-05
-1.61766e-05
-1.28764e-05
-1.22368e-05
-1.44782e-05
-2.0121e-05
-3.00251e-05
-4.54319e-05
-6.79953e-05
-9.97639e-05
-0.000142895
-0.000199951
-0.000268283
-0.000357927
-0.000414037
-0.000534054
-8.08783e-05
-6.82785e-05
-4.53702e-05
-3.22864e-05
-2.17127e-05
-1.49795e-05
-1.11651e-05
-1.01752e-05
-1.21778e-05
-1.76938e-05
-2.76287e-05
-4.3318e-05
-6.65832e-05
-9.97633e-05
-0.000145533
-0.000207463
-0.000283768
-0.000390483
-0.000458751
-0.000632461
-9.47548e-05
-7.86062e-05
-4.79988e-05
-3.27566e-05
-2.07686e-05
-1.33133e-05
-9.0253e-06
-7.67035e-06
-9.36467e-06
-1.46273e-05
-2.44043e-05
-4.01198e-05
-6.37589e-05
-9.79584e-05
-0.000145962
-0.000212489
-0.000297084
-0.000423539
-0.000507076
-0.000758426
-0.000108106
-8.88268e-05
-4.94927e-05
-3.23441e-05
-1.91727e-05
-1.11412e-05
-6.44777e-06
-4.72112e-06
-6.03706e-06
-1.09113e-05
-2.03245e-05
-3.57787e-05
-5.94094e-05
-9.4139e-05
-0.000143797
-0.000214325
-0.000307174
-0.000455618
-0.000558435
-0.000920475
-0.000119322
-9.76046e-05
-4.93564e-05
-3.08097e-05
-1.68604e-05
-8.4578e-06
-3.45392e-06
-1.35793e-06
-2.22768e-06
-6.57563e-06
-1.54087e-05
-3.02909e-05
-5.34825e-05
-8.81539e-05
-0.000138681
-0.00021218
-0.000312639
-0.000483854
-0.00061031
-0.00112614
-0.000124677
-0.000101198
-4.64042e-05
-2.7506e-05
-1.34793e-05
-5.00397e-06
2.06052e-07
2.67957e-06
2.36533e-06
-1.25184e-06
-9.19379e-06
-2.30637e-05
-4.52073e-05
-7.89743e-05
-0.000129169
-0.000203839
-0.000310061
-0.000501624
-0.000660057
-0.0013997
-0.000102343
-8.82649e-05
-3.70745e-05
-2.04919e-05
-7.71788e-06
3.30773e-07
5.61538e-06
8.56357e-06
9.09115e-06
6.67493e-06
2.95709e-07
-1.16554e-05
-3.15527e-05
-6.2817e-05
-0.000110441
-0.000182965
-0.000290536
-0.000497139
-0.000720853
-0.00189999
2.07285e-05
1.49755e-05
4.35152e-06
-7.94302e-06
-1.84329e-05
-2.55948e-05
-2.94736e-05
-3.08139e-05
-3.0213e-05
-2.81541e-05
-2.5104e-05
-2.15253e-05
-1.78174e-05
-1.42652e-05
-1.10279e-05
-8.14908e-06
-5.61101e-06
-3.50629e-06
-1.1179e-06
-1.45996e-06
-6.3226e-07
-4.88044e-06
-1.4673e-05
-2.70695e-05
-3.78486e-05
-4.52635e-05
-4.91159e-05
-5.01516e-05
-4.90476e-05
-4.63698e-05
-4.25897e-05
-3.81185e-05
-3.32966e-05
-2.83771e-05
-2.35286e-05
-1.88289e-05
-1.43363e-05
-1.01969e-05
-5.45369e-06
-4.80287e-06
-3.50651e-05
-3.40399e-05
-3.89552e-05
-4.93682e-05
-6.06546e-05
-6.9825e-05
-7.53229e-05
-7.72705e-05
-7.61496e-05
-7.25798e-05
-6.7191e-05
-6.05882e-05
-5.32985e-05
-4.57298e-05
-3.81627e-05
-3.07454e-05
-2.35927e-05
-1.68375e-05
-9.55529e-06
-6.98335e-06
-6.64842e-05
-6.24889e-05
-6.48094e-05
-7.44226e-05
-8.59343e-05
-9.56428e-05
-0.000101344
-0.000102972
-0.000101008
-9.61651e-05
-8.91769e-05
-8.07274e-05
-7.14018e-05
-6.1655e-05
-5.18092e-05
-4.20505e-05
-3.25341e-05
-2.33837e-05
-1.37626e-05
-8.87088e-06
-9.73336e-05
-9.19636e-05
-9.28753e-05
-0.000102186
-0.000113806
-0.000123747
-0.000129409
-0.000130564
-0.000127631
-0.000121352
-0.000112541
-0.000101975
-9.03338e-05
-7.81507e-05
-6.58088e-05
-5.35373e-05
-4.15235e-05
-2.98841e-05
-1.78337e-05
-1.04789e-05
-0.000129022
-0.000123154
-0.000123263
-0.000132621
-0.000144257
-0.000154045
-0.00015915
-0.000159303
-0.000154939
-0.000146867
-0.000135988
-0.000123165
-0.000109142
-9.45068e-05
-7.96799e-05
-6.49179e-05
-5.04303e-05
-3.63225e-05
-2.18325e-05
-1.19892e-05
-0.000161752
-0.000156203
-0.00015604
-0.000165794
-0.000177351
-0.000186636
-0.000190752
-0.000189492
-0.00018335
-0.000173202
-0.000160026
-0.000144759
-0.000128208
-0.000111009
-9.36168e-05
-7.63084e-05
-5.93105e-05
-4.27072e-05
-2.57487e-05
-1.34283e-05
-0.000195831
-0.000191441
-0.00019143
-0.000201866
-0.000213188
-0.000221576
-0.000224226
-0.000221085
-0.000212757
-0.000200203
-0.00018448
-0.000166589
-0.000147388
-0.000127548
-0.000107543
-8.76626e-05
-6.81428e-05
-4.90352e-05
-2.96047e-05
-1.48323e-05
-0.000231813
-0.000229423
-0.000229805
-0.000241083
-0.0002519
-0.000258927
-0.000259602
-0.000254103
-0.000243188
-0.000227909
-0.000209395
-0.000188701
-0.000166722
-0.000144153
-0.000121479
-9.89931e-05
-7.69333e-05
-5.53081e-05
-3.34084e-05
-1.62118e-05
-0.000270411
-0.000270929
-0.000271666
-0.000283758
-0.000293637
-0.000298736
-0.000296871
-0.000288511
-0.000274593
-0.000256264
-0.000234717
-0.000211045
-0.00018617
-0.000160794
-0.000135403
-0.000110286
-8.56744e-05
-6.15238e-05
-3.7168e-05
-1.75763e-05
-0.000312471
-0.000317022
-0.000317653
-0.000330244
-0.000338547
-0.000341024
-0.000335992
-0.000324248
-0.000306911
-0.000285219
-0.000260407
-0.000233595
-0.00020571
-0.000177456
-0.000149304
-0.000121533
-9.43612e-05
-6.76795e-05
-4.08882e-05
-1.89311e-05
-0.000359145
-0.000368897
-0.000368498
-0.000380898
-0.000386741
-0.000385763
-0.00037688
-0.000361213
-0.00034005
-0.000314692
-0.0002864
-0.000256297
-0.000225305
-0.000194109
-0.000163162
-0.000132722
-0.000102985
-7.37708e-05
-4.4572e-05
-2.02808e-05
-0.000412432
-0.000427284
-0.00042494
-0.000436027
-0.000438251
-0.000432851
-0.000419387
-0.000399261
-0.000373883
-0.000344583
-0.000312618
-0.000279095
-0.000244911
-0.000210724
-0.000176955
-0.000143839
-0.000111538
-7.97923e-05
-4.82205e-05
-2.16274e-05
-0.000473885
-0.000493763
-0.000487663
-0.000495789
-0.00049297
-0.000482076
-0.000463287
-0.000438192
-0.000408246
-0.000374763
-0.000338963
-0.000301914
-0.000264474
-0.000227261
-0.000190655
-0.000154865
-0.000120007
-8.57351e-05
-5.18321e-05
-2.29722e-05
-0.000545435
-0.000569752
-0.000557124
-0.000560093
-0.000550605
-0.000533095
-0.000508265
-0.000477739
-0.000442929
-0.000405072
-0.000365316
-0.000324668
-0.000283932
-0.000243675
-0.000204233
-0.000165781
-0.000128376
-9.15799e-05
-5.54032e-05
-2.43261e-05
-0.000629084
-0.000656297
-0.00063358
-0.000628639
-0.000610706
-0.000585445
-0.000553918
-0.000517589
-0.000477701
-0.000435345
-0.000391559
-0.000347271
-0.000303221
-0.00025992
-0.000217658
-0.00017657
-0.000136622
-9.72933e-05
-5.8936e-05
-2.57289e-05
-0.000727595
-0.000754842
-0.000717531
-0.000701048
-0.000672685
-0.000638573
-0.000599814
-0.000557441
-0.000512365
-0.000465455
-0.000417609
-0.000369665
-0.000322299
-0.000275966
-0.000230914
-0.000187222
-0.000144724
-0.00010285
-6.24561e-05
-2.72362e-05
-0.00084943
-0.000867734
-0.000809208
-0.000776266
-0.000735477
-0.000691744
-0.000645519
-0.000597065
-0.000546803
-0.000495337
-0.000443425
-0.000391826
-0.000341154
-0.000291812
-0.000244
-0.000197726
-0.000152676
-0.000108305
-6.60335e-05
-2.87776e-05
-0.00100945
-0.000989914
-0.000903222
-0.000850081
-0.000796581
-0.000743704
-0.000690425
-0.000636135
-0.000580802
-0.000524833
-0.000468894
-0.000413681
-0.000359748
-0.000307438
-0.000256894
-0.000208045
-0.000160485
-0.000113836
-6.97585e-05
-2.99152e-05
-0.00117602
-0.00108612
-0.000981113
-0.000913698
-0.00085182
-0.00079232
-0.000733226
-0.000673688
-0.000613596
-0.000553341
-0.000493563
-0.000434904
-0.000377852
-0.000322684
-0.000269474
-0.000218089
-0.000168148
-0.000119526
-7.35138e-05
-3.01551e-05
-0.00137334
-0.00125956
-0.00119837
-0.00112552
-0.0010499
-0.00097294
-0.000895188
-0.00081727
-0.000739923
-0.000663877
-0.000589772
-0.000518087
-0.000449095
-0.000382858
-0.000319255
-0.000258035
-0.000198965
-0.000142025
-8.69768e-05
-3.08465e-05
-0.00124238
-0.001235
-0.00121028
-0.00117223
-0.00112331
-0.00106559
-0.00100051
-0.000929369
-0.000853671
-0.000775052
-0.00069512
-0.000615256
-0.000536484
-0.000459443
-0.000384447
-0.000311569
-0.000240724
-0.000171763
-0.000104504
-3.70816e-05
-0.00123421
-0.00123004
-0.00121763
-0.00119711
-0.00116679
-0.00112553
-0.00107299
-0.00100981
-0.000937614
-0.000858696
-0.000775499
-0.000690212
-0.000604521
-0.000519566
-0.000436004
-0.000354116
-0.000273929
-0.000195493
-0.000118993
-4.24017e-05
-0.00129017
-0.00128272
-0.00127126
-0.00125228
-0.00122406
-0.00118508
-0.00113459
-0.00107278
-0.00100093
-0.000921147
-0.000835838
-0.000747246
-0.000657167
-0.000566878
-0.000477191
-0.000388548
-0.00030115
-0.000215217
-0.000131063
-4.66613e-05
-0.00136781
-0.00135841
-0.00134596
-0.00132691
-0.00129949
-0.00126165
-0.00121188
-0.00114982
-0.0010764
-0.000993687
-0.000904213
-0.000810428
-0.000714331
-0.000617379
-0.000520534
-0.000424374
-0.000329212
-0.000235382
-0.000143306
-5.0919e-05
-0.00149227
-0.0014809
-0.00146706
-0.001446
-0.00141573
-0.00137393
-0.001319
-0.0012507
-0.00117023
-0.00107998
-0.000982733
-0.000881066
-0.000777005
-0.000671988
-0.00056696
-0.000462499
-0.000358946
-0.00025668
-0.000156195
-5.54045e-05
-0.00165084
-0.00163721
-0.00162103
-0.00159691
-0.00156266
-0.00151565
-0.00145411
-0.00137787
-0.00128842
-0.00118852
-0.00108126
-0.000969386
-0.000855003
-0.000739588
-0.000624109
-0.000509176
-0.000395168
-0.00028251
-0.000171761
-6.07764e-05
-0.00185914
-0.00184291
-0.00182415
-0.00179608
-0.00175605
-0.00170099
-0.00162908
-0.0015405
-0.00143748
-0.00132351
-0.00120218
-0.00107648
-0.000948602
-0.00082
-0.000691601
-0.000563981
-0.000437499
-0.000312584
-0.000189827
-6.70112e-05
-0.0021158
-0.0020963
-0.00207388
-0.00204036
-0.00199253
-0.00192686
-0.00184161
-0.00173752
-0.00161777
-0.00148668
-0.00134833
-0.00120594
-0.00106173
-0.000917126
-0.000773038
-0.000630023
-0.000488439
-0.000348722
-0.000211498
-7.44642e-05
-0.00243503
-0.00241141
-0.00238446
-0.00234388
-0.00228561
-0.00220558
-0.00210232
-0.00197755
-0.00183584
-0.00168263
-0.00152264
-0.00135931
-0.0011949
-0.00103081
-0.00086787
-0.000706587
-0.000547273
-0.000390328
-0.000236385
-8.30289e-05
-0.00282371
-0.00279466
-0.0027615
-0.0027112
-0.0026386
-0.00253916
-0.00241205
-0.00226072
-0.00209165
-0.00191153
-0.00172566
-0.00153761
-0.00134953
-0.00116268
-0.000977795
-0.000795284
-0.000615398
-0.000438485
-0.000265176
-9.29407e-05
-0.00330016
-0.00326397
-0.00322253
-0.00315859
-0.00306564
-0.00293914
-0.00277973
-0.00259376
-0.00239014
-0.00217683
-0.00195953
-0.00174174
-0.00152548
-0.00131183
-0.00110138
-0.00089446
-0.00069121
-0.000491873
-0.00029701
-0.000103912
-0.00388244
-0.00383643
-0.00378197
-0.00369687
-0.00357392
-0.00340954
-0.00320697
-0.00297634
-0.00272917
-0.00247457
-0.00221855
-0.00196463
-0.00171472
-0.00146982
-0.00123039
-0.000996609
-0.000768396
-0.000545726
-0.000328911
-0.000114917
-0.00460149
-0.00453793
-0.00446332
-0.00434881
-0.00418427
-0.00396595
-0.00370137
-0.00340719
-0.00309948
-0.00278946
-0.00248376
-0.00218579
-0.00189709
-0.00161811
-0.00134874
-0.00108853
-0.000836772
-0.000592847
-0.0003566
-0.00012455
-0.00549687
-0.00541945
-0.00532879
-0.00516958
-0.00492862
-0.00460994
-0.00423998
-0.00384952
-0.00346017
-0.00308328
-0.00272329
-0.00238104
-0.00205576
-0.00174608
-0.0014505
-0.0011675
-0.000895591
-0.0006335
-0.000380631
-0.000133092
-0.00686053
-0.0067152
-0.006489
-0.00615491
-0.00572896
-0.00524667
-0.00474808
-0.00425842
-0.00379107
-0.00335126
-0.00293947
-0.00255389
-0.00219201
-0.00185135
-0.0015298
-0.00122538
-0.000936126
-0.00066012
-0.000395956
-0.000138701
-0.00748169
-0.00729709
-0.00716938
-0.00688237
-0.0064466
-0.00589696
-0.00529636
-0.00469628
-0.00412025
-0.00357817
-0.00307537
-0.0026144
-0.0021953
-0.00181602
-0.00147283
-0.00116104
-0.00087565
-0.00061178
-0.000365263
-0.000128593
-0.0132764
-0.0124391
-0.0114373
-0.00995551
-0.00845143
-0.00704555
-0.00580556
-0.00475453
-0.00388334
-0.00316526
-0.00257328
-0.00208477
-0.00168048
-0.00134371
-0.00106029
-0.000818301
-0.000607778
-0.000420676
-0.000250996
-9.04869e-05
-0.007615
-0.006727
-0.00615202
-0.00506399
-0.00411709
-0.00331376
-0.00263568
-0.00208456
-0.00165025
-0.00130908
-0.00103803
-0.000820407
-0.00064447
-0.000501558
-0.000385011
-0.000289527
-0.000210665
-0.000144625
-8.83023e-05
-3.60868e-05
-0.0450027
-0.0274182
-0.0205255
-0.0135322
-0.00877901
-0.00573754
-0.00369049
-0.00229832
-0.00135226
-0.000712936
-0.000287177
-1.21071e-05
0.000155267
0.000244866
0.000277993
0.000270188
0.000233111
0.000175834
0.000105196
2.81951e-05
)
;

boundaryField
{
    inlet
    {
        type            zeroGradient;
    }
    outlet
    {
        type            fixedValue;
        value           uniform 0;
    }
    upAndBottom
    {
        type            empty;
    }
    obstacle
    {
        type            zeroGradient;
    }
}


// ************************************************************************* //
