/*--------------------------------*- C++ -*----------------------------------*\
| =========                 |                                                 |
| \\      /  F ield         | OpenFOAM: The Open Source CFD Toolbox           |
|  \\    /   O peration     | Version:  v1806                                 |
|   \\  /    A nd           | Web:      www.OpenFOAM.com                      |
|    \\/     M anipulation  |                                                 |
\*---------------------------------------------------------------------------*/
FoamFile
{
    version     2.0;
    format      ascii;
    class       surfaceScalarField;
    location    "310";
    object      phi;
}
// * * * * * * * * * * * * * * * * * * * * * * * * * * * * * * * * * * * * * //

dimensions      [0 3 -1 0 0 0 0];
oriented        oriented;


internalField   nonuniform List<scalar> 
4680
(
0.0750003
-0.000198732
0.0750015
-0.000598316
0.0750035
-0.000998897
0.0750067
-0.00139882
0.0750114
-0.00179657
0.0750178
-0.00219036
0.0750264
-0.00257814
0.0750378
-0.00295748
0.0750524
-0.00332553
0.0750709
-0.00367902
0.075094
-0.00401424
0.0751223
-0.00432711
0.0751566
-0.00461326
0.0751973
-0.00486821
0.0752449
-0.00508746
0.0752998
-0.0052667
0.075362
-0.00540192
0.0754305
-0.00548954
0.075505
-0.00552687
-0.00551807
0.0755985
0.0750009
-0.000199619
0.0750035
-0.000600966
0.075008
-0.0010034
0.0750147
-0.00140547
0.0750239
-0.00180579
0.0750363
-0.00220273
0.0750525
-0.00259432
0.0750732
-0.00297826
0.0750995
-0.00335178
0.0751321
-0.00371165
0.0751721
-0.00405417
0.0752202
-0.00437521
0.0752772
-0.00467028
0.0753437
-0.00493472
0.07542
-0.00516372
0.0755059
-0.00535269
0.0756012
-0.0054972
0.0757053
-0.00559364
0.0758175
-0.00563903
-0.00563175
0.0759312
0.0750014
-0.000201004
0.0750055
-0.00060507
0.0750124
-0.00101036
0.0750227
-0.00141571
0.0750368
-0.00181993
0.0750557
-0.0022216
0.0750803
-0.00261894
0.0751118
-0.00300978
0.0751515
-0.00339148
0.0752007
-0.00376086
0.0752608
-0.0041142
0.0753328
-0.00444728
0.0754179
-0.00475538
0.0755168
-0.00503354
0.0756295
-0.00527647
0.0757559
-0.00547908
0.0758949
-0.00563623
0.076045
-0.00574375
0.0762033
-0.00579735
-0.0057945
0.0763661
0.0750018
-0.000202782
0.075007
-0.000610334
0.075016
-0.00101931
0.0750292
-0.0014289
0.0750475
-0.00183824
0.0750721
-0.00224616
0.0751042
-0.00265113
0.0751457
-0.00305121
0.0751981
-0.0034439
0.0752633
-0.00382612
0.0753433
-0.00419412
0.0754395
-0.00454355
0.0755535
-0.00486939
0.0756862
-0.00516622
0.0758379
-0.0054281
0.0760079
-0.00564916
0.0761949
-0.00582324
0.0763964
-0.00594518
0.0766087
-0.00600965
-0.00601407
0.0768282
0.075002
-0.000204811
0.075008
-0.000616336
0.0750183
-0.00102954
0.0750335
-0.0014441
0.0750547
-0.0018595
0.0750835
-0.00227497
0.0751217
-0.0026893
0.0751713
-0.00310084
0.0752348
-0.00350731
0.0753144
-0.00390579
0.0754128
-0.00429251
0.0755322
-0.00466299
0.0756747
-0.00501182
0.0758415
-0.00533302
0.0760331
-0.00561975
0.0762491
-0.0058651
0.0764873
-0.00606151
0.0767447
-0.00620257
0.0770165
-0.00628139
-0.00629446
0.0772969
0.0750021
-0.000206905
0.0750083
-0.000622522
0.0750189
-0.00104014
0.0750348
-0.00146001
0.0750574
-0.00188212
0.0750886
-0.00230613
0.0751305
-0.00273127
0.075186
-0.0031563
0.0752579
-0.00357924
0.0753496
-0.00399744
0.0754642
-0.00440715
0.075605
-0.00480381
0.0757748
-0.00518154
0.0759755
-0.00553372
0.076208
-0.00585232
0.0764721
-0.00612915
0.0767653
-0.00635472
0.0770836
-0.00652089
0.0774207
-0.00661846
-0.00664256
0.0777688
0.0750019
-0.000208836
0.0750076
-0.000628199
0.0750174
-0.00104995
0.0750325
-0.00147506
0.0750544
-0.00190405
0.0750855
-0.00233719
0.0751284
-0.00277422
0.0751866
-0.00321449
0.0752638
-0.00365642
0.0753641
-0.00409779
0.0754919
-0.00453494
0.0756515
-0.00496339
0.0758466
-0.00537668
0.0760805
-0.00576761
0.0763548
-0.00612659
0.0766695
-0.00644387
0.0770221
-0.00670732
0.0774077
-0.00690648
0.077818
-0.0070288
-0.00706758
0.0782431
0.0750015
-0.000210326
0.0750058
-0.000632539
0.0750135
-0.00105761
0.0750257
-0.00148731
0.0750445
-0.00192282
0.0750725
-0.00236515
0.0751129
-0.00281466
0.0751699
-0.0032715
0.0752481
-0.00373459
0.0753528
-0.00420248
0.0754895
-0.00467161
0.075664
-0.00513797
0.0758817
-0.00559434
0.0761473
-0.00603323
0.0764637
-0.00644293
0.0768318
-0.00681204
0.0772492
-0.00712471
0.0777102
-0.00736749
0.0782043
-0.00752291
-0.00758158
0.0787183
0.0750007
-0.000211055
0.0750028
-0.000634586
0.0750067
-0.00106152
0.0750139
-0.00149452
0.0750266
-0.0019355
0.0750478
-0.00238639
0.0750814
-0.00284829
0.0751324
-0.00332243
0.0752061
-0.00380833
0.0753094
-0.00430582
0.0754492
-0.00481137
0.0756335
-0.00532226
0.0758692
-0.00583005
0.0761639
-0.00632793
0.0765218
-0.00680086
0.0769463
-0.00723655
0.0774349
-0.00761329
0.0779818
-0.00791434
0.0785735
-0.00811466
-0.00820091
0.0791929
0.0749996
-0.000210663
0.0749983
-0.000633259
0.0749966
-0.00105985
0.0749962
-0.00149409
0.0749994
-0.00193869
0.0750097
-0.00239668
0.0750314
-0.00286999
0.0750703
-0.00336133
0.0751328
-0.00387084
0.0752274
-0.00440046
0.0753625
-0.00494644
0.0755491
-0.00550889
0.075796
-0.00607699
0.0761153
-0.00664717
0.0765126
-0.00719823
0.0769961
-0.00771998
0.077563
-0.00818025
0.0782091
-0.00856039
0.078917
-0.00882257
-0.00894803
0.0796641
0.0749981
-0.00020876
0.0749922
-0.000627383
0.074983
-0.00105062
0.0749721
-0.00148317
0.074962
-0.00192859
0.0749565
-0.00239118
0.0749602
-0.00287375
0.0749799
-0.00338104
0.0750228
-0.00391373
0.0750995
-0.00447711
0.0752195
-0.0050665
0.0753983
-0.00568771
0.0756463
-0.00632495
0.0759827
-0.0069836
0.0764142
-0.0076297
0.0769584
-0.00826413
0.0776107
-0.00883261
0.0783733
-0.00932296
0.0792223
-0.00967155
-0.00985454
0.0801288
0.0749962
-0.000204936
0.0749845
-0.00061573
0.0749656
-0.00103175
0.0749412
-0.00145872
0.0749137
-0.00190106
0.074887
-0.00236452
0.0748661
-0.0028528
0.0748583
-0.00337322
0.0748714
-0.00392689
0.0749184
-0.00452411
0.07501
-0.00515812
0.0751672
-0.00584487
0.0754012
-0.00655894
0.0757433
-0.00732574
0.076198
-0.00808436
0.0768032
-0.00886931
0.0775453
-0.00957471
0.0784473
-0.010225
0.0794704
-0.0106946
-0.0109665
0.0805823
0.0749939
-0.000198789
0.0749752
-0.00059708
0.0749446
-0.00100113
0.0749035
-0.00141765
0.0748543
-0.00185185
0.0748008
-0.00231102
0.0747478
-0.00279977
0.074703
-0.00332845
0.0746747
-0.00389856
0.0746777
-0.00452715
0.0747238
-0.00520425
0.0748407
-0.00596169
0.0750393
-0.00675755
0.0753692
-0.00765564
0.075827
-0.00854221
0.0764909
-0.00953316
0.0773188
-0.0104026
0.0783929
-0.0112992
0.0796292
-0.0119308
-0.0123546
0.0810172
0.0749912
-0.000189946
0.0749644
-0.000570307
0.0749201
-0.00095683
0.0748594
-0.001357
0.0747844
-0.00177683
0.0746983
-0.00222496
0.0746056
-0.00270703
0.0745137
-0.00323652
0.0744308
-0.00381563
0.0743728
-0.00446919
0.0743525
-0.00518394
0.0744038
-0.00601304
0.0745379
-0.00689166
0.074827
-0.00794474
0.0752547
-0.00896986
0.075968
-0.0102465
0.0768605
-0.0112951
0.0781588
-0.0125974
0.0796403
-0.0134124
-0.0141303
0.0814161
0.0749882
-0.000178101
0.0749523
-0.000534481
0.0748927
-0.000897205
0.07481
-0.00127426
0.0747055
-0.00167232
0.0745815
-0.00210105
0.0744418
-0.00256729
0.0742924
-0.0030871
0.074141
-0.00366427
0.0740027
-0.00433091
0.0738916
-0.00507278
0.0738442
-0.00596565
0.0738761
-0.00692361
0.0740786
-0.00814721
0.0744265
-0.00931778
0.0751575
-0.0109775
0.0760656
-0.0122032
0.0776699
-0.0142017
0.0793938
-0.0151363
-0.0164959
0.0817593
0.074985
-0.000163053
0.0749395
-0.00048899
0.0748634
-0.000821142
0.0747568
-0.00116763
0.07462
-0.00153555
0.074454
-0.0019351
0.074261
-0.00237428
0.0740447
-0.00287076
0.0738115
-0.00343102
0.0735726
-0.00409207
0.0733436
-0.00484373
0.0731566
-0.00577865
0.0730386
-0.00680563
0.0730837
-0.00819234
0.0732882
-0.00952229
0.0739479
-0.0116371
0.0747932
-0.0130486
0.0767686
-0.0161771
0.0786707
-0.0170383
-0.0199635
0.0821384
0.0749817
-0.000144746
0.0749264
-0.000433654
0.0748335
-0.000728251
0.0747022
-0.00103635
0.0745318
-0.00136517
0.0743214
-0.00172467
0.0740709
-0.00212384
0.0737807
-0.00258052
0.0734542
-0.00310451
0.0730964
-0.00373423
0.0727214
-0.00446882
0.0723498
-0.00540701
0.0720224
-0.00647818
0.0718099
-0.00797989
0.0717865
-0.00949891
0.0722007
-0.0120513
0.0729111
-0.0137589
0.075103
-0.018369
0.0770308
-0.0189661
-0.0258411
0.0829083
0.0749786
-0.000123308
0.0749137
-0.000368818
0.0748045
-0.000619052
0.0746492
-0.000881059
0.0744458
-0.0011617
0.074191
-0.00146989
0.0738821
-0.00181501
0.0735152
-0.00221354
0.0730886
-0.00267799
0.072599
-0.00324463
0.0720537
-0.00392348
0.071456
-0.0048093
0.0708478
-0.00587002
0.0702621
-0.00739417
0.0698532
-0.00908999
0.0697693
-0.0119674
0.0702862
-0.0142759
0.0722104
-0.0202932
0.0742709
-0.0210266
-0.0354543
0.0838841
0.0749758
-9.9108e-05
0.0749024
-0.000295401
0.0747784
-0.000495101
0.0746013
-0.000703963
0.0743676
-0.000927946
0.0740717
-0.00117396
0.0737078
-0.0014512
0.0732671
-0.00177277
0.0727418
-0.00215269
0.0721179
-0.00262071
0.0713898
-0.00319543
0.0705388
-0.00395826
0.0695834
-0.00491464
0.0685122
-0.00632297
0.0674731
-0.0080509
0.066539
-0.0110333
0.0664723
-0.0142092
0.0674022
-0.0212231
0.0712714
-0.0248958
-0.0463792
0.0821964
0.0749737
-7.27916e-05
0.074893
-0.000214746
0.074757
-0.000359037
0.0745619
-0.000508912
0.074303
-0.000668993
0.0739724
-0.000843403
0.0735619
-0.00104066
0.0730572
-0.00126812
0.0724448
-0.00154028
0.0716988
-0.00187472
0.0707988
-0.00229539
0.0696972
-0.00285668
0.0683718
-0.00358929
0.0667393
-0.00469041
0.0648398
-0.00615143
0.0625809
-0.00877435
0.0605966
-0.0122249
0.059537
-0.0201636
0.0658909
-0.0312497
0.071777
-0.0522654
0.075635
-0.00218784
0.0756688
-0.00217245
0.075704
-0.00215541
0.0757399
-0.00213488
0.0757764
-0.00211118
0.0758133
-0.00208441
0.0758506
-0.00205459
0.0758882
-0.00202195
0.0759258
-0.00198569
-0.00194949
0.075962
0.0759773
-0.00223396
0.0760253
-0.00222041
0.0760733
-0.00220342
0.0761215
-0.0021831
0.0761697
-0.00215943
0.0762178
-0.00213251
0.0762656
-0.00210236
0.076313
-0.00206931
0.0763597
-0.00203239
-0.00199689
0.0764071
0.0764328
-0.0023007
0.0764996
-0.00228717
0.0765662
-0.00226998
0.0766323
-0.00224924
0.0766978
-0.00222497
0.0767626
-0.00219725
0.0768263
-0.0021661
0.0768889
-0.00213193
0.07695
-0.0020935
-0.00205692
0.0770101
0.0769165
-0.00238899
0.0770046
-0.00237524
0.0770923
-0.00235765
0.0771792
-0.00233617
0.0772651
-0.00231086
0.0773497
-0.00228183
0.0774327
-0.00224908
0.0775138
-0.0022131
0.0775926
-0.00217231
-0.00213449
0.0776702
0.0774093
-0.00250141
0.0775214
-0.00248741
0.0776329
-0.00246913
0.0777433
-0.00244654
0.0778522
-0.00241971
0.0779591
-0.00238877
0.0780637
-0.0023537
0.0781658
-0.00231518
0.0782645
-0.00227107
-0.00223149
0.0783615
0.0779084
-0.002641
0.0780475
-0.00262654
0.0781856
-0.00260722
0.0783221
-0.00258302
0.0784564
-0.00255404
0.0785881
-0.00252044
0.0787166
-0.00248221
0.0788417
-0.00244024
0.0789623
-0.0023917
-0.00234984
0.0790806
0.0784134
-0.00281139
0.0785831
-0.00279619
0.0787512
-0.00277538
0.0789172
-0.00274893
0.0790801
-0.00271697
0.0792394
-0.00267975
0.0793944
-0.00263724
0.0795449
-0.00259069
0.0796894
-0.00253627
-0.00249147
0.0798311
0.0789243
-0.0030174
0.0791293
-0.00300113
0.0793321
-0.00297821
0.0795318
-0.0029486
0.0797273
-0.00291252
0.0799179
-0.00287032
0.0801027
-0.00282199
0.0802812
-0.00276925
0.0804519
-0.002707
-0.00265828
0.0806188
0.0794411
-0.00326567
0.0796878
-0.00324784
0.0799315
-0.0032219
0.0801707
-0.00318781
0.0804041
-0.00314591
0.0806305
-0.00309672
0.0808488
-0.0030403
0.0810586
-0.00297903
0.0812578
-0.00290621
-0.00285197
0.0814515
0.0799639
-0.00356546
0.0802614
-0.00354535
0.0805545
-0.00351501
0.0808411
-0.00347441
0.0811193
-0.00342408
0.0813874
-0.00336484
0.081644
-0.0032969
0.0818886
-0.00322356
0.0821185
-0.00313617
-0.00307359
0.0823401
0.0804933
-0.00393001
0.0808546
-0.00390666
0.0812094
-0.00386982
0.0815545
-0.00381948
0.081887
-0.00375661
0.0822047
-0.00368252
0.0825055
-0.00359773
0.0827888
-0.00350678
0.0830515
-0.00339885
-0.00332308
0.0833009
0.0810312
-0.0043789
0.0814757
-0.00435109
0.0819103
-0.00430441
0.0823299
-0.00423916
0.0827304
-0.00415712
0.0831084
-0.00406053
0.0834612
-0.00395052
0.0837877
-0.00383324
0.0840846
-0.00369575
-0.00359845
0.08436
0.0815819
-0.00494361
0.0821397
-0.00490887
0.0826817
-0.00484637
0.0831998
-0.0047573
0.083688
-0.00464527
0.0841414
-0.00451397
0.0845564
-0.0043655
0.0849312
-0.00420809
0.0852627
-0.00402719
-0.00389428
0.0855585
0.0821536
-0.0056811
0.0828762
-0.00563155
0.0835702
-0.00554031
0.0842234
-0.00541048
0.0848276
-0.00524954
0.0853766
-0.00506299
0.0858655
-0.00485433
0.0862916
-0.00463419
0.0866523
-0.00438793
-0.00419609
0.0869541
0.0827679
-0.00668972
0.0837435
-0.00660712
0.0846622
-0.00645899
0.0855069
-0.00625513
0.0862664
-0.00600905
0.0869319
-0.00572853
0.0874973
-0.00541969
0.0879593
-0.00509624
0.0883184
-0.00474705
-0.00445396
0.0885763
0.08355
-0.00810134
0.0848909
-0.00794805
0.086113
-0.00768107
0.0871951
-0.00733727
0.0881201
-0.006934
0.0888745
-0.00648297
0.0894531
-0.00599822
0.0898555
-0.00549865
0.0900924
-0.00498395
-0.00451351
0.0901519
0.0849141
-0.0101072
0.086643
-0.00967694
0.0880818
-0.00911981
0.0892307
-0.00848622
0.09008
-0.00778327
0.0906279
-0.00703093
0.0908883
-0.00625862
0.0908804
-0.00549072
0.0906348
-0.00473839
-0.00402985
0.0901512
0.0865352
-0.0127582
0.0882341
-0.0113759
0.0892309
-0.0101165
0.0896264
-0.00888176
0.089497
-0.00765383
0.0889323
-0.00646625
0.0880271
-0.00535341
0.0868631
-0.00432674
0.0854962
-0.00337149
-0.00246359
0.0839299
0.0829705
-0.0135324
0.0824645
-0.0108699
0.0809616
-0.00861359
0.0787217
-0.00664194
0.0760018
-0.0049339
0.0730613
-0.00352574
0.0701014
-0.00239347
0.0672534
-0.00147877
0.0645936
-0.000711706
-4.6183e-05
0.0621762
0.0582447
0.0473748
0.0387612
0.0321193
0.0271854
0.0236597
0.0212662
0.0197874
0.0190757
0.0190295
0.0762871
-0.0161567
0.0765938
-0.0111463
0.0768505
-0.00540947
0.0769386
0.00139021
0.0767681
0.00708156
0.0764277
0.00938436
0.0763529
0.00510968
0.0766038
0.000147221
0.0770074
-0.00142599
0.07747
-0.000289768
0.0775811
0.00726478
0.0772337
0.0124795
0.0766701
0.0126484
0.0760132
0.0105184
0.0761615
-0.00179625
0.0767574
-0.007701
0.0773337
-0.00689601
0.0781541
-0.00825823
0.078131
0.00603835
0.00959312
0.0767186
-0.0164682
0.077009
-0.0114367
0.0772181
-0.00561856
0.0771835
0.00142484
0.0768414
0.00742363
0.0763632
0.00986257
0.0762775
0.00519538
0.0766544
-0.000229659
0.0771763
-0.00194796
0.0776945
-0.000807929
0.0777072
0.00725212
0.0772637
0.012923
0.0765721
0.0133401
0.0758462
0.0112443
0.076123
-0.00207306
0.0768513
-0.00842932
0.0775347
-0.0075794
0.0784083
-0.00913174
0.0782672
0.00617946
0.0101753
0.0773514
-0.0168096
0.0776605
-0.0117459
0.0778402
-0.00579821
0.0776594
0.00160567
0.0770509
0.00803209
0.0763333
0.0105802
0.0762196
0.00530903
0.0767594
-0.000769393
0.077497
-0.00268563
0.078075
-0.00138588
0.0779811
0.00734601
0.0773548
0.0135493
0.0764253
0.0142696
0.0755756
0.0120939
0.0760241
-0.00252156
0.0769874
-0.00939264
0.0778728
-0.00846481
0.0788271
-0.010086
0.0785181
0.00648847
0.0109336
0.0780632
-0.0172025
0.0784255
-0.0121082
0.0786136
-0.00598634
0.0783031
0.00191616
0.0773833
0.00895189
0.0763543
0.0116092
0.0761767
0.00548659
0.0769145
-0.00150715
0.0779326
-0.00370374
0.0786211
-0.00207436
0.078401
0.00756607
0.0775279
0.0144225
0.0762744
0.015523
0.0752387
0.0131296
0.0758609
-0.00314379
0.0771151
-0.0106468
0.0782731
-0.00962282
0.0793623
-0.0111752
0.0788567
0.00699414
0.0119052
0.0788091
-0.0176501
0.0792481
-0.0125472
0.0794753
-0.00621353
0.0790555
0.00233595
0.0777985
0.0102089
0.0764036
0.013004
0.0761307
0.00575952
0.0770974
-0.0024738
0.0784627
-0.00506907
0.0793067
-0.0029184
0.0789578
0.00791498
0.0777891
0.0155912
0.0761461
0.017166
0.0748632
0.0144125
0.0756188
-0.00389937
0.0771807
-0.0122087
0.0786639
-0.011106
0.0799463
-0.0124576
0.0792497
0.00769082
0.0131107
0.0795748
-0.0181442
0.080111
-0.0130834
0.0804005
-0.00650304
0.0798827
0.0028537
0.0782601
0.0118316
0.0764477
0.0148165
0.0760485
0.00615873
0.0772778
-0.00370317
0.079061
-0.00685224
0.0801064
-0.00396377
0.0796316
0.00838974
0.0781304
0.0170924
0.0760533
0.019243
0.0744665
0.0159994
0.0752709
-0.00470384
0.0771158
-0.0140536
0.0789581
-0.0129483
0.0804938
-0.0139934
0.0796455
0.00853909
0.0145462
0.080356
-0.0186691
0.0810129
-0.0137404
0.0813869
-0.00687701
0.0807715
0.0034691
0.078744
0.0138591
0.076457
0.0171034
0.0758941
0.00672167
0.0774184
-0.00522746
0.0796948
-0.00912868
0.0809874
-0.00525632
0.0803924
0.00898471
0.0785325
0.0189523
0.0760005
0.0217751
0.0740568
0.0179431
0.0747763
-0.00542338
0.0768295
-0.0161068
0.0790413
-0.0151601
0.0808961
-0.0158482
0.0799755
0.00945977
0.0161795
0.0811503
-0.0192006
0.0819586
-0.0145487
0.0824441
-0.00736248
0.0817198
0.00419337
0.0792352
0.0163437
0.0764124
0.0199261
0.0756346
0.00749952
0.0774675
-0.00706036
0.0803084
-0.0119696
0.0818994
-0.00684734
0.0811966
0.00968747
0.0789666
0.0211824
0.0759856
0.024756
0.0736335
0.0202953
0.074084
-0.00587393
0.0762132
-0.018236
0.0787753
-0.0177222
0.0810252
-0.0180981
0.0801561
0.0103288
0.0179481
0.0819548
-0.0197038
0.0829541
-0.015548
0.083587
-0.00799535
0.0827287
0.00505161
0.0797223
0.0193501
0.0763065
0.0233419
0.0752402
0.00856583
0.0773429
-0.00916308
0.080795
-0.0154217
0.0827508
-0.0088031
0.0819763
0.0104619
0.079392
0.0237667
0.0759975
0.0281505
0.0731844
0.0231084
0.0731425
-0.00583212
0.0751603
-0.0202537
0.0780178
-0.0205797
0.0807476
-0.0208279
0.080097
0.0109794
0.0197616
0.0827668
-0.0201305
0.0840025
-0.0167836
0.0848282
-0.0088211
0.0837939
0.00608593
0.0801918
0.0229522
0.0761432
0.0273905
0.0746805
0.0100285
0.0769089
-0.0113914
0.0809606
-0.0194735
0.0833786
-0.0112211
0.0826234
0.0112172
0.0797517
0.0266384
0.07601
0.0318921
0.0726824
0.0264361
0.0719134
-0.00506313
0.073597
-0.0219373
0.0766591
-0.0236418
0.079952
-0.0241207
0.0797154
0.0112159
0.0215094
0.083586
-0.0204156
0.0850927
-0.0182903
0.08616
-0.00988837
0.084892
0.00735396
0.0806218
0.0272224
0.075933
0.0320794
0.0739127
0.0120488
0.0759576
-0.0134363
0.0804973
-0.0240132
0.0835234
-0.0142472
0.0829758
0.0117648
0.0799656
0.0296487
0.0759759
0.0358819
0.0720847
0.0303272
0.0703862
-0.00336459
0.0715179
-0.023069
0.0746662
-0.0267901
0.0785843
-0.0280389
0.0789561
0.0108441
0.0230759
0.0844142
-0.0204698
0.086169
-0.0200451
0.0875104
-0.0112298
0.0859543
0.00890997
0.0809717
0.032205
0.0756746
0.0373764
0.072862
0.0148614
0.0742169
-0.0147912
0.0790035
-0.0287999
0.0828387
-0.0180823
0.0828193
0.0117842
0.0799286
0.0325394
0.0758235
0.039987
0.0713385
0.0348122
0.0685904
-0.000616467
0.0690084
-0.023487
0.0721179
-0.0298996
0.0766775
-0.0325984
0.0778095
0.00971209
0.0243612
0.0852377
-0.020149
0.0870543
-0.0218618
0.0886528
-0.0128282
0.086816
0.0107468
0.0811634
0.0378575
0.0753237
0.0432162
0.071401
0.0187841
0.0714088
-0.014799
0.0760905
-0.0334815
0.0809682
-0.0229601
0.0819227
0.0108296
0.0795197
0.0349424
0.0754635
0.0440432
0.0703938
0.0398819
0.0666001
0.00317722
0.066244
-0.0231309
0.0692085
-0.0328641
0.0743604
-0.0377504
0.0763203
0.00775215
0.0253011
0.0859532
-0.0191481
0.0872972
-0.0232057
0.0890521
-0.0145831
0.087134
0.0126649
0.0810457
0.0439458
0.0747529
0.049509
0.0693489
0.024188
0.0673703
-0.0128203
0.0715752
-0.0376864
0.0776986
-0.0290835
0.0801177
0.00841053
0.0786305
0.0364295
0.0748057
0.047868
0.06922
0.0454676
0.0645286
0.00786869
0.0634601
-0.0220624
0.0662126
-0.0356166
0.071834
-0.0433718
0.0745799
0.00500622
0.0258803
0.0861675
-0.0167392
0.0859402
-0.0229785
0.0876848
-0.0163278
0.0862904
0.0140593
0.0803463
0.04989
0.073727
0.0561283
0.0665191
0.0313959
0.0622048
-0.0085061
0.0656841
-0.0411656
0.0731275
-0.0365269
0.0773952
0.00414288
0.0772061
0.0366186
0.0737827
0.0512914
0.0678245
0.0514258
0.062509
0.0131843
0.0609034
-0.0204569
0.0634204
-0.0381336
0.0693228
-0.0492741
0.0727041
0.00162486
0.0261337
0.0847949
-0.0113822
0.081324
-0.0195075
0.0830109
-0.0180147
0.0833813
0.0136889
0.0786442
0.0546272
0.0719172
0.0628553
0.0628203
0.0404928
0.0563788
-0.00206468
0.0591214
-0.0439082
0.0677293
-0.0451348
0.0739581
-0.00208592
0.075276
0.0353007
0.0723715
0.0541958
0.0662521
0.0575452
0.0606797
0.0187567
0.0587844
-0.0185616
0.0610709
-0.0404202
0.0670194
-0.0552227
0.070806
-0.00216166
0.0261347
0.0795406
-0.000771664
0.0712734
-0.0112403
0.0734873
-0.0202286
0.07753
0.00964615
0.075459
0.0566982
0.0689834
0.0693309
0.058368
0.0511082
0.0506759
0.00562737
0.0528972
-0.0461295
0.0622355
-0.0544731
0.0701723
-0.0100227
0.072949
0.0325241
0.0706003
0.0565446
0.0645802
0.0635653
0.0591641
0.0241728
0.0572458
-0.0166433
0.0593098
-0.0424841
0.0650475
-0.0609603
0.0689734
-0.00608765
0.0259755
0.0668548
0.0163034
0.0543893
0.0012253
0.0589633
-0.0248027
0.0686774
-6.7897e-05
0.0705373
0.0548383
0.0647229
0.0751453
0.053536
0.0622951
0.0459922
0.0131712
0.0479872
-0.0481245
0.0573765
-0.0638624
0.0664395
-0.0190857
0.0703692
0.0285943
0.0685387
0.0583751
0.0629055
0.0691985
0.0580558
0.0290226
0.0563562
-0.0149437
0.058186
-0.044314
0.0634553
-0.0662297
0.0672612
-0.00989355
0.0257463
0.0444168
0.0340628
0.0328112
0.0128308
0.0421457
-0.0341371
0.0580942
-0.0160164
0.0641003
0.0488322
0.0592133
0.0800323
0.0488909
0.0726175
0.0430609
0.0190013
0.045041
-0.0501046
0.0536638
-0.0724852
0.0630576
-0.0284795
0.0676632
0.0239887
0.0662787
0.0597596
0.0613304
0.0741467
0.0574097
0.0329433
0.056119
-0.0136529
0.0576783
-0.0458733
0.0622357
-0.0707871
0.0656969
-0.0133547
0.0255206
0.0180313
0.035061
0.0134058
0.0174564
0.0272425
-0.0479738
0.0472813
-0.0360552
0.0565791
0.0395343
0.0528146
0.0837968
0.0450356
0.0803965
0.0422357
0.0218011
0.0442563
-0.0521252
0.0513009
-0.0795297
0.0601829
-0.0373616
0.0649214
0.0192502
0.0639193
0.0607617
0.0599401
0.078126
0.0572414
0.035642
0.0565048
-0.0129164
0.0576986
-0.0470671
0.0613586
-0.074447
0.064305
-0.0163011
0.0253636
0.00330192
0.0317591
0.00246902
0.0182893
0.00805567
-0.0535605
0.0159863
-0.0439858
0.0204872
0.0350334
0.0193007
0.0849834
0.0172622
0.0824349
0.0172539
0.0218094
0.0180725
-0.0529438
0.0202088
-0.081666
0.0234062
-0.040559
0.0252549
0.0174016
0.0249324
0.0610841
0.0236399
0.0794185
0.022956
0.0363259
0.0228887
-0.0128492
0.0231908
-0.0473691
0.0243812
-0.0756375
0.0254057
-0.0173256
0.0253573
0.00164299
0.0301161
0.00148989
0.0184424
0.00683371
-0.0589043
0.0144387
-0.0515908
0.0192021
0.03027
0.0182897
0.0858958
0.0169566
0.083768
0.0175769
0.0211891
0.0183857
-0.0537526
0.0201317
-0.0834119
0.0230486
-0.043476
0.0248312
0.0156189
0.0245652
0.0613501
0.0234822
0.0805015
0.0230293
0.0367788
0.0230631
-0.0128829
0.0233024
-0.0476085
0.0243097
-0.0766448
0.0252182
-0.0182341
0.0253594
0.000547338
0.0295688
0.00114829
0.0178414
0.00602338
-0.0637794
0.0130352
-0.0586026
0.0178856
0.0254196
0.0173194
0.086462
0.0167701
0.0843174
0.0180006
0.0199586
0.0187877
-0.0545397
0.0201331
-0.0847573
0.0227277
-0.0460706
0.0244072
0.0139394
0.0242008
0.0615566
0.0233478
0.0813545
0.0231338
0.0369928
0.0232602
-0.0130093
0.0234412
-0.0477895
0.0242573
-0.0774609
0.0250415
-0.0190183
0.0253704
2.40235e-05
0.0295448
0.00139799
0.0164675
0.00563818
-0.0680196
0.0117954
-0.0647599
0.0165896
0.0206254
0.0164169
0.0866347
0.0166955
0.0840387
0.0185095
0.0181446
0.0192671
-0.0552973
0.0202046
-0.0856948
0.0224395
-0.0483054
0.0239914
0.0123874
0.0238477
0.0617003
0.0232361
0.081966
0.0232628
0.0369662
0.023481
-0.0132276
0.0236028
-0.0479112
0.0242231
-0.0780813
0.0248777
-0.0196729
0.0253905
-3.97782e-06
0.0295487
0.00218117
0.0142823
0.00568018
-0.0715186
0.0107625
-0.0698422
0.0153425
0.0160454
0.0156076
0.0863696
0.0167369
0.0829094
0.0190893
0.0157922
0.0198103
-0.0560183
0.02034
-0.0862246
0.0221843
-0.0501497
0.0235864
0.0109853
0.0235092
0.0617776
0.0231485
0.0823267
0.023415
0.0366997
0.023723
-0.0135356
0.0237855
-0.0479738
0.024207
-0.0785028
0.0247276
-0.0201934
0.0254197
0.000431109
0.0291176
0.00343384
0.0112796
0.0061415
-0.0742263
0.0099782
-0.0736789
0.0141794
0.0118443
0.0149181
0.0856309
0.0168967
0.0809308
0.0197263
0.0129626
0.0204041
-0.0566961
0.0205332
-0.0863537
0.0219629
-0.0515794
0.0231955
0.00975278
0.0231887
0.0617843
0.023086
0.0824294
0.0235888
0.0361969
0.0239834
-0.0139302
0.0239875
-0.0479779
0.0242088
-0.0787241
0.0245918
-0.0205764
0.0254576
0.00136562
0.027752
0.00509259
0.00755263
0.0070013
-0.076135
0.00947738
-0.076155
0.0131417
0.0081799
0.0143751
0.0843975
0.0171754
0.0781306
0.0204076
0.00973039
0.0210359
-0.0573245
0.0207778
-0.0860955
0.0217764
-0.052578
0.0228223
0.00870688
0.0228899
0.0617167
0.0230497
0.0822695
0.0237829
0.0354637
0.0242599
-0.0144072
0.0242068
-0.0479248
0.0242282
-0.0787455
0.0244712
-0.0208193
0.0255039
0.0027733
0.0249787
0.00709488
0.00323105
0.00822461
-0.0772647
0.0092845
-0.0772148
0.012276
0.00518841
0.0140053
0.0826682
0.0175718
0.0745641
0.021122
0.00618021
0.0216946
-0.0578971
0.021068
-0.085469
0.0216261
-0.0531361
0.0224709
0.00786208
0.0226163
0.0615713
0.0230409
0.081845
0.023996
0.0345085
0.02455
-0.0149612
0.0244416
-0.0478164
0.0242651
-0.078569
0.0243664
-0.0209206
0.0255579
0.00464492
0.0203338
0.00938044
-0.00150447
0.00976332
-0.0776476
0.00941198
-0.0768635
0.0116318
0.00296856
0.0138354
0.0804647
0.0180836
0.0703158
0.0218601
0.00240378
0.0223697
-0.0584067
0.0213978
-0.084497
0.0215137
-0.0532519
0.0221458
0.00722995
0.0223716
0.0613456
0.0230604
0.0811561
0.024227
0.0333419
0.0248515
-0.0155856
0.0246898
-0.0476548
0.024319
-0.0781982
0.0242782
-0.0208798
0.0256189
0.00697022
0.0133636
0.0119096
-0.00644388
0.0115185
-0.0772565
0.00988314
-0.0752281
0.0112607
0.00159099
0.0138947
0.0778307
0.0187199
0.0654907
0.0226029
-0.00147924
0.0230347
-0.0588385
0.0217656
-0.0832279
0.0214518
-0.0529382
0.0218476
0.00683411
0.0221588
0.0610344
0.0231121
0.0802028
0.0244755
0.0319786
0.0251576
-0.0162677
0.0249507
-0.0474479
0.0243866
-0.0776341
0.0242105
-0.0207036
0.0256912
0.0444867
0.00626883
-0.0373919
0.0591801
-0.0211373
0.0526693
-0.0707457
0.0388602
-0.061419
0.0375295
0.00292175
0.0490599
0.0663002
0.068186
0.0463645
0.0809693
-0.0142625
0.0819036
-0.0597728
0.0759502
-0.0772745
0.0718242
-0.0488121
0.0711632
0.00749509
0.0730558
0.0591417
0.0781045
0.0751542
0.0837569
0.0263261
0.0865618
-0.0190726
0.0855668
-0.046453
0.082335
-0.0744023
0.0807721
-0.0191407
0.026039
0.0923838
0.0177359
-0.103851
0.0921773
-0.0209308
0.0794087
-0.0579772
0.0582805
-0.0402908
0.0496154
0.0115869
0.0610949
0.0548207
0.0791648
0.0282946
0.0895733
-0.024671
0.0892007
-0.0594002
0.0811448
-0.0692186
0.0732198
-0.0408871
0.0702053
0.0105096
0.0729911
0.0563559
0.0802646
0.0678807
0.0872039
0.0193868
0.090368
-0.0222367
0.0887679
-0.0448528
0.0839199
-0.0695543
0.0809514
-0.0161722
0.0264988
0.114274
0.0238337
-0.120371
0.108723
-0.01538
0.0956109
-0.0448654
0.0777121
-0.0223919
0.0686734
0.0206255
0.0782658
0.0452283
0.0918127
0.0147476
0.0976914
-0.0305496
0.09526
-0.0569688
0.0862515
-0.0602101
0.0762504
-0.030886
0.0717214
0.0150386
0.0751702
0.0529071
0.0838777
0.0591732
0.0912419
0.0120226
0.0941625
-0.0251574
0.0920294
-0.0427197
0.0859303
-0.0634552
0.0818524
-0.0120944
0.0270202
0.120677
0.0248038
-0.121647
0.114608
-0.0093116
0.103252
-0.0335093
0.0915839
-0.0107235
0.0870441
0.0251653
0.0952342
0.0370382
0.103464
0.00651805
0.104426
-0.0315119
0.0997533
-0.052296
0.0907072
-0.0511641
0.0805118
-0.0206905
0.0757231
0.0198273
0.0797614
0.0488688
0.0889596
0.049975
0.0957729
0.00520936
0.0978073
-0.0271918
0.0951201
-0.0400325
0.0882157
-0.0565508
0.083408
-0.00728671
0.0275119
0.120376
0.0236722
-0.119244
0.115325
-0.00426067
0.105956
-0.024141
0.0993944
-0.00416167
0.0998191
0.0247407
0.10722
0.0296375
0.11139
0.0023477
0.108787
-0.0289084
0.102518
-0.0460277
0.094113
-0.0427588
0.0852924
-0.0118699
0.0815933
0.0235264
0.0862707
0.0441913
0.0950612
0.0411846
0.100468
-0.000197539
0.101107
-0.0278305
0.0978183
-0.0367441
0.0905605
-0.0492929
0.085507
-0.00223323
0.0278432
0.118338
0.02189
-0.116556
0.11455
-0.000472978
0.10684
-0.0164305
0.103317
-0.000638753
0.106608
0.0214498
0.113144
0.0231015
0.114971
0.000520403
0.110759
-0.0246962
0.103871
-0.0391399
0.09643
-0.035318
0.089836
-0.00527587
0.0881711
0.0251913
0.0934954
0.038867
0.101221
0.033459
0.104742
-0.00371845
0.103808
-0.0268971
0.0999488
-0.0328844
0.0927494
-0.0420935
0.0879892
0.002527
0.0278455
0.116119
0.0200564
-0.114285
0.113318
0.00232812
0.107143
-0.0102556
0.10518
0.00132379
0.109272
0.0173583
0.114676
0.0176977
0.115426
-0.000229955
0.111075
-0.0203451
0.104345
-0.0324099
0.0979
-0.0288729
0.0936355
-0.00101142
0.0941893
0.0246376
0.0999439
0.0331124
0.10632
0.0270832
0.107981
-0.0053794
0.105705
-0.0246219
0.101431
-0.0286095
0.0946133
-0.0352762
0.090655
0.00648536
0.0273514
0.114042
0.0183853
-0.112371
0.112014
0.00435597
0.107248
-0.00548907
0.106071
0.0025002
0.109775
0.0136548
0.113975
0.0134971
0.114316
-0.000570586
0.110505
-0.0165344
0.104394
-0.0262982
0.0988701
-0.0233494
0.0965308
0.00132794
0.098789
0.0223794
0.104549
0.0273528
0.109618
0.0220137
0.109861
-0.00562216
0.106748
-0.0215088
0.102306
-0.0241676
0.0960834
-0.0290538
0.093274
0.00929474
0.0262507
0.1122
0.0169207
-0.110735
0.110748
0.00580796
0.1072
-0.00194119
0.106439
0.00326034
0.109363
0.0107314
0.112498
0.0103616
0.112673
-0.000745141
0.109556
-0.0134174
0.104278
-0.02102
0.0996078
-0.0186796
0.0986067
0.00232903
0.101747
0.0192388
0.107058
0.0220423
0.11105
0.0180213
0.110462
-0.00503372
0.107058
-0.0181051
0.102714
-0.0198236
0.0971911
-0.0235309
0.0956348
0.010851
0.0245468
0.110578
0.0156598
-0.109318
0.109559
0.00682724
0.106988
0.000630036
0.10647
0.00377835
0.108629
0.00857274
0.110921
0.00806913
0.110999
-0.000823381
0.108498
-0.0109162
0.104107
-0.0166289
0.100242
-0.0148139
0.10003
0.00254099
0.103322
0.0159468
0.10788
0.017484
0.111059
0.0148417
0.110133
-0.00410776
0.106852
-0.0148238
0.102827
-0.0157989
0.0980313
-0.0187348
0.0975891
0.0112932
0.0223691
0.109153
0.0145813
-0.108074
0.108459
0.00752104
0.106627
0.00246162
0.10626
0.00414609
0.107804
0.00702796
0.109472
0.00640199
0.109472
-0.000823854
0.10746
-0.00890381
0.103911
-0.01308
0.100784
-0.0116868
0.100963
0.00236115
0.103954
0.012956
0.107662
0.0137764
0.110236
0.0122676
0.109273
-0.00314517
0.106344
-0.0118942
0.10279
-0.012245
0.098705
-0.01465
0.0990787
0.0109195
0.0199321
0.107893
0.0136605
-0.106973
0.107441
0.00797322
0.10615
0.00375243
0.105881
0.00441497
0.106972
0.00593759
0.108186
0.00518739
0.108124
-0.00076124
0.106493
-0.00727286
0.103688
-0.0102747
0.101207
-0.00920637
0.101538
0.00203037
0.104045
0.0104493
0.106953
0.0108685
0.109055
0.0101656
0.108191
-0.00228082
0.105696
-0.00939925
0.10269
-0.00923896
0.0992793
-0.0112398
0.100128
0.010071
0.0174666
0.106772
0.012876
-0.105988
0.106496
0.00824979
0.105593
0.00465479
0.105394
0.00461393
0.106159
0.00517246
0.107046
0.00430061
0.106939
-0.000654253
0.105614
-0.00594732
0.103434
-0.0080948
0.101496
-0.00726841
0.101852
0.00167441
0.103861
0.00843966
0.106092
0.0086378
0.107803
0.00845446
0.107076
-0.00155339
0.105013
-0.00733707
0.102567
-0.00679226
0.0997799
-0.00845301
0.100812
0.00903841
0.01516
0.105764
0.0122115
-0.105099
0.105612
0.00840216
0.104987
0.0052795
0.104841
0.00475943
0.105377
0.00463724
0.106023
0.00365417
0.105892
-0.000523057
0.10482
-0.00487518
0.10315
-0.0064251
0.101655
-0.00577361
0.10198
0.00134938
0.103554
0.00686629
0.105242
0.00694971
0.106617
0.00707874
0.106025
-0.000961464
0.104358
-0.00567007
0.102434
-0.00486824
0.100208
-0.00622652
0.101226
0.00802012
0.0131297
0.104847
0.0116549
-0.10429
0.10478
0.00846945
0.104354
0.00570493
0.104253
0.00486118
0.104626
0.00426383
0.105095
0.00318564
0.104958
-0.000386583
0.104103
-0.00402017
0.102845
-0.00516681
0.101709
-0.00463772
0.101984
0.00107464
0.103198
0.00565171
0.104462
0.00568557
0.10555
0.00599159
0.105082
-0.000494294
0.103765
-0.0043523
0.102299
-0.0034026
0.100561
-0.00448868
0.101456
0.00712508
0.0114275
0.104004
0.0111969
-0.103546
0.103993
0.0084805
0.103713
0.00598533
0.103649
0.00492482
0.10391
0.00400325
0.104247
0.00284817
0.104123
-0.00026242
0.10346
-0.00335698
0.102535
-0.00424204
0.101691
-0.00379341
0.101912
0.000852857
0.102838
0.00472661
0.103772
0.00475068
0.104616
0.00514794
0.104265
-0.000143268
0.103253
-0.00333993
0.102171
-0.00232107
0.100846
-0.00316384
0.101572
0.00639931
0.0100596
0.103221
0.0108298
-0.102854
0.103247
0.00845486
0.103076
0.00615618
0.103049
0.00495206
0.103233
0.00381861
0.103479
0.00260251
0.103385
-0.000168252
0.102897
-0.00286904
0.102247
-0.0035922
0.10164
-0.00318638
0.101812
0.000681478
0.102502
0.00403598
0.103181
0.00407219
0.103827
0.00450157
0.103586
9.75817e-05
0.102838
-0.00259185
0.102068
-0.00155067
0.10108
-0.00217593
0.101625
0.00585399
0.00900592
0.102494
0.0105437
-0.102208
0.102547
0.00840212
0.102467
0.00623582
0.10248
0.00493909
0.10262
0.00367867
0.10281
0.00241224
0.102765
-0.000123315
0.10244
-0.0025439
0.102019
-0.00317038
0.1016
-0.00276757
0.101722
0.000559392
0.10222
0.00353732
0.1027
0.00359301
0.103198
0.00400339
0.103059
0.000236113
0.102533
-0.00206591
0.102004
-0.00102169
0.101279
-0.00145023
0.101649
0.00548401
0.00823118
0.101843
0.0103205
-0.10162
0.101931
0.00831507
0.10194
0.00622664
0.102003
0.0048759
0.102125
0.0035562
0.102294
0.00224323
0.102313
-0.00014151
0.102129
-0.00236077
0.101886
-0.00292655
0.101603
-0.00248467
0.101673
0.000488679
0.102019
0.00319173
0.102348
0.00326363
0.102743
0.00360852
0.102699
0.000280277
0.102348
-0.00171446
0.101992
-0.000666091
0.101443
-0.000901102
0.101662
0.0052648
0.00769195
0.101379
-0.101181
0.101509
0.101604
0.101719
0.101846
0.102009
0.102083
0.101993
0.10185
0.101646
0.101668
0.101915
0.102157
0.102489
0.10251
0.102251
0.101992
0.101586
0.101679
0.0932098
0.0127836
-0.105993
0.0821174
0.0110925
0.072478
0.00963932
0.0641496
0.00832843
0.0570737
0.00707595
0.0511755
0.00589815
0.0463603
0.00481524
0.0425305
0.00382973
0.0395791
0.00295141
0.00218722
0.110709
0.0103268
-0.108252
0.112233
0.00956894
0.112948
0.00892364
0.112976
0.00830121
0.112394
0.00765774
0.111304
0.00698793
0.10981
0.00630894
0.108006
0.00563389
0.105972
0.00498519
0.00430877
0.11448
0.00771372
-0.111867
0.116428
0.00762139
0.117956
0.00739574
0.119136
0.00712036
0.119999
0.00679555
0.120563
0.00642362
0.120857
0.00601493
0.12091
0.00558124
0.120757
0.00513803
0.00469422
0.112017
0.00609963
-0.110403
0.113615
0.00602325
0.115103
0.00590802
0.116477
0.00574685
0.117721
0.00555121
0.118819
0.0053258
0.119759
0.00507442
0.120538
0.00480274
0.121161
0.00451438
0.00420874
0.111182
0.00487723
-0.109959
0.112366
0.00483874
0.113503
0.00477134
0.114576
0.00467374
0.115576
0.00455182
0.116493
0.00440829
0.117323
0.00424487
0.118061
0.00406482
0.118706
0.00386862
0.00367109
0.110355
0.00403284
-0.10951
0.111187
0.0040069
0.111998
0.00395963
0.112779
0.00389268
0.113524
0.00380746
0.114226
0.00370551
0.114883
0.00358817
0.11549
0.00345752
0.116046
0.00331359
0.00316105
0.109459
0.00341027
-0.108837
0.110081
0.00338559
0.110693
0.00334763
0.111289
0.00329611
0.111865
0.00323176
0.112415
0.00315539
0.112935
0.00306779
0.113423
0.00297025
0.113874
0.0028626
0.00274926
0.108585
0.00292706
-0.108102
0.109066
0.00290517
0.109539
0.00287412
0.110002
0.00283354
0.11045
0.00278379
0.11088
0.00272529
0.111289
0.00265842
0.111676
0.00258396
0.112036
0.00250174
0.00241458
0.107736
0.00254716
-0.107356
0.108112
0.00252845
0.108484
0.00250296
0.108847
0.00247048
0.109199
0.0024312
0.109539
0.00238536
0.109864
0.0023332
0.110173
0.00227521
0.110464
0.0022113
0.00214327
0.106917
0.00224478
-0.106615
0.107217
0.00222892
0.107512
0.00220791
0.107801
0.00218163
0.108082
0.0021502
0.108353
0.00211378
0.108614
0.00207254
0.108862
0.0020268
0.109097
0.00197655
0.00192285
0.106139
0.00200155
-0.105895
0.106379
0.00198825
0.106616
0.00197099
0.106848
0.00194966
0.107074
0.00192436
0.107293
0.0018952
0.107503
0.0018623
0.107704
0.00182587
0.107894
0.00178596
0.0017431
0.105404
0.00180475
-0.105208
0.105599
0.00179376
0.10579
0.00177964
0.105978
0.00176233
0.10616
0.00174188
0.106337
0.00171839
0.106507
0.00169195
0.10667
0.0016627
0.106826
0.00163073
0.00159622
0.104715
0.00164529
-0.104556
0.104873
0.0016363
0.105028
0.0016248
0.105179
0.00161074
0.105327
0.00159416
0.10547
0.00157513
0.105608
0.00155372
0.105741
0.00153005
0.105868
0.00150422
0.00147618
0.10407
0.00151647
-0.103941
0.104197
0.00150917
0.104322
0.00149983
0.104444
0.00148837
0.104564
0.00147485
0.104679
0.00145932
0.104791
0.00144185
0.104899
0.0014225
0.105002
0.0014014
0.0013784
0.103464
0.00141333
-0.103361
0.103566
0.00140742
0.103666
0.0013998
0.103764
0.00139041
0.103859
0.00137928
0.103952
0.00136647
0.104042
0.00135203
0.104129
0.00133601
0.104211
0.00131852
0.00129939
0.102894
0.00133223
-0.102813
0.102974
0.00132739
0.103052
0.00132109
0.10313
0.00131327
0.103205
0.00130396
0.103278
0.00129321
0.103349
0.00128105
0.103418
0.00126754
0.103483
0.00125276
0.00123657
0.102354
0.00127037
-0.102292
0.102415
0.00126635
0.102475
0.00126102
0.102534
0.00125434
0.102591
0.00124635
0.102647
0.00123707
0.102702
0.00122655
0.102755
0.00121483
0.102805
0.00120198
0.00118785
0.10184
0.00122504
-0.101795
0.101885
0.00122175
0.101929
0.00121707
0.101972
0.00121119
0.102014
0.0012041
0.102055
0.00119583
0.102096
0.00118642
0.102134
0.00117591
0.102172
0.00116438
0.00115187
0.101362
0.0011957
-0.101333
0.101393
0.00119152
0.101423
0.0011872
0.101452
0.00118158
0.101481
0.00117483
0.10151
0.001167
0.101539
0.00115811
0.101566
0.00114817
0.101593
0.00113722
0.00112497
0.101003
-0.100981
0.101022
0.101042
0.101062
0.101083
0.101103
0.101123
0.101143
0.101162
0.100465
7.77136e-05
-4.29182e-05
0.100359
0.000235983
-0.000130269
0.100182
0.00040289
-0.000225084
0.0999277
0.000584747
-0.00033076
0.0995916
0.000787904
-0.000451833
0.0991641
0.00102002
-0.000592452
0.0986347
0.00129015
-0.000760837
0.0979866
0.00161319
-0.000965056
0.0972035
0.00200156
-0.00121844
0.0962549
0.00249019
-0.00154163
0.0951198
0.00308912
-0.00195399
0.0937455
0.0038961
-0.00252179
0.0921269
0.0048772
-0.0032586
0.0901904
0.00634497
-0.0044085
0.0880934
0.00799719
-0.00590022
0.0859081
0.010905
-0.00871969
0.0849189
0.013294
-0.0123048
0.0858931
0.019824
-0.0207982
0.0959637
0.0219097
-0.0319803
0.0392122
-0.0492419
0.10047
0.000108053
0.100378
0.000327151
0.100226
0.000555778
0.100009
0.00080171
0.0997245
0.00107202
0.099368
0.00137652
0.0989343
0.00172386
0.0984155
0.00213204
0.097807
0.00261
0.0970996
0.0031976
0.0962975
0.00389122
0.0953987
0.00479491
0.0944452
0.00583067
0.0934833
0.00730694
0.0926761
0.00880435
0.0922539
0.0113272
0.0923947
0.0131531
0.0940802
0.0181385
0.0966511
0.0193388
0.0276108
0.100475
0.000132744
0.100401
0.000400996
0.100278
0.000678795
0.100106
0.000974474
0.0998826
0.00129513
0.0996082
0.00165088
0.0992826
0.00204946
0.0989064
0.00250821
0.0984836
0.00303284
0.0980218
0.00365941
0.0975364
0.00437656
0.0970585
0.0052729
0.0966287
0.00626044
0.096349
0.00758664
0.0962751
0.00887826
0.096713
0.0108894
0.0975136
0.0123525
0.100331
0.0153215
0.103406
0.0162632
0.01915
0.100481
0.000151371
0.100426
0.000456466
0.100334
0.000770369
0.100208
0.00110119
0.100047
0.00145554
0.0998555
0.00184257
0.0996361
0.00226884
0.0993956
0.0027487
0.0991426
0.00328584
0.0988947
0.00390741
0.0986694
0.00460179
0.0985128
0.00542949
0.098451
0.00632231
0.0986071
0.0074305
0.0989677
0.00851764
0.0998917
0.00996539
0.101129
0.0111157
0.103662
0.0127885
0.10621
0.0137143
0.0149574
0.100487
0.000164107
0.10045
0.00049417
0.100388
0.000831788
0.100305
0.00118428
0.100203
0.00155743
0.100087
0.00195876
0.0999622
0.0023936
0.0998385
0.00287241
0.0997265
0.00339783
0.099647
0.00398695
0.0996172
0.00463156
0.0996829
0.00536376
0.0998625
0.00614278
0.100255
0.00703827
0.100842
0.00793027
0.101847
0.00896005
0.103101
0.00986251
0.105024
0.0108652
0.107166
0.0115722
0.0121639
0.100493
0.000171538
0.100471
0.000515931
0.100436
0.000866355
0.100392
0.00122901
0.10034
0.00160868
0.100288
0.00201106
0.100241
0.00244028
0.100211
0.00290311
0.100207
0.00340144
0.10025
0.00394412
0.100355
0.00452596
0.100559
0.00516054
0.100875
0.00582645
0.101367
0.00654577
0.102034
0.00726382
0.10298
0.00801408
0.104148
0.00869443
0.105676
0.00933767
0.107439
0.00980858
0.0100927
0.100497
0.000174497
0.100489
0.000524289
0.100477
0.000878518
0.100463
0.00124215
0.100453
0.0016189
0.100451
0.0020128
0.100465
0.00242679
0.100503
0.00286477
0.100577
0.00332776
0.100702
0.00381937
0.100891
0.00433645
0.10117
0.00488209
0.101552
0.00544425
0.102073
0.00602436
0.102742
0.00659552
0.103601
0.00715502
0.104638
0.00765747
0.105884
0.00809083
0.107296
0.00839669
0.00855227
0.100501
0.000173911
0.100503
0.000522052
0.100508
0.000873117
0.10052
0.00123086
0.10054
0.00159797
0.100576
0.0019771
0.100633
0.00237009
0.100719
0.00277885
0.100843
0.00320367
0.101017
0.00364529
0.101252
0.00410094
0.101566
0.004569
0.101968
0.00504131
0.10248
0.00551246
0.103109
0.00596646
0.103872
0.00639241
0.104764
0.00676547
0.105786
0.00706916
0.10691
0.00727258
0.00735999
0.100503
0.000170697
0.100513
0.000511981
0.100532
0.000854855
0.10056
0.00120196
0.100603
0.00155508
0.100665
0.00191575
0.10075
0.00228493
0.100865
0.00266331
0.101019
0.0030505
0.101218
0.00344566
0.101473
0.00384597
0.101794
0.00424813
0.10219
0.00464571
0.10267
0.00503201
0.103241
0.00539591
0.103906
0.00572674
0.104663
0.0060086
0.105504
0.00622826
0.10641
0.00636689
0.0064139
0.100505
0.000165691
0.10052
0.000496584
0.100547
0.000827962
0.100588
0.00116148
0.100645
0.00149815
0.100722
0.0018387
0.100823
0.00218344
0.100954
0.00253222
0.101121
0.00288412
0.101329
0.00323757
0.101585
0.00358974
0.101896
0.00393698
0.102268
0.00427391
0.102706
0.00459435
0.103212
0.00488995
0.103786
0.00515208
0.104425
0.00536976
0.10512
0.00553336
0.105856
0.00563075
0.00565509
0.100506
0.000159613
0.100525
0.000478011
0.100557
0.000796037
0.100604
0.00111448
0.100668
0.00143375
0.100753
0.00175399
0.100861
0.00207499
0.100997
0.00239609
0.101165
0.00271607
0.10137
0.00303305
0.101615
0.00334431
0.101906
0.00364637
0.102245
0.00393471
0.102635
0.00420409
0.103077
0.00444814
0.103569
0.0046602
0.104106
0.00483251
0.104681
0.00495827
0.105283
0.00502958
0.00504216
0.100507
0.000153056
0.100527
0.000458036
0.100561
0.000762014
0.10061
0.00106504
0.100677
0.00136705
0.100763
0.00166777
0.100871
0.00196662
0.101005
0.00226267
0.101166
0.0025545
0.101359
0.00284021
0.101586
0.00311726
0.10185
0.00338253
0.102152
0.00363224
0.102494
0.0038621
0.102875
0.00406723
0.103293
0.00424261
0.103743
0.00438272
0.104218
0.00448278
0.10471
0.00453764
0.0045447
0.100507
0.000146485
0.100527
0.000438092
0.10056
0.000728205
0.100609
0.00101631
0.100674
0.00130198
0.100757
0.00158465
0.10086
0.0018635
0.100986
0.00213743
0.101135
0.00240499
0.101311
0.00266433
0.101515
0.00291314
0.101749
0.00314871
0.102013
0.00336788
0.102308
0.00356722
0.102632
0.00374297
0.102984
0.00389136
0.103358
0.0040085
0.10375
0.004091
0.104152
0.00413552
0.00414054
0.100506
0.000140264
0.100525
0.000419258
0.100557
0.000696354
0.100603
0.000970643
0.100663
0.00124145
0.10074
0.00150799
0.100834
0.00176929
0.100947
0.00202419
0.101081
0.00227123
0.101237
0.0025087
0.101415
0.0027345
0.101618
0.00294631
0.101844
0.00314151
0.102094
0.00331734
0.102366
0.00347091
0.102658
0.00359941
0.102966
0.00370005
0.103287
0.00377049
0.103614
0.00380855
0.00381341
0.100506
0.00013466
0.100523
0.00040231
0.100551
0.00066774
0.100592
0.000929779
0.100646
0.00118757
0.100714
0.00144017
0.100796
0.00168654
0.100895
0.00192547
0.101011
0.00215557
0.101144
0.00237522
0.101296
0.00258258
0.101467
0.00277563
0.101656
0.00295218
0.101864
0.00311001
0.102088
0.0032469
0.102326
0.00336071
0.102577
0.00344947
0.102836
0.00351156
0.103099
0.00354558
0.0035512
0.100505
0.000129861
0.100519
0.000387808
0.100544
0.000643286
0.100579
0.000894954
0.100624
0.00114182
0.100682
0.00138285
0.100751
0.00161696
0.100834
0.00184293
0.10093
0.00205942
0.10104
0.00226495
0.101165
0.00245784
0.101304
0.00263634
0.101458
0.00279862
0.101625
0.00294285
0.101805
0.00306728
0.101995
0.00317031
0.102194
0.00325051
0.102399
0.00330673
0.102606
0.00333814
0.00334479
0.100504
0.000125999
0.100516
0.000376144
0.100535
0.000623639
0.100563
0.000867029
0.1006
0.00110523
0.100645
0.00133715
0.100701
0.00156167
0.100766
0.00177759
0.100842
0.00198362
0.100928
0.00217835
0.101026
0.0023603
0.101134
0.00252788
0.101254
0.00267951
0.101383
0.00281367
0.101521
0.00292897
0.101667
0.00302417
0.101819
0.00309823
0.101976
0.00315038
0.102134
0.00317999
0.003187
0.100503
0.000123161
0.100511
0.00036758
0.100526
0.000609234
0.100546
0.000846582
0.100573
0.00107848
0.100606
0.00130379
0.100647
0.00152137
0.100694
0.00173003
0.100749
0.00192853
0.100812
0.00211555
0.100883
0.00228966
0.100961
0.00244945
0.101047
0.00259351
0.10114
0.00272052
0.10124
0.00282932
0.101345
0.00291889
0.101455
0.00298851
0.101568
0.0030377
0.101681
0.00306625
0.0030735
0.100502
0.000121406
0.100507
0.000362275
0.100516
0.000600322
0.100529
0.000833914
0.100545
0.00106186
0.100566
0.001283
0.100591
0.00149618
0.100621
0.0017002
0.100656
0.00189386
0.100695
0.00207586
0.10074
0.00224486
0.10079
0.00239952
0.100845
0.00253854
0.100905
0.00266073
0.100969
0.00276506
0.101037
0.00285065
0.101109
0.00291684
0.101184
0.0029631
0.10126
0.00298964
0.00300074
0.100501
0.100503
0.100506
0.100512
0.100519
0.100529
0.100541
0.100556
0.100573
0.100594
0.100618
0.100645
0.100675
0.100709
0.100746
0.100786
0.100829
0.100875
0.100922
0.0299887
-6.14917e-05
0.0299551
-0.000181154
0.0298982
-0.000302173
0.0298165
-0.00042719
0.0297076
-0.000560025
0.0295683
-0.000704127
0.029394
-0.000866365
0.029179
-0.00105316
0.0289146
-0.00127586
0.0285906
-0.00155071
0.0281902
-0.00189499
0.0276947
-0.00236119
0.0270706
-0.00296522
0.0262813
-0.00390109
0.0252612
-0.00513128
0.0239112
-0.0074244
0.0221259
-0.0104396
0.0191904
-0.0172281
0.0141796
-0.0262389
-0.0380858
0.0299885
-4.99762e-05
0.0299543
-0.000146939
0.0298963
-0.000244168
0.0298129
-0.000343787
0.0297015
-0.000448679
0.029559
-0.00056159
0.0293802
-0.000687576
0.029159
-0.00083196
0.0288859
-0.00100275
0.0285491
-0.00121394
0.0281304
-0.00147633
0.0276055
-0.00183626
0.026938
-0.0022977
0.0260689
-0.00303199
0.0249245
-0.00398688
0.0233167
-0.00581663
0.0210852
-0.0082081
0.017352
-0.0134949
0.0114321
-0.0203189
-0.0266537
0.0299884
-3.83568e-05
0.0299537
-0.000112222
0.0298948
-0.000185325
0.0298102
-0.000259135
0.0296971
-0.000335599
0.0295521
-0.000416604
0.02937
-0.000505505
0.0291441
-0.000605999
0.0288646
-0.000723263
0.0285179
-0.000867205
0.0280857
-0.00104418
0.0275372
-0.00128771
0.0268365
-0.00159705
0.025902
-0.00209752
0.0246593
-0.00274412
0.0228495
-0.00400691
0.0203004
-0.005659
0.0160692
-0.00926362
0.00957547
-0.0138252
-0.0170782
0.0299883
-2.66607e-05
0.0299533
-7.71811e-05
0.0298939
-0.000125935
0.0298084
-0.000173675
0.0296942
-0.000221399
0.0295476
-0.000270033
0.0293635
-0.000321317
0.0291344
-0.00037694
0.0288508
-0.000439641
0.0284975
-0.000513891
0.0280564
-0.000603107
0.0274919
-0.000723241
0.0267686
-0.000873752
0.0257894
-0.00111831
0.0244772
-0.00143188
0.0225335
-0.00206329
0.0197663
-0.00289179
0.0152454
-0.00474273
0.00849237
-0.00707217
-0.00858585
0.0299883
-1.49248e-05
0.0299531
-4.19883e-05
0.0298934
-6.62975e-05
0.0298076
-8.7857e-05
0.0296929
-0.000106711
0.0295457
-0.000122771
0.0293606
-0.000136212
0.0291301
-0.000146514
0.0288447
-0.000154205
0.0284884
-0.000157587
0.0280433
-0.000158016
0.0274713
-0.00015124
0.0267373
-0.000139739
0.0257359
-0.000116916
0.0243884
-8.4391e-05
0.0223764
-5.13184e-05
0.0194938
-9.1822e-06
0.0148325
-8.14013e-05
0.00797799
-0.000217663
-0.000607856
0.0299883
-3.19023e-06
0.0299531
-6.81626e-06
0.0298935
-6.71359e-06
0.0298078
-2.13655e-06
0.0296933
7.82777e-06
0.0295462
2.42711e-05
0.0293614
4.85939e-05
0.0291314
8.35026e-05
0.0288465
0.00013068
0.0284909
0.000197984
0.0280469
0.00028603
0.0274761
0.000419496
0.0267441
0.00059233
0.0257441
0.000883045
0.0243984
0.00126133
0.0223828
0.00196423
0.0194906
0.00288302
0.0148067
0.00460252
0.00792284
0.00666621
0.00731499
0.0299883
8.503e-06
0.0299533
2.81624e-05
0.0298941
5.25153e-05
0.0298089
8.30327e-05
0.0296952
0.000121579
0.0295493
0.000170186
0.029366
0.000231886
0.0291381
0.000311337
0.0288562
0.000412658
0.028505
0.00054911
0.0280671
0.000723991
0.0275064
0.00098015
0.026789
0.00130975
0.0258143
0.00185774
0.024508
0.00256763
0.0225542
0.00391807
0.0197598
0.00567735
0.0151675
0.00919488
0.00831581
0.0135179
0.0156308
0.0299884
2.01203e-05
0.0299538
6.27758e-05
0.0298952
0.000111091
0.029811
0.000167198
0.0296987
0.000233913
0.0295548
0.000314084
0.0293742
0.000412473
0.0291503
0.000535267
0.0288735
0.000689432
0.0285304
0.000892213
0.0281034
0.00115101
0.0275613
0.00152226
0.0268706
0.00200046
0.0259444
0.00278392
0.0247137
0.00379833
0.0228882
0.00574351
0.0203011
0.00826447
0.0159375
0.0135585
0.00923366
0.0202217
0.0248645
0.0299885
3.16383e-05
0.0299544
9.6845e-05
0.0298968
0.000168718
0.0298141
0.00024992
0.0297038
0.000344218
0.0295627
0.000455105
0.029386
0.000589204
0.0291676
0.00075365
0.0288982
0.00095882
0.0285665
0.00122394
0.0281549
0.00156264
0.0276391
0.00203801
0.0269858
0.00265381
0.0261303
0.00363943
0.0250079
0.0049207
0.0233838
0.00736764
0.0211165
0.0105317
0.0171654
0.0175097
0.0108946
0.0264924
0.0357591
0.0299887
0.0299553
0.0298989
0.0298181
0.0297105
0.0295731
0.0294015
0.0291901
0.0289305
0.0286128
0.0282214
0.0277376
0.0271329
0.0263638
0.0253843
0.0240322
0.0222592
0.0189707
0.0134829
)
;

boundaryField
{
    inlet
    {
        type            calculated;
        value           nonuniform List<scalar> 
50
(
-0.075
-0.075
-0.075
-0.075
-0.075
-0.075
-0.075
-0.075
-0.075
-0.075
-0.075
-0.075
-0.075
-0.075
-0.075
-0.075
-0.075
-0.075
-0.075
-0.075
-0.03
-0.03
-0.03
-0.03
-0.03
-0.03
-0.03
-0.03
-0.03
-0.03
-0.1005
-0.1005
-0.1005
-0.1005
-0.1005
-0.1005
-0.1005
-0.1005
-0.1005
-0.1005
-0.1005
-0.1005
-0.1005
-0.1005
-0.1005
-0.1005
-0.1005
-0.1005
-0.1005
-0.1005
)
;
    }
    outlet
    {
        type            calculated;
        value           nonuniform List<scalar> 
150
(
0.0776657
0.0776849
0.0777598
0.0778851
0.0780442
0.07821
0.0783422
0.0783875
0.0782835
0.0779677
0.0773896
0.0765242
0.0753805
0.0740007
0.0724507
0.070805
0.0691327
0.0674905
0.0659226
0.0644619
0.025412
0.0252162
0.0250305
0.0248576
0.0246984
0.0245539
0.0244249
0.0243124
0.0242172
0.0241382
0.0804243
0.0804915
0.081331
0.0829163
0.0851756
0.0879869
0.0911491
0.0943748
0.0973386
0.0997669
0.101516
0.102593
0.103119
0.103257
0.103158
0.10294
0.102679
0.102423
0.102201
0.102042
0.000120755
0.000360187
0.000596651
0.000828462
0.00105442
0.00127336
0.00148411
0.0016855
0.00187631
0.00205528
0.0022211
0.00237245
0.00250809
0.00262689
0.0027279
0.00281037
0.00287381
0.00291796
0.00294227
0.00294154
0.00117417
0.00117197
0.00116717
0.00116147
0.00115471
0.00114689
0.00113807
0.00112829
0.00111763
0.00110645
0.0101226
0.0081843
0.00613151
0.00476108
0.00342995
0.0020795
-0.000214914
-0.00227102
-0.00278386
-0.00228053
0.000466859
0.00294445
0.00302156
0.00327705
0.000259265
-0.00145538
-0.000407303
-0.000495069
0.00517213
0.00732802
0.000198395
0.000597182
0.000996841
0.00139562
0.00179192
0.00218393
0.0025695
0.00294613
0.00331091
0.0036605
0.00399115
0.00429879
0.00457904
0.00482752
0.00503979
0.0052118
0.00533978
0.00542096
0.00545246
0.00542454
0.00215136
0.00213863
0.00212015
0.00209898
0.00207477
0.00204751
0.00201728
0.00198436
0.00194807
0.00191322
0.0158317
0.0108396
0.00515275
-0.00147839
-0.006911
-0.009044
-0.00503486
-0.000398077
0.00102238
-0.000172803
-0.00737588
-0.0121322
-0.0120848
-0.00986153
0.00164796
0.00710507
0.00631979
0.00743776
-0.00601523
-0.00912779
)
;
    }
    upAndBottom
    {
        type            empty;
        value           nonuniform 0();
    }
    obstacle
    {
        type            calculated;
        value           uniform 0;
    }
}


// ************************************************************************* //
