/*--------------------------------*- C++ -*----------------------------------*\
| =========                 |                                                 |
| \\      /  F ield         | OpenFOAM: The Open Source CFD Toolbox           |
|  \\    /   O peration     | Version:  v1806                                 |
|   \\  /    A nd           | Web:      www.OpenFOAM.com                      |
|    \\/     M anipulation  |                                                 |
\*---------------------------------------------------------------------------*/
FoamFile
{
    version     2.0;
    format      ascii;
    class       surfaceScalarField;
    location    "50";
    object      phi;
}
// * * * * * * * * * * * * * * * * * * * * * * * * * * * * * * * * * * * * * //

dimensions      [0 3 -1 0 0 0 0];
oriented        oriented;


internalField   nonuniform List<scalar> 
4680
(
0.0750001
-0.000316532
0.0750005
-0.000953437
0.0750012
-0.00159405
0.0750024
-0.00223812
0.0750043
-0.00288536
0.0750073
-0.00353522
0.0750116
-0.00418687
0.0750178
-0.00483912
0.0750263
-0.0054904
0.0750377
-0.00613877
0.0750526
-0.00678186
0.0750718
-0.00741696
0.0750958
-0.00804107
0.0751252
-0.00865099
0.0751606
-0.00924354
0.0752021
-0.00981554
0.0752499
-0.0103645
0.0753033
-0.010888
0.0753613
-0.011385
-0.0118586
0.0754337
0.0750003
-0.000316806
0.0750011
-0.000954269
0.0750026
-0.00159555
0.0750051
-0.00224059
0.0750089
-0.00288921
0.0750147
-0.00354101
0.0750231
-0.00419525
0.0750348
-0.00485086
0.0750508
-0.00550636
0.0750719
-0.00615987
0.0750991
-0.00680904
0.0751332
-0.00745113
0.0751752
-0.00808302
0.0752256
-0.00870136
0.0752847
-0.00930265
0.0753526
-0.00988343
0.0754288
-0.0104407
0.0755127
-0.0109718
0.0756032
-0.0114756
-0.011951
0.0756957
0.0750004
-0.000317183
0.0750015
-0.000955402
0.0750036
-0.00159763
0.075007
-0.00224405
0.0750125
-0.00289471
0.0750209
-0.00354939
0.0750332
-0.00420753
0.0750505
-0.0048682
0.0750742
-0.00553005
0.0751056
-0.00619124
0.075146
-0.00684944
0.0751967
-0.00750181
0.0752587
-0.00814502
0.0753327
-0.0087754
0.0754191
-0.00938899
0.0755174
-0.0099818
0.0756268
-0.0105501
0.0757455
-0.0110905
0.0758705
-0.0116007
-0.0120791
0.0759986
0.0750004
-0.000317554
0.0750015
-0.00095652
0.0750036
-0.00159975
0.0750074
-0.00224779
0.0750136
-0.00290097
0.0750235
-0.00355933
0.0750386
-0.00422254
0.0750603
-0.0048899
0.0750904
-0.00556018
0.0751308
-0.00623167
0.0751834
-0.00690198
0.0752497
-0.00756817
0.0753313
-0.0082266
0.075429
-0.00887314
0.0755432
-0.00950317
0.0756733
-0.0101119
0.0758177
-0.0106945
0.0759738
-0.0112466
0.0761377
-0.0117645
-0.0122463
0.0763049
0.0750002
-0.000317771
0.0750009
-0.000957177
0.0750023
-0.00160118
0.0750053
-0.0022508
0.075011
-0.0029067
0.075021
-0.00356928
0.075037
-0.00423853
0.0750611
-0.00491403
0.0750957
-0.00559477
0.0751432
-0.00627916
0.075206
-0.00696481
0.0752865
-0.00764865
0.0753865
-0.00832665
0.0755075
-0.00899412
0.0756499
-0.00964551
0.075813
-0.010275
0.0759947
-0.0108762
0.0761917
-0.0114436
0.0763987
-0.0119715
-0.0124568
0.0766092
0.0749999
-0.000317641
0.0749995
-0.000956797
0.0749993
-0.00160097
0.0750002
-0.00225174
0.0750037
-0.00291021
0.0750117
-0.00357723
0.0750263
-0.00425319
0.0750504
-0.00493806
0.0750867
-0.0056311
0.0751385
-0.006331
0.0752091
-0.00703536
0.0753015
-0.00774106
0.0754184
-0.00844355
0.0755618
-0.00913757
0.0757327
-0.00981633
0.0759304
-0.0104727
0.0761526
-0.0110984
0.076395
-0.011686
0.0766507
-0.0122272
-0.0127176
0.0769115
0.0749993
-0.000316927
0.0749972
-0.000954673
0.0749941
-0.00159794
0.0749914
-0.00224897
0.0749906
-0.0029094
0.074994
-0.00358065
0.0750044
-0.00426357
0.075025
-0.00495871
0.0750596
-0.00566568
0.0751122
-0.00638364
0.0751871
-0.00711018
0.0752883
-0.00784235
0.0754198
-0.00857495
0.0755844
-0.00930223
0.0757839
-0.0100158
0.0760182
-0.010707
0.0762846
-0.0113649
0.0765783
-0.0119796
0.0768905
-0.0125394
-0.0130378
0.0772107
0.0749984
-0.000315349
0.0749937
-0.000949962
0.0749865
-0.00159069
0.074978
-0.00224053
0.0749704
-0.00290174
0.0749661
-0.00357643
0.0749686
-0.00426605
0.0749818
-0.0049719
0.0750102
-0.00569405
0.075059
-0.00643243
0.0751334
-0.00718465
0.0752394
-0.00794835
0.0753819
-0.00871741
0.0755657
-0.00948604
0.0757934
-0.0102435
0.0760663
-0.0109799
0.0763818
-0.0116803
0.0767342
-0.0123321
0.077113
-0.0129182
-0.0134294
0.0775046
0.0749972
-0.000312584
0.074989
-0.000941694
0.0749759
-0.00157759
0.0749595
-0.00222412
0.0749419
-0.00288423
0.0749264
-0.00356089
0.0749166
-0.00425621
0.0749172
-0.00497259
0.0749338
-0.00571056
0.0749727
-0.00647142
0.0750407
-0.00725262
0.0751457
-0.00805332
0.0752941
-0.00886585
0.0754937
-0.00968566
0.0757484
-0.0104982
0.0760619
-0.0112934
0.0764316
-0.01205
0.0768523
-0.0127528
0.0773108
-0.0133768
-0.0139086
0.07779
0.0749957
-0.000308269
0.0749828
-0.000928783
0.074962
-0.00155681
0.074935
-0.00219713
0.0749042
-0.00285343
0.0748731
-0.00352972
0.0748457
-0.00422885
0.0748278
-0.00495468
0.0748255
-0.00570826
0.0748471
-0.00649302
0.0749004
-0.00730598
0.0749966
-0.00814946
0.0751436
-0.00901283
0.0753537
-0.0098958
0.075632
-0.0107765
0.0759875
-0.0116489
0.0764171
-0.0124797
0.0769181
-0.0132537
0.0774735
-0.0139322
-0.014497
0.078062
0.0749937
-0.000302017
0.074975
-0.00091006
0.0749446
-0.00152638
0.0749042
-0.00215671
0.0748563
-0.00280554
0.0748046
-0.00347805
0.0747537
-0.00417794
0.07471
-0.00491094
0.0746803
-0.00567863
0.0746751
-0.00648773
0.0747032
-0.00733414
0.07478
-0.00822619
0.0749147
-0.00914757
0.0751272
-0.0101083
0.0754226
-0.0110719
0.0758205
-0.0120467
0.076315
-0.0129741
0.0769113
-0.01385
0.0775863
-0.0146073
-0.0152246
0.0783139
0.0749914
-0.000293425
0.0749657
-0.000884308
0.0749235
-0.00148422
0.0748666
-0.00209984
0.0747975
-0.00273646
0.07472
-0.00340054
0.0746388
-0.0040967
0.0745609
-0.00483302
0.0744938
-0.00561157
0.0744499
-0.00644377
0.0744393
-0.00732359
0.0744824
-0.00826933
0.0745895
-0.00925467
0.0747922
-0.010311
0.0750925
-0.0113722
0.0755315
-0.0124857
0.0760921
-0.0135347
0.0768038
-0.0145617
0.0776272
-0.0154307
-0.0161341
0.0785367
0.0749887
-0.000282101
0.0749547
-0.000850337
0.0748988
-0.00142828
0.0748224
-0.00202347
0.0747279
-0.00264197
0.0746189
-0.00329156
0.0745001
-0.00397785
0.0743786
-0.00471153
0.0742625
-0.00549544
0.0741655
-0.00634684
0.0740993
-0.00725739
0.0740899
-0.00825987
0.074148
-0.00931277
0.0743218
-0.0104848
0.0746063
-0.0116567
0.0750822
-0.0129616
0.0757016
-0.0141541
0.0765577
-0.0154179
0.0775611
-0.0164342
-0.0172893
0.0787164
0.0749856
-0.000267688
0.0749423
-0.000807061
0.0748707
-0.00135668
0.074772
-0.00192473
0.074648
-0.00251803
0.074502
-0.00314549
0.074338
-0.0038139
0.0741629
-0.00453646
0.0739849
-0.00531734
0.0738181
-0.0061801
0.0736758
-0.00711504
0.0735885
-0.00817262
0.0735692
-0.00929342
0.0736844
-0.0106001
0.0739204
-0.0118927
0.0744205
-0.0134617
0.0750756
-0.0148092
0.0761236
-0.0164658
0.0773286
-0.0176392
-0.0187892
0.0788284
0.0749822
-0.0002499
0.0749288
-0.000753607
0.0748399
-0.00126786
0.0747164
-0.00180121
0.0745595
-0.0023611
0.0743713
-0.00295726
0.0741551
-0.00359773
0.0739164
-0.00429775
0.0736628
-0.00506376
0.0734074
-0.00592472
0.0731651
-0.00687275
0.0729675
-0.007975
0.0728343
-0.00916019
0.0728444
-0.0106102
0.0729852
-0.0120335
0.0734713
-0.0139477
0.0741161
-0.015454
0.0754265
-0.0177763
0.0768217
-0.0190344
-0.0208232
0.0788558
0.0749787
-0.000228561
0.0749145
-0.00068943
0.0748074
-0.0011608
0.0746575
-0.00165126
0.074465
-0.00216859
0.0742306
-0.00272288
0.0739562
-0.00332334
0.0736448
-0.0039864
0.0733027
-0.0047216
0.0729393
-0.00556131
0.0725706
-0.00650405
0.0722234
-0.00762785
0.0719298
-0.00886662
0.0717661
-0.0104465
0.0717516
-0.012019
0.0721298
-0.0143259
0.0726966
-0.0160208
0.0743032
-0.0193829
0.0758259
-0.0205571
-0.0239014
0.0789041
0.0749751
-0.000203645
0.0749001
-0.000614427
0.0747745
-0.00103523
0.0745975
-0.00147428
0.0743683
-0.00193932
0.0740856
-0.0024402
0.0737491
-0.00298685
0.0733586
-0.00359591
0.0729169
-0.00427994
0.0724281
-0.00507246
0.0719057
-0.00598162
0.0713666
-0.00708881
0.0708539
-0.00835386
0.0704233
-0.0100159
0.0701687
-0.0117644
0.070274
-0.0144313
0.070703
-0.0164498
0.0724164
-0.0210963
0.0739503
-0.022091
-0.0292429
0.0792919
0.0749717
-0.000175313
0.0748863
-0.000529028
0.0747428
-0.000891791
0.0745396
-0.00127108
0.0742744
-0.00167406
0.0739438
-0.0021096
0.0735446
-0.00258764
0.0730725
-0.00312387
0.0725252
-0.00373265
0.0718991
-0.00444637
0.0711995
-0.005282
0.0704297
-0.00631902
0.069628
-0.0075521
0.0688237
-0.00921165
0.0681706
-0.0111112
0.0677798
-0.0140405
0.067997
-0.0166671
0.0693647
-0.0224639
0.0711133
-0.0238396
-0.0378721
0.0797425
0.0749687
-0.000143982
0.0748739
-0.000434227
0.0747143
-0.000732174
0.0744872
-0.00104407
0.074189
-0.00137584
0.073814
-0.00173457
0.0733558
-0.0021295
0.0728056
-0.00257367
0.0721546
-0.00308161
0.0713895
-0.00368122
0.0705019
-0.00439444
0.0694757
-0.00529284
0.0683221
-0.00639852
0.0670369
-0.00792643
0.0657473
-0.00982159
0.0645361
-0.0128293
0.0641242
-0.0162552
0.0645504
-0.0228902
0.0680752
-0.0273644
-0.0470751
0.0772782
0.0749664
-0.000110382
0.0748636
-0.000331412
0.0746906
-0.000559189
0.0744438
-0.000797314
0.074118
-0.00104997
0.0737053
-0.00132187
0.0731967
-0.00162094
0.0725785
-0.0019555
0.0718359
-0.00233893
0.0709443
-0.00278968
0.0698809
-0.00333105
0.0686024
-0.0040143
0.06708
-0.00487617
0.065241
-0.00608737
0.0631022
-0.00768281
0.0605992
-0.0103263
0.0582514
-0.0139074
0.056798
-0.0214368
0.0618826
-0.032449
0.0654116
-0.0506041
0.0754618
-0.00486796
0.0754879
-0.00493683
0.0755149
-0.00500542
0.0755424
-0.00507257
0.0755701
-0.00513861
0.0755981
-0.00520368
0.0756264
-0.00526798
0.0756551
-0.00533141
0.0756842
-0.0053955
-0.00545402
0.0757133
0.0757327
-0.00490495
0.0757708
-0.00497489
0.0758086
-0.00504328
0.0758463
-0.00511026
0.0758837
-0.00517593
0.0759204
-0.00524043
0.0759564
-0.00530396
0.0759914
-0.00536645
0.0760253
-0.0054294
-0.00548722
0.0760585
0.0760501
-0.00495648
0.0761011
-0.00502588
0.0761513
-0.00509353
0.0762006
-0.00515949
0.0762485
-0.00522386
0.0762949
-0.00528678
0.0763393
-0.00534845
0.0763817
-0.00540879
0.0764216
-0.00546927
-0.00552413
0.0764585
0.0763709
-0.00502253
0.076436
-0.00509099
0.0764998
-0.00515735
0.076562
-0.00522162
0.076622
-0.00528392
0.0766796
-0.00534436
0.0767343
-0.00540315
0.0767858
-0.00546023
0.0768335
-0.00551698
-0.00556797
0.0768773
0.0766921
-0.00510541
0.0767737
-0.00517257
0.0768534
-0.00523709
0.0769308
-0.00529899
0.0770052
-0.00535838
0.0770763
-0.0054154
0.0771434
-0.00547024
0.077206
-0.0055229
0.0772637
-0.00557459
-0.00562062
0.0773163
0.0770141
-0.00520807
0.0771151
-0.00527351
0.0772136
-0.00533563
0.0773091
-0.00539443
0.0774007
-0.00545004
0.0774879
-0.0055026
0.07757
-0.00555232
0.0776464
-0.00559932
0.0777163
-0.00564451
-0.00568451
0.0777802
0.0773369
-0.00533429
0.077461
-0.00539763
0.0775821
-0.00545677
0.0776994
-0.00551167
0.0778118
-0.00556249
0.0779186
-0.00560942
0.078019
-0.00565268
0.0781122
-0.00569254
0.0781972
-0.00572952
-0.00576218
0.0782749
0.0776594
-0.0054891
0.0778118
-0.00555
0.0779605
-0.0056055
0.0781044
-0.00565557
0.0782424
-0.0057004
0.0783732
-0.00574025
0.0784959
-0.00577537
0.0786096
-0.00580625
0.078713
-0.00583293
-0.00585642
0.0788072
0.0779802
-0.00567928
0.0781676
-0.00573739
0.0783506
-0.00578849
0.0785276
-0.00583256
0.078697
-0.00586984
0.0788574
-0.0059007
0.0790075
-0.00592548
0.0791463
-0.00594495
0.079272
-0.00595869
-0.0059704
0.079386
0.0782967
-0.00591405
0.0785284
-0.00596902
0.0787546
-0.00601476
0.0789733
-0.00605121
0.0791822
-0.00607879
0.0793796
-0.00609805
0.0795636
-0.00610951
0.079733
-0.00611428
0.0798859
-0.00611162
-0.00610776
0.0800233
0.0786061
-0.00620624
0.0788948
-0.00625776
0.0791768
-0.00629675
0.0794488
-0.00632324
0.079708
-0.00633795
0.0799517
-0.00634181
0.0801779
-0.00633569
0.0803848
-0.00632116
0.0805707
-0.00629747
-0.00627277
0.0807357
0.0789048
-0.00657434
0.0792691
-0.00662204
0.0796245
-0.00665213
0.0799661
-0.00666485
0.0802899
-0.00666172
0.0805924
-0.00664436
0.080871
-0.00661429
0.0811236
-0.00657375
0.0813486
-0.00652243
-0.00646962
0.0815454
0.0791899
-0.00704785
0.079658
-0.00709022
0.0801129
-0.00710695
0.080547
-0.007099
0.0809549
-0.00706957
0.081332
-0.00702145
0.0816748
-0.00695715
0.081981
-0.00687995
0.0822493
-0.00679066
-0.00669882
0.0824785
0.0794601
-0.00767952
0.0800801
-0.00771022
0.0806759
-0.00770279
0.0812367
-0.00765975
0.0817548
-0.00758768
0.0822242
-0.00749088
0.0826403
-0.00737323
0.0829999
-0.00723956
0.0833025
-0.00709321
-0.00694237
0.083546
0.0797348
-0.00855849
0.0805867
-0.00856221
0.0813884
-0.0085045
0.0821231
-0.00839444
0.0827791
-0.00824362
0.0833467
-0.00805849
0.0838195
-0.00784601
0.0841935
-0.00761363
0.0844711
-0.00737074
-0.00711658
0.0846453
0.0801527
-0.00980704
0.0813318
-0.00974134
0.0823932
-0.00956594
0.0833129
-0.00931416
0.0840705
-0.0090012
0.0846511
-0.00863911
0.0850495
-0.00824432
0.0852661
-0.00783032
0.0853139
-0.00741853
-0.00698077
0.0851781
0.0810755
-0.0115907
0.0825551
-0.0112209
0.0837197
-0.0107305
0.0845607
-0.0101552
0.085066
-0.00950651
0.0852373
-0.00881041
0.0850937
-0.00810063
0.0846622
-0.00739885
0.0839782
-0.00673453
-0.00605777
0.0830552
0.0819377
-0.0137859
0.0831526
-0.0124358
0.0836027
-0.0111806
0.0833806
-0.00993307
0.0825736
-0.0086995
0.0812897
-0.00752647
0.0796372
-0.00644818
0.0777067
-0.00546836
0.0755609
-0.00458872
-0.00376472
0.0732678
0.0772753
-0.0137829
0.0759367
-0.0110973
0.073525
-0.00876891
0.070321
-0.00672909
0.0666186
-0.00499713
0.0627018
-0.00360962
0.0587883
-0.00253472
0.055034
-0.00171406
0.0515414
-0.00109615
-0.000661461
0.0484382
0.0516287
0.0405314
0.0317625
0.0250334
0.0200363
0.0164266
0.0138919
0.0121779
0.0110817
0.0104203
0.0760009
-0.0574037
0.0755318
-0.0640447
0.0749327
-0.0693056
0.0744058
-0.0901979
0.0709894
-0.123568
0.0615785
-0.149153
0.0473229
-0.158113
0.0326382
-0.153559
0.0210232
-0.13992
0.013236
-0.12108
0.00842086
-0.100911
0.00550674
-0.0821119
0.00372487
-0.0657632
0.0026103
-0.0519706
0.00189604
-0.0404538
0.00143011
-0.0308198
0.00112523
-0.0226723
0.000932444
-0.0156179
0.000822713
-0.00938741
-0.00408028
0.0763182
-0.0576633
0.0756062
-0.0633328
0.0746894
-0.0683888
0.0737606
-0.0892692
0.0698364
-0.119644
0.060444
-0.139761
0.0470668
-0.144736
0.0334958
-0.139988
0.0225061
-0.128931
0.0147655
-0.11334
0.00970536
-0.0958509
0.00649249
-0.078899
0.00445595
-0.0637267
0.00314973
-0.0506644
0.00229862
-0.0396027
0.00173744
-0.0302586
0.00136792
-0.0223027
0.00113328
-0.0153833
0.00100049
-0.00925461
-0.00402997
0.0766767
-0.0578816
0.0757153
-0.0623714
0.0745634
-0.0672369
0.0733745
-0.0880802
0.0690908
-0.11536
0.0596179
-0.130288
0.046652
-0.13177
0.0337382
-0.127075
0.0233007
-0.118493
0.0158326
-0.105872
0.0107947
-0.0908129
0.00746449
-0.0755688
0.00526577
-0.061528
0.00380352
-0.0492022
0.00282198
-0.0386212
0.00215973
-0.0295963
0.00171638
-0.0218594
0.00143196
-0.0150989
0.00127115
-0.00909379
-0.00396745
0.0770479
-0.0580522
0.0758652
-0.0611887
0.0745456
-0.0659173
0.0730733
-0.0866079
0.0683079
-0.110595
0.0586623
-0.120642
0.0461156
-0.119223
0.0338959
-0.114855
0.0239935
-0.108591
0.0167745
-0.0986527
0.0117765
-0.0858148
0.0083744
-0.0721667
0.00605831
-0.0592119
0.0044716
-0.0476155
0.00337785
-0.0375274
0.00262341
-0.0288419
0.00210988
-0.0213459
0.00177697
-0.0147659
0.00158848
-0.00890529
-0.00389287
0.0774347
-0.0581705
0.0760697
-0.0598238
0.0746381
-0.0644857
0.0728402
-0.0848101
0.0674942
-0.105249
0.0575759
-0.110724
0.0453662
-0.107014
0.0338144
-0.103303
0.0244813
-0.0992575
0.0175647
-0.0917361
0.0126525
-0.0809027
0.00921583
-0.06873
0.00681246
-0.0568085
0.00512398
-0.045927
0.00393358
-0.036337
0.00309678
-0.0280051
0.00251892
-0.020768
0.00214083
-0.0143879
0.00192623
-0.00869069
-0.00380677
0.0778445
-0.0582348
0.0763496
-0.0583288
0.0748353
-0.0629714
0.0726086
-0.0825834
0.0665496
-0.0991899
0.0562979
-0.100472
0.0444181
-0.095134
0.0335433
-0.0924282
0.0247997
-0.090514
0.0182193
-0.0851556
0.0134297
-0.0761131
0.00998933
-0.0652897
0.0075226
-0.0543418
0.00575008
-0.0441545
0.00447564
-0.0350626
0.00356507
-0.0270945
0.00292845
-0.0201314
0.0025085
-0.0139679
0.0022693
-0.0084515
-0.0037096
0.0782902
-0.0582501
0.0767271
-0.0567657
0.075117
-0.0613614
0.0723013
-0.0797677
0.0653799
-0.0922686
0.0547531
-0.0898452
0.0432362
-0.0836171
0.0330827
-0.0822747
0.0249646
-0.0823958
0.018753
-0.0789441
0.0141164
-0.0714765
0.010698
-0.0618713
0.00818775
-0.0518315
0.00634584
-0.0423126
0.0049979
-0.0337146
0.00402091
-0.0261175
0.00333045
-0.0194409
0.00287153
-0.013509
0.00260893
-0.0081889
-0.00360167
0.0787914
-0.0582344
0.0772225
-0.0551968
0.0754384
-0.0595773
0.0718091
-0.0761383
0.0638768
-0.0843362
0.052883
-0.0788514
0.0418124
-0.0725466
0.032448
-0.0729103
0.0249946
-0.0749424
0.0191805
-0.07313
0.0147216
-0.0670177
0.0113461
-0.0584958
0.00880877
-0.0492942
0.00690984
-0.0404136
0.00549743
-0.0323022
0.00446042
-0.0250805
0.0037204
-0.0187009
0.00322504
-0.0130136
0.00294
-0.00790386
-0.00348318
0.0793757
-0.058224
0.0778434
-0.0536646
0.0757162
-0.0574501
0.0709918
-0.0714139
0.0619208
-0.0752652
0.050631
-0.0675617
0.0401446
-0.0620601
0.0316596
-0.0644252
0.0249112
-0.0681941
0.0195169
-0.0677357
0.0152546
-0.0627553
0.0119384
-0.0551796
0.00938738
-0.0467432
0.00744189
-0.0384681
0.00597282
-0.0308332
0.00488141
-0.0239891
0.00409566
-0.0179152
0.0035661
-0.0124841
0.00325945
-0.0075972
-0.0033543
0.080074
-0.0582748
0.0785655
-0.052156
0.0758121
-0.0546967
0.0696725
-0.0652743
0.0593883
-0.064981
0.0479588
-0.0561322
0.0382485
-0.0523498
0.0307462
-0.0569229
0.0247381
-0.062186
0.0197784
-0.062776
0.0157248
-0.0587017
0.0124798
-0.0519346
0.00992581
-0.0441892
0.00794241
-0.0364847
0.00642342
-0.0293142
0.00528261
-0.0228483
0.0044546
-0.0170871
0.00389288
-0.0119223
0.00356539
-0.00726972
-0.00321522
0.0809073
-0.0584464
0.0793014
-0.0505501
0.0755136
-0.050909
0.0676393
-0.0574
0.0561617
-0.0535034
0.0448547
-0.0448252
0.0361613
-0.0436564
0.0297459
-0.0505075
0.0245017
-0.0569418
0.0199814
-0.0582556
0.016142
-0.0548624
0.0129757
-0.0487683
0.0104265
-0.0416399
0.00841219
-0.0344705
0.00684904
-0.027751
0.00566325
-0.0216625
0.00479611
-0.01622
0.00420414
-0.0113304
0.00385662
-0.00692219
-0.00306612
0.0818517
-0.0587527
0.0798554
-0.0485538
0.074517
-0.0455706
0.0646533
-0.0475363
0.0521473
-0.0409974
0.0413485
-0.0340264
0.0339458
-0.0362536
0.0287052
-0.0452669
0.0242302
-0.0524668
0.0201424
-0.0541679
0.0165156
-0.0512356
0.0134311
-0.0456837
0.0108918
-0.0391007
0.00885215
-0.0324308
0.00724967
-0.0261485
0.00602281
-0.0204356
0.00511943
-0.0153166
0.00449903
-0.01071
0.00413229
-0.00655544
-0.00290725
0.0827704
-0.0590447
0.0798636
-0.0456469
0.0724174
-0.0381245
0.0604587
-0.0355776
0.0473087
-0.0278474
0.0375267
-0.0242444
0.0316907
-0.0304176
0.027677
-0.0412533
0.0239522
-0.048742
0.0202778
-0.0504934
0.0168549
-0.0478128
0.0138511
-0.0426799
0.0113245
-0.036574
0.00926328
-0.0303696
0.00762546
-0.0245107
0.00636096
-0.0191712
0.00542397
-0.0143796
0.00477687
-0.0100629
0.00439178
-0.00617036
-0.00273888
0.0832937
-0.0587924
0.0787291
-0.0410823
0.0687205
-0.0281159
0.0548437
-0.0217008
0.0417059
-0.0147095
0.0335438
-0.0160823
0.0295061
-0.0263799
0.0267162
-0.0384634
0.0236957
-0.0457215
0.0204028
-0.0472005
0.0171687
-0.0445786
0.0142405
-0.0397518
0.0117268
-0.0340602
0.00964662
-0.0282894
0.00797661
-0.0228407
0.00667744
-0.017872
0.00570925
-0.0134114
0.00503712
-0.00939076
0.00463461
-0.00576785
-0.00256135
0.0826331
-0.0567802
0.0755793
-0.0340284
0.0628978
-0.0154345
0.0477166
-0.00651963
0.03554
-0.00253295
0.0296222
-0.0101645
0.0275108
-0.0242685
0.0258742
-0.0368268
0.0234858
-0.0433331
0.0205315
-0.0442461
0.0174648
-0.041512
0.0146038
-0.0368908
0.012101
-0.0315574
0.0100031
-0.0261916
0.00830333
-0.0211409
0.00697206
-0.0165407
0.00597487
-0.0124142
0.0052793
-0.00869519
0.00486036
-0.00534891
-0.00237503
0.0793567
-0.0509588
0.0693083
-0.02398
0.0545223
-0.000648515
0.0392171
0.00878566
0.029189
0.00749515
0.02603
-0.00700554
0.0258143
-0.0240528
0.0251942
-0.0362066
0.023344
-0.0414829
0.0206761
-0.0415783
0.0177505
-0.0385864
0.014945
-0.0340852
0.0124492
-0.0290616
0.0103337
-0.024076
0.00860584
-0.0194131
0.00724464
-0.0151795
0.00622049
-0.0113901
0.00550302
-0.00797772
0.00506866
-0.00491454
-0.0021803
0.0713083
-0.0392119
0.0588664
-0.0115381
0.0435333
0.0146845
0.0298566
0.0224624
0.0231987
0.014153
0.023031
-0.00683787
0.0244994
-0.0255212
0.0247079
-0.0364151
0.0232875
-0.0400625
0.020847
-0.0391378
0.0180319
-0.0357712
0.0152673
-0.0313207
0.0127732
-0.0265675
0.010639
-0.0219419
0.00888429
-0.0176583
0.00749502
-0.0137903
0.00644577
-0.0103408
0.0057079
-0.00723984
0.00525919
-0.00446583
-0.00197759
0.0561144
-0.0220585
0.0440044
0.000571896
0.0307074
0.0279815
0.0206159
0.0325539
0.0181893
0.0165797
0.0208231
-0.00947171
0.0236164
-0.0283145
0.0244376
-0.0372363
0.0233299
-0.0389547
0.0210525
-0.0368605
0.0183138
-0.0330324
0.0155737
-0.0285806
0.0130744
-0.0240682
0.0109198
-0.0197873
0.0091388
-0.0158773
0.00772304
-0.0123745
0.00665042
-0.00926822
0.0058936
-0.00648303
0.00543162
-0.00400385
-0.00176737
0.0337201
-0.00734034
0.0267403
0.00755161
0.0179264
0.0367954
0.0127829
0.0376974
0.0146638
0.0146988
0.0195065
-0.0143144
0.0231927
-0.0320007
0.0244001
-0.0384438
0.0234818
-0.0380364
0.0212991
-0.0346778
0.0185999
-0.0303333
0.0158662
-0.0258468
0.0133538
-0.0215558
0.0111764
-0.01761
0.0093694
-0.0140703
0.00792852
-0.0109336
0.00683412
-0.00817383
0.00605982
-0.00570873
0.00558568
-0.00352971
-0.00155018
0.011691
-0.00861103
0.01136
0.00788254
0.00753091
0.0406246
0.00744888
0.0377794
0.012876
0.0092717
0.0191055
-0.0205439
0.0232439
-0.0361391
0.0246053
-0.0398051
0.0237485
-0.0371796
0.0215881
-0.0325174
0.0188903
-0.0276355
0.0161441
-0.0231007
0.0136108
-0.0190225
0.0114086
-0.0154077
0.00957597
-0.0122377
0.00811169
-0.00946933
0.00699686
-0.007059
0.00620728
-0.00491915
0.00572031
-0.00304274
-0.00132879
0.00158813
-0.0101992
0.00160274
0.00786793
0.0012096
0.0410177
0.00231192
0.0366771
0.00515866
0.00642495
0.0077825
-0.0231678
0.00944633
-0.0378029
0.00996536
-0.0403241
0.00960487
-0.0368191
0.00872615
-0.0316387
0.00763651
-0.0265458
0.00652959
-0.0219938
0.00550872
-0.0180016
0.00462083
-0.0145199
0.00388115
-0.011498
0.00329005
-0.00887822
0.0028384
-0.00660735
0.00252056
-0.00460131
0.00231876
-0.00284093
-0.00124466
0.000289615
-0.0104888
0.000226639
0.0079309
0.000441229
0.0408031
0.00213833
0.03498
0.00527749
0.00328579
0.00793596
-0.0258262
0.00957001
-0.0394369
0.0100566
-0.0408107
0.00967488
-0.0364374
0.00878304
-0.0307468
0.00768482
-0.0254476
0.00657148
-0.0208804
0.00554524
-0.0169754
0.00465263
-0.0136272
0.00390878
-0.0107541
0.00331418
-0.00828363
0.00285956
-0.00615273
0.00253972
-0.00428147
0.00233594
-0.00263715
-0.0011604
-0.00070096
-0.00978782
-0.000806298
0.00803624
-4.91666e-05
0.040046
0.00216856
0.0327622
0.00551026
-5.58977e-05
0.00815603
-0.028472
0.00972918
-0.0410101
0.0101659
-0.0412474
0.00975315
-0.0360247
0.00884325
-0.0298369
0.00773393
-0.0243383
0.00661288
-0.0197594
0.00558063
-0.0159431
0.00468301
-0.0127296
0.00393492
-0.010006
0.0033368
-0.00768551
0.00287935
-0.00569528
0.00255738
-0.00395951
0.00235209
-0.00243185
-0.00107543
-0.00137058
-0.00841724
-0.00150929
0.00817495
-0.000278542
0.0388152
0.00239569
0.030088
0.00585717
-0.00351738
0.00844156
-0.0310564
0.00992341
-0.042492
0.0102926
-0.0416166
0.00983932
-0.0355714
0.00890644
-0.0289041
0.00778351
-0.0232154
0.00665353
-0.0186294
0.00561472
-0.0149043
0.00471188
-0.0118268
0.00395951
-0.00925367
0.00335793
-0.00708392
0.00289775
-0.0052351
0.00257374
-0.00363551
0.00236699
-0.0022251
-0.000989796
-0.00172094
-0.0066963
-0.00187873
0.00833275
-0.000216127
0.0371526
0.0028143
0.0270576
0.00631628
-0.00701936
0.00879227
-0.0335324
0.0101526
-0.0438523
0.0104367
-0.0419007
0.00993327
-0.035068
0.00897251
-0.0279433
0.00783352
-0.0220764
0.00669341
-0.0174893
0.00564747
-0.0138584
0.00473922
-0.0109185
0.00398256
-0.00849702
0.00337757
-0.00647894
0.00291475
-0.00477227
0.00258879
-0.00330955
0.00238066
-0.00201697
-0.000903572
-0.00175186
-0.00494444
-0.00191284
0.00849373
0.000122393
0.0351174
0.00341742
0.0237626
0.00688508
-0.010487
0.00920727
-0.0358546
0.0104164
-0.0450614
0.0105977
-0.0420821
0.0100348
-0.034505
0.00904136
-0.0269499
0.00788389
-0.0209189
0.00673247
-0.0163379
0.00567888
-0.0128048
0.00476501
-0.0100047
0.00400405
-0.00773606
0.00339572
-0.00587061
0.00293035
-0.0043069
0.00260253
-0.00298173
0.00239308
-0.00180753
-0.000816814
-0.00145265
-0.00349179
-0.00161159
0.00865267
0.000722951
0.0327829
0.00419702
0.0202885
0.00756012
-0.0138501
0.00968478
-0.0379793
0.0107137
-0.0460903
0.0107753
-0.0421437
0.0101436
-0.0338733
0.00911283
-0.0259191
0.00793455
-0.0197406
0.00677067
-0.015174
0.00570892
-0.011743
0.00478925
-0.00908499
0.00402397
-0.00697078
0.00341235
-0.005259
0.00294454
-0.00383909
0.00261494
-0.00265213
0.00240425
-0.00159683
-0.000729584
-0.000800876
-0.00269092
-0.000976088
0.00882788
0.0015899
0.0302169
0.00514428
0.0167341
0.00833655
-0.0170424
0.0102219
-0.0398646
0.0110431
-0.0469114
0.0109686
-0.0420693
0.0102593
-0.033164
0.00918671
-0.0248465
0.00798539
-0.0185393
0.00680798
-0.0139966
0.00573757
-0.0106726
0.00481192
-0.00815933
0.00404231
-0.00620116
0.00342748
-0.00464417
0.00295732
-0.00336893
0.00262603
-0.00232084
0.00241415
-0.00138495
-0.000641943
0.0002309
-0.00292182
-2.44331e-05
0.00908322
0.00270971
0.0274827
0.00624936
0.0131945
0.0092079
-0.0200009
0.0108147
-0.0414714
0.0114025
-0.0474993
0.0111767
-0.0418434
0.0103815
-0.0323687
0.00926279
-0.0237278
0.00803632
-0.0173128
0.00684433
-0.0128046
0.0057648
-0.0095931
0.00483301
-0.00722754
0.00405906
-0.00542721
0.00344108
-0.00402619
0.00296868
-0.00289653
0.00263579
-0.00198796
0.0024228
-0.00117196
-0.000553959
0.00159959
-0.00452141
0.0013474
0.00933541
0.0040689
0.0247612
0.00749951
0.00976385
0.0101546
-0.0226561
0.0114589
-0.0427756
0.0117921
-0.0478326
0.0114012
-0.0414525
0.0105109
-0.0314784
0.00934166
-0.0225586
0.00808779
-0.016059
0.0068801
-0.0115969
0.00579087
-0.00850387
0.00485263
-0.0062893
0.00407427
-0.00464884
0.00345308
-0.00340501
0.0029786
-0.00242204
0.00264392
-0.00165328
0.00243044
-0.000958476
-0.000464803
0.018805
0.00395945
-0.0272859
0.017057
0.0110834
0.0251829
0.0166354
0.0350798
-0.00013303
0.0413459
-0.0289222
0.0434623
-0.044892
0.0426013
-0.0469715
0.0399861
-0.0388373
0.0362359
-0.0277283
0.0319097
-0.0182323
0.0274882
-0.0116375
0.0233155
-0.00742421
0.0195873
-0.00477565
0.0163911
-0.00309313
0.0137478
-0.00200555
0.0116402
-0.00129739
0.0100375
-0.000819372
0.00889767
-0.000513429
0.00819501
-0.000255818
-0.000137057
0.0629361
0.0290004
-0.087977
0.0496523
0.0243672
0.049841
0.0164467
0.0540392
-0.0043313
0.0549143
-0.0297973
0.0523742
-0.0423519
0.0479361
-0.0425334
0.0429801
-0.0338813
0.0378897
-0.0226379
0.0328434
-0.013186
0.0280371
-0.00683112
0.023651
-0.00303813
0.0197981
-0.000922792
0.016526
0.00017905
0.0138351
0.000685324
0.0116974
0.000840307
0.0100759
0.000802136
0.0089244
0.00063805
0.00821645
0.000452135
0.00019458
0.0921046
0.0442015
-0.107306
0.0796893
0.0367825
0.0747678
0.0213681
0.0727639
-0.00232743
0.0680489
-0.0250823
0.0609874
-0.0352904
0.0531913
-0.0347373
0.0459815
-0.0266716
0.0395452
-0.0162016
0.0337502
-0.00739102
0.0285349
-0.00161583
0.0239218
0.00157494
0.0199396
0.00305942
0.0165922
0.00352646
0.0138574
0.00342017
0.0116946
0.00300303
0.0100589
0.00243788
0.00890079
0.00179615
0.00818823
0.0011647
0.000524839
0.105937
0.0497419
-0.111477
0.0987774
0.0439418
0.0929419
0.0272037
0.0870846
0.00352991
0.0783902
-0.0163879
0.0680391
-0.0249393
0.0577262
-0.0244244
0.0486957
-0.0176411
0.0410768
-0.00858266
0.0345769
-0.000891124
0.0289615
0.00399956
0.0241188
0.00641763
0.0200063
0.00717197
0.0165861
0.00694667
0.013812
0.00619425
0.0116296
0.00518538
0.00998496
0.00408255
0.00882471
0.0029564
0.00811144
0.00187796
0.000852109
0.110295
0.0504484
-0.111002
0.107501
0.046736
0.102729
0.031976
0.0955211
0.0107378
0.0850445
-0.00591135
0.0730206
-0.0129154
0.0612298
-0.0126336
0.0509435
-0.00735483
0.0423901
-2.91887e-05
0.0352828
0.00621613
0.0292908
0.00999161
0.0242284
0.01148
0.019991
0.0114094
0.0165036
0.0104341
0.0136966
0.00900126
0.011501
0.00738097
0.00985333
0.0057302
0.00869573
0.004114
0.00798583
0.00258786
0.00117478
0.110614
0.0495622
-0.109728
0.110075
0.0472751
0.106531
0.03552
0.0993584
0.0179105
0.0886506
0.00479648
0.0761697
-0.000434514
0.0637253
-0.000189229
0.0526764
0.00369409
0.0434462
0.00920102
0.0358286
0.0138337
0.0295037
0.0163165
0.0242388
0.0167449
0.0198868
0.0157614
0.0163406
0.0139802
0.0135087
0.0118331
0.0113074
0.00958232
0.00966334
0.00737424
0.00851357
0.00526378
0.00781118
0.00329025
0.00149112
0.109641
0.0484406
-0.10852
0.109801
0.0471151
0.107041
0.0382807
0.100422
0.0245293
0.0902138
0.0150045
0.0779537
0.0118256
0.065381
0.0123835
0.0539277
0.0151473
0.0442194
0.0189093
0.0361968
0.0218563
0.0295848
0.0229286
0.0241396
0.0221901
0.0196867
0.0202142
0.016093
0.017574
0.0132461
0.01468
0.0110476
0.0117808
0.00941447
0.00900742
0.0082781
0.00640015
0.0075874
0.00398095
0.00179932
0.108415
0.0474838
-0.107458
0.10852
0.0470099
0.106099
0.0407017
0.100077
0.0305516
0.0905834
0.0244983
0.078819
0.02359
0.0663832
0.0248193
0.0547529
0.0267776
0.0447195
0.0289428
0.0363773
0.0301985
0.0295222
0.0297837
0.0239214
0.0277909
0.0193846
0.024751
0.0157568
0.0212018
0.0129065
0.0175303
0.0107207
0.0139665
0.00910637
0.0106217
0.00798935
0.00751717
0.00731457
0.00465573
0.00209754
0.107246
0.0467537
-0.106516
0.107045
0.0472105
0.104697
0.0430498
0.0991496
0.0360989
0.0903286
0.0333194
0.0791015
0.0348171
0.0669044
0.0370163
0.0552189
0.0384632
0.0449612
0.0392004
0.0363652
0.0387945
0.0293068
0.0368421
0.023576
0.0335217
0.0189742
0.0293528
0.0153281
0.0248479
0.0124877
0.0203707
0.0103257
0.0161286
0.00873892
0.0122085
0.00764758
0.00860851
0.00699298
0.00531033
0.00238393
0.106185
0.0462361
-0.105667
0.105663
0.0477325
0.103278
0.0454346
0.098073
0.0413043
0.0897943
0.0415982
0.079035
0.0455763
0.0670786
0.0489728
0.055386
0.0501557
0.0449622
0.0496242
0.0361591
0.0475976
0.0289312
0.04407
0.023096
0.039357
0.0184503
0.0339985
0.0148037
0.0284945
0.0119882
0.0231862
0.00986211
0.0182547
0.00831228
0.0137584
0.00725328
0.00966751
0.0066231
0.00594051
0.0026567
0.105228
0.0459076
-0.1049
0.10445
0.0485109
0.102011
0.0478731
0.0970516
0.0462642
0.0891767
0.049473
0.0787749
0.0559781
0.0670062
0.0607415
0.055305
0.0618569
0.0447391
0.0601902
0.0357586
0.0565781
0.0283891
0.0514395
0.0224746
0.0452714
0.0178075
0.0386656
0.0141803
0.0321217
0.0114065
0.02596
0.00932969
0.0203315
0.00782692
0.0152611
0.00680723
0.0106872
0.00620565
0.00654208
0.00291414
0.104369
0.0457452
-0.104207
0.103411
0.0494688
0.100946
0.0503387
0.0961737
0.0510361
0.0885844
0.0570623
0.0784215
0.0661411
0.0667602
0.0724028
0.0550159
0.0736011
0.0443059
0.0709002
0.0351628
0.0657211
0.0276741
0.0589282
0.0217053
0.0512402
0.0170412
0.0433297
0.0134553
0.0357076
0.0107415
0.0286738
0.00872864
0.0223443
0.00728373
0.0167061
0.00631058
0.0116604
0.00574169
0.00711097
0.00315468
0.103605
0.0457239
-0.103584
0.102538
0.0505361
0.100087
0.0527893
0.0954744
0.0556491
0.0880811
0.0644555
0.0780482
0.076174
0.066399
0.084052
0.0545508
0.0854493
0.0436726
0.0817784
0.0343697
0.0750241
0.0267797
0.0665182
0.0207815
0.0572384
0.0161467
0.0479645
0.0126262
0.0392281
0.0099928
0.0313072
0.00805966
0.0242775
0.00668411
0.0180816
0.00576497
0.0125795
0.0052327
0.00764324
0.00337688
0.102936
0.0458162
-0.103029
0.101819
0.0516532
0.0994327
0.0551759
0.0949738
0.060108
0.0877038
0.0717255
0.077689
0.0861888
0.065948
0.0957931
0.0539256
0.0974716
0.0428441
0.09286
0.0333749
0.0844933
0.0256984
0.0741947
0.0196967
0.0632402
0.0151199
0.0525413
0.0116914
0.0426567
0.00916047
0.0338381
0.00732417
0.0261138
0.00603021
0.0193756
0.00517282
0.0134369
0.00468092
0.00813514
0.00357949
0.102362
0.0459907
-0.102537
0.101249
0.0527663
0.0989758
0.0574494
0.0946759
0.0644079
0.0874875
0.0789139
0.0774158
0.0962605
0.06548
0.107729
0.0531791
0.109773
0.0418264
0.104213
0.0321712
0.0941485
0.0244209
0.081945
0.0184435
0.0692175
0.0139568
0.0570281
0.0106497
0.0459637
0.00824563
0.0362422
0.00652474
0.0278347
0.00532542
0.0205749
0.00453785
0.0142244
0.00408998
0.00858302
0.00376142
0.101879
0.0462151
-0.102104
0.100818
0.053827
0.0987178
0.0595501
0.0946096
0.068516
0.0874568
0.0860667
0.0771936
0.106524
0.0649124
0.12001
0.0522419
0.122443
0.0405871
0.115867
0.0307438
0.103992
0.0229365
0.0897522
0.0170147
0.0751393
0.0126538
0.061389
0.0095013
0.0491161
0.00725111
0.0384924
0.00566601
0.0294198
0.00457554
0.0216653
0.00386645
0.0149335
0.00346635
0.00898311
0.0039216
0.101482
0.0464561
-0.101723
0.100523
0.0547863
0.0986559
0.0614168
0.0947717
0.0724002
0.0876393
0.0931992
0.0771588
0.117004
0.0644903
0.132678
0.0513369
0.135597
0.0392274
0.127977
0.0291053
0.114114
0.0212343
0.0976233
0.0154017
0.0809718
0.0112085
0.0655823
0.00824874
0.0520759
0.00618336
0.0405578
0.00475714
0.030846
0.00379145
0.022631
0.00317051
0.0155545
0.00282246
0.00933117
0.00405884
0.101158
0.0466861
-0.101388
0.100355
0.0555891
0.0988079
0.0629637
0.0952281
0.07598
0.0881168
0.10031
0.0772227
0.127898
0.063805
0.146096
0.0499131
0.149489
0.0373601
0.14053
0.0270973
0.124377
0.0192724
0.105448
0.0135959
0.0866484
0.00962208
0.0695561
0.00690095
0.054797
0.00505797
0.0424008
0.00381822
0.0320857
0.00299581
0.0234534
0.00247415
0.0160761
0.00218333
0.00962199
0.00417153
0.100897
0.0468803
-0.101092
0.100298
0.0561885
0.0991699
0.0640917
0.0959203
0.0792296
0.0887305
0.1075
0.077447
0.139182
0.0635608
0.159982
0.0491494
0.1639
0.0360127
0.153667
0.0252557
0.135134
0.0172149
0.113489
0.0116206
0.0922427
0.00790416
0.0732726
0.00548629
0.0572149
0.00391881
0.0439683
0.00290009
0.0331045
0.00224102
0.0241125
0.00182945
0.0164877
0.00160085
0.00985059
0.00425799
0.100689
-0.100843
0.100354
0.0998441
0.0973252
0.0903298
0.0782269
0.0627415
0.0466917
0.0325552
0.0216492
0.0140642
0.00914386
0.00605912
0.00413643
0.00292633
0.002155
0.00166186
0.00135597
0.00118524
0.0830296
0.0123368
-0.0953664
0.0722309
0.0107987
0.0627803
0.00945054
0.0545691
0.00821129
0.0475492
0.00701985
0.04165
0.00589918
0.0367791
0.00487093
0.0328364
0.00394266
0.0297146
0.0031218
0.00242878
0.101896
0.010587
-0.100147
0.10272
0.00997474
0.102723
0.00944784
0.102012
0.00892207
0.100667
0.00836505
0.0987885
0.00777768
0.0964817
0.00717768
0.0938437
0.00658068
0.0909662
0.00599931
0.00541799
0.106223
0.00850408
-0.10414
0.107695
0.00850291
0.108763
0.00837934
0.109477
0.00820849
0.109852
0.00798976
0.109904
0.00772618
0.109653
0.00742814
0.109126
0.00710839
0.108348
0.0067769
0.00646019
0.105113
0.00723345
-0.103842
0.106363
0.00725327
0.107504
0.00723796
0.10853
0.00718301
0.109422
0.00709772
0.110162
0.00698613
0.110738
0.00685195
0.111145
0.00670137
0.111387
0.00653452
0.0063703
0.105077
0.00629561
-0.104139
0.105988
0.00634171
0.10686
0.00636604
0.107678
0.00636541
0.108431
0.00634446
0.109111
0.00630575
0.109712
0.00625097
0.11023
0.0061837
0.110663
0.00610115
0.00603173
0.105069
0.00565841
-0.104432
0.105697
0.00571376
0.106311
0.00575185
0.106903
0.00577408
0.107465
0.00578169
0.107995
0.00577601
0.108488
0.0057581
0.108941
0.0057304
0.109353
0.00568982
0.00565624
0.1049
0.0052009
-0.104443
0.105359
0.00525475
0.105814
0.00529755
0.106258
0.00532959
0.106688
0.00535139
0.107101
0.00536361
0.107492
0.00536677
0.10786
0.0053624
0.108202
0.00534775
0.00533875
0.10465
0.0048522
-0.104301
0.104999
0.00490546
0.105345
0.00495127
0.105686
0.00498953
0.106016
0.00502048
0.106336
0.00504441
0.106641
0.0050615
0.106931
0.00507272
0.107203
0.00507584
0.00508283
0.104341
0.00458282
-0.104072
0.10461
0.0046367
0.104876
0.00468512
0.105137
0.00472802
0.105392
0.0047655
0.105639
0.00479769
0.105876
0.00482466
0.106102
0.00484702
0.106314
0.00486314
0.00488153
0.103991
0.00437364
-0.103782
0.104199
0.00442861
0.104405
0.00447946
0.104606
0.00452621
0.104803
0.00456887
0.104993
0.00460752
0.105176
0.00464219
0.105349
0.00467326
0.105513
0.00469962
0.00472712
0.103618
0.00421063
-0.103455
0.10378
0.00426709
0.103939
0.00432045
0.104094
0.00437072
0.104245
0.00441792
0.104391
0.00446208
0.10453
0.00450323
0.104661
0.0045416
0.104785
0.00457649
0.00461177
0.10324
0.0040838
-0.103113
0.103365
0.00414208
0.103487
0.00419805
0.103606
0.00425172
0.103721
0.00430309
0.103831
0.00435219
0.103935
0.00439906
0.104033
0.00444383
0.104123
0.00448611
0.00452834
0.102867
0.00398568
-0.102769
0.102963
0.004046
0.103057
0.00410464
0.103147
0.00416159
0.103233
0.00421687
0.103315
0.0042705
0.103391
0.00432253
0.103462
0.00437305
0.103526
0.00442186
0.00447043
0.102508
0.00391046
-0.102433
0.102581
0.00397291
0.102652
0.00403418
0.102719
0.00409425
0.102783
0.00415317
0.102842
0.00421097
0.102897
0.00426768
0.102947
0.00432337
0.102991
0.00437802
0.00443235
0.102168
0.00385346
-0.102111
0.102223
0.00391799
0.102275
0.00398175
0.102325
0.00404474
0.102371
0.004107
0.102413
0.00416855
0.102452
0.00422947
0.102485
0.00428979
0.102514
0.00434961
0.00440913
0.101849
0.00381089
-0.101806
0.101889
0.00387732
0.101928
0.00394335
0.101963
0.00400894
0.101996
0.00407414
0.102026
0.004139
0.102052
0.0042036
0.102074
0.00426796
0.102091
0.00433231
0.00439634
0.10155
0.00377968
-0.101519
0.101579
0.00384775
0.101607
0.00391569
0.101633
0.00398346
0.101656
0.00405113
0.101676
0.00411877
0.101693
0.00418645
0.101707
0.00425419
0.101717
0.00432233
0.00439012
0.10127
0.00375716
-0.101247
0.101291
0.00382657
0.101311
0.003896
0.101329
0.00396549
0.101345
0.00403509
0.101359
0.00410489
0.10137
0.00417498
0.101379
0.00424537
0.101385
0.0043165
0.00438724
0.101006
0.00374197
-0.100991
0.101021
0.00381184
0.101035
0.00388222
0.101047
0.00395275
0.101059
0.00402358
0.101069
0.00409478
0.101077
0.00416647
0.101084
0.00423865
0.101089
0.00431189
0.00438442
0.100783
-0.100773
0.100792
0.1008
0.100808
0.100816
0.100823
0.100829
0.100835
0.100839
0.100455
8.16532e-05
-3.63803e-05
0.100317
0.000244714
-0.000106712
0.100084
0.000413563
-0.000181149
0.0997529
0.00059499
-0.000263548
0.0993154
0.000795461
-0.000357994
0.0987618
0.00102267
-0.000469069
0.0980803
0.00128603
-0.000604498
0.0972533
0.00159951
-0.000772566
0.0962621
0.00197742
-0.0009862
0.0950769
0.00244928
-0.00126402
0.0936706
0.00303422
-0.00162799
0.091995
0.00380718
-0.00213159
0.0900289
0.00477353
-0.00280735
0.0877139
0.006157
-0.00384202
0.0851516
0.00781529
-0.00525302
0.0824482
0.0104971
-0.00779362
0.0806643
0.0130327
-0.0112489
0.0806692
0.0188898
-0.0188946
0.088353
0.0216753
-0.029359
0.0373958
-0.0444092
0.100459
0.000122471
0.100336
0.000367996
0.100128
0.000620991
0.0998338
0.00088965
0.0994477
0.00118156
0.0989639
0.00150643
0.098376
0.00187398
0.0976748
0.00230067
0.0968533
0.00279899
0.0959007
0.00340189
0.0948161
0.00411875
0.0935958
0.00502746
0.0922714
0.00609794
0.0908818
0.00754668
0.0895718
0.00912524
0.08854
0.0115289
0.0879984
0.0135743
0.0887119
0.0181763
0.0905089
0.0198782
0.0277582
0.100465
0.000157457
0.10036
0.000473443
0.100183
0.000797752
0.0999332
0.00113924
0.099609
0.00150573
0.0992081
0.00190735
0.0987289
0.00235322
0.0981702
0.00285936
0.0975338
0.00343542
0.0968242
0.00411148
0.0960541
0.0048888
0.0952471
0.00583446
0.0944433
0.00690176
0.0937217
0.00826831
0.0931582
0.00968877
0.0929786
0.0117085
0.0931525
0.0134004
0.0949628
0.016366
0.0971597
0.0176813
0.0207779
0.100471
0.000186045
0.100385
0.000559572
0.100241
0.000941545
0.10004
0.00134077
0.099781
0.00176468
0.0994657
0.00222269
0.0990961
0.00272279
0.0986768
0.00327869
0.0982147
0.00389749
0.0977235
0.00460272
0.09722
0.00539221
0.0967408
0.0063137
0.0963168
0.00732575
0.0960436
0.00854156
0.0959419
0.00979043
0.0962834
0.011367
0.0969336
0.0127502
0.0986841
0.0146155
0.100503
0.015862
0.0174388
0.100478
0.000208282
0.100411
0.000626589
0.100299
0.00105295
0.100145
0.00149556
0.0999482
0.00196107
0.0997133
0.00245754
0.0994445
0.00299163
0.0991492
0.00357391
0.0988371
0.00420964
0.0985251
0.0049147
0.0982305
0.00568681
0.0979908
0.00655343
0.09783
0.00748657
0.0978289
0.00854263
0.0979906
0.00962869
0.0984957
0.0108619
0.099228
0.0120179
0.100543
0.0133009
0.102055
0.0143493
0.0153553
0.100484
0.000224652
0.100434
0.00067598
0.100353
0.00113469
0.10024
0.00160796
0.1001
0.00210151
0.0999354
0.00262178
0.099753
0.00317409
0.099561
0.00376591
0.0993695
0.00440108
0.0991953
0.0050889
0.0990544
0.00582778
0.0989775
0.00663031
0.0989827
0.00748136
0.0991242
0.00840117
0.099408
0.00934487
0.0999258
0.0103441
0.100635
0.0113083
0.101663
0.0122733
0.102899
0.0131134
0.0138223
0.100489
0.00023591
0.100455
0.000710024
0.100399
0.00119072
0.100323
0.00168405
0.100229
0.00219465
0.100124
0.00272745
0.100011
0.00328647
0.0999006
0.00387664
0.0998012
0.00450057
0.0997271
0.00516295
0.0996922
0.00586271
0.0997182
0.0066043
0.0998206
0.00737892
0.100032
0.00818978
0.100363
0.00901414
0.100855
0.00985221
0.1015
0.010663
0.102334
0.0114391
0.103322
0.0121257
0.0127012
0.100493
0.000242933
0.100472
0.000731358
0.100437
0.00122559
0.10039
0.00173051
0.100335
0.00224975
0.100276
0.00278686
0.100218
0.00334476
0.100168
0.00392646
0.100135
0.00453353
0.10013
0.00516797
0.100164
0.00582878
0.100252
0.0065161
0.100407
0.00722394
0.100647
0.00794912
0.100984
0.00867812
0.101433
0.00940289
0.101995
0.010101
0.102675
0.0107591
0.103452
0.0113482
0.0118524
0.100496
0.000246611
0.100485
0.000742652
0.100467
0.00124383
0.100443
0.00175393
0.100417
0.00227563
0.100393
0.00281142
0.100374
0.00336324
0.100368
0.0039328
0.100381
0.00452086
0.100421
0.00512793
0.100497
0.00575268
0.10062
0.00639345
0.100798
0.0070455
0.101043
0.00770405
0.101361
0.00835975
0.10176
0.00900406
0.102239
0.00962267
0.102793
0.0102043
0.103411
0.010731
0.0111914
0.100499
0.000247774
0.100495
0.000746392
0.100489
0.00124962
0.100483
0.00176025
0.100478
0.00228018
0.100479
0.00281102
0.100488
0.00335396
0.100511
0.00390984
0.100553
0.00447883
0.100621
0.00506056
0.10072
0.00565348
0.100858
0.00625538
0.101041
0.00686226
0.101276
0.00746948
0.101565
0.00807006
0.101913
0.00865683
0.102315
0.00921989
0.102769
0.00975073
0.103262
0.0102374
0.0106721
0.100501
0.000247152
0.100502
0.00074476
0.100505
0.0012466
0.100511
0.00175462
0.100521
0.00227004
0.100538
0.00279382
0.100566
0.00332659
0.100607
0.00386862
0.100666
0.00441962
0.100748
0.00497881
0.100857
0.00554457
0.100997
0.00611464
0.101174
0.00668566
0.10139
0.00725362
0.101647
0.00781319
0.101945
0.00835875
0.102281
0.00888322
0.102652
0.00938044
0.103047
0.00984235
0.0102635
0.100502
0.000245356
0.100507
0.000739587
0.100516
0.00123782
0.100529
0.00174127
0.100549
0.00225062
0.100576
0.00276637
0.100614
0.00328871
0.100665
0.00381753
0.100732
0.00435227
0.100819
0.00489197
0.100929
0.00543506
0.101064
0.00597946
0.101227
0.00652239
0.10142
0.00706054
0.101644
0.00758984
0.101896
0.008106
0.102176
0.00860399
0.102477
0.0090794
0.102792
0.00952682
0.00994263
0.100502
0.000242884
0.10051
0.000732359
0.100522
0.00122572
0.10054
0.00172356
0.100564
0.00222618
0.100597
0.0027337
0.100639
0.00324603
0.100694
0.00376279
0.100763
0.00428329
0.100848
0.00480651
0.100953
0.00533101
0.101077
0.00585498
0.101223
0.00637612
0.101392
0.0068918
0.101583
0.00739894
0.101795
0.00789435
0.102024
0.00837448
0.102267
0.00883624
0.102518
0.00927608
0.00969169
0.100503
0.000240124
0.100511
0.000724245
0.100524
0.00121222
0.100544
0.00170413
0.10057
0.00219998
0.100604
0.00269965
0.100647
0.0032028
0.100701
0.00370894
0.100767
0.00421729
0.100847
0.00472685
0.100941
0.00523634
0.101052
0.00574422
0.10118
0.00624863
0.101324
0.00674752
0.101484
0.0072386
0.101659
0.00771953
0.101846
0.00818789
0.10204
0.00864156
0.102238
0.00907836
0.00949695
0.100503
0.000237377
0.100511
0.000716148
0.100524
0.00119878
0.100543
0.00168496
0.100569
0.00217449
0.100602
0.00266704
0.100642
0.00316214
0.100692
0.0036592
0.100752
0.00415744
0.100823
0.00465591
0.100906
0.00515348
0.101001
0.00564885
0.101109
0.00614055
0.10123
0.006627
0.101362
0.00710654
0.101504
0.00757749
0.101653
0.0080383
0.101807
0.00848757
0.101961
0.00892415
0.00934746
0.100503
0.000234866
0.10051
0.000708743
0.100522
0.00118649
0.10054
0.00166754
0.100563
0.0021515
0.100592
0.00263792
0.100628
0.00312626
0.100671
0.00361584
0.100722
0.00410591
0.100783
0.00459558
0.100852
0.00508386
0.100932
0.00556966
0.10102
0.00605183
0.101118
0.00652917
0.101224
0.00700048
0.101337
0.00746462
0.101455
0.00792067
0.101574
0.00836783
0.101693
0.00880572
0.0092344
0.100502
0.000232755
0.100508
0.000702514
0.100519
0.00117616
0.100533
0.00165293
0.100552
0.00213232
0.100577
0.00261379
0.100606
0.00309671
0.100642
0.00358041
0.100683
0.00406414
0.100732
0.00454705
0.100787
0.0050283
0.10085
0.00550695
0.10092
0.0059821
0.100996
0.00645282
0.101078
0.00691831
0.101165
0.00737779
0.101255
0.00783087
0.101346
0.00827711
0.101435
0.00871677
0.00915046
0.100502
0.000231157
0.100506
0.000697797
0.100514
0.00116835
0.100525
0.0016419
0.10054
0.00211787
0.100558
0.00259564
0.10058
0.00307457
0.100606
0.00355395
0.100637
0.00403304
0.100673
0.00451106
0.100715
0.00498722
0.100761
0.00546073
0.100812
0.00593085
0.100868
0.00639687
0.100928
0.00685824
0.100991
0.00731447
0.101057
0.00776553
0.101122
0.00821132
0.101187
0.00865256
0.0090898
0.100501
0.000230153
0.100504
0.000694815
0.100509
0.00116341
0.100516
0.00163492
0.100525
0.0021087
0.100537
0.00258409
0.100551
0.00306043
0.100568
0.003537
0.100588
0.00401305
0.100611
0.00448784
0.100638
0.00496063
0.100668
0.0054307
0.100701
0.00589743
0.100738
0.00636022
0.100777
0.0068187
0.100819
0.00727254
0.100863
0.00772198
0.100907
0.00816708
0.10095
0.00860899
0.00904937
0.1005
0.100502
0.100504
0.100507
0.100511
0.100516
0.100523
0.100531
0.100541
0.100553
0.100567
0.100582
0.1006
0.10062
0.100642
0.100666
0.100691
0.100717
0.100744
0.0299857
-9.60531e-05
0.0299431
-0.000288834
0.0298712
-0.000487322
0.0297683
-0.000694437
0.029632
-0.00091365
0.0294591
-0.0011489
0.0292447
-0.00140659
0.0289831
-0.0016939
0.0286656
-0.00202145
0.0282819
-0.0024059
0.0278156
-0.00286482
0.0272479
-0.00344654
0.0265471
-0.00417538
0.0256761
-0.00521642
0.0245732
-0.00657986
0.0231442
-0.00889729
0.0212731
-0.0120363
0.0183331
-0.0184968
0.0133143
-0.0274302
-0.0372898
0.0299854
-8.14851e-05
0.0299421
-0.000245549
0.029869
-0.00041415
0.0297642
-0.000589624
0.0296251
-0.000774617
0.0294485
-0.000972224
0.0292291
-0.00118721
0.0289606
-0.00142542
0.0286337
-0.00169454
0.0282364
-0.00200861
0.0277511
-0.00237955
0.0271536
-0.00284905
0.0264091
-0.00343082
0.0254608
-0.00426811
0.0242367
-0.00535576
0.0225643
-0.0072249
0.0202726
-0.00974457
0.0165855
-0.0148098
0.0107321
-0.0215768
-0.0265577
0.0299853
-6.68036e-05
0.0299414
-0.000201672
0.0298673
-0.000339978
0.029761
-0.000483326
0.0296199
-0.000633512
0.0294403
-0.000792672
0.0292171
-0.000963983
0.0289432
-0.00115157
0.0286091
-0.00136045
0.0282012
-0.00160067
0.0277013
-0.00187967
0.02708
-0.00222769
0.0263011
-0.00265199
0.0252898
-0.00325674
0.0239683
-0.00403429
0.022106
-0.00536262
0.0195126
-0.00715111
0.0153589
-0.0106561
0.0090098
-0.0152277
-0.0175479
0.0299852
-5.2031e-05
0.0299409
-0.000157391
0.0298661
-0.000265111
0.0297588
-0.000375997
0.0296162
-0.000490967
0.0294347
-0.000611124
0.0292088
-0.000738093
0.0289312
-0.000873991
0.0285921
-0.00102138
0.0281768
-0.00118538
0.0276668
-0.0013697
0.027029
-0.00158982
0.0262261
-0.00184912
0.025171
-0.00220161
0.0237801
-0.00264338
0.0217905
-0.00337303
0.01899
-0.00435066
0.014562
-0.00622803
0.00799787
-0.00866362
-0.00955002
0.0299852
-3.72024e-05
0.0299407
-0.000112888
0.0298654
-0.000189861
0.0297575
-0.000268098
0.0296142
-0.00034763
0.0294315
-0.000428485
0.0292042
-0.000510756
0.0289246
-0.000594419
0.0285829
-0.000679665
0.0281638
-0.000766212
0.0276485
-0.000854459
0.0270021
-0.000943421
0.0261868
-0.00103379
0.025109
-0.00112384
0.0236814
-0.00121573
0.0216254
-0.00131702
0.0187141
-0.00143939
0.0141501
-0.00166402
0.00750575
-0.00201928
-0.00204427
0.0299852
-2.23579e-05
0.0299406
-6.83428e-05
0.0298653
-0.000114542
0.0297573
-0.0001601
0.0296138
-0.000204159
0.029431
-0.000245678
0.0292035
-0.000283212
0.0289237
-0.000314611
0.0285817
-0.000337694
0.0281623
-0.000346786
0.0276468
-0.000338978
0.0270002
-0.000296847
0.0261847
-0.000218303
0.0251065
-4.55899e-05
0.0236772
0.000213515
0.0216155
0.000744753
0.0186905
0.00148556
0.0141018
0.00292469
0.00743487
0.00464765
0.0053906
0.0299852
-7.5367e-06
0.0299408
-2.39354e-05
0.0298657
-3.94686e-05
0.0297581
-5.2473e-05
0.0296151
-6.12114e-05
0.0294331
-6.36258e-05
0.0292066
-5.67031e-05
0.0289283
-3.6323e-05
0.0285884
2.15584e-06
0.0281723
6.93013e-05
0.0276616
0.000171728
0.0270232
0.000341537
0.0262201
0.000584887
0.0251636
0.00101089
0.0237685
0.00160864
0.0217621
0.00275111
0.0189219
0.00432573
0.014417
0.00742967
0.0077743
0.0112903
0.0131649
0.0299852
7.22842e-06
0.0299411
2.01528e-05
0.0298666
3.50457e-05
0.0297598
5.43172e-05
0.0296181
8.056e-05
0.0294377
0.000116764
0.0292134
0.000167548
0.0289384
0.000238699
0.028603
0.000337605
0.0281937
0.000478551
0.0276926
0.00067281
0.0270704
0.000963721
0.0262914
0.00136398
0.0252784
0.00202379
0.023952
0.00293505
0.0220636
0.00463957
0.0194091
0.00698019
0.0151171
0.0117217
0.00858946
0.017818
0.0217544
0.0299853
2.19199e-05
0.0299417
6.37318e-05
0.0298681
0.00010869
0.0297626
0.000159814
0.0296226
0.000220518
0.0294448
0.000294611
0.029224
0.000388359
0.0289538
0.000508833
0.0286251
0.000666389
0.0282259
0.000877716
0.0277389
0.00115977
0.0271403
0.00156231
0.026396
0.00210831
0.0254472
0.00297265
0.0242215
0.00416072
0.0225185
0.00634259
0.0201563
0.00934237
0.016252
0.0156259
0.0100889
0.0239811
0.0318432
0.0299855
0.0299426
0.0298701
0.0297664
0.0296289
0.0294544
0.0292383
0.0289746
0.0286547
0.0282684
0.0278002
0.0272309
0.0265319
0.0256625
0.0245702
0.0231192
0.0212126
0.0179439
0.012566
)
;

boundaryField
{
    inlet
    {
        type            calculated;
        value           nonuniform List<scalar> 
50
(
-0.075
-0.075
-0.075
-0.075
-0.075
-0.075
-0.075
-0.075
-0.075
-0.075
-0.075
-0.075
-0.075
-0.075
-0.075
-0.075
-0.075
-0.075
-0.075
-0.075
-0.03
-0.03
-0.03
-0.03
-0.03
-0.03
-0.03
-0.03
-0.03
-0.03
-0.1005
-0.1005
-0.1005
-0.1005
-0.1005
-0.1005
-0.1005
-0.1005
-0.1005
-0.1005
-0.1005
-0.1005
-0.1005
-0.1005
-0.1005
-0.1005
-0.1005
-0.1005
-0.1005
-0.1005
)
;
    }
    outlet
    {
        type            calculated;
        value           nonuniform List<scalar> 
150
(
0.000782323
0.000950181
0.00120863
0.0015139
0.00184013
0.00217213
0.002501
0.00282151
0.00313057
0.0034263
0.00370752
0.00397341
0.00422342
0.00445708
0.00467403
0.00487393
0.00505648
0.00522141
0.00536849
0.00549891
0.00223463
0.00225168
0.00226711
0.00228137
0.00229444
0.00230632
0.00231702
0.00232651
0.00233482
0.00234128
0.00786726
0.00788481
0.00785797
0.00778417
0.00766316
0.00749484
0.00727919
0.00701636
0.00670659
0.00635033
0.00594821
0.00550116
0.0050105
0.0044783
0.00390805
0.00330617
0.00268522
0.00207064
0.00151439
0.00112279
0.000229785
0.000693633
0.00116137
0.00163191
0.00210459
0.00257875
0.00305371
0.00352874
0.0040031
0.00447605
0.00494688
0.00541489
0.00587951
0.00634021
0.00679671
0.00724877
0.00769676
0.00814088
0.0085823
0.00902088
0.00373193
0.00380292
0.00387358
0.0039446
0.004016
0.00408785
0.00416025
0.00423318
0.0043073
0.00438041
0.0470342
0.0565237
0.0646017
0.0817485
0.114496
0.151285
0.175468
0.17995
0.167803
0.14604
0.121074
0.097163
0.0763573
0.0591376
0.0451784
0.0338758
0.0246057
0.0167936
0.0100213
0.00432045
0.000316423
0.000953064
0.00159333
0.0022369
0.00288342
0.00353228
0.00418255
0.00483297
0.00548192
0.00612735
0.00676689
0.00739779
0.00801707
0.00862156
0.0092082
0.00977401
0.0103167
0.0108346
0.011327
0.0117862
0.00483987
0.00491072
0.00497834
0.00504513
0.0051109
0.00517569
0.00523971
0.00530271
0.00536636
0.00542487
0.0571161
0.0645138
0.0699047
0.0907249
0.126985
0.158564
0.172369
0.168244
0.151535
0.128867
0.105726
0.085026
0.0675451
0.0530852
0.0411681
0.0312857
0.0229771
0.0158107
0.00949714
0.00412067
)
;
    }
    upAndBottom
    {
        type            empty;
        value           nonuniform 0();
    }
    obstacle
    {
        type            calculated;
        value           uniform 0;
    }
}


// ************************************************************************* //
