/*--------------------------------*- C++ -*----------------------------------*\
| =========                 |                                                 |
| \\      /  F ield         | OpenFOAM: The Open Source CFD Toolbox           |
|  \\    /   O peration     | Version:  v1806                                 |
|   \\  /    A nd           | Web:      www.OpenFOAM.com                      |
|    \\/     M anipulation  |                                                 |
\*---------------------------------------------------------------------------*/
FoamFile
{
    version     2.0;
    format      ascii;
    class       surfaceScalarField;
    location    "330";
    object      phi;
}
// * * * * * * * * * * * * * * * * * * * * * * * * * * * * * * * * * * * * * //

dimensions      [0 3 -1 0 0 0 0];
oriented        oriented;


internalField   nonuniform List<scalar> 
4680
(
0.0675003
-0.000300518
0.0675013
-0.000895064
0.0675034
-0.00148186
0.067507
-0.00205946
0.0675128
-0.00262677
0.0675214
-0.00318228
0.0675338
-0.00372366
0.0675511
-0.0042475
0.0675744
-0.00474928
0.0676051
-0.00522333
0.0676446
-0.00566307
0.0676944
-0.00606112
0.0677558
-0.00640946
0.06783
-0.00669955
0.067918
-0.00692257
0.0680202
-0.00706964
0.0681363
-0.00713252
0.0682647
-0.0071034
0.0684035
-0.00697701
-0.00675743
0.068569
0.0675007
-0.000301211
0.067503
-0.000897363
0.0675073
-0.00148615
0.0675143
-0.00206644
0.0675249
-0.00263738
0.0675403
-0.00319767
0.0675618
-0.0037452
0.0675911
-0.00427679
0.0676299
-0.00478806
0.06768
-0.00527349
0.0677435
-0.00572651
0.0678221
-0.00613969
0.0679174
-0.00650476
0.0680306
-0.00681279
0.0681624
-0.00705435
0.0683125
-0.00721981
0.06848
-0.00729995
0.068663
-0.00728644
0.0688591
-0.00717307
-0.00695595
0.0690576
0.067501
-0.00030226
0.0675045
-0.000900802
0.0675109
-0.00149258
0.0675214
-0.00207689
0.0675372
-0.0026532
0.0675601
-0.00322054
0.067592
-0.00377711
0.0676352
-0.00432
0.0676922
-0.00484505
0.0677656
-0.0053469
0.067858
-0.00581897
0.067972
-0.00625369
0.0681097
-0.00664239
0.0682724
-0.00697555
0.0684609
-0.00724278
0.0686744
-0.00743338
0.0689111
-0.00753657
0.0691673
-0.00754273
0.0694373
-0.00744299
-0.0072316
0.0697129
0.0675013
-0.000303529
0.0675055
-0.000905017
0.0675135
-0.00150058
0.0675266
-0.00209004
0.0675467
-0.0026733
0.0675761
-0.00324988
0.0676173
-0.00381831
0.0676734
-0.00437613
0.0677477
-0.0049194
0.0678439
-0.00544302
0.0679653
-0.00594036
0.0681153
-0.00640374
0.0682968
-0.00682389
0.0685118
-0.00719056
0.068761
-0.00749201
0.0690438
-0.0077161
0.0693571
-0.00784988
0.069696
-0.00788171
0.0700532
-0.00780011
-0.00759881
0.0704204
0.0675013
-0.000304848
0.0675058
-0.000909498
0.0675145
-0.00150927
0.0675291
-0.00210469
0.067552
-0.00269619
0.067586
-0.00328388
0.0676345
-0.00386677
0.0677013
-0.00444295
0.0677907
-0.00500879
0.0679073
-0.00555963
0.0680557
-0.00608873
0.0682403
-0.0065884
0.068465
-0.00704859
0.0687327
-0.00745826
0.0690446
-0.00780389
0.0694
-0.00807151
0.0697955
-0.00824531
0.0702249
-0.00831114
0.0706787
-0.00825395
-0.00806559
0.0711455
0.0675012
-0.000305999
0.0675052
-0.000913591
0.0675135
-0.00151757
0.0675282
-0.00211931
0.0675519
-0.00271988
0.0675881
-0.00332015
0.067641
-0.00391968
0.0677155
-0.00451738
0.0678166
-0.00510994
0.0679504
-0.00569344
0.0681226
-0.00626094
0.0683394
-0.0068051
0.0686055
-0.00731473
0.0689255
-0.00777822
0.0693012
-0.0081796
0.0697326
-0.00850292
0.0702158
-0.00872848
0.0707436
-0.00883899
0.071304
-0.00881431
-0.00864375
0.0718821
0.0675007
-0.000306717
0.0675036
-0.000916496
0.0675102
-0.00152414
0.0675229
-0.00213201
0.067545
-0.00274193
0.0675805
-0.00335572
0.0676344
-0.00397356
0.0677125
-0.00459551
0.0678211
-0.00521855
0.0679678
-0.00584008
0.0681595
-0.00645265
0.0684045
-0.00705014
0.0687092
-0.00761943
0.0690802
-0.00814923
0.0695205
-0.00861988
0.0700314
-0.00901381
0.0706087
-0.0093058
0.0712445
-0.00947479
0.0719238
-0.00949364
-0.0093483
0.0726284
0.0675
-0.000306695
0.0675008
-0.000917281
0.067504
-0.00152741
0.0675126
-0.00214058
0.0675301
-0.00275943
0.0675614
-0.00338699
0.0676119
-0.00402409
0.0676888
-0.00467244
0.0677994
-0.00532915
0.0679533
-0.00599388
0.0681586
-0.00665805
0.0684269
-0.00731837
0.0687657
-0.00795822
0.0691854
-0.00856899
0.0696901
-0.00912452
0.070284
-0.00960771
0.0709627
-0.00998449
0.0717181
-0.0102302
0.0725321
-0.0103077
-0.0101981
0.073382
0.0674989
-0.00030558
0.0674965
-0.000914884
0.0674947
-0.00152559
0.0674965
-0.00214245
0.0675061
-0.002769
0.0675289
-0.00340975
0.0675709
-0.00406618
0.0676408
-0.00474226
0.0677466
-0.00543495
0.0679004
-0.00614767
0.0681117
-0.00686939
0.0683961
-0.00760282
0.0687623
-0.00832441
0.069227
-0.00903367
0.0697941
-0.00969158
0.0704744
-0.0102881
0.0712623
-0.0107723
0.0721516
-0.0111195
0.0731201
-0.0112762
-0.0112176
0.0741395
0.0674974
-0.000302989
0.0674907
-0.000908138
0.0674818
-0.00151669
0.0674741
-0.00213476
0.0674719
-0.00276682
0.0674813
-0.00341914
0.0675089
-0.00409381
0.0675645
-0.00479789
0.0676572
-0.00552765
0.067802
-0.00629241
0.0680091
-0.00707655
0.0683004
-0.00789405
0.068684
-0.00870808
0.0691876
-0.00953726
0.069812
-0.010316
0.0705821
-0.0110581
0.0714862
-0.0116764
0.0725269
-0.0121603
0.0736749
-0.0124242
-0.0124382
0.0748956
0.0674955
-0.000298512
0.0674832
-0.000895793
0.0674651
-0.00149858
0.0674447
-0.0021144
0.0674266
-0.00274869
0.0674171
-0.0034097
0.0674235
-0.00410019
0.0674566
-0.004831
0.0675263
-0.00559735
0.0676508
-0.00641684
0.0678408
-0.00726663
0.0681262
-0.00817943
0.0685131
-0.009095
0.0690466
-0.0100707
0.0697178
-0.0109872
0.0705807
-0.011921
0.071605
-0.0127008
0.0728198
-0.013375
0.0741783
-0.0137827
-0.0139021
0.0756421
0.0674932
-0.00029173
0.067474
-0.000876566
0.0674445
-0.00146906
0.0674082
-0.00207808
0.0673696
-0.00271015
0.0673354
-0.0033755
0.067313
-0.00407778
0.067314
-0.00483205
0.0673492
-0.0056325
0.0674395
-0.00650713
0.0675965
-0.00742361
0.0678589
-0.0084419
0.0682296
-0.00946564
0.0687788
-0.0106199
0.0694784
-0.0116868
0.070437
-0.0128796
0.0715771
-0.0138409
0.0729984
-0.0147963
0.0746027
-0.0153869
-0.0156662
0.0763668
0.0674905
-0.000282234
0.0674631
-0.000849199
0.06742
-0.00142594
0.0673645
-0.00202253
0.0673009
-0.00264662
0.0672357
-0.00331031
0.0671765
-0.0040185
0.0671348
-0.00479038
0.0671223
-0.00562004
0.0671617
-0.00654651
0.0672664
-0.00752832
0.0674829
-0.0086584
0.0678121
-0.0097948
0.0683539
-0.0111617
0.0690531
-0.012386
0.0701078
-0.0139343
0.0713428
-0.0150759
0.0730235
-0.016477
0.0749036
-0.0172671
-0.0178128
0.0770502
0.0674874
-0.000269646
0.0674507
-0.000812537
0.067392
-0.00136719
0.0673141
-0.00194463
0.0672211
-0.00255365
0.0671187
-0.00320792
0.0670143
-0.00391404
0.0669186
-0.00469469
0.0668442
-0.00554564
0.0668131
-0.00651543
0.066843
-0.00755821
0.0669829
-0.00879828
0.06724
-0.0100519
0.0677358
-0.0116575
0.0683972
-0.0130474
0.0695319
-0.015069
0.0708187
-0.0163626
0.0728439
-0.0185023
0.0749978
-0.0194209
-0.0204829
0.0776679
0.067484
-0.000253652
0.0674371
-0.000765617
0.0673609
-0.00129104
0.067258
-0.00184166
0.0671315
-0.00242722
0.0669862
-0.00306259
0.0668285
-0.00375632
0.0666674
-0.00453366
0.0665159
-0.0053941
0.0663929
-0.00639247
0.0663218
-0.00748708
0.0663463
-0.00882283
0.0664943
-0.0101999
0.0668833
-0.0120464
0.0674668
-0.013631
0.0686198
-0.0162219
0.0699044
-0.0176473
0.0723698
-0.0209676
0.0747239
-0.021775
-0.0239924
0.0782334
0.0674804
-0.000234035
0.0674225
-0.000707762
0.0673277
-0.00119622
0.0671976
-0.00171157
0.0670345
-0.00226408
0.0668414
-0.00286955
0.0666232
-0.00353809
0.0663865
-0.00429696
0.0661426
-0.00515014
0.0659062
-0.00615609
0.0657039
-0.00728483
0.0655692
-0.00868813
0.0655579
-0.0101886
0.065756
-0.0122445
0.0662165
-0.0140915
0.0672505
-0.0172559
0.0685171
-0.0189139
0.0713961
-0.0238466
0.0738145
-0.0241934
-0.0291213
0.0789434
0.0674767
-0.00021071
0.0674076
-0.000638678
0.0672935
-0.0010821
0.0671351
-0.00155322
0.0669333
-0.00206224
0.0666893
-0.00262556
0.0664051
-0.00325393
0.0660845
-0.00397636
0.0657345
-0.00480011
0.0653652
-0.00578674
0.0649996
-0.00691923
0.0646615
-0.00835004
0.0644217
-0.00994886
0.0643307
-0.0121535
0.0645756
-0.0143364
0.0652834
-0.0179638
0.0665939
-0.0202243
0.0695359
-0.0267887
0.072063
-0.0267204
-0.0372138
0.0801555
0.067473
-0.000183756
0.0673929
-0.000558534
0.0672597
-0.000948887
0.0670731
-0.00136667
0.0668323
-0.00182139
0.0665362
-0.00232945
0.0661835
-0.00290124
0.0657739
-0.00356677
0.0653083
-0.00433456
0.0647905
-0.00526891
0.0642328
-0.00636147
0.0636503
-0.00776755
0.063101
-0.00939961
0.0626222
-0.0116747
0.0624502
-0.0141644
0.0626242
-0.0181378
0.0639215
-0.0215217
0.0663507
-0.0292179
0.0697878
-0.0301576
-0.0488455
0.0814195
0.0674697
-0.000153459
0.0673792
-0.000468021
0.067228
-0.00079771
0.0670147
-0.00115335
0.0667365
-0.00154325
0.0663898
-0.00198272
0.0659698
-0.00248121
0.0654707
-0.00306768
0.064887
-0.00375087
0.064212
-0.00459387
0.0634448
-0.00559435
0.0625831
-0.00690583
0.0616551
-0.0084716
0.0606811
-0.0107007
0.0598305
-0.0133137
0.0591994
-0.0175067
0.0597693
-0.0220916
0.0612092
-0.0306577
0.0679321
-0.0368805
-0.0597403
0.0788269
0.0674669
-0.000120318
0.0673672
-0.000368363
0.0672002
-0.000630713
0.0669631
-0.000916248
0.0666515
-0.00123166
0.0662587
-0.00158992
0.0657768
-0.00199927
0.0651937
-0.0024846
0.0644976
-0.00305479
0.0636682
-0.0037645
0.0626921
-0.00461818
0.0615356
-0.00574931
0.060198
-0.00713402
0.058628
-0.00913072
0.0569038
-0.0115895
0.0549922
-0.0155951
0.05341
-0.0205094
0.0529325
-0.0301802
0.059928
-0.043876
0.0643044
-0.0641167
0.0686341
-0.00260997
0.0686945
-0.00254878
0.0687567
-0.00248411
0.0688193
-0.00241292
0.068882
-0.00233582
0.0689444
-0.00225306
0.0690065
-0.00216476
0.0690677
-0.00207139
0.0691277
-0.00197192
-0.00187198
0.0691832
0.069137
-0.00268938
0.0692187
-0.00263046
0.0692996
-0.00256499
0.0693798
-0.00249311
0.0694588
-0.00241488
0.0695363
-0.00233052
0.0696117
-0.00224021
0.0696848
-0.00214444
0.0697551
-0.00204226
-0.00194045
0.0698236
0.0698244
-0.00280083
0.069935
-0.00274111
0.0700443
-0.00267423
0.0701515
-0.00260039
0.0702564
-0.00251971
0.0703582
-0.00243239
0.0704567
-0.00233863
0.0705511
-0.00223893
0.0706413
-0.00213238
-0.00202533
0.0707262
0.0705666
-0.00294707
0.0707114
-0.00288595
0.0708544
-0.00281716
0.0709946
-0.00274062
0.0711314
-0.00265653
0.0712641
-0.00256508
0.071392
-0.00246648
0.0715143
-0.00236126
0.0716305
-0.00224854
-0.00213476
0.0717399
0.0713312
-0.00313273
0.0715153
-0.00307011
0.071697
-0.00299884
0.0718752
-0.00291883
0.072049
-0.00283029
0.0722173
-0.00273343
0.0723794
-0.00262851
0.0725342
-0.00251606
0.0726809
-0.00239533
-0.0022726
0.0728188
0.0721126
-0.00336317
0.0723412
-0.00329871
0.0725667
-0.00322436
0.0727879
-0.00314001
0.0730034
-0.00304587
0.0732122
-0.00294219
0.073413
-0.00282928
0.0736046
-0.00270769
0.0737862
-0.00257689
-0.00244274
0.0739563
0.0729097
-0.00364449
0.0731889
-0.00357793
0.0734644
-0.00349989
0.0737346
-0.00341022
0.0739979
-0.00330917
0.0742528
-0.00319702
0.0744977
-0.00307422
0.0747313
-0.00294126
0.0749525
-0.00279806
-0.00264956
0.0751593
0.073722
-0.00398456
0.0740598
-0.00391568
0.0743932
-0.00383328
0.0747201
-0.00373713
0.0750385
-0.00362758
0.0753465
-0.00350497
0.0756422
-0.00336994
0.0759238
-0.00322291
0.0761903
-0.00306457
-0.00289808
0.0764388
0.0745485
-0.00439358
0.074955
-0.0043222
0.0753564
-0.00423462
0.0757498
-0.0041305
0.0761325
-0.00401036
0.0765022
-0.00387468
0.0768568
-0.00372446
0.0771938
-0.00355993
0.0775124
-0.00338318
-0.00319405
0.0778084
0.0753869
-0.00488494
0.0758756
-0.00481091
0.076358
-0.00471702
0.0768303
-0.00460279
0.0772891
-0.00446911
0.0777312
-0.00431676
0.078154
-0.00414734
0.0785549
-0.00396083
0.0789333
-0.00376159
-0.00354382
0.0792831
0.076234
-0.0054768
0.076823
-0.00539993
0.0774038
-0.00529789
0.0779712
-0.00517015
0.0785205
-0.00501837
0.0790477
-0.00484401
0.0795501
-0.00464968
0.0800242
-0.00443501
0.0804706
-0.00420796
-0.0039538
0.0808806
0.0770853
-0.00619539
0.0778003
-0.00611488
0.0785035
-0.00600108
0.0791871
-0.00585379
0.0798452
-0.00567644
0.0804729
-0.00547172
0.0810671
-0.00524387
0.0816241
-0.00499204
0.0821459
-0.00472977
-0.00442901
0.0826212
0.0779373
-0.0070825
0.0788172
-0.00699477
0.0796771
-0.00686093
0.0805058
-0.0066825
0.0812958
-0.00646651
0.0820416
-0.0062175
0.0827398
-0.00594203
0.0833866
-0.00563882
0.0839866
-0.0053298
-0.00496794
0.0845255
0.0787946
-0.00820922
0.0799027
-0.00810288
0.0809719
-0.00793014
0.0819867
-0.00769727
0.0829377
-0.00741749
0.0838179
-0.00709772
0.084624
-0.00674816
0.0853526
-0.00636736
0.0860131
-0.00599033
-0.00554297
0.0865881
0.0797144
-0.00969022
0.0811486
-0.00953713
0.082501
-0.00928254
0.0837492
-0.00894544
0.0848793
-0.0085476
0.0858816
-0.00809998
0.0867539
-0.00762051
0.0874957
-0.00710911
0.0881269
-0.00662153
-0.00604085
0.0886248
0.0809412
-0.0116881
0.0828003
-0.0113963
0.084463
-0.0109452
0.0859041
-0.0103865
0.0871058
-0.00974934
0.0880609
-0.00905511
0.0887794
-0.00833898
0.0892772
-0.00760689
0.0895954
-0.00693978
-0.00616042
0.089715
0.082847
-0.0143796
0.0850084
-0.0135577
0.0866626
-0.0125993
0.0878351
-0.011559
0.0885415
-0.0104558
0.0888219
-0.00933543
0.0887368
-0.00825395
0.0883528
-0.00722287
0.0877375
-0.00632442
-0.00535349
0.0869305
0.084249
-0.0172091
0.0856955
-0.0150041
0.0861059
-0.0130098
0.0856461
-0.0110992
0.0844867
-0.0092964
0.0828278
-0.00767651
0.080842
-0.00626816
0.078665
-0.0050459
0.0763731
-0.00403255
-0.00308125
0.0741009
0.0780771
-0.0164593
0.0758012
-0.0127283
0.0723233
-0.00953187
0.068054
-0.00682986
0.0634388
-0.00468124
0.0588446
-0.00308229
0.054509
-0.00193251
0.0505888
-0.0011257
0.0471537
-0.000597463
-0.00031026
0.0443827
0.0478452
0.0351169
0.025585
0.0187551
0.0140739
0.0109916
0.0090591
0.0079334
0.00733593
0.00702567
0.0697378
-0.011463
0.0700582
-0.00119547
0.0696993
0.0148832
0.0686365
0.0210461
0.068231
0.00404462
0.0693707
-0.00878181
0.0705199
-0.0181495
0.0713439
-0.0141109
0.0718083
0.00446362
0.0717372
0.020726
0.0709613
0.0429183
0.0683482
0.033888
0.0664757
0.00654857
0.0659148
-0.00923927
0.0669092
-0.0404302
0.0694759
-0.0350229
0.0704061
-0.0195319
0.0719102
-0.00561022
0.0728973
0.0407561
0.0308054
0.0703368
-0.0119762
0.0705141
-0.0013728
0.0698092
0.0155882
0.0684002
0.0224551
0.0678986
0.00454615
0.0693796
-0.0102628
0.0709199
-0.0196898
0.0718305
-0.0150215
0.0720805
0.00421368
0.0718212
0.0209853
0.0709407
0.0437988
0.0681723
0.0366564
0.0659952
0.00872571
0.0651369
-0.00838102
0.0661333
-0.0414266
0.0690317
-0.0379214
0.0701181
-0.0206184
0.0718903
-0.00738238
0.0728606
0.0397858
0.0319253
0.0712988
-0.0125489
0.0713054
-0.00137935
0.0701079
0.0167857
0.068118
0.0244449
0.0674071
0.00525706
0.0693318
-0.0121875
0.0715363
-0.0218943
0.0726387
-0.0161238
0.0726378
0.00421452
0.0720303
0.0215928
0.0708837
0.0449455
0.0678661
0.0396739
0.0652604
0.0113314
0.0638307
-0.0069513
0.0647331
-0.042329
0.0680984
-0.0412866
0.0696288
-0.0221489
0.0716716
-0.00942513
0.0727244
0.038733
0.0331215
0.0724348
-0.0132438
0.0723334
-0.00127791
0.0705854
0.0185337
0.0678616
0.0271687
0.0668095
0.00630908
0.0691899
-0.0145678
0.0722285
-0.0249329
0.0736815
-0.0175768
0.0734366
0.0044595
0.0723792
0.0226502
0.0708636
0.0464611
0.0675306
0.0430069
0.0643535
0.0145085
0.0621323
-0.00473005
0.0627621
-0.0429588
0.0666491
-0.0451736
0.0688051
-0.0243049
0.0713018
-0.0119218
0.0725014
0.0375333
0.0343764
0.073682
-0.014107
0.0735082
-0.00110412
0.07119
0.0208519
0.0676369
0.0307218
0.0661098
0.00783619
0.0688774
-0.0173355
0.0728678
-0.0289233
0.0748511
-0.0195602
0.0744202
0.00489049
0.0728634
0.0242069
0.0709209
0.0484036
0.0672141
0.0467137
0.0633579
0.0183648
0.0601655
-0.00153773
0.0603375
-0.0431308
0.0647031
-0.0495391
0.0676128
-0.0272146
0.0707441
-0.0150532
0.0721855
0.0360919
0.0356672
0.075027
-0.0151777
0.0747905
-0.000867632
0.0718746
0.0237677
0.0674363
0.0351602
0.0652893
0.00998322
0.068274
-0.0203202
0.073279
-0.0339284
0.0760055
-0.0222867
0.075509
0.00538701
0.0734669
0.026249
0.071069
0.0508014
0.0669477
0.050835
0.0623358
0.0229768
0.0580759
0.00272221
0.0576523
-0.0427073
0.0623662
-0.054253
0.066074
-0.0309224
0.0699878
-0.018967
0.0717682
0.0343116
0.0369637
0.0764858
-0.0165042
0.076169
-0.000550812
0.0726055
0.0273312
0.0672648
0.0405009
0.0643301
0.0129179
0.0672069
-0.023197
0.0732004
-0.0399218
0.0769384
-0.0260248
0.0765873
0.00573813
0.0741496
0.0286867
0.0713042
0.0536468
0.0667463
0.0553929
0.0613395
0.0283835
0.0560254
0.00803634
0.0549462
-0.0416281
0.0598161
-0.0591228
0.0642723
-0.0353786
0.0690504
-0.023745
0.0712472
0.0321147
0.0382315
0.0780866
-0.018152
0.07765
-0.000114245
0.073359
0.0316222
0.067144
0.0467159
0.0632269
0.016835
0.0654598
-0.0254299
0.0722671
-0.0467291
0.0773553
-0.0311129
0.0774899
0.00560352
0.0748456
0.031331
0.0716071
0.0568853
0.0666091
0.0603909
0.0604203
0.0345722
0.0541696
0.0142871
0.0524603
-0.0399188
0.0572674
-0.06393
0.0623363
-0.0404475
0.0679753
-0.0293841
0.0706315
0.0294586
0.0394397
0.0798633
-0.0202069
0.0792476
0.000501421
0.0741171
0.0367527
0.0670999
0.0537331
0.061986
0.0219489
0.0628225
-0.0262664
0.0700627
-0.0539693
0.076886
-0.0379363
0.0780013
0.00448824
0.075462
0.0338704
0.0719416
0.0604057
0.0665251
0.0658074
0.0596242
0.0414732
0.0526373
0.0212739
0.0503899
-0.0376714
0.054927
-0.0684671
0.0604143
-0.0459348
0.066826
-0.0357958
0.0699396
0.026345
0.0405675
0.081851
-0.0227748
0.080977
0.00137548
0.0748686
0.0428611
0.0671425
0.0614592
0.0606122
0.0284791
0.0591918
-0.024846
0.0662716
-0.0610491
0.0751681
-0.0468328
0.0778816
0.00177479
0.0758819
0.03587
0.0722556
0.064032
0.0664767
0.0715863
0.0589886
0.0489614
0.0515104
0.0287521
0.048853
-0.035014
0.0529572
-0.0725713
0.058647
-0.0516245
0.0656735
-0.0428223
0.0691965
0.022822
0.0416065
0.0840707
-0.0259649
0.0828524
0.00259376
0.0756114
0.0501021
0.0672459
0.0698248
0.0590989
0.0366261
0.0546922
-0.0204393
0.0609019
-0.0672589
0.0719951
-0.057926
0.0769286
-0.0031587
0.0759829
0.0368157
0.0724872
0.0675277
0.066442
0.0776315
0.0585334
0.0568699
0.0508159
0.0364696
0.0478821
-0.0320802
0.0514555
-0.0761447
0.0571444
-0.0573134
0.0645839
-0.0502618
0.06843
0.0189759
0.0425611
0.0865074
-0.0298511
0.08487
0.00423114
0.0763511
0.058621
0.0673508
0.0788251
0.0574369
0.04654
0.0497412
-0.0127436
0.0544425
-0.0719602
0.0674659
-0.0709493
0.0750544
-0.0107472
0.0756671
0.036203
0.0725746
0.0706202
0.0663963
0.0838098
0.0582528
0.0650134
0.0505343
0.0441881
0.0474379
-0.0289837
0.050453
-0.0791597
0.055974
-0.0628344
0.0636079
-0.0578957
0.0676662
0.0149175
0.0434455
0.0890472
-0.0343727
0.0869728
0.00630553
0.0770856
0.0685082
0.067382
0.0885286
0.0556538
0.0582683
0.0449861
-0.00207598
0.047804
-0.074778
0.062015
-0.0851604
0.0723452
-0.0210774
0.0748922
0.0336561
0.072468
0.0730444
0.0663154
0.0899624
0.0581333
0.0731956
0.0506147
0.0517066
0.0474496
-0.0258186
0.0499281
-0.0816382
0.0551589
-0.0680653
0.0627763
-0.0655131
0.0669265
0.0107673
0.0442806
0.0913321
-0.0391167
0.0889602
0.00867741
0.077767
0.0797013
0.0672697
0.0990259
0.0538352
0.0717028
0.0410985
0.0106607
0.0420188
-0.0756983
0.056322
-0.0994636
0.0690392
-0.0337946
0.0736857
0.0290095
0.0721398
0.0745902
0.0661778
0.0959244
0.058151
0.0812224
0.0509925
0.0588651
0.047848
-0.0226742
0.0498268
-0.0836169
0.0546856
-0.0729241
0.0620998
-0.0729272
0.0662257
0.00664142
0.0450893
0.0924624
-0.0429543
0.0903187
0.0108211
0.0782368
0.0917832
0.0669468
0.110316
0.0520922
0.0865574
0.0385227
0.0242302
0.0378722
-0.0750478
0.0511174
-0.112709
0.065474
-0.0481512
0.0721367
0.0223468
0.0715876
0.0751394
0.0659673
0.101545
0.0582751
0.0889146
0.0516011
0.0655391
0.048545
-0.0196181
0.0500796
-0.0851516
0.0545165
-0.077361
0.0615733
-0.079984
0.0655718
0.0026429
0.0458936
0.0905618
-0.0438011
0.0899429
0.01144
0.0781327
0.103593
0.0662947
0.122154
0.0504861
0.102366
0.0373362
0.0373801
0.0356661
-0.0733777
0.0469943
-0.124037
0.0620155
-0.0631725
0.0703726
0.0139898
0.0708311
0.0746808
0.0656739
0.106702
0.0584721
0.0961164
0.0523774
0.0716338
0.0494641
-0.0167047
0.0506159
-0.0863034
0.0546022
-0.0813474
0.0611812
-0.086563
0.0649675
-0.00114335
0.0467118
0.0825133
-0.0393838
0.0860102
0.00794308
0.0768157
0.112788
0.0650876
0.133882
0.0489869
0.118467
0.0372971
0.0490699
0.0353095
-0.0713901
0.0442755
-0.133003
0.0589799
-0.0778769
0.0685296
0.00444013
0.0699052
0.0733052
0.0652934
0.111314
0.0587094
0.1027
0.0532671
0.0770761
0.0505449
-0.0139826
0.0513722
-0.0871306
0.0548917
-0.084867
0.0609031
-0.0925744
0.0644108
-0.004651
0.0475577
0.0651016
-0.0303845
0.076802
-0.0037574
0.0735223
0.116068
0.0630272
0.144377
0.0474797
0.134014
0.0380168
0.0585327
0.0363562
-0.0697295
0.042985
-0.139632
0.0565598
-0.0914517
0.0667279
-0.00572792
0.0688506
0.0711825
0.0648266
0.115338
0.058958
0.108569
0.054225
0.0818091
0.0517402
-0.0114978
0.0522947
-0.0876851
0.0553384
-0.0879107
0.0607182
-0.0979541
0.0638973
-0.00783014
0.0484399
0.0397094
-0.0257113
0.0632722
-0.0273201
0.0681707
0.111169
0.059917
0.152631
0.0458321
0.148099
0.0391428
0.0652221
0.0382788
-0.0688655
0.0429252
-0.144278
0.0548406
-0.103367
0.0650552
-0.0159426
0.0677062
0.0685315
0.0642769
0.118767
0.0591938
0.113652
0.0552154
0.0857876
0.053012
-0.00929439
0.0533386
-0.0880118
0.0559028
-0.0904749
0.0606065
-0.102658
0.0634211
-0.0106448
0.0493628
0.017383
-0.0360686
0.0491316
-0.0590687
0.0616435
0.0986573
0.055828
0.158446
0.0439797
0.159947
0.0404605
0.0687412
0.0407076
-0.0691127
0.0437996
-0.14737
0.0537885
-0.113356
0.0635604
-0.0257144
0.0665013
0.0655906
0.0636498
0.121618
0.0593993
0.117903
0.0562114
0.0889755
0.054349
-0.00743195
0.0544763
-0.088139
0.0565312
-0.0925297
0.0605495
-0.106676
0.0629776
-0.0130729
0.0503284
0.00528537
-0.041354
0.0255953
-0.0793786
0.0374167
0.0868359
0.034481
0.161382
0.02816
0.166268
0.0277564
0.0691449
0.0286807
-0.070037
0.0300569
-0.148746
0.0355511
-0.11885
0.0416683
-0.0318316
0.0437032
0.0635557
0.0420447
0.123277
0.0396269
0.12032
0.0380003
0.0906021
0.0370278
-0.00645947
0.0370024
-0.0881137
0.038032
-0.0935593
0.0403554
-0.109
0.041766
-0.0144835
0.0510035
0.00172533
-0.0430793
0.0204026
-0.0980559
0.0344283
0.0728102
0.03215
0.16366
0.0272554
0.171163
0.0284644
0.0679358
0.0299226
-0.0714951
0.0308664
-0.14969
0.0354836
-0.123467
0.0411361
-0.0374842
0.0431664
0.0615255
0.0417203
0.124723
0.0396613
0.122379
0.0384238
0.0918396
0.0376323
-0.00566797
0.0375371
-0.0880185
0.0383503
-0.0943726
0.0403537
-0.111003
0.041585
-0.0157149
0.0516935
-0.000928376
-0.0421509
0.0157472
-0.114731
0.0314187
0.0571387
0.0297183
0.165361
0.0264086
0.174473
0.029252
0.0650923
0.0312109
-0.0734539
0.0317748
-0.150254
0.0355366
-0.127229
0.0406475
-0.0425951
0.0426075
0.0595656
0.041372
0.125958
0.0396965
0.124055
0.0388432
0.0926928
0.0382324
-0.00505717
0.0380752
-0.0878613
0.0386755
-0.0949729
0.0403573
-0.112685
0.0414057
-0.0167632
0.0523966
-0.00279345
-0.0393575
0.0117292
-0.129254
0.0284274
0.0404405
0.0272018
0.166586
0.0256438
0.176031
0.0301282
0.0606079
0.0325382
-0.0758639
0.0327506
-0.150467
0.0356782
-0.130157
0.040199
-0.0471159
0.0420457
0.0577189
0.0410057
0.126998
0.0397135
0.125347
0.0392514
0.0931549
0.0388295
-0.0046353
0.0386143
-0.0876461
0.0390021
-0.0953607
0.0403638
-0.114046
0.0412291
-0.0176285
0.0531104
-0.00361807
-0.0357394
0.00851391
-0.141386
0.0254208
0.0235336
0.0246505
0.167357
0.0250183
0.175663
0.0311104
0.0545158
0.0338989
-0.0786524
0.0337685
-0.150336
0.0358848
-0.132273
0.0397835
-0.0510145
0.0414813
0.0560211
0.0406227
0.127857
0.0397124
0.126257
0.039647
0.0932204
0.039421
-0.00440926
0.0391508
-0.0873759
0.0393266
-0.0955365
0.0403711
-0.115091
0.041054
-0.0183114
0.0538321
-0.00313709
-0.0326023
0.00622981
-0.150753
0.0223641
0.00739935
0.0221427
0.167578
0.0246008
0.173205
0.0322154
0.0469012
0.0352876
-0.0817246
0.0348074
-0.149856
0.0361354
-0.133601
0.0393937
-0.0542728
0.0409144
0.0545004
0.0402241
0.128547
0.0396938
0.126788
0.0400297
0.0928845
0.0400049
-0.0043845
0.0396817
-0.0870527
0.0396463
-0.0955011
0.040377
-0.115822
0.0408794
-0.0188138
0.0545583
-0.00112617
-0.0314762
0.00491025
-0.156789
0.019271
-0.00696137
0.0197819
0.167067
0.0244717
0.168515
0.0334576
0.0379153
0.0366984
-0.0849653
0.0358494
-0.149007
0.0364114
-0.134163
0.0390224
-0.0568839
0.0403449
0.0531779
0.0398117
0.12908
0.0396587
0.126941
0.0403995
0.0921437
0.0405797
-0.00456474
0.0402043
-0.0866773
0.0399585
-0.0952552
0.0403797
-0.116243
0.0407042
-0.0191383
0.0552853
0.00235177
-0.0338279
0.00456187
-0.159
0.0161657
-0.0185652
0.0176851
0.165548
0.0247221
0.161478
0.0348487
0.0277888
0.0381237
-0.0882404
0.0368784
-0.147762
0.0366964
-0.133981
0.0386627
-0.0588502
0.0397726
0.052068
0.0393873
0.129466
0.0396089
0.126719
0.0407569
0.0909956
0.0411442
-0.00495206
0.0407163
-0.0862494
0.0402609
-0.0947998
0.0403776
-0.116359
0.0405274
-0.019288
0.0560089
0.0071254
-0.0409533
0.00520294
-0.157077
0.0130859
-0.0264481
0.0159973
0.162636
0.0254472
0.152028
0.0363969
0.0168391
0.0395541
-0.0913976
0.0378799
-0.146087
0.0369764
-0.133078
0.0383083
-0.0601821
0.0391973
0.051179
0.038953
0.12971
0.0395464
0.126126
0.0411026
0.0894394
0.0416979
-0.00554734
0.0412158
-0.0857672
0.0405512
-0.0941353
0.0403696
-0.116178
0.0403482
-0.0192666
0.0567249
0.0129042
-0.0538576
0.0068187
-0.150992
0.0103708
-0.0300003
0.014886
0.158121
0.0267485
0.140166
0.0380759
0.00551174
0.0409165
-0.0942382
0.0388469
-0.144018
0.0372817
-0.131512
0.0379574
-0.0608578
0.0386162
0.0505202
0.0385117
0.129814
0.0394789
0.125159
0.0414444
0.0874739
0.042211
-0.00631391
0.0416799
-0.0852361
0.0408613
-0.0933167
0.0403558
-0.115672
0.0401642
-0.0190751
0.0574289
0.0519999
-0.0586138
-0.0472437
0.0248327
-0.123824
0.0157654
-0.020933
0.0318902
0.141996
0.0671846
0.104871
0.0914915
-0.0187951
0.0961792
-0.0989259
0.0901841
-0.138023
0.0843505
-0.125679
0.0834246
-0.0599319
0.0839617
0.0499832
0.0843366
0.12944
0.0880857
0.12141
0.093776
0.0817836
0.0959609
-0.00849873
0.0947123
-0.0839876
0.0924079
-0.0910123
0.0900699
-0.113334
0.0889435
-0.0179486
0.0588723
0.0989113
-0.0401063
-0.117419
0.0532541
-0.0781672
0.0248894
0.00743173
0.044408
0.122478
0.0822247
0.0670547
0.10167
-0.03824
0.102597
-0.0998537
0.0939862
-0.129412
0.085131
-0.116824
0.0814513
-0.0562523
0.0809848
0.0504497
0.0821257
0.128299
0.0877705
0.115765
0.0953628
0.0741912
0.0984652
-0.0116011
0.0968542
-0.0823766
0.0935416
-0.0876997
0.0898797
-0.109672
0.0879264
-0.0159954
0.0601141
0.113038
-0.0230201
-0.130124
0.0749324
-0.0400617
0.0477991
0.034565
0.0677269
0.10255
0.0995992
0.0351824
0.111163
-0.0498043
0.107602
-0.096292
0.0967624
-0.118572
0.0853723
-0.105434
0.0792515
-0.0501316
0.0780142
0.051687
0.080099
0.126214
0.0876679
0.108196
0.0970282
0.0648309
0.100844
-0.0154166
0.0987888
-0.0803218
0.0945104
-0.0834213
0.0895482
-0.10471
0.0868683
-0.0133155
0.0611078
0.116953
-0.0116543
-0.128319
0.0913111
-0.0144196
0.0749117
0.0509645
0.0939806
0.0834808
0.115276
0.0138866
0.118313
-0.052841
0.110766
-0.0887446
0.0985048
-0.106311
0.0851887
-0.0921174
0.0768577
-0.0418006
0.0750928
0.0534519
0.078526
0.122781
0.088117
0.098605
0.0989185
0.0540295
0.103114
-0.0196125
0.100502
-0.0777096
0.0952918
-0.0782108
0.0890796
-0.0984981
0.0857534
-0.00998927
0.0617809
0.115689
-0.003506
-0.123838
0.100261
0.00100885
0.0962585
0.0549668
0.114283
0.0654566
0.125466
0.00270322
0.121878
-0.0492524
0.111945
-0.0788117
0.0993179
-0.0936845
0.0848267
-0.0776263
0.074548
-0.0315219
0.0725361
0.0554638
0.0778603
0.117456
0.0894883
0.0869769
0.101164
0.0423534
0.105273
-0.0237209
0.101973
-0.0744096
0.0958852
-0.0721232
0.0884963
-0.0911092
0.0846035
-0.00609648
0.0620618
0.113542
0.00274898
-0.119797
0.10478
0.00977081
0.108883
0.0508641
0.124588
0.049751
0.129125
-0.00183327
0.12219
-0.042318
0.111662
-0.0682831
0.0995043
-0.0815269
0.0846528
-0.0627747
0.0729305
-0.0197996
0.071054
0.0573403
0.0787929
0.109718
0.0921239
0.0736459
0.103816
0.0306618
0.107269
-0.0271744
0.103166
-0.0703066
0.0963012
-0.0652584
0.0878401
-0.0826481
0.0834626
-0.00171895
0.0618876
0.11177
0.00769546
-0.116716
0.107002
0.0145382
0.114385
0.0434818
0.126879
0.037257
0.128096
-0.00305023
0.1206
-0.0348224
0.110602
-0.0582851
0.0993301
-0.070255
0.0849988
-0.0484435
0.0728359
-0.00763677
0.0716724
0.0585038
0.0819895
0.0994005
0.0961261
0.0595094
0.106746
0.0200423
0.108992
-0.0294206
0.104036
-0.0653506
0.0965602
-0.0577828
0.0871798
-0.0732677
0.0824007
0.0030602
0.0612137
0.110591
0.011355
-0.11425
0.108199
0.0169299
0.115757
0.0359235
0.125003
0.0280115
0.124987
-0.00303439
0.118323
-0.0281587
0.109296
-0.049258
0.0990022
-0.0599609
0.0860535
-0.0354948
0.0749021
0.00351462
0.0752495
0.0581565
0.0875475
0.0871025
0.101127
0.0459303
0.109618
0.0115509
0.110284
-0.0300866
0.104539
-0.0596059
0.0966909
-0.0499345
0.0866189
-0.0631957
0.0815224
0.00815663
0.0600174
0.10974
0.0138615
-0.112247
0.108783
0.017887
0.115254
0.0294522
0.12179
0.0214761
0.121415
-0.00265922
0.115996
-0.0227398
0.108015
-0.041277
0.0986487
-0.0505947
0.0877139
-0.02456
0.0790681
0.0121604
0.0815642
0.0556604
0.0945987
0.074068
0.106217
0.034312
0.11196
0.00580751
0.110995
-0.0291209
0.104657
-0.0532677
0.0967221
-0.0420001
0.0862795
-0.0527531
0.0809981
0.0134381
0.0583139
0.108996
0.0154393
-0.110574
0.108887
0.0179968
0.114031
0.0243079
0.118531
0.0169763
0.118088
-0.00221602
0.113845
-0.0184973
0.106868
-0.0342995
0.0983798
-0.0421069
0.0897312
-0.0159114
0.084444
0.0174476
0.0891154
0.050989
0.101527
0.0616561
0.110339
0.0255008
0.113365
0.0027809
0.111056
-0.0268121
0.104422
-0.046633
0.0967316
-0.03431
0.0863034
-0.0423249
0.0810614
0.0186801
0.0561551
0.108254
0.0163289
-0.109144
0.108611
0.0176406
0.112566
0.0203528
0.115634
0.0139075
0.115204
-0.00178603
0.111909
-0.0152016
0.105874
-0.0282652
0.0982893
-0.034522
0.0918511
-0.00947323
0.0898038
0.019495
0.0959588
0.044834
0.106781
0.0508343
0.112775
0.0195065
0.113676
0.00187998
0.110529
-0.0236655
0.103926
-0.0400303
0.0968052
-0.0271888
0.0868114
-0.0323311
0.0819452
0.0235462
0.0535984
0.107489
0.0167362
-0.107896
0.108065
0.0170648
0.111051
0.0173664
0.113154
0.0118041
0.112761
-0.00139229
0.11017
-0.012611
0.105022
-0.0231173
0.0984184
-0.0279181
0.0938905
-0.00494533
0.0942156
0.0191699
0.100807
0.0382426
0.109658
0.0419829
0.113431
0.015734
0.113046
0.00226532
0.109581
-0.0202006
0.103293
-0.0337424
0.0969402
-0.0208361
0.0878449
-0.0232358
0.0837666
0.0276245
0.0506811
0.106703
0.0168212
-0.106788
0.107348
0.0164203
0.109574
0.01514
0.11104
0.0103382
0.110687
-0.00103882
0.108609
-0.0105335
0.104293
-0.0188016
0.0987316
-0.0223564
0.0957131
-0.00192681
0.0973329
0.01755
0.103462
0.0321134
0.110423
0.0350219
0.112735
0.013422
0.111813
0.00318768
0.108415
-0.0168025
0.102646
-0.0279734
0.0971364
-0.0153269
0.089332
-0.0154314
0.0864533
0.0305032
0.0474705
0.105908
0.0167037
-0.105791
0.106537
0.0157916
0.108178
0.0134992
0.109222
0.00929419
0.108904
-0.000721184
0.10721
-0.0088399
0.10367
-0.0152606
0.0991433
-0.0178302
0.0972274
-1.09235e-05
0.0992813
0.0154961
0.104463
0.0269316
0.109829
0.0296558
0.111285
0.0119662
0.110308
0.00416513
0.107203
-0.013698
0.102082
-0.0228523
0.0974062
-0.010651
0.0911027
-0.0091279
0.089664
0.031942
0.0440742
0.105113
0.0164722
-0.104881
0.105684
0.0152204
0.106877
0.0123055
0.107635
0.00853706
0.107347
-0.000433725
0.105963
-0.00745544
0.103134
-0.0124321
0.099565
-0.0142609
0.0984087
0.00114534
0.100387
0.0135182
0.104507
0.0228111
0.108601
0.0255621
0.109569
0.0109981
0.108766
0.00496831
0.106066
-0.0109982
0.101663
-0.0184497
0.0977725
-0.00676032
0.0929562
-0.00431161
0.0929066
0.0319916
0.0406473
0.104323
0.0161908
-0.104042
0.10482
0.0147232
0.105674
0.0114518
0.106227
0.00798429
0.10597
-0.000176518
0.104857
-0.00634305
0.102677
-0.0102516
0.0999475
-0.0115316
0.0992907
0.0018021
0.100968
0.0118413
0.104113
0.0196657
0.107207
0.0224681
0.10788
0.0103251
0.107321
0.0055277
0.105075
-0.00875251
0.101414
-0.014789
0.0982564
-0.00360235
0.0947333
-0.000788532
0.0957367
0.0309882
0.0373772
0.103546
0.0159034
-0.103259
0.103968
0.0143017
0.104562
0.0108573
0.104965
0.00758109
0.10475
3.86853e-05
0.103898
-0.00549055
0.102302
-0.00865558
0.100285
-0.00951452
0.0999424
0.00214437
0.101256
0.010528
0.103575
0.0173467
0.105885
0.0201578
0.106368
0.00984184
0.106049
0.00584716
0.104273
-0.00697702
0.101335
-0.0118505
0.0988521
-0.00111964
0.096346
0.00171754
0.0979044
0.0294299
0.0344469
0.102794
0.0156354
-0.102526
0.103148
0.0139476
0.103548
0.0104569
0.103849
0.00727973
0.103702
0.000186266
0.103111
-0.00490011
0.102034
-0.0075785
0.100599
-0.00807962
0.10044
0.00230389
0.101399
0.00956941
0.103035
0.0157101
0.104741
0.0184517
0.105106
0.00947708
0.105009
0.00594412
0.10369
-0.00565789
0.101398
-0.00955855
0.099515
0.000763317
0.0977396
0.00349297
0.099372
0.0277974
0.0319895
0.1021
0.015388
-0.101852
0.102414
0.0136333
0.102684
0.0101875
0.102934
0.00702967
0.102898
0.000222204
0.102554
-0.00455676
0.101908
-0.00693235
0.100911
-0.00708252
0.100835
0.00237986
0.101482
0.00892242
0.102572
0.0146199
0.103842
0.0171824
0.104153
0.00916607
0.104239
0.00585733
0.103347
-0.0047654
0.101555
-0.00776619
0.100154
0.00216346
0.0988652
0.00478218
0.100237
0.0264255
0.0300586
0.101599
-0.101343
0.101909
0.102125
0.102373
0.102449
0.102287
0.101897
0.101182
0.101102
0.101541
0.102269
0.103277
0.103604
0.103789
0.103158
0.101732
0.100625
0.0996441
0.100655
0.103731
0.0151816
-0.118912
0.0907775
0.0129532
0.0797568
0.0110207
0.0704999
0.00925688
0.0629472
0.00755266
0.0570134
0.00593385
0.0525861
0.00442722
0.0495481
0.00303801
0.0478039
0.00174424
0.000560236
0.121791
0.0121686
-0.118778
0.12378
0.0109637
0.124882
0.00991911
0.125227
0.0089119
0.124902
0.00787728
0.12403
0.00680659
0.122741
0.00571611
0.121148
0.00463027
0.11936
0.00353308
0.00250108
0.124255
0.0088342
-0.120921
0.126693
0.00852566
0.128558
0.00805484
0.129949
0.00752037
0.130906
0.00692029
0.131454
0.00625829
0.131628
0.00554289
0.131452
0.00480569
0.130972
0.00401373
0.00334864
0.11938
0.00687176
-0.117418
0.121258
0.0066478
0.122946
0.00636752
0.124439
0.00602666
0.12572
0.00564013
0.126761
0.00521639
0.127547
0.00475692
0.128066
0.00428664
0.128322
0.00375826
0.00335149
0.11674
0.00544481
-0.115313
0.118086
0.00530102
0.11933
0.0051237
0.120449
0.00490805
0.121427
0.00466185
0.122252
0.00439157
0.122912
0.00409705
0.123401
0.00379709
0.123712
0.00344768
0.00322584
0.114658
0.00450353
-0.113716
0.115551
0.0044074
0.116387
0.00428831
0.117149
0.00414569
0.117829
0.00398219
0.118419
0.00380149
0.118912
0.00360365
0.119307
0.0034023
0.119591
0.00316345
0.00301984
0.11282
0.00384591
-0.112162
0.113452
0.00377521
0.114049
0.00369076
0.114604
0.00359122
0.115108
0.00347798
0.115556
0.00335328
0.115943
0.00321709
0.116267
0.00307853
0.116517
0.0029132
0.00282038
0.111233
0.00335527
-0.110743
0.111704
0.00330416
0.112151
0.00324426
0.112568
0.00317442
0.11295
0.0030955
0.113295
0.00300882
0.113597
0.00291428
0.113858
0.00281778
0.114069
0.00270265
0.00263872
0.109846
0.00297949
-0.10947
0.110207
0.00294356
0.110549
0.00290159
0.110871
0.00285269
0.111169
0.00279743
0.111441
0.00273661
0.111685
0.0026702
0.111901
0.00260201
0.112083
0.00252098
0.00247484
0.108618
0.0026852
-0.108324
0.108901
0.00266059
0.109171
0.00263156
0.109426
0.00259749
0.109665
0.00255874
0.109886
0.00251584
0.110087
0.00246883
0.110269
0.00242012
0.110427
0.00236258
0.0023281
0.107522
0.00245011
-0.107287
0.107749
0.00243389
0.107966
0.00241431
0.108172
0.00239086
0.108367
0.00236381
0.10855
0.00233351
0.108719
0.00230003
0.108874
0.00226488
0.109013
0.00222358
0.00219687
0.106537
0.00225968
-0.106346
0.106721
0.0022497
0.106898
0.00223702
0.107068
0.00222125
0.107229
0.00220256
0.107381
0.0021812
0.107524
0.00215723
0.107657
0.00213159
0.107779
0.00210156
0.00208022
0.105645
0.00210426
-0.10549
0.105796
0.0020989
0.105942
0.00209128
0.106082
0.00208106
0.106216
0.00206838
0.106344
0.00205338
0.106465
0.00203614
0.106579
0.00201723
0.106686
0.00199509
0.0019776
0.104832
0.00197727
-0.104705
0.104956
0.00197533
0.105076
0.00197139
0.105192
0.00196519
0.105303
0.00195681
0.10541
0.00194637
0.105512
0.00193393
0.10561
0.00191981
0.105702
0.0019032
0.00188857
0.104085
0.00187414
-0.103982
0.104186
0.00187468
0.104284
0.0018734
0.104379
0.00187009
0.104471
0.0018648
0.10456
0.0018576
0.104645
0.00184857
0.104727
0.00183787
0.104805
0.00182514
0.0018127
0.103393
0.00179169
-0.10331
0.103473
0.00179394
0.103552
0.00179454
0.103629
0.00179325
0.103704
0.00179012
0.103776
0.00178521
0.103846
0.00177857
0.103914
0.00177029
0.103979
0.00176025
0.00174951
0.102744
0.00172748
-0.10268
0.102807
0.00173095
0.102869
0.00173281
0.102929
0.0017329
0.102988
0.00173123
0.103046
0.00172786
0.103101
0.00172282
0.103155
0.00171617
0.103208
0.00170792
0.0016983
0.102132
0.00167898
-0.102084
0.10218
0.00168346
0.102227
0.0016861
0.102272
0.00168709
0.102317
0.00168639
0.102361
0.00168401
0.102404
0.00168002
0.102446
0.00167444
0.102486
0.00166737
0.00165889
0.101562
0.00164652
-0.10153
0.101596
0.00164985
0.101629
0.00165291
0.101662
0.00165414
0.101695
0.00165373
0.101727
0.00165174
0.101759
0.00164817
0.10179
0.00164303
0.101821
0.00163637
0.00162776
0.101129
-0.101103
0.101152
0.101176
0.1012
0.101225
0.101249
0.101273
0.101297
0.10132
0.100458
0.000163324
-0.000120916
0.100329
0.000484038
-0.000355609
0.100112
0.000808427
-0.00059166
0.0998026
0.0011481
-0.000838287
0.0993928
0.00151336
-0.00110355
0.0988735
0.0019186
-0.00139931
0.0982335
0.0023773
-0.00173728
0.0974582
0.00291483
-0.00213956
0.0965323
0.00354894
-0.00262303
0.0954357
0.00433169
-0.00323507
0.094154
0.00527862
-0.00399696
0.0926658
0.0065158
-0.00502764
0.0909899
0.00801111
-0.00633512
0.0891339
0.0101233
-0.00826742
0.0873171
0.0125308
-0.0107139
0.0857996
0.0163771
-0.0148596
0.0860445
0.019738
-0.0199829
0.089277
0.027324
-0.0305565
0.103938
0.0299615
-0.0446224
0.0478594
-0.0628338
0.100466
0.000196899
0.100365
0.000585654
0.100194
0.000979681
0.0999502
0.00139147
0.0996315
0.00183201
0.0992339
0.00231625
0.0987537
0.0028575
0.0981883
0.00348026
0.0975379
0.00419936
0.0968071
0.00506247
0.0960124
0.00607325
0.0951848
0.00734348
0.0943967
0.0087992
0.093763
0.010757
0.0935474
0.0127464
0.0940612
0.0158633
0.0957441
0.0180551
0.0993992
0.0236689
0.104666
0.0246946
0.0337477
0.100476
0.000220973
0.100403
0.00065881
0.10028
0.00110253
0.100107
0.00156442
0.099884
0.00205499
0.0996121
0.00258816
0.0992942
0.00317541
0.0989364
0.00383805
0.0985501
0.00458567
0.0981547
0.00545783
0.0977826
0.00644532
0.0974861
0.00764001
0.097344
0.00894132
0.0974899
0.010611
0.0980359
0.0122004
0.0993019
0.0145973
0.101197
0.0161598
0.105316
0.0195501
0.109941
0.0200696
0.0227677
0.100485
0.000235851
0.10044
0.000704411
0.100363
0.00117872
0.100258
0.00167003
0.100125
0.0021876
0.0999699
0.00274336
0.0997991
0.00334625
0.099624
0.00401311
0.0994609
0.00474874
0.0993364
0.00558233
0.0992832
0.00649854
0.0993615
0.0075617
0.0996219
0.00868097
0.100197
0.0100356
0.101094
0.0113037
0.102716
0.0129755
0.104742
0.014134
0.108402
0.01589
0.111987
0.0164844
0.0173367
0.100493
0.000242501
0.100472
0.000725347
0.100438
0.00121337
0.100392
0.00171627
0.100337
0.00224168
0.100282
0.00279908
0.100233
0.00339499
0.100205
0.00404125
0.100214
0.00473974
0.100288
0.00550844
0.100453
0.00633286
0.100766
0.00724915
0.10125
0.008197
0.102024
0.0092618
0.103062
0.0102659
0.104636
0.0114015
0.10649
0.0122799
0.109152
0.0132282
0.111939
0.0136966
0.0139632
0.1005
0.000242297
0.1005
0.000725717
0.1005
0.00121361
0.100502
0.00171382
0.100511
0.00223236
0.100534
0.00277619
0.100579
0.0033498
0.10066
0.00396049
0.100791
0.00460849
0.100997
0.00530246
0.101298
0.00603226
0.101735
0.00681195
0.102326
0.00760616
0.103146
0.00844142
0.104179
0.00923311
0.105552
0.0100289
0.107152
0.0106793
0.109143
0.0112377
0.11131
0.0115292
0.0115572
0.100506
0.000236769
0.100521
0.000710102
0.100548
0.00118724
0.100587
0.00167419
0.100644
0.00217543
0.100725
0.00269569
0.100837
0.00323785
0.100991
0.00380561
0.101201
0.00439841
0.101485
0.00501896
0.101857
0.00565979
0.102347
0.00632238
0.102967
0.00698605
0.103758
0.00765099
0.104715
0.00827597
0.105885
0.00885816
0.10723
0.00933473
0.108774
0.00969339
0.110438
0.00986545
0.00983327
0.100509
0.000227425
0.100536
0.000683
0.100582
0.00114189
0.100648
0.00160838
0.100737
0.00208564
0.100856
0.00257661
0.101011
0.00308286
0.101211
0.00360585
0.101465
0.00414432
0.101787
0.00469746
0.102187
0.00525919
0.102684
0.00582551
0.103287
0.00638294
0.104015
0.00692307
0.104869
0.00742258
0.10586
0.00786721
0.106969
0.00822498
0.108186
0.00847654
0.109462
0.00858935
0.00855304
0.100512
0.000215621
0.100546
0.000648464
0.100604
0.00108435
0.100686
0.00152609
0.100796
0.00197571
0.100938
0.00243489
0.101116
0.00290428
0.101338
0.00338384
0.101611
0.00387172
0.101943
0.00436538
0.102343
0.00485948
0.10282
0.00534833
0.103381
0.00582194
0.104033
0.00627063
0.104777
0.00667906
0.105611
0.00703342
0.106521
0.00731456
0.10749
0.00750731
0.108486
0.00759398
0.00756843
0.100513
0.000202511
0.100552
0.000609921
0.100616
0.00102035
0.100706
0.00143532
0.100826
0.00185603
0.100978
0.00228327
0.101165
0.00271694
0.101393
0.00315614
0.101666
0.00359861
0.10199
0.00404118
0.102371
0.00447896
0.102813
0.00490619
0.10332
0.00531494
0.103894
0.00569658
0.104533
0.00604003
0.105232
0.00633435
0.10598
0.00656685
0.10676
0.00672691
0.10755
0.00680398
0.00679462
0.100513
0.000189024
0.100553
0.000570135
0.100619
0.000954441
0.100712
0.00134242
0.100833
0.00173463
0.100986
0.00213123
0.101171
0.00253164
0.101393
0.00293446
0.101654
0.00333725
0.101958
0.0037367
0.102309
0.00412836
0.102708
0.00450696
0.103157
0.004866
0.103655
0.00519833
0.1042
0.00549561
0.104785
0.0057495
0.1054
0.00595116
0.106034
0.00609317
0.106669
0.00616898
0.00617686
0.100513
0.000175865
0.100552
0.000531273
0.100616
0.000890135
0.100707
0.00125214
0.100824
0.00161739
0.100969
0.00198563
0.101145
0.00235597
0.101353
0.00272677
0.101594
0.00309557
0.101872
0.00345912
0.102187
0.0038134
0.10254
0.00415377
0.102931
0.00447484
0.103359
0.00477078
0.103819
0.00503513
0.104307
0.0052615
0.104815
0.00544351
0.105332
0.00557584
0.105847
0.00565418
0.00567783
0.100512
0.000163558
0.100549
0.000494907
0.100609
0.000829955
0.100693
0.00116789
0.100802
0.00150849
0.100936
0.00185124
0.101097
0.00219508
0.101286
0.00253827
0.101503
0.00287839
0.10175
0.00321237
0.102027
0.0035366
0.102333
0.00384701
0.102669
0.00413908
0.103032
0.00440803
0.103418
0.00464871
0.103824
0.00485615
0.104242
0.0050255
0.104665
0.00515281
0.105084
0.00523503
0.00527194
0.100511
0.000152467
0.100544
0.000462103
0.100598
0.000775667
0.100674
0.00109205
0.100772
0.0014108
0.100892
0.00173127
0.101034
0.00205228
0.101201
0.00237211
0.101391
0.00268841
0.101605
0.00299831
0.101843
0.00329855
0.102104
0.00358556
0.102388
0.00385548
0.102692
0.0041043
0.103012
0.00432783
0.103346
0.00452204
0.103689
0.00468309
0.104034
0.00480787
0.104375
0.00489403
0.00494151
0.10051
0.000142827
0.100538
0.00043357
0.100585
0.000728451
0.100651
0.00102618
0.100736
0.0013262
0.100839
0.00162773
0.100962
0.00192959
0.101104
0.00223008
0.101266
0.00252694
0.101446
0.00281751
0.101646
0.00309879
0.101864
0.00336763
0.102099
0.00362065
0.102349
0.00385441
0.102611
0.00406539
0.102883
0.00425018
0.103161
0.0044056
0.103439
0.00452905
0.103715
0.00461859
0.00467419
0.100508
0.000134791
0.100532
0.000409769
0.100571
0.000689071
0.100626
0.000971309
0.100696
0.00125584
0.100782
0.00154185
0.100884
0.00182814
0.101001
0.00211306
0.101133
0.00239445
0.101281
0.00266979
0.101443
0.00293634
0.10162
0.00319121
0.101809
0.00343141
0.10201
0.00365391
0.102219
0.00385562
0.102436
0.00403357
0.102657
0.00418499
0.102878
0.00430757
0.103097
0.00439959
0.00446111
0.100506
0.000128453
0.100525
0.000390987
0.100556
0.000657998
0.100599
0.00092804
0.100655
0.00120042
0.100722
0.00147431
0.100802
0.00174851
0.100894
0.00202141
0.100997
0.00229092
0.101112
0.00255467
0.101239
0.00281006
0.101375
0.00305443
0.101522
0.00328504
0.101677
0.00349914
0.101838
0.00369395
0.102005
0.00386681
0.102175
0.0040152
0.102345
0.00413705
0.102514
0.00423056
0.00429537
0.100505
0.000123864
0.100518
0.000377389
0.100541
0.00063551
0.100572
0.000896735
0.100612
0.00116034
0.100661
0.00142546
0.100718
0.00169094
0.100785
0.00195515
0.10086
0.0022161
0.100943
0.00247147
0.101034
0.0027188
0.101133
0.00295555
0.101239
0.00317917
0.101351
0.00338709
0.101468
0.00357674
0.101589
0.00374559
0.101713
0.00389138
0.101838
0.00401223
0.101962
0.0041067
0.0041733
0.100503
0.000121054
0.100511
0.000369051
0.100525
0.000621723
0.100544
0.000877502
0.100569
0.00113562
0.100599
0.00139523
0.100635
0.00165513
0.100676
0.00191374
0.100723
0.00216908
0.100776
0.00241889
0.100834
0.00266078
0.100897
0.00289229
0.100965
0.00311098
0.101038
0.00331439
0.101115
0.00350006
0.101195
0.00366556
0.101278
0.00380862
0.101363
0.00392715
0.101449
0.00402017
0.00409251
0.100501
0.100504
0.10051
0.100518
0.100529
0.100543
0.10056
0.10058
0.100604
0.100631
0.100662
0.100697
0.100735
0.100777
0.100822
0.100871
0.100922
0.100976
0.101032
0.0449764
-9.66801e-05
0.0449059
-0.000297924
0.0447875
-0.000512326
0.0446186
-0.000747342
0.0443954
-0.00100841
0.0441121
-0.00130668
0.0437615
-0.00164864
0.0433329
-0.00205601
0.0428139
-0.00253575
0.0421853
-0.00313596
0.0414279
-0.00386071
0.0405057
-0.00482709
0.0393932
-0.00602158
0.0380145
-0.00775202
0.0363564
-0.0099314
0.0342024
-0.0134412
0.031577
-0.0178839
0.02726
-0.0258632
0.0192199
-0.0358359
-0.0448968
0.0449756
-7.22539e-05
0.0449026
-0.000224919
0.0447796
-0.000389384
0.0446037
-0.000571443
0.0443705
-0.000775155
0.0440731
-0.00100934
0.0437032
-0.00127866
0.0432476
-0.00160041
0.0426915
-0.00197965
0.0420101
-0.00245462
0.0411788
-0.00302942
0.0401475
-0.00379572
0.0388772
-0.00475128
0.0372532
-0.00612808
0.0352208
-0.00789895
0.0324491
-0.0106695
0.0288511
-0.0142859
0.023295
-0.0203071
0.0152235
-0.0277644
-0.0296733
0.0449751
-4.73171e-05
0.0449002
-0.000150089
0.044774
-0.000263169
0.044593
-0.000390466
0.0443524
-0.000534551
0.0440446
-0.000701497
0.04366
-0.000894082
0.0431838
-0.00112419
0.042599
-0.00139482
0.0418764
-0.00173211
0.0409862
-0.00213914
0.0398681
-0.00267766
0.0384676
-0.00335081
0.0366492
-0.00430964
0.034308
-0.00555777
0.0310998
-0.00746127
0.0268059
-0.00999201
0.0204574
-0.0139586
0.0114178
-0.0187248
-0.0182554
0.0449748
-2.20972e-05
0.0448989
-7.42504e-05
0.0447708
-0.000135071
0.0445869
-0.000206485
0.0443418
-0.000289475
0.0440274
-0.000387116
0.0436335
-0.000500183
0.043144
-0.000634646
0.0425401
-0.000790949
0.0417902
-0.000982179
0.0408595
-0.00120852
0.0396824
-0.0015005
0.0381908
-0.00185918
0.036239
-0.00235788
0.0336844
-0.00300316
0.0301905
-0.00396736
0.025454
-0.00525552
0.0187142
-0.00721888
0.00949213
-0.00950274
-0.00876329
0.0449747
3.15407e-06
0.0448987
1.75487e-06
0.0447702
-6.54369e-06
0.0445854
-2.16868e-05
0.0443389
-4.29868e-05
0.0440222
-7.04329e-05
0.0436248
-0.000102691
0.0431298
-0.000139652
0.0425176
-0.000178835
0.0417555
-0.000220017
0.0408061
-0.000259113
0.039601
-0.000295413
0.0380648
-0.000322968
0.0360474
-0.000340494
0.0333861
-0.000341893
0.0297495
-0.000330701
0.0248011
-0.000307126
0.017887
-0.000304781
0.00868088
-0.000296642
-8.2408e-05
0.044975
2.81543e-05
0.0448996
7.71196e-05
0.0447722
0.000120907
0.0445888
0.00016169
0.044344
0.000201773
0.0440294
0.000244198
0.0436343
0.000292466
0.043142
0.000352611
0.042533
0.000430201
0.0417745
0.000538437
0.0408293
0.000686071
0.0396294
0.000904514
0.0380988
0.00120761
0.0360874
0.00167092
0.0334305
0.00231501
0.0297938
0.00330601
0.0248355
0.00465115
0.0179008
0.00662996
0.00866666
0.00893747
0.00858425
0.0449755
5.266e-05
0.0449017
0.000150964
0.0447767
0.000245829
0.044597
0.000341432
0.0443571
0.000441688
0.0440488
0.000552457
0.0436619
0.000679398
0.0431805
0.000834016
0.0425858
0.00102489
0.0418469
0.0012773
0.0409289
0.00160405
0.0397673
0.00206611
0.0382928
0.00268213
0.0363595
0.00360422
0.0338192
0.00485533
0.0303273
0.00679786
0.0255625
0.00941597
0.018755
0.0134374
0.00943805
0.0182545
0.0180223
0.0449762
7.64344e-05
0.0449047
0.000222488
0.0447837
0.0003668
0.0446098
0.00051541
0.0443777
0.000673768
0.0440799
0.000850208
0.0437068
0.00105249
0.043244
0.00129683
0.0426743
0.00159464
0.04197
0.00198156
0.0411006
0.00247344
0.0400087
0.00315804
0.0386376
0.00405325
0.0368519
0.00538984
0.0345384
0.0071689
0.0313384
0.00999786
0.0270093
0.013745
0.0205312
0.0199156
0.0112235
0.0275621
0.0292458
0.0449771
9.92902e-05
0.0449087
0.000290928
0.044793
0.000482483
0.0446268
0.000681637
0.0444053
0.000895238
0.0441219
0.00113363
0.0437678
0.00140664
0.0433306
0.00173404
0.0427952
0.00213003
0.0421389
0.00263782
0.0413364
0.0032759
0.040342
0.00415253
0.0391145
0.00528069
0.0375416
0.00696275
0.0355587
0.00915184
0.0328013
0.0127553
0.0291734
0.0173728
0.023489
0.0256
0.0149373
0.0361139
0.044183
0.0449784
0.0449137
0.0448045
0.0446479
0.0444396
0.0441739
0.0438432
0.0434377
0.0429447
0.0423475
0.0416264
0.0407513
0.0396969
0.0383922
0.0368301
0.0347258
0.0321157
0.0271592
0.0186507
)
;

boundaryField
{
    inlet
    {
        type            calculated;
        value           nonuniform List<scalar> 
50
(
-0.0675
-0.0675
-0.0675
-0.0675
-0.0675
-0.0675
-0.0675
-0.0675
-0.0675
-0.0675
-0.0675
-0.0675
-0.0675
-0.0675
-0.0675
-0.0675
-0.0675
-0.0675
-0.0675
-0.0675
-0.045
-0.045
-0.045
-0.045
-0.045
-0.045
-0.045
-0.045
-0.045
-0.045
-0.1005
-0.1005
-0.1005
-0.1005
-0.1005
-0.1005
-0.1005
-0.1005
-0.1005
-0.1005
-0.1005
-0.1005
-0.1005
-0.1005
-0.1005
-0.1005
-0.1005
-0.1005
-0.1005
-0.1005
)
;
    }
    outlet
    {
        type            calculated;
        value           nonuniform List<scalar> 
150
(
0.0718985
0.0717407
0.0715282
0.0712465
0.0708947
0.0704716
0.0699795
0.0694233
0.0688118
0.0681574
0.0674754
0.0667818
0.0660915
0.0654169
0.0647675
0.0641492
0.0635649
0.0630151
0.0624982
0.062012
0.0410909
0.0408951
0.0407026
0.0405152
0.0403323
0.0401532
0.0399772
0.0398037
0.0396322
0.0394602
0.0875002
0.0866846
0.0858745
0.0850803
0.0843227
0.0836367
0.0830747
0.0827187
0.0827016
0.0832202
0.0845019
0.0866838
0.089664
0.0930603
0.0963335
0.0990068
0.100835
0.101829
0.102168
0.102089
0.000120003
0.000365784
0.000616083
0.00086929
0.00112465
0.00138131
0.0016381
0.00189344
0.00214536
0.00239164
0.00262991
0.00285775
0.00307276
0.00327255
0.0034547
0.00361693
0.00375713
0.00387357
0.00396423
0.004021
0.00162073
0.00162657
0.00162896
0.00163004
0.00162956
0.00162753
0.00162401
0.00161908
0.00161283
0.00160573
0.0151311
0.0133237
0.0099719
0.00678141
0.000145994
-0.00439482
-0.00654237
-0.00636752
0.00245979
0.00848326
0.0138926
0.0161744
0.00883855
0.00567272
-0.00413452
-0.00634052
0.00327107
0.00576272
0.0254142
0.0286253
0.000300255
0.000894031
0.00147976
0.00205583
0.00262101
0.00317365
0.00371125
0.00423025
0.00472597
0.00519263
0.00562356
0.00601135
0.00634805
0.0066253
0.00683457
0.00696748
0.00701641
0.00697501
0.00683822
0.00659185
0.00254493
0.00248838
0.00242187
0.00235032
0.00227319
0.00219058
0.00210271
0.00201018
0.00191196
0.00181642
0.0109084
0.000875108
-0.0145244
-0.0199832
-0.00363915
0.00764215
0.0170003
0.0132868
-0.00492806
-0.0206549
-0.0421424
-0.0312749
-0.0046761
0.00980018
0.0394359
0.0324562
0.0186018
0.00410611
-0.0417432
-0.0298066
)
;
    }
    upAndBottom
    {
        type            empty;
        value           nonuniform 0();
    }
    obstacle
    {
        type            calculated;
        value           uniform 0;
    }
}


// ************************************************************************* //
