/*--------------------------------*- C++ -*----------------------------------*\
| =========                 |                                                 |
| \\      /  F ield         | OpenFOAM: The Open Source CFD Toolbox           |
|  \\    /   O peration     | Version:  v1806                                 |
|   \\  /    A nd           | Web:      www.OpenFOAM.com                      |
|    \\/     M anipulation  |                                                 |
\*---------------------------------------------------------------------------*/
FoamFile
{
    version     2.0;
    format      ascii;
    class       surfaceScalarField;
    location    "110";
    object      phi;
}
// * * * * * * * * * * * * * * * * * * * * * * * * * * * * * * * * * * * * * //

dimensions      [0 3 -1 0 0 0 0];
oriented        oriented;


internalField   nonuniform List<scalar> 
4680
(
0.0750007
-0.000486784
0.075003
-0.0014607
0.0750074
-0.00243299
0.0750143
-0.00340064
0.0750244
-0.00436104
0.0750386
-0.00531125
0.0750577
-0.00624792
0.0750829
-0.00716718
0.0751154
-0.00806464
0.0751567
-0.00893536
0.0752082
-0.00977393
0.0752715
-0.0105745
0.0753481
-0.0113309
0.0754395
-0.012037
0.075547
-0.0126866
0.0756716
-0.0132738
0.0758139
-0.0137936
0.0759744
-0.0142417
0.0761528
-0.014615
-0.0149112
0.0763459
0.0750018
-0.000488582
0.0750073
-0.0014662
0.0750168
-0.00244246
0.0750309
-0.00341478
0.0750507
-0.00438079
0.0750772
-0.00533781
0.075112
-0.00628271
0.0751567
-0.00721184
0.075213
-0.00812098
0.0752829
-0.0090053
0.0753684
-0.00985943
0.0754714
-0.0106775
0.0755936
-0.0114532
0.0757366
-0.0121799
0.0759012
-0.0128512
0.0760881
-0.0134607
0.0762969
-0.0140025
0.0765269
-0.0144716
0.076776
-0.0148642
-0.0151778
0.0770427
0.0750028
-0.000491397
0.0750113
-0.00147471
0.0750259
-0.00245708
0.0750476
-0.00343641
0.0750775
-0.0044107
0.0751173
-0.00537766
0.0751691
-0.00633443
0.0752349
-0.00727765
0.0753172
-0.00820326
0.0754184
-0.00910657
0.0755412
-0.00998218
0.0756877
-0.010824
0.0758601
-0.0116255
0.0760597
-0.0123796
0.0762875
-0.013079
0.0765432
-0.0137164
0.076826
-0.0142853
0.0771335
-0.0147792
0.0774629
-0.0151936
-0.0155249
0.07781
0.0750036
-0.000495037
0.0750147
-0.00148572
0.0750336
-0.00247601
0.0750616
-0.00346443
0.0751004
-0.00444947
0.075152
-0.0054293
0.075219
-0.00640145
0.0753043
-0.0073629
0.0754108
-0.00830979
0.0755418
-0.0092376
0.0757005
-0.0101408
0.0758896
-0.0110131
0.0761116
-0.0118475
0.0763681
-0.0126361
0.07666
-0.0133708
0.0769865
-0.014043
0.077346
-0.0146447
0.077735
-0.0151681
0.0781488
-0.0156074
-0.0159572
0.0785811
0.0750042
-0.000499263
0.075017
-0.00149852
0.0750391
-0.00249806
0.0750718
-0.0034972
0.0751174
-0.00449503
0.0751784
-0.00549033
0.075258
-0.00648104
0.0753598
-0.00746469
0.0754876
-0.00843758
0.0756455
-0.0093955
0.0758374
-0.0103327
0.0760669
-0.0112427
0.0763372
-0.0121178
0.0766503
-0.0129492
0.0770069
-0.0137275
0.0774063
-0.0144424
0.0778459
-0.0150844
0.0783209
-0.0156431
0.0788249
-0.0161113
-0.0164815
0.0793491
0.0750045
-0.000503766
0.0750182
-0.00151219
0.0750418
-0.00252169
0.0750772
-0.00353261
0.0751269
-0.0045447
0.0751941
-0.00555756
0.0752827
-0.00656962
0.0753972
-0.00757918
0.0755422
-0.00858262
0.0757231
-0.0095764
0.0759446
-0.0105542
0.0762118
-0.0115099
0.0765283
-0.0124343
0.0768972
-0.0133181
0.0773195
-0.0141499
0.0777944
-0.0149173
0.0783188
-0.0156087
0.078886
-0.0162104
0.079488
-0.0167133
-0.0171065
0.080113
0.0750044
-0.000508161
0.0750178
-0.00152556
0.0750411
-0.00254499
0.0750765
-0.003568
0.0751269
-0.00459514
0.0751964
-0.00562706
0.0752895
-0.00666268
0.0754118
-0.00770148
0.0755689
-0.00873975
0.0757677
-0.00977527
0.0760141
-0.0108005
0.0763149
-0.0118107
0.0766747
-0.012794
0.0770983
-0.0137417
0.0775871
-0.0146386
0.0781408
-0.015471
0.0787556
-0.0162235
0.0794234
-0.0168782
0.0801339
-0.0174238
-0.0178438
0.0808711
0.0750038
-0.000511986
0.0750155
-0.00153725
0.0750362
-0.00256565
0.0750684
-0.0036002
0.0751155
-0.00464228
0.0751824
-0.00569395
0.0752743
-0.00675457
0.0753982
-0.00782543
0.0755608
-0.00890232
0.0757711
-0.00998557
0.0760357
-0.0110652
0.076365
-0.01214
0.0767635
-0.0131925
0.0772401
-0.0142183
0.0777954
-0.015194
0.0784318
-0.0161074
0.0791442
-0.0169358
0.079923
-0.017657
0.0807557
-0.0182564
-0.0187086
0.0816205
0.0750027
-0.000514696
0.0750111
-0.00154562
0.0750264
-0.00258098
0.0750516
-0.00362539
0.0750906
-0.00468124
0.0751489
-0.00575232
0.0752327
-0.00683838
0.0753507
-0.00794338
0.0755103
-0.00906188
0.0757235
-0.0101988
0.0759977
-0.0113393
0.0763481
-0.0124903
0.0767785
-0.013623
0.0773052
-0.014745
0.0779256
-0.0158143
0.0786494
-0.0168312
0.0794672
-0.0177536
0.0803708
-0.0185606
0.0813438
-0.0192295
-0.0197212
0.0823564
0.075001
-0.000515666
0.0750041
-0.0015488
0.075011
-0.00258781
0.0750248
-0.00363916
0.0750498
-0.00470628
0.0750926
-0.00579514
0.07516
-0.00690579
0.0752625
-0.00804588
0.0754085
-0.00920786
0.0756139
-0.0104042
0.0758859
-0.0116113
0.0762476
-0.012852
0.0766996
-0.014075
0.077272
-0.0153174
0.0779527
-0.016495
0.07877
-0.0176486
0.0797005
-0.018684
0.0807472
-0.0196074
0.0818845
-0.0203667
-0.0209089
0.0830721
0.0749985
-0.000514196
0.0749944
-0.00154467
0.0749892
-0.00258262
0.0749865
-0.00363647
0.0749911
-0.00471083
0.0750101
-0.00581419
0.0750513
-0.00694694
0.0751268
-0.00812143
0.0752462
-0.00932725
0.0754296
-0.0105876
0.0756842
-0.0118659
0.0760435
-0.0132114
0.0765017
-0.0145332
0.0771131
-0.0159287
0.0778436
-0.0172255
0.0787636
-0.0185686
0.0798099
-0.0197304
0.0810273
-0.0208248
0.0823574
-0.0216968
-0.0223103
0.0837587
0.0749953
-0.00050952
0.0749816
-0.00153093
0.0749605
-0.00256152
0.0749357
-0.00361172
0.0749124
-0.00468752
0.0748983
-0.00580005
0.0749018
-0.00695043
0.0749366
-0.00815624
0.0750137
-0.00940434
0.0751572
-0.0107311
0.0753749
-0.0120836
0.0757124
-0.0135488
0.0761559
-0.0149767
0.0767944
-0.0165672
0.0775554
-0.0179865
0.0785912
-0.0196044
0.0797457
-0.0208848
0.0811804
-0.0222596
0.0827316
-0.023248
-0.0239846
0.084406
0.0749913
-0.000500835
0.0749655
-0.00150514
0.0749244
-0.0025204
0.0748716
-0.00355894
0.0748124
-0.00462835
0.0747547
-0.00574231
0.0747077
-0.00690339
0.0746856
-0.00813421
0.0747018
-0.00942054
0.0747828
-0.0108121
0.0749399
-0.0122407
0.0752277
-0.0138366
0.0756295
-0.0153786
0.0762721
-0.0172098
0.0770352
-0.0187496
0.0781998
-0.020769
0.0794347
-0.0221198
0.0811716
-0.0239964
0.082956
-0.0250324
-0.0260347
0.0850061
0.0749865
-0.00048733
0.0749462
-0.00146487
0.0748809
-0.00245506
0.0747939
-0.00347197
0.0746905
-0.00452493
0.0745781
-0.00562988
0.0744664
-0.00679175
0.0743695
-0.00803727
0.0743033
-0.0093543
0.0742939
-0.0108027
0.0743611
-0.012308
0.0745603
-0.0140359
0.074888
-0.0157063
0.0754907
-0.0178126
0.0762244
-0.0194833
0.0775102
-0.0220548
0.0787783
-0.0233878
0.0809514
-0.0261695
0.0829269
-0.0270079
-0.0286828
0.085575
0.0749809
-0.000468235
0.0749238
-0.00140779
0.0748303
-0.0023615
0.0747032
-0.00334487
0.0745472
-0.00436895
0.0743689
-0.00545159
0.0741779
-0.00660076
0.0739868
-0.00784611
0.0738137
-0.00918126
0.073682
-0.0106709
0.0736229
-0.0122489
0.0736828
-0.0140957
0.0738946
-0.0159181
0.0743826
-0.0183006
0.0750622
-0.0201628
0.0763993
-0.0233919
0.0776731
-0.0246616
0.0804164
-0.0289128
0.0824474
-0.029039
-0.0324427
0.0862074
0.0749746
-0.000442885
0.0748987
-0.00133189
0.0747734
-0.00223619
0.0746009
-0.00317231
0.0743847
-0.00415278
0.07413
-0.00519693
0.0738452
-0.00631593
0.0735406
-0.00754146
0.0732344
-0.00887511
0.0729459
-0.0103825
0.0727155
-0.0120184
0.0725759
-0.0139561
0.0726094
-0.0159516
0.0728791
-0.0185703
0.0734731
-0.0207569
0.074687
-0.0246058
0.076046
-0.0260206
0.0793088
-0.0321756
0.0812655
-0.0309957
-0.0383114
0.0871342
0.0749679
-0.000410784
0.0748717
-0.00123565
0.0747119
-0.00207641
0.0744897
-0.00295011
0.0742071
-0.00387023
0.0738673
-0.00485708
0.0734758
-0.00592449
0.07304
-0.00710559
0.0725748
-0.00840995
0.0720952
-0.00990282
0.0716415
-0.0115647
0.0712376
-0.0135523
0.0709961
-0.01571
0.070931
-0.0185053
0.0713349
-0.0211608
0.0721638
-0.0254346
0.0737938
-0.0276506
0.0771006
-0.0354824
0.0793869
-0.033282
-0.0474994
0.0885749
0.0749609
-0.000371674
0.0748435
-0.00111827
0.0746478
-0.0018807
0.0743735
-0.00267581
0.0740207
-0.00351745
0.0735896
-0.004426
0.0730823
-0.00541717
0.0725012
-0.00652451
0.0718554
-0.00776409
0.071153
-0.00920042
0.0704247
-0.0108365
0.0696889
-0.0128164
0.0690488
-0.0150699
0.0685185
-0.0179749
0.068474
-0.0211163
0.0687328
-0.0256934
0.0705583
-0.0294762
0.0729349
-0.037859
0.0773668
-0.037714
-0.0594141
0.0892815
0.0749539
-0.000325609
0.0748155
-0.000979834
0.0745839
-0.00164912
0.0742573
-0.00234924
0.0738336
-0.00309368
0.0733093
-0.00390172
0.0726822
-0.00479003
0.0719482
-0.00579056
0.0711084
-0.0069243
0.0701601
-0.00825207
0.0691182
-0.00979458
0.0679858
-0.011684
0.0668294
-0.0139135
0.0656669
-0.0168125
0.0647752
-0.0202246
0.0641608
-0.025079
0.0652274
-0.0305428
0.0666406
-0.0392721
0.0753178
-0.0463912
-0.067679
0.0835827
0.0749474
-0.000273031
0.0747891
-0.000821498
0.0745235
-0.00138356
0.0741473
-0.00197297
0.0736555
-0.00260194
0.0730412
-0.00328743
0.072297
-0.00404583
0.0714117
-0.00490527
0.0703768
-0.00588938
0.0691755
-0.00705073
0.0678038
-0.00842286
0.0662361
-0.0101164
0.0644937
-0.0121712
0.0625356
-0.0148544
0.0604851
-0.0181741
0.0583181
-0.022912
0.0566564
-0.0288811
0.0562132
-0.038829
0.0632144
-0.0533923
0.0615771
-0.0660418
0.0766002
-0.0181844
0.076875
-0.0183733
0.0771651
-0.0184379
0.0774674
-0.0183924
0.0777778
-0.0182451
0.0780928
-0.0180169
0.0784087
-0.0177151
0.0787253
-0.0173615
0.0790409
-0.0169622
-0.0165229
0.0793439
0.0773812
-0.0185229
0.0777341
-0.0187262
0.0780955
-0.0187993
0.0784594
-0.0187563
0.0788209
-0.0186066
0.0791763
-0.0183723
0.0795229
-0.0180617
0.0798603
-0.0176988
0.0801842
-0.017286
-0.0168422
0.0805034
0.0782434
-0.0189563
0.0786863
-0.019169
0.0791302
-0.0192432
0.0795667
-0.0191928
0.0799902
-0.0190301
0.0803966
-0.0187787
0.0807839
-0.0184491
0.0811524
-0.0180672
0.0815021
-0.0176358
-0.0171773
0.0818373
0.0791158
-0.019491
0.0796549
-0.0197081
0.0801866
-0.019775
0.0807
-0.0197062
0.0811884
-0.0195186
0.0816474
-0.0192376
0.0820766
-0.0188783
0.0824772
-0.0184678
0.0828513
-0.0180099
-0.0175295
0.0832035
0.0799933
-0.0201351
0.080636
-0.0203508
0.0812616
-0.0204006
0.0818556
-0.0203002
0.0824109
-0.0200738
0.0829224
-0.0197492
0.0833922
-0.0193482
0.0838221
-0.0188977
0.0842175
-0.0184053
-0.0178958
0.0845838
0.0808774
-0.0208995
0.0816335
-0.0211069
0.0823604
-0.0211275
0.0830393
-0.0209791
0.0836625
-0.020697
0.0842252
-0.0203118
0.0847327
-0.0198557
0.0851873
-0.0193524
0.0855993
-0.0188174
-0.0182703
0.0859739
0.0817701
-0.0217984
0.0826524
-0.0219892
0.0834896
-0.0219648
0.0842576
-0.0217471
0.084949
-0.0213884
0.0855599
-0.0209227
0.0861002
-0.020396
0.0865729
-0.0198251
0.0869946
-0.019239
-0.018645
0.0873693
0.0826733
-0.0228512
0.0836985
-0.0230144
0.0846567
-0.022923
0.0855178
-0.0226081
0.0862763
-0.0221469
0.0869305
-0.0215769
0.0874963
-0.0209618
0.0879777
-0.0203065
0.0883989
-0.0196601
-0.0190081
0.088762
0.0835894
-0.0240842
0.0847796
-0.0242046
0.0858709
-0.0240143
0.0868282
-0.0235654
0.0876507
-0.0229694
0.0883409
-0.0222671
0.0889214
-0.0215424
0.0893979
-0.020783
0.0898025
-0.0200647
-0.0193402
0.0901346
0.0845227
-0.0255347
0.0859063
-0.0255882
0.087144
-0.0252521
0.0881997
-0.024621
0.0890806
-0.0238504
0.0897954
-0.0229818
0.0903731
-0.0221201
0.0908208
-0.0212308
0.0911781
-0.020422
-0.0196027
0.0914405
0.0854818
-0.0272578
0.0870946
-0.027201
0.0884931
-0.0266506
0.0896479
-0.0257758
0.090577
-0.0247795
0.0912937
-0.0236986
0.0918317
-0.0226581
0.0921988
-0.0215979
0.0924404
-0.0206635
-0.0197112
0.0925488
0.0864828
-0.0293346
0.0883702
-0.0290884
0.0899461
-0.0282265
0.0911961
-0.0270258
0.092143
-0.0257264
0.0928008
-0.0243563
0.0932065
-0.0230638
0.0933697
-0.0217611
0.0933453
-0.0206391
-0.0194902
0.0931243
0.0875566
-0.0318851
0.0897797
-0.0313114
0.0915469
-0.0299938
0.0928519
-0.0283307
0.0937076
-0.0265821
0.094134
-0.0247827
0.0941812
-0.023111
0.0938749
-0.0214548
0.093293
-0.0200572
-0.0186288
0.0924316
0.0887718
-0.0350819
0.0913996
-0.0339392
0.0933061
-0.0319003
0.0944667
-0.0294913
0.0948987
-0.0270141
0.0946784
-0.0245624
0.0939055
-0.0223381
0.0926607
-0.0202101
0.0910674
-0.0184638
-0.0167036
0.0891422
0.0902727
-0.0391473
0.0932405
-0.036907
0.0949172
-0.033577
0.095294
-0.0298682
0.0945417
-0.0262617
0.0929062
-0.0229269
0.0905991
-0.020031
0.0878142
-0.0174252
0.0847257
-0.0153753
-0.0133752
0.0813973
0.0920601
-0.0440732
0.094725
-0.0395719
0.0949468
-0.0337987
0.0931766
-0.0280979
0.0900161
-0.0231013
0.0859939
-0.0189047
0.0814878
-0.0155248
0.0768084
-0.0127459
0.0721306
-0.0106974
-0.00882338
0.0675787
0.0930029
-0.0485012
0.0933222
-0.0398912
0.0896573
-0.0301339
0.0839196
-0.0223602
0.0772512
-0.016433
0.0704611
-0.0121146
0.0639866
-0.00905035
0.0580839
-0.00684313
0.0527702
-0.00538373
-0.00417018
0.048117
0.0890218
-0.0482414
0.0830053
-0.0338747
0.0728081
-0.0199367
0.0624917
-0.0120438
0.0531499
-0.0070912
0.0454107
-0.00437537
0.0391999
-0.00283949
0.0343168
-0.00196005
0.030393
-0.00145993
-0.00102714
0.0272499
0.0705825
-0.0352413
0.0552566
-0.0185488
0.0399305
-0.00461062
0.0296155
-0.0017287
0.0226648
-0.00014058
0.018298
-8.56388e-06
0.0154435
1.50576e-05
0.0134667
1.67176e-05
0.0119582
4.86308e-05
0.00010499
0.010826
0.0263359
0.00778711
0.00317649
0.00144779
0.00130721
0.00129865
0.00131371
0.00133042
0.00137906
0.00148405
0.0802096
-0.0455839
0.0810123
-0.0410751
0.0818348
-0.03627
0.0825615
-0.0316469
0.0830686
-0.0261799
0.0835758
-0.019896
0.0840617
-0.0152676
0.0841394
-0.0121598
0.0841025
-0.0101467
0.0843037
-0.0127443
0.0840143
-0.0195268
0.0832449
-0.0277853
0.0829351
-0.0419263
0.0810961
-0.0626729
0.0731498
-0.0812345
0.0581291
-0.0914623
0.0406774
-0.0933637
0.0263231
-0.0859141
0.0170497
-0.0702818
-0.0404555
0.081359
-0.0464394
0.0821473
-0.0418634
0.0829472
-0.0370699
0.083625
-0.0323248
0.0840671
-0.026622
0.084477
-0.0203058
0.0847761
-0.0155667
0.0846398
-0.0120235
0.0844426
-0.00994951
0.0843927
-0.0126943
0.0837797
-0.0189138
0.0828564
-0.026862
0.0820269
-0.0410967
0.0786482
-0.0592942
0.0693376
-0.0719239
0.054874
-0.0769987
0.0395428
-0.0780325
0.0270455
-0.0734167
0.0185828
-0.0618192
-0.0369489
0.0827177
-0.0473199
0.0835308
-0.0426765
0.0843444
-0.0378835
0.085008
-0.0329883
0.0854286
-0.0270427
0.0857605
-0.0206377
0.0858378
-0.015644
0.0854403
-0.0116261
0.0850169
-0.00952604
0.0845761
-0.0122536
0.0835352
-0.0178728
0.0823579
-0.0256847
0.0807687
-0.0395075
0.0759246
-0.0544502
0.0658224
-0.0618217
0.0522046
-0.0633809
0.0386101
-0.064438
0.0276165
-0.0624231
0.0200574
-0.0542601
-0.0336556
0.0841119
-0.0482283
0.0849586
-0.0435232
0.0857971
-0.038722
0.0864663
-0.0336575
0.0868905
-0.0274669
0.0871476
-0.0208948
0.0869932
-0.0154896
0.0863325
-0.0109654
0.0856249
-0.00881838
0.0847058
-0.0113346
0.0832092
-0.0163762
0.0816281
-0.0241036
0.0790456
-0.0369251
0.0728085
-0.048213
0.0621782
-0.0511914
0.0494358
-0.0506385
0.0374469
-0.0524491
0.0278772
-0.0528533
0.0212377
-0.0476207
-0.0306536
0.0855126
-0.0491571
0.0863885
-0.0443991
0.0872492
-0.0395826
0.0879272
-0.0343355
0.0883491
-0.0278888
0.0885015
-0.0210472
0.088095
-0.0150831
0.0871538
-0.0100242
0.0860859
-0.00775049
0.0846283
-0.00987694
0.0826431
-0.014391
0.0804786
-0.0219391
0.0767366
-0.0331831
0.0692329
-0.0407093
0.0583297
-0.0402883
0.0466083
-0.038917
0.0361998
-0.0420406
0.0279587
-0.0446122
0.0221662
-0.0418282
-0.0279419
0.0869105
-0.0500937
0.0878045
-0.0452931
0.0886733
-0.0404515
0.0893433
-0.0350055
0.0897252
-0.0282706
0.0897135
-0.0210354
0.0890135
-0.0143831
0.0877452
-0.00875584
0.0862272
-0.00623252
0.0841783
-0.00782803
0.0816461
-0.0118588
0.0787139
-0.0190069
0.0737133
-0.0281825
0.0651487
-0.0321448
0.0543043
-0.0294438
0.0437672
-0.0283799
0.0348942
-0.0331676
0.0278878
-0.0376058
0.0228764
-0.0368168
-0.0255103
0.088295
-0.0510195
0.0891833
-0.0461814
0.0900227
-0.0412909
0.0906317
-0.0356145
0.0908943
-0.0285332
0.0906293
-0.0207705
0.0895739
-0.0133278
0.0879082
-0.00709015
0.085849
-0.00417331
0.0831633
-0.00514228
0.0800045
-0.00870003
0.0761402
-0.0151425
0.0698849
-0.0219272
0.060564
-0.0228239
0.0501457
-0.0190255
0.0409541
-0.0191884
0.0335696
-0.0257831
0.0277041
-0.0317403
0.0234083
-0.032521
-0.023344
0.0896444
-0.0519019
0.0904714
-0.0470084
0.0911933
-0.0420128
0.0916273
-0.0360485
0.0916383
-0.0285441
0.0910046
-0.0201368
0.0895201
-0.0118433
0.0873813
-0.00495134
0.0847103
-0.00150231
0.0813598
-0.00179181
0.0774938
-0.00483401
0.0725945
-0.0102432
0.0652171
-0.0145498
0.0555385
-0.0131453
0.0459316
-0.00941857
0.0382233
-0.0114801
0.0322637
-0.0198236
0.0274423
-0.0269189
0.0237987
-0.0288773
-0.021427
0.090904
-0.0526712
0.0915436
-0.047648
0.0919713
-0.0424405
0.0920331
-0.0361103
0.0916091
-0.0281201
0.0904825
-0.0190102
0.088507
-0.00986781
0.0858459
-0.00229019
0.0825415
0.00180202
0.0785329
0.00221679
0.0739085
-0.000209553
0.0679753
-0.00431
0.0597494
-0.00632398
0.0501896
-0.00358543
0.0417679
-0.000996882
0.0356321
-0.00534434
0.0310096
-0.015201
0.0271321
-0.0230414
0.0240795
-0.0258247
-0.0197423
0.091937
-0.0531676
0.0921348
-0.0478458
0.0919687
-0.0422744
0.0913803
-0.035522
0.0903194
-0.0270591
0.0886095
-0.0173004
0.0861328
-0.00739105
0.0829669
0.00087569
0.0790836
0.00568528
0.0744751
0.00682529
0.0691045
0.00516106
0.0622719
0.00252264
0.0536093
0.00233856
0.0446902
0.00533369
0.0377732
0.00592016
0.0332333
-0.000804503
0.0298335
-0.0118012
0.0267981
-0.0200059
0.024278
-0.0233046
-0.0182731
0.0924335
-0.0530523
0.091754
-0.0471663
0.0905792
-0.0410995
0.0890391
-0.033982
0.0871975
-0.0252175
0.084912
-0.0150148
0.0820256
-0.00450469
0.0784674
0.00443389
0.0741515
0.0100012
0.0690587
0.0119181
0.0630433
0.0111765
0.0555897
0.00997629
0.0470097
0.0109186
0.0392508
0.0130926
0.0340703
0.0111007
0.031067
0.00219871
0.0287543
-0.00948847
0.02646
-0.0177117
0.0244174
-0.0212621
-0.0170027
0.0917872
-0.0517153
0.0896275
-0.0450066
0.0870155
-0.0384876
0.0843336
-0.0313001
0.0817398
-0.0226237
0.0790463
-0.0123213
0.0759633
-0.00142171
0.072235
0.0081622
0.0676975
0.0145387
0.0622858
0.0173297
0.0558225
0.0176398
0.0481616
0.0176372
0.040249
0.0188312
0.034098
0.0192435
0.0307536
0.0144451
0.0291554
0.00379692
0.0277819
-0.008115
0.0261331
-0.0160628
0.0245169
-0.0196458
-0.0159147
0.0890033
-0.0482869
0.0847668
-0.0407702
0.0805082
-0.0342289
0.076797
-0.0275889
0.0737478
-0.0195745
0.0709919
-0.00956543
0.0680143
0.00155588
0.0643867
0.0117899
0.0598554
0.0190699
0.0543165
0.0228687
0.0476949
0.0242614
0.040338
0.024994
0.033666
0.0255032
0.0294345
0.0234749
0.0278799
0.0159998
0.0275016
0.00417524
0.0269196
-0.00753299
0.0258289
-0.0149722
0.0245925
-0.0184094
-0.0149935
0.0827844
-0.0419292
0.0762808
-0.0342666
0.0706981
-0.0286462
0.066515
-0.0234057
0.0635596
-0.0166191
0.0611612
-0.00716707
0.0585871
0.00412994
0.0552793
0.0150977
0.0509339
0.0234153
0.045465
0.0283377
0.0390499
0.0306765
0.032548
0.031496
0.0275927
0.0304585
0.0254037
0.0256639
0.025462
0.0159414
0.0260905
0.00354679
0.026165
-0.00760745
0.0255561
-0.0143633
0.0246577
-0.017511
-0.014224
0.0720069
-0.0325388
0.0639708
-0.0262305
0.0581005
-0.0227758
0.0543482
-0.0196534
0.0520749
-0.0143458
0.0503418
-0.00543391
0.0483194
0.00615235
0.0454225
0.0179946
0.0413617
0.0274761
0.0361674
0.033532
0.0303718
0.036472
0.025236
0.0366318
0.0222935
0.033401
0.0220649
0.0258925
0.0234695
0.0145368
0.0248963
0.00212003
0.0255127
-0.00822386
0.0253211
-0.0141716
0.0247239
-0.0169139
-0.0135919
0.0566694
-0.0216295
0.0489696
-0.0185307
0.0442542
-0.0180604
0.0417367
-0.0171359
0.0404445
-0.0130537
0.0394082
-0.00439756
0.0378805
0.00768006
0.0353534
0.0205217
0.031624
0.0312054
0.0269329
0.0382231
0.0221722
0.0412327
0.0187828
0.0400212
0.0179138
0.03427
0.0193894
0.0244169
0.0218426
0.0120836
0.0238886
7.39868e-05
0.0249567
-0.00929195
0.0251293
-0.0143442
0.0248009
-0.0165854
-0.0130836
0.0388941
-0.0124066
0.0337307
-0.0133673
0.0311325
-0.0154622
0.0300462
-0.0160496
0.0295957
-0.0126032
0.0290353
-0.00383717
0.0278137
0.00890166
0.0255601
0.0227753
0.0222183
0.0345472
0.0182837
0.0421577
0.0149046
0.0446119
0.0134301
0.0414956
0.0144586
0.0332415
0.0172816
0.021594
0.0205093
0.00885582
0.0230388
-0.00245545
0.0244916
-0.0107448
0.0249856
-0.0148381
0.0248971
-0.016497
-0.0126857
0.0225205
-0.00767714
0.0207588
-0.0116056
0.0200909
-0.0147943
0.0200026
-0.0159613
0.0199956
-0.0125962
0.019616
-0.00345753
0.0185104
0.0100073
0.016469
0.0248167
0.0136177
0.0373985
0.0106793
0.0450961
0.00887688
0.0464143
0.00923755
0.0411349
0.0118122
0.0306668
0.0156135
0.0177927
0.0194019
0.00506746
0.0223231
-0.00537671
0.0241136
-0.0125353
0.0248944
-0.0156189
0.0250202
-0.0166227
-0.0123856
0.0105058
-0.00735695
0.0111022
-0.0122019
0.0114194
-0.0151115
0.0117087
-0.0162507
0.01177
-0.0126575
0.0113555
-0.00304297
0.0102638
0.0110989
0.0084505
0.02663
0.00622187
0.0396272
0.00443576
0.0468822
0.00419423
0.0466558
0.00609403
0.0392351
0.00979155
0.0269693
0.0142604
0.0133238
0.0184665
0.000861359
0.0217251
-0.0086353
0.0238214
-0.0146316
0.0248606
-0.0166582
0.0251768
-0.016939
-0.0121704
0.0033247
-0.00919761
0.00440421
-0.0132814
0.0047875
-0.0154948
0.00500224
-0.0164654
0.00491757
-0.0125728
0.0043843
-0.0025097
0.00330736
0.0121758
0.00179725
0.0281401
0.000302368
0.041122
-0.000333713
0.0475183
0.000761902
0.0455602
0.00378178
0.0362153
0.00820867
0.0225424
0.0131246
0.0084079
0.0176669
-0.00368099
0.021235
-0.0122034
0.0236144
-0.0170109
0.0248898
-0.0179336
0.0253719
-0.0174211
-0.012029
0.00033122
-0.00952883
0.000253939
-0.0132042
0.000221176
-0.0154621
0.000188537
-0.0164328
-3.08233e-05
-0.0123534
-0.000516538
-0.00202398
-0.00132393
0.0129832
-0.0022774
0.0290936
-0.00295598
0.0418006
-0.00273304
0.0472953
-0.00114238
0.0439696
0.00178748
0.0332854
0.00564034
0.0186895
0.00979708
0.00425116
0.0136408
-0.00752472
0.0167103
-0.0152729
0.0188025
-0.0191031
0.0199841
-0.0191152
0.0204653
-0.0179023
-0.0119653
-0.00103513
-0.0084937
-0.00190267
-0.0123366
-0.00227312
-0.0150916
-0.00248822
-0.0162177
-0.00280949
-0.0120322
-0.00335389
-0.00147958
-0.00408813
0.0137175
-0.00478974
0.0297952
-0.00503335
0.0420442
-0.00430127
0.0465632
-0.00228734
0.0419556
0.000914267
0.0300838
0.00493432
0.0146695
0.00925087
-6.53899e-05
0.0132721
-0.011546
0.0165246
-0.0185254
0.0187777
-0.0213562
0.0200836
-0.0204212
0.0206453
-0.0184639
-0.0119327
-0.00198332
-0.00651038
-0.0034762
-0.0108437
-0.00416121
-0.0144066
-0.00453091
-0.015848
-0.00492296
-0.0116401
-0.00546709
-0.000935445
-0.00609055
0.0143409
-0.00654288
0.0302475
-0.00642893
0.0419303
-0.00534955
0.0454838
-0.0031022
0.0397083
0.000232017
0.0267496
0.00434364
0.0105579
0.00879097
-0.00451272
0.0129778
-0.0157328
0.0164037
-0.0219513
0.018807
-0.0237595
0.0202236
-0.0218377
0.0208541
-0.0190944
-0.0119231
-0.00261383
-0.00389655
-0.00455596
-0.00890161
-0.00547889
-0.0134837
-0.00595238
-0.0153745
-0.00637032
-0.0112222
-0.00687326
-0.000432502
-0.00736869
0.0148363
-0.00760126
0.0304801
-0.00723107
0.0415601
-0.00596163
0.0442144
-0.00363321
0.0373799
-0.000265578
0.0233819
0.00389334
0.00639895
0.00844229
-0.00906167
0.0127737
-0.0200642
0.0163565
-0.0255341
0.0188949
-0.0262978
0.0204075
-0.0233503
0.021093
-0.0197799
-0.0119286
-0.00296959
-0.000926957
-0.00517986
-0.00669134
-0.00624706
-0.0124165
-0.00677043
-0.0148511
-0.00717275
-0.0108199
-0.00760674
1.48541e-06
-0.00797521
0.0152048
-0.00803756
0.0305425
-0.00751646
0.041039
-0.00618621
0.0428842
-0.00387948
0.0350731
-0.000541549
0.020044
0.00363391
0.00222349
0.00824523
-0.013673
0.0126846
-0.0245036
0.0163962
-0.0292457
0.0190479
-0.0289495
0.0206389
-0.0249413
0.021364
-0.0205051
-0.0119408
-0.00305707
0.00213011
-0.00535139
-0.00439702
-0.00646942
-0.0112985
-0.00699677
-0.0143238
-0.00735497
-0.0104617
-0.00770663
0.000353145
-0.00796292
0.0154611
-0.00791135
0.0304909
-0.00733079
0.0404584
-0.00602819
0.0415816
-0.00379618
0.0328411
-0.000511837
0.0167597
0.00363715
-0.0019255
0.00825473
-0.0182906
0.0127443
-0.0289932
0.0165402
-0.0330415
0.0192744
-0.0316838
0.020922
-0.0265889
0.0216693
-0.0212524
-0.0119502
-0.00285049
0.0049806
-0.00504265
-0.00220486
-0.00613428
-0.0102068
-0.00663735
-0.0138207
-0.00693931
-0.0101597
-0.00720739
0.000621223
-0.00737415
0.0156279
-0.00725985
0.0303766
-0.00668394
0.0398825
-0.0054521
0.0403497
-0.00330707
0.0306961
-7.84699e-05
0.0135311
0.00398942
-0.00599339
0.00853723
-0.0228384
0.0129946
-0.0334506
0.0168105
-0.0368574
0.0195848
-0.0344581
0.0212614
-0.0282655
0.0220108
-0.0220018
-0.0119467
-0.00228076
0.00726136
-0.00418875
-0.000296865
-0.00520623
-0.00918936
-0.00568681
-0.0133401
-0.00593934
-0.00990718
-0.00613393
0.000815822
-0.00623461
0.0157285
-0.00609443
0.0302364
-0.00555459
0.0393427
-0.0043965
0.0391916
-0.00232318
0.0286228
0.000816567
0.0103913
0.00477921
-0.00995602
0.00916476
-0.0272239
0.0134835
-0.0377693
0.017233
-0.0406069
0.019991
-0.0372161
0.0216621
-0.0299366
0.0223904
-0.0227301
-0.0119186
-0.00122933
0.00849068
-0.00267646
0.00115027
-0.00361531
-0.00825051
-0.00411816
-0.0128373
-0.00435829
-0.00966705
-0.0045006
0.000958133
-0.00455448
0.0157824
-0.00440664
0.0300886
-0.00390427
0.0388403
-0.00279469
0.038082
-0.000760533
0.0265886
0.00228977
0.00734102
0.00608544
-0.0137517
0.0102061
-0.0313445
0.0142606
-0.0418239
0.0178363
-0.0441825
0.0205064
-0.0398862
0.0221298
-0.03156
0.0228101
-0.0234104
-0.0118533
0.000497449
0.00799323
-0.000327649
0.00197537
-0.00124638
-0.00733178
-0.00187321
-0.0122104
-0.00218311
-0.00935716
-0.00231264
0.00108767
-0.00233508
0.0158049
-0.00218099
0.0299345
-0.00169693
0.0383562
-0.000599733
0.0369848
0.00142759
0.0245613
0.0043883
0.00438031
0.00795881
-0.0173222
0.0117122
-0.035098
0.0153725
-0.0454841
0.0186512
-0.0474613
0.0211492
-0.0423842
0.0226703
-0.0330811
0.0232744
-0.0240145
-0.0117345
0.00554962
0.00592874
-0.00348513
0.00541367
0.00211132
0.00389318
-0.00581129
0.00251331
-0.0108306
0.00172722
-0.00857107
0.00144731
0.00136759
0.00144397
0.0158082
0.00170448
0.029674
0.00244543
0.0376153
0.00408464
0.0353456
0.00693535
0.0217106
0.0109667
0.000348963
0.0155773
-0.0219328
0.0201389
-0.0396596
0.0244676
-0.0498128
0.0284043
-0.051398
0.0315035
-0.0454833
0.0333748
-0.0349525
0.0340605
-0.0247001
-0.0114302
0.0179501
0.00738211
-0.0194035
0.0165421
0.0035193
0.0138864
-0.00315559
0.0112031
-0.00814726
0.0094065
-0.00677447
0.00867853
0.00209556
0.00862827
0.0158585
0.00900182
0.0293004
0.0098968
0.0367203
0.0116406
0.0336019
0.014458
0.0188931
0.0181928
-0.00338583
0.0221549
-0.0258949
0.0256144
-0.043119
0.0285703
-0.0527688
0.0312734
-0.0541011
0.0335177
-0.0477276
0.0348755
-0.0363103
0.0352173
-0.025042
-0.0109337
0.0374581
0.0147375
-0.0448135
0.0325821
0.00839535
0.0277597
0.00166678
0.0230574
-0.00344493
0.019499
-0.00321608
0.017691
0.00390361
0.0172904
0.016259
0.0177321
0.0288588
0.0188268
0.0356256
0.0206996
0.0317291
0.0234387
0.016154
0.0268138
-0.00676091
0.0300552
-0.0291363
0.0323385
-0.0454023
0.0337395
-0.0541698
0.0349079
-0.0552695
0.0359962
-0.0488159
0.0366305
-0.0369445
0.0365002
-0.0249117
-0.0101895
0.0607124
0.0257431
-0.071718
0.0523336
0.0167741
0.0449827
0.00901771
0.0380186
0.00351918
0.032242
0.00256046
0.0286855
0.00746019
0.0274166
0.0175278
0.0277061
0.0285693
0.0289496
0.0343821
0.0309237
0.029755
0.0335085
0.0135692
0.0364124
-0.00966478
0.0388654
-0.0315893
0.0399761
-0.046513
0.0397858
-0.0539795
0.0392455
-0.0547291
0.0389326
-0.048503
0.0386387
-0.0366506
0.0379049
-0.024178
-0.00913754
0.0810899
0.0358064
-0.0911532
0.0718289
0.0260351
0.0631792
0.0176674
0.0547566
0.0119418
0.0471576
0.0101594
0.0416688
0.0129491
0.0390276
0.020169
0.0387636
0.0288333
0.0399633
0.0331823
0.0419518
0.0277665
0.044288
0.011233
0.0465804
-0.0119571
0.0481472
-0.0331561
0.0481173
-0.0464831
0.0464156
-0.0522778
0.0441385
-0.0524521
0.0422733
-0.0466378
0.0408797
-0.0352569
0.0394173
-0.0227156
-0.00771835
0.0947926
0.0426202
-0.101606
0.0871411
0.0336866
0.0791063
0.0257023
0.0707872
0.0202608
0.0626619
0.0182847
0.0559468
0.0196642
0.0519204
0.0241954
0.0507524
0.0300013
0.0516065
0.0323282
0.0534443
0.0259288
0.0554139
0.00926332
0.0569417
-0.0134849
0.0574984
-0.0337128
0.0563529
-0.0453376
0.0532895
-0.0492144
0.0493778
-0.0485404
0.0459215
-0.0431815
0.0433119
-0.0326473
0.0410136
-0.0204173
-0.00587725
0.102053
0.0462635
-0.105697
0.0969264
0.0388134
0.0907291
0.0318996
0.0838224
0.0271675
0.0766117
0.0254954
0.0699851
0.0262907
0.0652854
0.0288951
0.0632712
0.0320155
0.0635537
0.0320457
0.0650315
0.024451
0.066492
0.00780278
0.0671156
-0.0141085
0.0665457
-0.0331428
0.0643073
-0.0430992
0.06007
-0.0449771
0.0547252
-0.0431956
0.0497484
-0.0382047
0.0458744
-0.0287733
0.042661
-0.0172039
-0.00356798
0.104852
0.0477588
-0.106348
0.101974
0.0416919
0.0978544
0.0360191
0.0928817
0.0321403
0.0874315
0.0309456
0.0820482
0.031674
0.0777391
0.0332042
0.0754291
0.0343256
0.0752
0.0322748
0.0761882
0.0234627
0.0770223
0.00696868
0.0766601
-0.0137463
0.0749157
-0.0313984
0.0716447
-0.0398282
0.0664533
-0.0397857
0.0599458
-0.0366881
0.0536106
-0.0318695
0.0484929
-0.0236556
0.0443184
-0.0130294
-0.000755511
0.105153
0.0480836
-0.105477
0.103818
0.0430268
0.101415
0.0384215
0.0982483
0.0353074
0.0946795
0.0345144
0.0910482
0.0353053
0.0879382
0.0363142
0.0860411
0.0362227
0.0856357
0.0326802
0.086188
0.0229104
0.086386
0.00677073
0.0850782
-0.0124386
0.0822409
-0.0285611
0.0780796
-0.0356669
0.0721921
-0.0338982
0.064836
-0.029332
0.0573696
-0.0244032
0.0510874
-0.0173734
0.0459392
-0.00788116
0.00258255
0.104276
0.0478527
-0.104046
0.103837
0.0434667
0.102618
0.0396397
0.100832
0.0370941
0.0988157
0.0365302
0.0968399
0.0372811
0.0951893
0.0379648
0.0941742
0.0372378
0.0939782
0.0328762
0.0942883
0.0226003
0.0939814
0.00707765
0.0919197
-0.0103769
0.0882191
-0.0248605
0.0834057
-0.0308535
0.0771154
-0.0276079
0.0692438
-0.0214603
0.0609088
-0.0160682
0.0535817
-0.0100463
0.0474749
-0.00177437
0.00645779
0.102929
0.047369
-0.102445
0.102955
0.043441
0.102463
0.0401315
0.101606
0.0379515
0.100679
0.0374569
0.0999478
0.0380122
0.0995687
0.038344
0.0995302
0.0372762
0.0997672
0.0326392
0.100039
0.0223285
0.0994394
0.00767731
0.0969244
-0.00786191
0.0926954
-0.0206316
0.0875329
-0.025691
0.0811448
-0.0212198
0.0730817
-0.0133973
0.0641457
-0.00713213
0.0559109
-0.00181156
0.048879
0.00525757
0.0108739
0.101424
0.0467612
-0.100816
0.101684
0.0431807
0.10161
0.0402056
0.10133
0.038231
0.101085
0.0377022
0.101142
0.0379553
0.101645
0.0378406
0.102401
0.0365209
0.103087
0.0319527
0.103438
0.021977
0.102751
0.00836438
0.100103
-0.00521366
0.0957032
-0.0162317
0.0905009
-0.0204887
0.0842964
-0.0150152
0.076329
-0.00542996
0.0670361
0.00216082
0.0580336
0.0071909
0.0501055
0.0131857
0.0158288
0.0998801
0.0460833
-0.0992022
0.100266
0.0427951
0.10043
0.0400412
0.100498
0.0381633
0.100647
0.0375525
0.10113
0.0374728
0.102125
0.0368452
0.103384
0.035262
0.104402
0.0309349
0.104854
0.0215251
0.104221
0.00899798
0.101701
-0.00269394
0.0974365
-0.0119673
0.0924571
-0.0155094
0.0866648
-0.00922288
0.0790289
0.00220591
0.0695821
0.0116076
0.0599153
0.0168577
0.0511153
0.0219857
0.0213229
0.0983406
0.0453639
-0.0976211
0.0988018
0.0423339
0.0991088
0.0397342
0.0993867
0.0378854
0.0997569
0.0371822
0.100429
0.0368005
0.101621
0.0356531
0.103114
0.0337697
0.104305
0.0297438
0.104819
0.0210111
0.104307
0.00950991
0.102088
-0.000474875
0.0981771
-0.00805689
0.0936116
-0.0109439
0.0883978
-0.00400905
0.0812643
0.0093394
0.0718107
0.0210612
0.0615511
0.0271174
0.0518744
0.0316624
0.0273648
0.0968196
0.0446227
-0.0960784
0.097332
0.0418216
0.0977303
0.0393358
0.0981399
0.0374759
0.0986338
0.0366884
0.0993638
0.0360705
0.100568
0.0344487
0.102099
0.0322388
0.103327
0.0285156
0.103847
0.020491
0.103475
0.00988189
0.101645
0.00135563
0.0982198
-0.00463181
0.0941894
-0.0069135
0.0896618
0.000518589
0.0831492
0.015852
0.0737812
0.0304292
0.0629512
0.0379474
0.052351
0.0422626
0.0339782
0.0953232
0.0438755
-0.0945761
0.0958718
0.041273
0.0963318
0.0388757
0.0968269
0.0369808
0.0973928
0.0361225
0.0981154
0.0353479
0.0992342
0.0333299
0.100689
0.0307843
0.101865
0.0273394
0.102344
0.0200115
0.102106
0.0101203
0.100698
0.00276315
0.0978266
-0.00176
0.0943979
-0.00348482
0.0906263
0.00429024
0.0848152
0.021663
0.0755731
0.0396714
0.0641389
0.0493816
0.0525126
0.0538889
0.0412078
0.0938539
0.0431343
-0.0931127
0.0944285
0.0406984
0.0949309
0.0383733
0.0954827
0.036429
0.0960931
0.0355121
0.0967793
0.0346616
0.0977688
0.0323404
0.099093
0.0294601
0.100172
0.0262602
0.100584
0.0195997
0.100471
0.0102336
0.0995042
0.00372973
0.0972133
0.000530956
0.094422
-0.000693552
0.0914486
0.00726367
0.0863925
0.0267192
0.0772912
0.0487727
0.065168
0.0615047
0.0523197
0.0667372
0.049132
0.092414
0.0424068
-0.0916865
0.0930084
0.040104
0.0935403
0.0378414
0.0941309
0.0358384
0.0947719
0.0348711
0.0954112
0.0340224
0.0962582
0.0314934
0.0974375
0.0282808
0.0984113
0.0252865
0.0987543
0.0192567
0.0987765
0.0102113
0.0982745
0.00423171
0.0965649
0.00224055
0.0944088
0.00146257
0.0922877
0.00938483
0.0880311
0.0309757
0.0789789
0.0578248
0.066026
0.0744577
0.0517551
0.0810081
0.0578441
0.0910213
0.0416936
-0.090308
0.091637
0.0394883
0.0921959
0.0372825
0.0928186
0.0352156
0.0934851
0.0342046
0.0940812
0.0334263
0.0947988
0.0307758
0.0958453
0.0272343
0.0967361
0.0243956
0.0970554
0.0189374
0.0972434
0.0100234
0.0972189
0.00425615
0.0960843
0.00337519
0.0944762
0.0030707
0.0931942
0.0106668
0.0898737
0.0342962
0.0808901
0.0668084
0.0669218
0.088426
0.0506612
0.0972687
0.0675672
0.0898287
-0.0891068
0.090483
0.0910853
0.0917493
0.0924406
0.0930127
0.093655
0.0946167
0.0954744
0.095858
0.0962405
0.096577
0.0959089
0.0947231
0.0940833
0.09187
0.0832971
0.0679116
0.0489096
0.0374641
0.0387944
-0.0762585
0.0143506
0.0231134
0.00630154
0.0080491
0.00329427
0.00300727
0.00274873
0.000545538
0.00287594
-0.000127201
0.00307249
-0.000196557
0.00320631
-0.000133814
0.00330916
-0.000102857
-0.000175968
0.0883968
0.0472171
-0.0968196
0.0754172
0.0360931
0.0595861
0.0238802
0.0470382
0.0155551
0.0376343
0.00994948
0.03105
0.00645712
0.0265217
0.00433175
0.0234096
0.00297823
0.0211059
0.00220086
0.00152646
0.103876
0.0446551
-0.101314
0.101271
0.0386978
0.0939463
0.0312053
0.0850681
0.0244333
0.0760143
0.0190033
0.0676861
0.0147853
0.0604209
0.011597
0.054274
0.00912513
0.0490798
0.00739498
0.00579278
0.105455
0.0394618
-0.100261
0.107752
0.0364009
0.106655
0.0323017
0.103248
0.0278409
0.098499
0.0237521
0.093106
0.0201783
0.0874858
0.0172172
0.0819638
0.0146471
0.07667
0.0126889
0.0107447
0.103785
0.0345972
-0.09892
0.107063
0.0331224
0.108632
0.0307329
0.108524
0.027949
0.10712
0.0251558
0.104803
0.0224953
0.101846
0.0201743
0.0984862
0.0180067
0.0948996
0.0162754
0.0144911
0.101861
0.0307579
-0.0980216
0.104927
0.0300564
0.107065
0.0285946
0.108246
0.0267677
0.108543
0.0248593
0.108102
0.0229366
0.107078
0.0211984
0.105582
0.0195021
0.103754
0.0181041
0.0166384
0.10031
0.0277655
-0.097318
0.102892
0.0274747
0.10492
0.026567
0.106377
0.0253102
0.107288
0.0239483
0.107698
0.0225265
0.107691
0.0212052
0.107311
0.0198829
0.10665
0.0187648
0.0175916
0.098978
0.02539
-0.0966026
0.101131
0.0253215
0.102926
0.0247724
0.104335
0.0239006
0.105383
0.0229007
0.106091
0.0218184
0.106513
0.0207833
0.106665
0.0197309
0.106617
0.0188128
0.0178611
0.0977591
0.0234596
-0.0958286
0.0995664
0.0235142
0.101137
0.0232019
0.10243
0.0226073
0.10346
0.0218705
0.104241
0.0210377
0.104813
0.0202107
0.105186
0.0193588
0.105413
0.018585
0.017797
0.0966089
0.0218594
-0.0950087
0.0981355
0.0219876
0.0995052
0.0218323
0.100674
0.0214387
0.101643
0.020901
0.102419
0.0202621
0.103032
0.0195975
0.103487
0.0189033
0.10383
0.018243
0.0175811
0.0955058
0.0205149
-0.0941614
0.0968025
0.0206909
0.0979938
0.020641
0.09904
0.0203925
0.0999349
0.0200061
0.100677
0.0195198
0.101288
0.0189863
0.101771
0.0184202
0.102159
0.0178555
0.0172947
0.0944392
0.0193771
-0.0933013
0.0955448
0.0195852
0.0965784
0.0196075
0.0975075
0.0194634
0.0983225
0.0191911
0.0990183
0.0188241
0.0996076
0.018397
0.100093
0.0179348
0.100496
0.0174527
0.0169747
0.0934042
0.0184117
-0.0924388
0.0943483
0.0186412
0.0952423
0.0187134
0.0960616
0.0186441
0.0967954
0.0184574
0.0974372
0.0181822
0.0979934
0.0178408
0.098466
0.0174622
0.098868
0.0170508
0.0166405
0.0923984
0.0175938
-0.0915806
0.093203
0.0178367
0.0939731
0.0179432
0.0946902
0.0179271
0.0953438
0.0178037
0.0959278
0.0175982
0.0964439
0.0173247
0.096894
0.0170122
0.0972851
0.0166597
0.0163045
0.0914195
0.016905
-0.0907306
0.0921013
0.0171548
0.0927603
0.0172842
0.0933825
0.0173049
0.0939585
0.0172277
0.0944831
0.0170736
0.0949552
0.0168526
0.0953762
0.0165912
0.0957493
0.0162866
0.0159753
0.0904643
0.0163312
-0.0898905
0.0910363
0.0165828
0.0915946
0.016726
0.0921286
0.016771
0.0926304
0.0167258
0.0930955
0.0166085
0.0935215
0.0164265
0.0939093
0.0162034
0.0942598
0.0159362
0.015659
0.0895293
0.0158617
-0.0890598
0.0900013
0.0161108
0.0904671
0.0162602
0.0909189
0.0163192
0.09135
0.0162947
0.0917567
0.0162018
0.092136
0.0160472
0.0924883
0.0158511
0.0928133
0.0156112
0.0153596
0.0886107
0.0154885
-0.0882375
0.0889904
0.015731
0.0893704
0.0158802
0.089745
0.0159447
0.0901088
0.0159309
0.0904589
0.0158517
0.0907921
0.015714
0.0911079
0.0155353
0.0914059
0.0153132
0.015079
0.0877126
0.0152053
-0.0874294
0.0880063
0.0154374
0.0883062
0.0155803
0.0886083
0.0156426
0.0889086
0.0156305
0.0892048
0.0155555
0.0894939
0.015425
0.0897748
0.0152544
0.0900445
0.0150435
0.0148155
0.08691
-0.0867059
0.0871292
0.0873596
0.0875998
0.0878467
0.0880984
0.0883519
0.0886069
0.0888635
0.0854412
0.000296911
-0.000238108
0.0852641
0.00089279
-0.000715741
0.0849673
0.00150347
-0.00120661
0.0845468
0.00214545
-0.00172496
0.0839974
0.00283277
-0.00228338
0.0833114
0.00358509
-0.00289905
0.0824807
0.00441952
-0.00358882
0.0814933
0.00536833
-0.00438101
0.0803404
0.00645277
-0.00529986
0.0790046
0.0077339
-0.00639803
0.0774829
0.00923167
-0.00770997
0.0757503
0.0110791
-0.00934647
0.0738364
0.0132632
-0.0113494
0.0717056
0.0161186
-0.0139877
0.0695323
0.0194496
-0.0172764
0.0673058
0.0242342
-0.0220077
0.0659692
0.0293457
-0.0280091
0.0662106
0.0378355
-0.0380768
0.0754402
0.0432742
-0.0525038
0.0641521
-0.0649704
0.08545
0.000346945
0.0852996
0.00104312
0.0850483
0.00175481
0.0846942
0.00249952
0.0842355
0.00329151
0.0836692
0.0041514
0.0829938
0.00509494
0.0822065
0.00615563
0.0813108
0.00734847
0.0803067
0.00873799
0.0792169
0.0103214
0.0780495
0.0122465
0.0768972
0.0144155
0.0757782
0.0172375
0.0750624
0.0201655
0.0747242
0.0245724
0.0763597
0.0277102
0.0784049
0.0357903
0.0867255
0.0349537
0.054058
0.0854593
0.000387674
0.085337
0.00116539
0.0851334
0.00195841
0.0848487
0.00278421
0.0844839
0.00365634
0.0840403
0.00459498
0.083522
0.00561326
0.0829337
0.00674386
0.082289
0.00799319
0.0816001
0.00942689
0.0809079
0.0110136
0.0802363
0.0129182
0.0797101
0.0149416
0.0793529
0.0175948
0.0795534
0.019965
0.0801762
0.0239495
0.0821223
0.0257641
0.0853248
0.0325878
0.0889947
0.0312838
0.0417386
0.0854685
0.000419201
0.0853739
0.00125996
0.0852173
0.00211505
0.0850004
0.00300108
0.0847266
0.00393017
0.0844005
0.00492111
0.0840301
0.00598357
0.0836258
0.00714821
0.0832067
0.0084123
0.082793
0.00984057
0.0824303
0.0113763
0.0821549
0.0131936
0.0820712
0.0150253
0.0822397
0.0174263
0.0828288
0.0193759
0.0840433
0.022735
0.0856938
0.0241136
0.0893807
0.0289009
0.0919444
0.0287201
0.0334216
0.0854771
0.0004421
0.0854085
0.00132858
0.0852957
0.00222786
0.0851416
0.0031551
0.0849512
0.00412057
0.0847314
0.00514096
0.0844924
0.00622257
0.084248
0.00739262
0.0840184
0.00864182
0.08383
0.010029
0.0837196
0.0114867
0.0837394
0.0131738
0.0839371
0.0148276
0.0844396
0.0169238
0.0851979
0.0186176
0.0866844
0.0212485
0.0881983
0.0225996
0.0914808
0.0256185
0.0938881
0.0263127
0.0283897
0.0854848
0.000457278
0.0854394
0.00137399
0.0853656
0.00230169
0.0852671
0.00325363
0.0851495
0.00423816
0.0850211
0.00526933
0.0848928
0.0063509
0.0847802
0.00750516
0.0847015
0.00872051
0.0846866
0.010044
0.084759
0.0114143
0.0849805
0.0129523
0.0853532
0.0144549
0.0860348
0.0162422
0.086887
0.0177654
0.0883663
0.0197693
0.0898597
0.0211062
0.0924486
0.0230296
0.0947439
0.0240174
0.0251121
0.0854914
0.000465839
0.0854659
0.00139952
0.0854253
0.0023423
0.0853737
0.00330526
0.0853168
0.004295
0.0852636
0.00532258
0.0852242
0.00639024
0.085215
0.00751444
0.0852507
0.00868479
0.0853611
0.00993355
0.0855599
0.0112155
0.0859064
0.0126058
0.0863871
0.0139742
0.087136
0.0154932
0.0880349
0.0168665
0.0893814
0.0184228
0.0908227
0.0196649
0.0928453
0.021007
0.0949017
0.021961
0.0226958
0.0854969
0.000468974
0.0854876
0.00140876
0.0854741
0.00235584
0.0854603
0.00331901
0.085452
0.00430337
0.0854576
0.00531699
0.0854865
0.00636131
0.0855538
0.00744709
0.085672
0.00856666
0.0858668
0.00973874
0.0861482
0.0109342
0.0865632
0.0121908
0.0871019
0.0134355
0.087853
0.0147421
0.0887498
0.0159697
0.0899423
0.0172303
0.0912753
0.0183319
0.0929156
0.0193666
0.0946841
0.0201924
0.0207774
0.0855011
0.000467861
0.0855046
0.00140525
0.0855122
0.0023483
0.0855275
0.00330361
0.085556
0.00427493
0.0856053
0.0052677
0.0856838
0.0062828
0.0858045
0.00732633
0.0859781
0.00839312
0.0862251
0.00949177
0.0865545
0.0106047
0.0869991
0.0117463
0.0875568
0.0128778
0.0882775
0.0140214
0.0891338
0.0151134
0.0901878
0.0161763
0.0913829
0.0171368
0.0927579
0.0179917
0.0942542
0.0186961
0.019203
0.0855043
0.000463605
0.0855172
0.00139233
0.0855402
0.00232529
0.0855767
0.00326707
0.0856314
0.00422024
0.0857111
0.00518805
0.085823
0.00617089
0.0859778
0.00717148
0.0861848
0.00818617
0.0864593
0.00921725
0.0868101
0.010254
0.0872581
0.0112982
0.0878067
0.0123291
0.0884813
0.0133468
0.0892741
0.0143207
0.0902066
0.0152438
0.0912592
0.0160841
0.0924303
0.0168205
0.0936939
0.0174325
0.0178881
0.0855064
0.000457195
0.0855258
0.00137297
0.0855593
0.00229177
0.0856099
0.00321644
0.0856817
0.00414844
0.0857804
0.0050894
0.0859122
0.00603911
0.0860856
0.00699808
0.0863084
0.00796329
0.086592
0.00893365
0.0869442
0.0099018
0.0873781
0.0108643
0.087899
0.0118083
0.0885191
0.0127267
0.0892378
0.013602
0.0900605
0.0144211
0.0909786
0.015166
0.0919818
0.0158173
0.0930526
0.0163618
0.0167794
0.0855077
0.00044949
0.0855309
0.00134975
0.0855707
0.00225204
0.0856294
0.0031577
0.0857106
0.00406728
0.0858188
0.00498112
0.0859595
0.00589846
0.0861392
0.0068184
0.0863644
0.00773805
0.0866433
0.0086547
0.0869826
0.00956257
0.0873905
0.0104564
0.0878719
0.0113269
0.088433
0.0121657
0.0890743
0.0129607
0.0897958
0.0136997
0.0905917
0.01437
0.0914516
0.0149574
0.0923618
0.0154515
0.0158399
0.0855083
0.000441218
0.0855332
0.00132483
0.0855755
0.0022097
0.0856374
0.00309587
0.0857215
0.0039831
0.0858318
0.00487082
0.0859726
0.0057577
0.086149
0.00664199
0.0863663
0.00752074
0.0866305
0.00839054
0.0869467
0.00924632
0.0873206
0.0100825
0.0877557
0.0108918
0.0882554
0.0116661
0.0888198
0.0123962
0.0894473
0.0130722
0.090133
0.0136843
0.0908682
0.0142221
0.091642
0.0146778
0.0150431
0.0855082
0.000432973
0.085533
0.00130003
0.085575
0.0021677
0.0856359
0.00303501
0.085718
0.00390102
0.0858243
0.00476451
0.0859583
0.00562366
0.0861241
0.00647619
0.0863258
0.00731905
0.0865678
0.00814854
0.0868541
0.00896002
0.0871885
0.00974817
0.0875735
0.0105067
0.088011
0.0112286
0.0885006
0.0119065
0.0890405
0.0125323
0.0896263
0.0130985
0.0902513
0.0135972
0.0909065
0.0140225
0.014369
0.0855077
0.000425241
0.085531
0.00127679
0.0855703
0.00212841
0.0856269
0.00297834
0.0857028
0.0038251
0.0858004
0.00466693
0.0859224
0.00550163
0.086072
0.00632661
0.0862524
0.00713866
0.0864669
0.00793406
0.0867185
0.00870844
0.0870098
0.00945684
0.0873427
0.0101738
0.0877182
0.0108532
0.0881357
0.011489
0.0885935
0.0120746
0.089088
0.0126039
0.0896139
0.0130713
0.0901643
0.0134721
0.0138027
0.0855068
0.000418403
0.0855274
0.00125625
0.0855621
0.00209371
0.085612
0.00292845
0.0856786
0.00375851
0.0857638
0.00458174
0.0858697
0.00539567
0.0859989
0.00619744
0.0861538
0.00698377
0.0863369
0.00775096
0.0865505
0.00849483
0.0867965
0.00921081
0.0870763
0.00989398
0.0873904
0.0105391
0.0877385
0.0111409
0.0881188
0.0116942
0.0885289
0.0121939
0.0889644
0.0126358
0.0894204
0.0130162
0.0133326
0.0855057
0.000412752
0.0855226
0.00123927
0.0855513
0.00206505
0.0855924
0.00288729
0.0856473
0.00370368
0.0857172
0.00451176
0.0858041
0.00530882
0.0859097
0.00609184
0.086036
0.00685746
0.086185
0.007602
0.0863583
0.00832146
0.0865576
0.00901155
0.0867838
0.00966777
0.0870374
0.0102855
0.0873182
0.0108602
0.087625
0.0113874
0.0879558
0.011863
0.0883079
0.0122837
0.0886774
0.0126466
0.0129502
0.0855042
0.000408507
0.085517
0.00122652
0.0855385
0.00204354
0.0855694
0.00285638
0.0856107
0.00366245
0.0856633
0.00445908
0.0857288
0.00524334
0.0858086
0.0060121
0.0859041
0.00676193
0.0860169
0.00748915
0.0861485
0.00818987
0.0863001
0.00885998
0.0864726
0.00949529
0.0866665
0.0100916
0.0868818
0.0106449
0.0871179
0.0111512
0.0873737
0.0116072
0.0876473
0.0120102
0.0879362
0.0123577
0.0126489
0.0855027
0.000405841
0.0855107
0.00121845
0.0855244
0.00202991
0.0855441
0.00283666
0.0855706
0.00363595
0.0856048
0.00442489
0.0856476
0.00520047
0.0857003
0.0059594
0.0857641
0.00669821
0.08584
0.0074132
0.0859294
0.00810049
0.0860333
0.0087561
0.0861526
0.009376
0.0862879
0.00995625
0.0864397
0.010493
0.086608
0.010983
0.0867921
0.011423
0.0869913
0.011811
0.0872041
0.012145
0.0124236
0.085501
0.0855043
0.0855103
0.0855194
0.0855322
0.0855494
0.0855717
0.0855999
0.085635
0.0856778
0.0857294
0.0857907
0.0858625
0.0859457
0.086041
0.0861489
0.0862696
0.0864033
0.0865497
0.0599536
-0.000226615
0.0598143
-0.00068221
0.0595802
-0.00114951
0.0592473
-0.00164003
0.0588099
-0.00216453
0.0582599
-0.00273743
0.0575876
-0.00337356
0.0567792
-0.00409686
0.05582
-0.00493021
0.054687
-0.00591772
0.0533606
-0.00709643
0.0517999
-0.00855568
0.0499847
-0.010356
0.0478272
-0.0126968
0.0453208
-0.0156677
0.0421763
-0.0197676
0.0382968
-0.0250016
0.0321706
-0.0327028
0.0208413
-0.042063
-0.0452005
0.0599505
-0.000177085
0.0598016
-0.000533348
0.059551
-0.000898923
0.0591937
-0.00128275
0.0587227
-0.00169347
0.0581277
-0.00214241
0.0573959
-0.00264181
0.0565094
-0.00321039
0.0554472
-0.00386794
0.0541781
-0.00464861
0.0526683
-0.00558666
0.0508615
-0.00674887
0.0487028
-0.00819729
0.046074
-0.010068
0.0428768
-0.0124706
0.0387904
-0.0156811
0.0336414
-0.0198526
0.0264724
-0.0255338
0.0163216
-0.0319122
-0.0288789
0.059948
-0.000125124
0.0597917
-0.000376962
0.059528
-0.000635315
0.0591515
-0.00090625
0.0586538
-0.00119577
0.0580231
-0.00151164
0.0572438
-0.00186253
0.0562947
-0.0022613
0.0551492
-0.00272239
0.0537696
-0.00326907
0.0521102
-0.0039272
0.0501026
-0.00474127
0.0476645
-0.00575924
0.0446629
-0.00706643
0.0409401
-0.00874777
0.0362107
-0.0109516
0.0301404
-0.0137823
0.022034
-0.0174274
0.0113126
-0.0211908
-0.0175663
0.0599464
-7.14767e-05
0.0597848
-0.000215415
0.0595123
-0.000362766
0.0591225
-0.000516521
0.0586064
-0.00067968
0.0579509
-0.000856112
0.0571386
-0.00105025
0.0561459
-0.00126854
0.054942
-0.00151851
0.0534848
-0.00181189
0.05172
-0.0021624
0.049571
-0.00259223
0.0469388
-0.00312705
0.0436805
-0.00380813
0.0396126
-0.00467993
0.0344686
-0.00580754
0.0279256
-0.00723936
0.0195325
-0.00903428
0.00905138
-0.0107097
-0.00851492
0.0599455
-1.69846e-05
0.0597814
-5.1292e-05
0.0595044
-8.57514e-05
0.059108
-0.000120171
0.0585827
-0.000154364
0.0579147
-0.000188125
0.0570857
-0.000221279
0.0560708
-0.0002536
0.0548372
-0.000284922
0.0533403
-0.000314976
0.0515216
-0.000343646
0.0493
-0.000370641
0.046569
-0.000396038
0.0431805
-0.000419701
0.038943
-0.000442364
0.0336
-0.000464564
0.0268489
-0.000488297
0.0183303
-0.00051563
0.0081475
-0.000526915
-0.000367417
0.0599456
3.74641e-05
0.0597816
0.000112696
0.0595048
0.000191044
0.0591087
0.00027587
0.0585838
0.000370555
0.0579163
0.000479374
0.0570879
0.000607106
0.0560737
0.000760652
0.0548409
0.000947878
0.0533448
0.00118105
0.0515271
0.00147414
0.0493064
0.00184999
0.0465763
0.0023341
0.0431883
0.00296829
0.0389504
0.00379551
0.0336058
0.0048801
0.0268521
0.00626534
0.0183292
0.00800729
0.00814403
0.00965827
0.00777661
0.0599465
9.09802e-05
0.0597853
0.000273851
0.0595134
0.000462934
0.0591246
0.000664672
0.0586097
0.000885449
0.0579557
0.00113343
0.0571452
0.00141763
0.0561544
0.00175136
0.0549529
0.00214938
0.0534984
0.00263558
0.0517366
0.00323601
0.0495905
0.00399607
0.046961
0.00496353
0.0437043
0.006225
0.039636
0.0078638
0.034487
0.0100292
0.0279346
0.0128177
0.0195284
0.0164134
0.00904208
0.0201446
0.0168187
0.0599482
0.000142734
0.0597925
0.000429594
0.05953
0.000725449
0.059155
0.00103963
0.0586593
0.00138117
0.058031
0.00176177
0.0572546
0.00219399
0.0563089
0.00269703
0.0551673
0.00329097
0.0537923
0.00401062
0.0521379
0.00489043
0.0501355
0.00599844
0.0477026
0.00739644
0.0447045
0.00922309
0.0409825
0.0115858
0.0362466
0.0147651
0.0301564
0.018908
0.021987
0.0245828
0.011237
0.0308946
0.0280557
0.0599507
0.000192007
0.0598027
0.000577574
0.0595537
0.000974509
0.0591985
0.00139477
0.0587302
0.00184949
0.0581386
0.0023534
0.0574109
0.00292171
0.0565292
0.00357872
0.0554725
0.00434771
0.0542097
0.00527334
0.0527072
0.00639294
0.0509085
0.0077972
0.0487582
0.00954671
0.0461362
0.011845
0.0429416
0.0147804
0.038849
0.0188577
0.0336939
0.024063
0.0265535
0.0317232
0.0162714
0.0411768
0.0443271
0.0599539
0.0598157
0.0595836
0.0592534
0.0588196
0.0582739
0.0576068
0.0568045
0.0558524
0.0547277
0.0534106
0.0518614
0.0500587
0.0479161
0.0454201
0.04227
0.038324
0.0319703
0.0206433
)
;

boundaryField
{
    inlet
    {
        type            calculated;
        value           nonuniform List<scalar> 
50
(
-0.075
-0.075
-0.075
-0.075
-0.075
-0.075
-0.075
-0.075
-0.075
-0.075
-0.075
-0.075
-0.075
-0.075
-0.075
-0.075
-0.075
-0.075
-0.075
-0.075
-0.06
-0.06
-0.06
-0.06
-0.06
-0.06
-0.06
-0.06
-0.06
-0.06
-0.0855
-0.0855
-0.0855
-0.0855
-0.0855
-0.0855
-0.0855
-0.0855
-0.0855
-0.0855
-0.0855
-0.0855
-0.0855
-0.0855
-0.0855
-0.0855
-0.0855
-0.0855
-0.0855
-0.0855
)
;
    }
    outlet
    {
        type            calculated;
        value           nonuniform List<scalar> 
150
(
0.0135107
0.0150763
0.0167641
0.0182357
0.0194545
0.0204448
0.0212421
0.0218816
0.0223948
0.0228088
0.023147
0.0234289
0.0236713
0.0238882
0.0240918
0.0242925
0.0244993
0.02472
0.0249617
0.0252305
0.0204017
0.0206127
0.0208444
0.0210985
0.0213762
0.0216788
0.0220072
0.0223624
0.0227448
0.0231556
0.0337562
0.0347208
0.035756
0.036853
0.0379981
0.0391725
0.0403517
0.041506
0.0426011
0.0435997
0.0444629
0.0451506
0.0456213
0.0458324
0.0457376
0.0452829
0.0443955
0.043043
0.0409381
0.0382874
0.000404845
0.00121513
0.00202396
0.00282757
0.00362314
0.00440771
0.00517816
0.00593115
0.00666313
0.00737035
0.00804891
0.00869484
0.00930416
0.00987301
0.0103977
0.0108751
0.0113023
0.0116773
0.0119985
0.0122674
0.0150012
0.0152182
0.0153499
0.0154024
0.0153836
0.0153039
0.0151715
0.0149994
0.0147868
0.0145722
0.0409716
0.038834
0.0366802
0.0345517
0.0335133
0.0328542
0.0301335
0.0262727
0.0235379
0.0185538
0.00964084
0.00391963
0.00404325
0.00425655
0.0113066
0.0365095
0.0753813
0.103811
0.116271
0.0781894
0.000486102
0.00145834
0.00242863
0.00339373
0.00435091
0.00529712
0.00622882
0.007142
0.00803211
0.00889409
0.00972242
0.0105112
0.0112543
0.0119456
0.0125791
0.0131493
0.0136513
0.0140813
0.0144366
0.0147181
0.0179301
0.0180986
0.0181477
0.0180901
0.0179348
0.0177018
0.0173992
0.0170449
0.0166465
0.0162199
0.0447182
0.0402724
0.0354475
0.0309201
0.0256728
0.0193888
0.0147817
0.0120821
0.0101836
0.0125432
0.0198161
0.0285547
0.0422361
0.064512
0.0891808
0.106483
0.110815
0.100268
0.0795552
0.0439945
)
;
    }
    upAndBottom
    {
        type            empty;
        value           nonuniform 0();
    }
    obstacle
    {
        type            calculated;
        value           uniform 0;
    }
}


// ************************************************************************* //
