/*--------------------------------*- C++ -*----------------------------------*\
| =========                 |                                                 |
| \\      /  F ield         | OpenFOAM: The Open Source CFD Toolbox           |
|  \\    /   O peration     | Version:  v1806                                 |
|   \\  /    A nd           | Web:      www.OpenFOAM.com                      |
|    \\/     M anipulation  |                                                 |
\*---------------------------------------------------------------------------*/
FoamFile
{
    version     2.0;
    format      ascii;
    class       volScalarField;
    location    "80";
    object      p;
}
// * * * * * * * * * * * * * * * * * * * * * * * * * * * * * * * * * * * * * //

dimensions      [0 2 -2 0 0 0 0];


internalField   nonuniform List<scalar> 
4400
(
-0.00557822
0.00721881
0.00670328
0.0052187
0.00460786
0.00427359
0.00395804
0.00364942
0.00335018
0.00305409
0.00275735
0.0024598
0.00216235
0.00186575
0.00157052
0.0012771
0.000985964
0.000697581
0.00041148
0.0001276
0.0221023
0.0162495
0.0120069
0.00925263
0.00766537
0.00662646
0.00581419
0.00513192
0.00454417
0.00402474
0.00355274
0.00311418
0.00270022
0.00230499
0.00192436
0.00155534
0.00119581
0.000844158
0.00049822
0.000157154
0.0271497
0.0205985
0.0161085
0.0128147
0.0104525
0.00876119
0.00749041
0.00648213
0.00564834
0.00493534
0.00430736
0.00374041
0.00321845
0.00273047
0.00226858
0.00182695
0.00140123
0.000987952
0.000583576
0.000186301
0.0293439
0.0230853
0.0183877
0.0148877
0.0123018
0.0103624
0.00885615
0.0076401
0.00662688
0.00576053
0.00500215
0.0043239
0.00370584
0.00313363
0.0025967
0.0020871
0.00159872
0.00112663
0.000666139
0.000214509
0.0282569
0.0234706
0.0194768
0.0162562
0.0136837
0.0116304
0.00997438
0.00861303
0.00746883
0.00648597
0.00562418
0.00485402
0.00415388
0.00350772
0.00290345
0.00233176
0.00178533
0.00125816
0.000744686
0.000241377
0.0269645
0.0232981
0.0198976
0.0169656
0.0145168
0.0124904
0.0108039
0.00938199
0.0081641
0.00710404
0.00616654
0.00532451
0.00455707
0.00384809
0.00318501
0.00255789
0.00195875
0.00138091
0.000818234
0.000266579
0.0253447
0.0225382
0.019767
0.0172373
0.0150092
0.01308
0.0114177
0.00997977
0.00872508
0.00761778
0.00662836
0.005733
0.00491263
0.00415201
0.00343892
0.00276342
0.00211734
0.0014937
0.000886051
0.000289863
0.0238776
0.0216916
0.0194109
0.0172235
0.015218
0.0134215
0.0118281
0.0104161
0.00915914
0.00803192
0.00701199
0.00608015
0.00522017
0.00441856
0.00366406
0.00294724
0.00226013
0.00159576
0.000947656
0.000311058
0.0224996
0.0207625
0.0188861
0.0170176
0.0152402
0.0135935
0.0120898
0.0107249
0.0094862
0.00835778
0.00732373
0.00636928
0.0054813
0.00464833
0.00386046
0.0031091
0.00238677
0.00168677
0.00100281
0.000330072
0.0212992
0.0198891
0.0183232
0.0167137
0.0151363
0.0136346
0.0122293
0.010926
0.00972093
0.00860592
0.0075708
0.00660516
0.005699
0.00484309
0.00402909
0.00324946
0.00249742
0.00176675
0.00105147
0.000346887
0.0202365
0.0190687
0.0177468
0.0163549
0.0149556
0.0135902
0.0122831
0.0110461
0.00988228
0.00878941
0.00776215
0.00679382
0.00587728
0.00500548
0.00417162
0.00336935
0.0025927
0.00183601
0.0010938
0.000361545
0.0193242
0.0183375
0.0172035
0.0159855
0.0147351
0.0134898
0.0122745
0.0111039
0.00998503
0.00891968
0.00790636
0.00694155
0.00602066
0.00513863
0.00429022
0.00347021
0.00267352
0.00189512
0.00113008
0.000374138
0.0185388
0.0176895
0.0167021
0.015625
0.0144998
0.0133591
0.0122267
0.0111185
0.0100442
0.00900824
0.00801212
0.00705481
0.00613388
0.005246
0.00438732
0.00355374
0.00274101
0.0019448
0.00116069
0.000384792
0.0178773
0.0171323
0.0162582
0.0152925
0.014269
0.0132162
0.0121559
0.0111041
0.0100715
0.0090648
0.00808719
0.00713967
0.00622157
0.00533103
0.00446546
0.00362174
0.00279643
0.00198583
0.00118609
0.000393654
0.0173259
0.0166605
0.015874
0.0149963
0.0140551
0.0130749
0.0120757
0.0110729
0.0100778
0.00909816
0.00813867
0.00720175
0.00628809
0.00539707
0.00452714
0.00367605
0.00284106
0.00201908
0.00120676
0.000400884
0.0168798
0.016274
0.0155542
0.0147442
0.0138677
0.0129456
0.0119963
0.0110344
0.0100714
0.00911555
0.00817258
0.00724594
0.00633736
0.00544718
0.00457469
0.00371838
0.00287613
0.00204535
0.00122316
0.000406639
0.0165311
0.0159695
0.0152992
0.0145403
0.013713
0.0128358
0.0119256
0.0109963
0.0100592
0.00912305
0.00819406
0.00727646
0.00637275
0.00548398
0.00461013
0.00375024
0.00290271
0.00206537
0.00123571
0.000411058
0.0162769
0.0157464
0.015111
0.0143883
0.0135961
0.0127513
0.0118696
0.0109643
0.0100466
0.00912531
0.00820708
0.00729661
0.00639691
0.00550959
0.00463507
0.00377284
0.00292166
0.0020797
0.00124474
0.000414252
0.0161141
0.0156033
0.0149899
0.0142899
0.0135198
0.0126957
0.0118322
0.0109423
0.0100372
0.00912557
0.00821442
0.0073087
0.00641176
0.00552551
0.00465069
0.00378706
0.00293363
0.00208878
0.00125047
0.000416295
0.0160397
0.0155371
0.0149335
0.0142439
0.0134841
0.0126694
0.0118144
0.0109317
0.0100324
0.00912539
0.00821759
0.00731413
0.00641851
0.0055328
0.00465786
0.00379361
0.00293915
0.00209298
0.00125313
0.000417241
0.0412947
0.0474328
0.0518229
0.05515
0.0576699
0.059513
0.0607797
0.0615446
0.0618566
0.0617435
0.0612151
0.0602639
0.0588656
0.0569767
0.0545307
0.0514327
0.0475575
0.0427426
0.0366654
0.0285196
0.0466035
0.0488287
0.0506342
0.0521047
0.0532851
0.0541916
0.054834
0.0552197
0.0553539
0.0552394
0.054877
0.0542659
0.0534033
0.0522851
0.0509045
0.0492514
0.04732
0.0451312
0.0426631
0.0393342
0.042128
0.0434692
0.0446725
0.0457115
0.046573
0.0472493
0.0477347
0.0480255
0.048119
0.0480132
0.0477065
0.0471972
0.0464838
0.0455651
0.0444401
0.0431085
0.0415744
0.0398495
0.0379302
0.0357143
0.0387847
0.0395309
0.0401961
0.0407691
0.0412411
0.0416056
0.0418575
0.0419929
0.0420091
0.0419039
0.0416764
0.0413262
0.0408534
0.0402592
0.0395453
0.0387142
0.0377712
0.036725
0.0355738
0.0342651
0.0348815
0.0353357
0.0357378
0.0360807
0.0363583
0.0365654
0.0366975
0.0367515
0.0367247
0.0366154
0.0364229
0.0361473
0.0357893
0.0353508
0.0348345
0.0342442
0.033585
0.0328634
0.0320853
0.0312474
0.0318499
0.0321339
0.0323794
0.032583
0.0327418
0.0328532
0.0329149
0.0329252
0.0328829
0.0327872
0.0326378
0.0324348
0.0321789
0.0318713
0.0315136
0.0311079
0.0306574
0.0301662
0.0296364
0.0290584
0.0290639
0.0292437
0.0293954
0.029517
0.0296068
0.0296633
0.0296851
0.0296713
0.0296211
0.0295343
0.0294106
0.0292504
0.0290543
0.0288231
0.0285582
0.028261
0.0279335
0.027578
0.0271969
0.0267902
0.026839
0.0269591
0.0270578
0.0271338
0.0271863
0.0272145
0.0272177
0.0271954
0.0271473
0.0270731
0.026973
0.0268471
0.0266957
0.0265195
0.0263191
0.0260955
0.0258498
0.0255836
0.0252977
0.0249889
0.0248868
0.024967
0.0250306
0.025077
0.0251056
0.0251161
0.025108
0.0250811
0.0250353
0.0249704
0.0248864
0.0247837
0.0246625
0.024523
0.024366
0.0241919
0.0240014
0.0237955
0.0235749
0.0233394
0.0232902
0.0233467
0.02339
0.0234198
0.0234357
0.0234375
0.023425
0.023398
0.0233565
0.0233004
0.0232298
0.0231448
0.0230457
0.0229325
0.0228057
0.0226657
0.0225128
0.0223479
0.0221711
0.021981
0.0219106
0.0219505
0.0219797
0.0219982
0.0220056
0.0220018
0.0219867
0.0219602
0.0219224
0.0218732
0.0218126
0.0217408
0.0216579
0.0215641
0.0214595
0.0213446
0.0212194
0.0210846
0.0209403
0.0207862
0.0207688
0.0207984
0.0208191
0.020831
0.0208337
0.0208273
0.0208117
0.0207869
0.0207528
0.0207094
0.0206568
0.0205951
0.0205244
0.0204447
0.0203563
0.0202593
0.0201539
0.0200405
0.0199191
0.0197892
0.0197963
0.0198185
0.0198332
0.0198405
0.0198402
0.0198322
0.0198166
0.0197933
0.0197623
0.0197237
0.0196774
0.0196236
0.0195622
0.0194935
0.0194175
0.0193343
0.0192441
0.0191472
0.0190436
0.018933
0.0189956
0.0190129
0.0190239
0.0190284
0.0190264
0.0190179
0.0190028
0.0189811
0.0189529
0.0189181
0.0188767
0.018829
0.0187748
0.0187142
0.0186474
0.0185745
0.0184955
0.0184106
0.0183199
0.0182231
0.0183318
0.0183457
0.018354
0.0183567
0.0183536
0.0183448
0.0183303
0.01831
0.018284
0.0182523
0.0182149
0.0181719
0.0181233
0.0180692
0.0180096
0.0179445
0.0178742
0.0177987
0.0177181
0.0176322
0.0178026
0.0178143
0.0178209
0.0178223
0.0178187
0.0178099
0.017796
0.017777
0.0177528
0.0177235
0.0176892
0.0176498
0.0176053
0.0175559
0.0175016
0.0174424
0.0173785
0.0173098
0.0172366
0.0171585
0.01739
0.0174001
0.0174055
0.0174062
0.0174022
0.0173936
0.0173802
0.0173621
0.0173394
0.017312
0.0172799
0.0172432
0.017202
0.0171562
0.0171058
0.017051
0.0169919
0.0169284
0.0168606
0.0167884
0.0170924
0.0171014
0.0171061
0.0171063
0.0171022
0.0170937
0.0170807
0.0170634
0.0170416
0.0170155
0.016985
0.0169502
0.0169111
0.0168677
0.0168201
0.0167683
0.0167124
0.0166523
0.0165883
0.01652
0.0168972
0.0169056
0.0169098
0.0169098
0.0169056
0.0168972
0.0168846
0.0168678
0.0168467
0.0168215
0.0167922
0.0167587
0.0167211
0.0166794
0.0166337
0.016584
0.0165303
0.0164727
0.0164114
0.0163462
0.0168164
0.0168246
0.0168286
0.0168285
0.0168243
0.0168159
0.0168033
0.0167867
0.0167659
0.016741
0.016712
0.0166789
0.0166417
0.0166006
0.0165554
0.0165063
0.0164532
0.0163963
0.0163356
0.0162708
0.0191798
0.0196389
0.0201043
0.0205735
0.0210455
0.0215145
0.0219711
0.0224029
0.0227957
0.0231346
0.0234072
0.0236084
0.0237476
0.0238601
0.0240192
0.0243338
0.024924
0.0259748
0.0281135
0.0329153
0.0205835
0.0209654
0.0213982
0.0218684
0.0223797
0.0229409
0.0235617
0.0242541
0.0250321
0.0259121
0.0269119
0.0280504
0.0293456
0.0308143
0.0324701
0.0343212
0.0363745
0.0386528
0.0412024
0.0439784
0.022924
0.0235025
0.0240954
0.0247134
0.0253596
0.0260358
0.0267444
0.0274884
0.0282712
0.0290962
0.0299677
0.0308902
0.0318692
0.0329109
0.0340218
0.0352082
0.0364748
0.0378232
0.0392434
0.0406996
0.0233614
0.0238888
0.0244485
0.0250347
0.025648
0.0262905
0.0269637
0.0276686
0.0284056
0.0291749
0.029976
0.0308073
0.0316667
0.0325505
0.033454
0.0343706
0.0352924
0.036209
0.0371073
0.0379715
0.0236172
0.0241129
0.0246172
0.0251337
0.0256625
0.0262033
0.0267559
0.0273197
0.0278943
0.0284787
0.029072
0.0296727
0.0302789
0.0308884
0.031498
0.032104
0.0327016
0.0332853
0.0338482
0.034383
0.0231874
0.023612
0.024045
0.0244855
0.0249327
0.0253863
0.0258453
0.0263089
0.0267758
0.0272447
0.0277137
0.0281811
0.0286445
0.0291015
0.0295492
0.0299845
0.0304041
0.0308042
0.0311812
0.0315311
0.0225815
0.022943
0.0233049
0.0236682
0.0240324
0.0243968
0.0247604
0.0251225
0.025482
0.0258379
0.0261888
0.0265335
0.0268704
0.027198
0.0275143
0.0278176
0.0281057
0.0283767
0.0286281
0.028858
0.0217972
0.0221006
0.0224029
0.0227043
0.023004
0.0233016
0.0235961
0.0238868
0.0241729
0.0244533
0.0247272
0.0249933
0.0252506
0.0254979
0.0257339
0.0259573
0.0261668
0.026361
0.0265386
0.0266984
0.0209766
0.0212308
0.0214818
0.0217298
0.0219746
0.0222153
0.0224516
0.0226827
0.022908
0.0231269
0.0233385
0.0235423
0.0237373
0.0239229
0.0240981
0.0242622
0.0244143
0.0245537
0.0246794
0.0247907
0.0201585
0.0203734
0.0205843
0.0207916
0.0209948
0.0211936
0.0213875
0.0215759
0.0217583
0.0219344
0.0221035
0.0222651
0.0224186
0.0225635
0.0226992
0.0228252
0.0229409
0.0230457
0.0231392
0.0232209
0.0193821
0.0195645
0.0197426
0.0199166
0.0200862
0.0202512
0.0204111
0.0205656
0.0207142
0.0208568
0.0209927
0.0211218
0.0212436
0.0213577
0.0214637
0.0215613
0.0216501
0.0217298
0.0217999
0.0218603
0.0186689
0.0188262
0.0189791
0.0191278
0.0192722
0.019412
0.0195469
0.0196766
0.0198009
0.0199194
0.0200319
0.0201382
0.0202379
0.0203308
0.0204166
0.020495
0.0205659
0.0206289
0.0206839
0.0207306
0.0180278
0.0181647
0.0182974
0.018426
0.0185503
0.0186702
0.0187854
0.0188957
0.0190009
0.0191008
0.0191953
0.019284
0.0193669
0.0194437
0.0195142
0.0195783
0.0196357
0.0196864
0.0197302
0.0197668
0.0174674
0.0175888
0.0177061
0.0178194
0.0179286
0.0180336
0.0181341
0.0182301
0.0183214
0.0184078
0.0184891
0.0185653
0.0186361
0.0187015
0.0187612
0.0188153
0.0188635
0.0189057
0.0189419
0.0189718
0.016988
0.017097
0.0172022
0.0173035
0.0174009
0.0174943
0.0175835
0.0176685
0.017749
0.0178249
0.0178963
0.0179628
0.0180246
0.0180813
0.018133
0.0181795
0.0182208
0.0182567
0.0182872
0.0183123
0.016592
0.0166919
0.016788
0.0168804
0.0169691
0.017054
0.0171349
0.0172117
0.0172844
0.0173528
0.0174169
0.0174766
0.0175318
0.0175824
0.0176283
0.0176695
0.017706
0.0177375
0.0177642
0.0177859
0.0162778
0.0163708
0.0164601
0.0165459
0.0166281
0.0167065
0.0167812
0.0168521
0.0169189
0.0169818
0.0170406
0.0170952
0.0171456
0.0171917
0.0172335
0.0172708
0.0173037
0.0173322
0.017356
0.0173753
0.0160462
0.0161345
0.0162192
0.0163004
0.0163782
0.0164524
0.0165229
0.0165896
0.0166526
0.0167117
0.0167669
0.0168181
0.0168653
0.0169084
0.0169474
0.0169822
0.0170128
0.0170392
0.0170612
0.017079
0.0158953
0.0159801
0.0160615
0.0161397
0.0162144
0.0162856
0.0163533
0.0164173
0.0164777
0.0165343
0.0165871
0.0166361
0.0166812
0.0167224
0.0167596
0.0167928
0.0168219
0.0168469
0.0168678
0.0168846
0.0158295
0.0159136
0.0159941
0.0160713
0.016145
0.0162153
0.016282
0.0163451
0.0164045
0.0164603
0.0165122
0.0165604
0.0166047
0.0166452
0.0166817
0.0167142
0.0167428
0.0167673
0.0167877
0.0168041
0.011431
0.0154424
0.0172903
0.0183757
0.0190302
0.0193627
0.0194712
0.0194336
0.0193036
0.0191183
0.0189048
0.0186827
0.0184667
0.0182681
0.0180952
0.0179524
0.0178442
0.0177767
0.0177547
0.0177797
0.011066
0.0133543
0.0147675
0.015825
0.0166104
0.0171556
0.017511
0.0177248
0.0178353
0.0178724
0.0178594
0.0178145
0.0177517
0.0176814
0.0176112
0.0175483
0.0174968
0.0174574
0.0174327
0.0174237
0.0126448
0.014215
0.0152912
0.0160996
0.0166971
0.0171119
0.0173793
0.0175334
0.0176034
0.0176128
0.0175807
0.0175223
0.0174491
0.0173698
0.0172906
0.0172161
0.0171492
0.0170913
0.0170411
0.0169971
0.0133232
0.0143526
0.0151377
0.0157563
0.0162315
0.0165773
0.0168129
0.0169587
0.0170343
0.0170565
0.0170402
0.0169975
0.0169381
0.0168695
0.0167974
0.0167258
0.0166576
0.0165938
0.0165317
0.0164693
0.0137118
0.0144393
0.0150326
0.0155134
0.0158906
0.0161713
0.0163665
0.016489
0.016552
0.0165683
0.0165492
0.0165049
0.0164438
0.0163727
0.0162968
0.0162202
0.0161461
0.0160757
0.0160062
0.0159354
0.0137765
0.0143096
0.0147646
0.0151409
0.0154412
0.0156688
0.0158296
0.0159316
0.0159837
0.0159951
0.0159745
0.0159303
0.0158695
0.0157983
0.0157217
0.0156436
0.0155673
0.0154944
0.0154224
0.015349
0.0136516
0.0140621
0.0144212
0.0147206
0.0149609
0.0151438
0.0152728
0.0153529
0.0153904
0.0153924
0.0153658
0.0153173
0.0152533
0.0151793
0.0150998
0.0150189
0.0149397
0.0148643
0.0147899
0.0147146
0.0133867
0.0137109
0.0139973
0.0142365
0.014428
0.0145727
0.0146726
0.0147313
0.0147532
0.0147439
0.0147089
0.0146539
0.0145846
0.0145059
0.0144222
0.0143373
0.0142544
0.0141756
0.0140983
0.0140203
0.0130375
0.0132952
0.0135219
0.0137099
0.0138587
0.0139684
0.0140402
0.0140765
0.0140807
0.0140572
0.0140107
0.013946
0.0138682
0.0137819
0.0136911
0.0135997
0.013511
0.013427
0.013345
0.0132629
0.0126411
0.0128405
0.0130119
0.0131515
0.0132587
0.013333
0.0133751
0.0133866
0.0133701
0.013329
0.0132673
0.0131892
0.0130993
0.0130017
0.0129007
0.0127998
0.0127025
0.0126109
0.0125221
0.012434
0.0122331
0.0123756
0.0124905
0.0125796
0.0126421
0.0126771
0.0126848
0.0126664
0.0126239
0.0125599
0.0124776
0.012381
0.0122738
0.0121604
0.0120444
0.0119298
0.0118201
0.0117176
0.0116191
0.0115225
0.0118463
0.0119291
0.0119825
0.0120152
0.0120261
0.0120141
0.0119794
0.0119228
0.0118458
0.0117506
0.01164
0.0115171
0.0113856
0.0112493
0.0111122
0.0109779
0.0108504
0.0107322
0.0106199
0.0105111
0.0115167
0.0115348
0.0115201
0.0114879
0.0114374
0.0113673
0.011278
0.0111705
0.0110463
0.0109073
0.010756
0.0105952
0.0104284
0.0102591
0.010091
0.0099281
0.00977463
0.0096334
0.00950091
0.00937451
0.0112858
0.0112346
0.0111454
0.0110393
0.0109156
0.0107732
0.010613
0.0104369
0.0102468
0.010045
0.00983427
0.00961759
0.00939817
0.0091795
0.00896523
0.00875947
0.00856689
0.00839089
0.00822766
0.00807445
0.0112039
0.0110829
0.0109167
0.01073
0.0105222
0.0102923
0.0100422
0.00977464
0.00949295
0.00920073
0.00890189
0.00860041
0.00830022
0.00800512
0.00771897
0.00744606
0.00719173
0.00696021
0.00674744
0.00655079
0.0113283
0.0111443
0.0109067
0.0106399
0.0103425
0.0100136
0.00965552
0.0092719
0.00886764
0.00844852
0.00802093
0.00759137
0.00716605
0.00675044
0.00634935
0.00596757
0.00561111
0.00528516
0.00498517
0.0047098
0.0117258
0.0114979
0.0112069
0.010873
0.010493
0.0100644
0.00958828
0.00906774
0.00850822
0.00791729
0.00730446
0.00668056
0.00605674
0.00544338
0.00484916
0.00428128
0.00374703
0.00325147
0.00278586
0.00234996
0.0124986
0.0122755
0.0119811
0.0116269
0.0112076
0.010717
0.0101519
0.00951097
0.00879601
0.00801216
0.00716844
0.00627761
0.00535537
0.00441876
0.00348422
0.00256735
0.00168385
0.000840229
4.75749e-06
-0.000842896
0.0136364
0.013459
0.0132119
0.0128914
0.01249
0.0119982
0.0114061
0.0107051
0.00988887
0.00895469
0.00790489
0.0067478
0.00549778
0.00417362
0.00279662
0.00139201
-1.40315e-05
-0.00144497
-0.00308652
-0.00507722
0.0151538
0.0149924
0.0147882
0.0145154
0.0141569
0.0136957
0.0131122
0.0123838
0.0114862
0.0103942
0.00908301
0.00753011
0.00571705
0.00363034
0.0012644
-0.00137175
-0.00426743
-0.00752773
-0.0115876
-0.0165972
0.000335292
0.00102051
0.00171424
0.00241834
0.00313631
0.00387141
0.00462694
0.0054063
0.00621299
0.00705052
0.00792234
0.00883169
0.00978138
0.0107736
0.0118097
0.0128902
0.0140165
0.0151975
0.0164654
0.0179287
0.000354029
0.00107432
0.00180279
0.00254197
0.00329531
0.00406625
0.00485838
0.00567544
0.00652141
0.00740053
0.00831734
0.00927677
0.0102843
0.0113464
0.0124707
0.0136666
0.0149474
0.0163348
0.0178695
0.0195776
0.000370689
0.00112264
0.0018824
0.00265282
0.00343746
0.00423989
0.00506389
0.00591345
0.00679294
0.00770713
0.00866143
0.00966207
0.0107165
0.0118342
0.0130277
0.0143149
0.0157238
0.0172971
0.0190949
0.0212245
0.000385483
0.00116538
0.00195276
0.00275052
0.0035623
0.00439173
0.00524264
0.00611919
0.00702591
0.00796791
0.00895104
0.00998223
0.0110699
0.0122246
0.0134603
0.0147955
0.0162562
0.01788
0.019727
0.0218795
0.000398391
0.00120256
0.00201379
0.002835
0.00366974
0.00452161
0.00539444
0.00629232
0.0072198
0.00818199
0.00918482
0.0102353
0.0113419
0.0125154
0.0137698
0.0151233
0.0166005
0.0182344
0.0200671
0.0221518
0.000409419
0.00123427
0.00206566
0.00290646
0.00376006
0.00462994
0.00551975
0.00643343
0.0073753
0.00835022
0.00936374
0.0104224
0.0115339
0.0127077
0.0139554
0.0152913
0.0167333
0.0183044
0.0200319
0.0219379
0.000418632
0.0012607
0.00210871
0.00296541
0.00383396
0.00471762
0.00561977
0.00654402
0.00749433
0.00847504
0.00949108
0.0105481
0.0116526
0.0128122
0.0140361
0.0153345
0.0167196
0.018204
0.019797
0.0214974
0.00042613
0.00128215
0.00214346
0.00301261
0.00389249
0.00478604
0.00569628
0.0066264
0.00757981
0.00856022
0.00957168
0.0106187
0.0117061
0.0128395
0.0140246
0.0152676
0.0165742
0.0179487
0.0193895
0.0208826
0.00043205
0.00129903
0.00217059
0.00304908
0.00393702
0.00483699
0.00575158
0.00668349
0.00763552
0.00861059
0.00961181
0.0106424
0.0117057
0.0128051
0.0139436
0.0151236
0.0163459
0.0176081
0.0189007
0.020203
0.000436554
0.0013118
0.00219093
0.00307599
0.00396916
0.00487257
0.00578838
0.00671872
0.00766574
0.00863156
0.0096183
0.0106279
0.0116622
0.0127225
0.0138094
0.0149221
0.0160577
0.0172098
0.0183652
0.0195017
0.000439824
0.00132101
0.00220537
0.00309467
0.00399066
0.00489509
0.00580959
0.00673577
0.00767509
0.00862891
0.00959838
0.0105843
0.0115872
0.0126066
0.0136411
0.0146878
0.0157412
0.0167923
0.0178264
0.0188214
0.000442052
0.00132721
0.00221487
0.00310648
0.0040034
0.00490693
0.00581826
0.00673841
0.00766825
0.00860839
0.0095591
0.0105202
0.0114909
0.0124696
0.0134532
0.0144373
0.0154148
0.0163758
0.0173054
0.0181836
0.000443434
0.00133098
0.00222041
0.00311282
0.00400923
0.0049105
0.00581738
0.00673038
0.00764978
0.00857554
0.00950717
0.0104436
0.0113832
0.0123232
0.0132596
0.0141868
0.015097
0.01598
0.0168215
0.0176037
0.000444161
0.00133288
0.00222291
0.00311506
0.00400995
0.0049081
0.00580982
0.00671518
0.00762393
0.00853546
0.00944864
0.0103618
0.0112723
0.0121769
0.0130707
0.0139476
0.0147996
0.0156165
0.0163854
0.0170905
0.000444416
0.00133344
0.00222328
0.00311444
0.00400725
0.00490187
0.00579824
0.00669603
0.00759457
0.00849274
0.00938892
0.0102808
0.0111654
0.0120387
0.0128956
0.0137295
0.0145325
0.0152949
0.0160048
0.0166484
0.000444363
0.00133314
0.00222232
0.00311214
0.00400265
0.00489373
0.005785
0.0066758
0.00756509
0.00845137
0.00933261
0.0102061
0.0110684
0.0119152
0.012741
0.0135394
0.0143024
0.015021
0.0156843
0.0162804
0.00044415
0.00133241
0.00222075
0.00310916
0.00399749
0.00488537
0.00577218
0.00665698
0.00753845
0.0084148
0.00928367
0.0101421
0.0109863
0.0118117
0.0126128
0.013383
0.0141148
0.0147994
0.0154272
0.0159873
0.000443901
0.00133161
0.00221916
0.00310637
0.0039929
0.00487822
0.00576151
0.00664166
0.00751711
0.00838587
0.00924536
0.0100924
0.010923
0.0117325
0.0125153
0.0132649
0.0139739
0.0146339
0.015236
0.0157704
0.000443705
0.001331
0.00221798
0.00310434
0.00398965
0.00487325
0.00575421
0.00663127
0.00750276
0.00836655
0.00921991
0.0100595
0.0108814
0.0116806
0.0124516
0.013188
0.0138824
0.0145268
0.0151126
0.0156303
0.000443606
0.00133069
0.00221739
0.00310335
0.00398807
0.00487085
0.00575071
0.00662632
0.00749595
0.0083574
0.00920789
0.010044
0.0108618
0.0116562
0.0124218
0.013152
0.0138397
0.014477
0.0150554
0.0155664
2.07133e-05
0.00013134
0.000223623
0.000312443
0.000389887
0.000451969
0.000493342
0.000508
0.000488971
0.000427978
0.000314705
0.000136275
-0.000121065
-0.000471348
-0.000947702
-0.00162964
-0.0025049
-0.0030139
-0.00295433
-0.0107662
3.54086e-05
0.000173571
0.000295116
0.000414457
0.000524586
0.000622208
0.000702984
0.000762234
0.000794815
0.000795029
0.000756489
0.000672799
0.000540042
0.00035654
0.000111026
-0.000206192
-0.000442949
-4.60798e-05
0.0010156
-5.14501e-05
5.06717e-05
0.000217375
0.000369218
0.000520147
0.00066407
0.000798391
0.000919772
0.00102483
0.00111019
0.0011726
0.0012094
0.00121998
0.00120832
0.00118321
0.00115655
0.00117653
0.00145228
0.00239456
0.00404219
0.00617378
6.64116e-05
0.000262488
0.000445465
0.000628815
0.000807353
0.000979164
0.00114187
0.0012933
0.00143167
0.00155596
0.00166673
0.00176794
0.00186934
0.00198791
0.00215397
0.0024474
0.00307057
0.00431701
0.00634484
0.00950571
8.2535e-05
0.000308642
0.000523388
0.000739764
0.00095346
0.00116321
0.00136751
0.00156529
0.00175613
0.00194089
0.00212266
0.00230865
0.00251248
0.00275708
0.00308435
0.00358337
0.00442371
0.00582887
0.00801785
0.0112186
9.89488e-05
0.000355573
0.000602528
0.000852313
0.00110145
0.00134927
0.00159506
0.00183865
0.0020808
0.00232377
0.00257245
0.00283605
0.00313032
0.00348133
0.00393507
0.00457509
0.00553689
0.00700285
0.00916885
0.0120401
0.000115562
0.00040302
0.000682439
0.000965811
0.00125044
0.00153619
0.00182302
0.00211152
0.00240333
0.0027017
0.00301258
0.00334609
0.00371862
0.00415671
0.00470443
0.00543272
0.00644741
0.00789579
0.00991177
0.0123595
0.000132287
0.000450737
0.0007627
0.00107965
0.00139962
0.00172291
0.00205008
0.00238229
0.0027218
0.00307245
0.00344063
0.00383643
0.0042756
0.00478282
0.00539636
0.00617232
0.0071913
0.00856528
0.0103638
0.0123841
0.00014904
0.00049849
0.000842915
0.00119326
0.00154822
0.0019085
0.0022751
0.00264964
0.00303474
0.00343449
0.00385517
0.0043062
0.00480166
0.00536264
0.00601961
0.00681383
0.00780351
0.00906627
0.0106187
0.0122379
0.000165742
0.00054606
0.000922719
0.00130613
0.00169559
0.00209214
0.00249713
0.0029125
0.00334104
0.00378682
0.00425562
0.00475567
0.00529869
0.00590118
0.00658506
0.00737773
0.00831716
0.00944948
0.0107497
0.012001
0.000182321
0.000593244
0.00100177
0.00141778
0.00184113
0.0022731
0.00271536
0.00317002
0.00363994
0.00412891
0.00464201
0.00518597
0.00576972
0.00640479
0.00710469
0.00788416
0.00876295
0.0097593
0.0108152
0.0117324
0.000198708
0.000639853
0.00107978
0.0015278
0.00198429
0.00245077
0.00292912
0.00342156
0.00393089
0.00446056
0.00501479
0.0055987
0.00621834
0.00688034
0.00759043
0.00835215
0.00916901
0.0100347
0.0108645
0.0114803
0.000214841
0.000685717
0.00115644
0.00163579
0.00212462
0.00262462
0.00313784
0.0036666
0.00421357
0.0047818
0.00537467
0.00599571
0.00664828
0.00733456
0.00805349
0.00879906
0.00956055
0.01031
0.0109409
0.0112912
0.000230663
0.000730677
0.00123151
0.00174142
0.00226168
0.00279416
0.00334105
0.00390471
0.00448771
0.00509273
0.00572237
0.0063788
0.00706304
0.00777351
0.0085037
0.00923985
0.00995923
0.0106149
0.0110834
0.0112126
0.000246117
0.000774585
0.00130476
0.00184435
0.00239509
0.00295896
0.0035383
0.00413552
0.00475309
0.00539343
0.00605851
0.00674945
0.00746546
0.00820214
0.00894894
0.0096864
0.0103822
0.0109739
0.0113275
0.0112927
0.000261131
0.000817289
0.00137596
0.00194431
0.00252449
0.00311863
0.00372918
0.00435864
0.00500945
0.00568384
0.00638343
0.00710863
0.0078575
0.00862391
0.00939487
0.0101472
0.0108416
0.0114053
0.0117017
0.0115757
0.000275609
0.000858641
0.00144493
0.00204102
0.00264956
0.00327279
0.00391331
0.00457371
0.00525647
0.00596379
0.00669716
0.00745673
0.00824014
0.00904073
0.00984486
0.010628
0.0113468
0.0119233
0.0122273
0.0120975
0.00028952
0.000898528
0.0015115
0.00213427
0.00277001
0.00342114
0.00409035
0.00478039
0.00549386
0.00623305
0.00699959
0.00779379
0.00861364
0.00945321
0.0103002
0.0111319
0.0119059
0.0125452
0.0129285
0.0128909
0.000303198
0.00093688
0.00157549
0.00222388
0.00288564
0.00356342
0.00426004
0.00497842
0.00572136
0.00649142
0.00729057
0.00811971
0.00897783
0.00986086
0.0107599
0.0116576
0.0125204
0.0132854
0.0138455
0.0140043
0.000317337
0.000973585
0.00163665
0.00230961
0.00299618
0.00369932
0.00442202
0.0051674
0.00593854
0.00673836
0.00756943
0.00843353
0.00933118
0.0102609
0.0112182
0.0121935
0.013169
0.0141135
0.0149677
0.0155279
-8.87452e-05
-0.000186289
-0.000312108
-0.000436068
-0.00057033
-0.000714674
-0.000871738
-0.00104302
-0.00122961
-0.00143148
-0.00164706
-0.00187365
-0.00210938
-0.00235591
-0.00261726
-0.00289266
-0.00317585
-0.00345532
-0.00369342
-0.00401719
-9.05297e-05
-0.000193133
-0.00032262
-0.000452293
-0.000593035
-0.000745586
-0.000912973
-0.00109727
-0.0013002
-0.00152261
-0.00176424
-0.00202381
-0.00229986
-0.00259142
-0.00289626
-0.0032076
-0.00352032
-0.00383031
-0.00408648
-0.00436491
-9.20034e-05
-0.000198105
-0.000330639
-0.000464776
-0.000611163
-0.000771155
-0.000948336
-0.00114548
-0.00136508
-0.00160892
-0.00187777
-0.00217132
-0.00248837
-0.00282661
-0.00317997
-0.00353598
-0.0038848
-0.00422463
-0.00450128
-0.00475942
-9.30213e-05
-0.000201147
-0.000335889
-0.000473305
-0.000624268
-0.000790673
-0.000976694
-0.00118584
-0.00142149
-0.00168654
-0.00198307
-0.00231205
-0.00267276
-0.00306166
-0.00346907
-0.00387663
-0.00426764
-0.00463975
-0.00494283
-0.00520658
-9.35116e-05
-0.000202155
-0.000337947
-0.000477359
-0.00063165
-0.000803261
-0.000996998
-0.00121717
-0.00146813
-0.00175396
-0.00207813
-0.00244295
-0.00284862
-0.00329127
-0.00375871
-0.00422648
-0.00466837
-0.00507781
-0.00541332
-0.00569763
-9.33144e-05
-0.000201095
-0.000336553
-0.000476557
-0.000632729
-0.000808087
-0.00100808
-0.00123786
-0.00150283
-0.0018084
-0.0021596
-0.00256039
-0.00301231
-0.00351198
-0.00404556
-0.00458283
-0.00508668
-0.00554183
-0.00591653
-0.00623291
-9.2339e-05
-0.000197794
-0.000331389
-0.000470427
-0.000626859
-0.000804286
-0.00100881
-0.00124646
-0.00152375
-0.00184749
-0.00222444
-0.00266051
-0.00315921
-0.00371866
-0.00432459
-0.00494168
-0.00552136
-0.00603491
-0.00645632
-0.00681785
-9.05308e-05
-0.000192117
-0.000322193
-0.000458556
-0.000613438
-0.000791013
-0.000998032
-0.0012414
-0.00152879
-0.00186851
-0.00226923
-0.00273914
-0.00328439
-0.00390574
-0.00458987
-0.00529767
-0.00596981
-0.00655999
-0.00703604
-0.00746095
-8.78333e-05
-0.000183911
-0.0003087
-0.000440539
-0.000591883
-0.000767455
-0.000974629
-0.00122118
-0.00151594
-0.00186878
-0.00229045
-0.00279175
-0.0033822
-0.00406649
-0.00483389
-0.00564338
-0.00642752
-0.00711966
-0.00765832
-0.00817415
-8.42039e-05
-0.000173049
-0.00029068
-0.000416015
-0.000561666
-0.000732859
-0.000937544
-0.00118432
-0.00148317
-0.00184557
-0.0022844
-0.00281345
-0.00344636
-0.00419306
-0.00504727
-0.00596891
-0.00688737
-0.00771536
-0.00832475
-0.00897325
-7.96033e-05
-0.000159419
-0.000267937
-0.000384673
-0.000522324
-0.000686559
-0.000885829
-0.00112949
-0.0014286
-0.00179618
-0.00224734
-0.00279908
-0.00346987
-0.00427621
-0.00521832
-0.00626107
-0.00733852
-0.00834503
-0.00903524
-0.00987723
-7.40028e-05
-0.000142937
-0.000240316
-0.000346269
-0.000473487
-0.000628002
-0.000818669
-0.00105549
-0.00135047
-0.00171809
-0.00217561
-0.00274335
-0.00344517
-0.0043053
-0.00533262
-0.00650239
-0.00776401
-0.00899822
-0.00978718
-0.0109051
-6.73824e-05
-0.000123546
-0.000207713
-0.000300633
-0.000414891
-0.000556783
-0.000735442
-0.000961356
-0.00124733
-0.00160905
-0.00206576
-0.00264105
-0.00336442
-0.0042685
-0.00537299
-0.00667001
-0.00813717
-0.00964868
-0.0105742
-0.0120691
-5.97334e-05
-0.000101222
-0.000170086
-0.000247689
-0.000346401
-0.000472668
-0.000635751
-0.000846435
-0.00111805
-0.00146723
-0.0019148
-0.00248736
-0.00321988
-0.00415352
-0.00532021
-0.00673543
-0.00841872
-0.0102485
-0.0113837
-0.0133642
-5.10585e-05
-7.59774e-05
-0.000127455
-0.000187458
-0.000268026
-0.000375626
-0.000519473
-0.000710421
-0.000962019
-0.00129138
-0.00172041
-0.00227816
-0.00300442
-0.00394817
-0.00515397
-0.00666596
-0.0085589
-0.0107306
-0.0121839
-0.0147525
-4.13736e-05
-4.78621e-05
-7.9911e-05
-0.000120068
-0.000179928
-0.000265842
-0.000386793
-0.000553441
-0.00077917
-0.00108104
-0.00148128
-0.00201043
-0.00271179
-0.00364031
-0.00485263
-0.00642647
-0.00850448
-0.0110171
-0.0128844
-0.0161211
-3.07085e-05
-1.69666e-05
-2.76142e-05
-4.57572e-05
-8.24314e-05
-0.000143734
-0.000238229
-0.000376104
-0.000570153
-0.00083674
-0.00119752
-0.00168305
-0.00233766
-0.00321863
-0.00439287
-0.00597743
-0.0081954
-0.0110093
-0.0132704
-0.0172295
-1.91063e-05
1.65802e-05
2.92059e-05
3.51313e-05
2.39845e-05
-9.95072e-06
-7.46368e-05
-0.000179517
-0.000336379
-0.000560244
-0.000871148
-0.0012978
-0.00188176
-0.00267678
-0.00375499
-0.00527314
-0.00753417
-0.0105145
-0.0129771
-0.0180098
-6.62282e-06
5.26144e-05
9.02574e-05
0.000122157
0.000138694
0.000134648
0.000102816
3.47384e-05
-7.99985e-05
-0.000254514
-0.000506257
-0.000860062
-0.00135051
-0.00202098
-0.00293929
-0.00428083
-0.00636986
-0.00914622
-0.0115154
-0.0195794
6.67555e-06
9.09412e-05
0.000155194
0.000214793
0.000260946
0.000289018
0.000292691
0.000264675
0.0001962
7.64572e-05
-0.000108667
-0.000378478
-0.000757562
-0.00127454
-0.00198247
-0.00302893
-0.00462154
-0.00652581
-0.00822649
-0.0223336
3.40088e-05
8.69903e-05
0.00013329
0.000174269
0.000209458
0.000239131
0.000263935
0.000284529
0.000301528
0.000315491
0.000326925
0.000336275
0.000343926
0.000350209
0.000355395
0.000359698
0.000363281
0.000366308
0.000368893
0.000370393
0.000105934
0.000270538
0.000415958
0.000544892
0.000656266
0.000751051
0.000831075
0.000898222
0.000954283
0.00100094
0.00103972
0.00107202
0.00109909
0.00112204
0.00114183
0.00115933
0.00117528
0.00119028
0.00120483
0.00121993
0.000174446
0.00043813
0.000673923
0.000883954
0.00106635
0.00122254
0.00135508
0.00146667
0.00155999
0.00163763
0.00170205
0.0017555
0.00180001
0.00183743
0.00186938
0.00189728
0.00192235
0.00194566
0.0019681
0.00199004
0.000259608
0.000632774
0.000968063
0.00126433
0.00151983
0.00173727
0.00192046
0.00207336
0.00219993
0.00230401
0.00238925
0.00245902
0.00251638
0.0025641
0.00260461
0.00264005
0.00267226
0.00270277
0.00273291
0.00276392
0.000376145
0.000876331
0.0013271
0.00171717
0.00204742
0.00232337
0.00255118
0.00273702
0.00288692
0.00300664
0.0031015
0.00317641
0.00323573
0.00328338
0.00332274
0.00335674
0.00338789
0.00341828
0.00344964
0.00348329
0.000551022
0.00120294
0.00179698
0.00229242
0.00269968
0.00302931
0.0032918
0.0034972
0.00365494
0.00377375
0.00386149
0.0039252
0.00397106
0.00400442
0.00402985
0.00405123
0.00407174
0.00409402
0.00412019
0.00415202
0.000822117
0.00164674
0.00242635
0.00303826
0.00352196
0.00389455
0.0041744
0.00437793
0.00451992
0.00461353
0.00467027
0.00470009
0.00471146
0.0047115
0.00470607
0.00469998
0.00469705
0.00470035
0.00471225
0.00473459
0.00122316
0.00222485
0.00325094
0.00398286
0.00453698
0.00493369
0.00520513
0.00537723
0.00547253
0.00551033
0.00550703
0.00547632
0.00542945
0.00537546
0.00532152
0.00527315
0.00523457
0.00520892
0.00519849
0.00520498
0.00171224
0.00288538
0.00421185
0.00505205
0.00566443
0.00606209
0.00629707
0.00640742
0.00642539
0.00637809
0.00628797
0.00617326
0.00604839
0.00592437
0.00580935
0.00570914
0.0056277
0.00556766
0.00553066
0.00551769
0.00206051
0.00341401
0.00498277
0.00591286
0.00656884
0.00695905
0.00715047
0.00719245
0.00712675
0.00698875
0.00680777
0.0066071
0.00640523
0.00621478
0.00604446
0.00589963
0.00578314
0.00569619
0.00563902
0.00561135
0.0019486
0.00344786
0.00500674
0.00599625
0.00667472
0.00707073
0.00724477
0.00725018
0.00713495
0.00694211
0.00670829
0.00645448
0.00621838
0.00600403
0.00581972
0.00566914
0.00555278
0.00546937
0.005417
0.00539345
0.00139991
0.00285451
0.00415499
0.00510678
0.00576267
0.00615951
0.0063328
0.006327
0.00619009
0.00597115
0.00571453
0.00545991
0.00523495
0.00505199
0.00491549
0.00482277
0.00476727
0.00474132
0.00473803
0.00475256
0.000801933
0.0019471
0.00290354
0.00367459
0.0042333
0.00458501
0.00473912
0.00471914
0.00456228
0.00431684
0.00403628
0.00376928
0.00355667
0.0034181
0.00335447
0.00335574
0.0034033
0.00347702
0.00355983
0.00364027
0.000416173
0.00115133
0.00178092
0.00230584
0.00270427
0.0029589
0.00306211
0.00301682
0.00284189
0.00257322
0.00226059
0.00195996
0.00172202
0.00157921
0.00154043
0.00159376
0.00171313
0.00186624
0.00202339
0.00216192
0.000213471
0.000611575
0.000971529
0.00127574
0.00151
0.00165681
0.00170249
0.00163999
0.00147293
0.00121986
0.000915554
0.000607125
0.000344504
0.000167405
9.37888e-05
0.00011987
0.000228818
0.000376262
0.000529858
0.000666829
0.000102556
0.000293232
0.000466764
0.000614038
0.000723669
0.000785233
0.000788092
0.000724272
0.000591073
0.00039431
0.000151336
-0.000108976
-0.000350942
-0.00054101
-0.000658105
-0.000698861
-0.000675165
-0.000612962
-0.000542469
-0.000494265
3.06424e-05
0.000106409
0.00017042
0.000222462
0.000255718
0.000264699
0.000244153
0.000189595
9.84557e-05
-2.84674e-05
-0.000185291
-0.000360133
-0.000536561
-0.000697841
-0.00083214
-0.000935246
-0.00100926
-0.00106322
-0.00111236
-0.00117492
-1.57796e-05
-1.62947e-05
-2.22195e-05
-3.31262e-05
-5.1724e-05
-8.03271e-05
-0.000120773
-0.000174233
-0.000241106
-0.000320824
-0.000411759
-0.000511413
-0.000617394
-0.000729178
-0.000849202
-0.000980765
-0.0011235
-0.00127267
-0.0014243
-0.00157804
-4.34518e-05
-0.000103005
-0.000164599
-0.000228124
-0.000295373
-0.000366804
-0.000442645
-0.000522269
-0.000604366
-0.000687138
-0.000768884
-0.000849119
-0.000930173
-0.00101842
-0.00112398
-0.00125737
-0.00142195
-0.00160799
-0.00179524
-0.00196357
-6.77649e-05
-0.000167072
-0.00027319
-0.000380644
-0.000493646
-0.000612543
-0.000738
-0.000869711
-0.00100661
-0.00114688
-0.00128839
-0.00142961
-0.00157126
-0.00171739
-0.00187364
-0.00204242
-0.00222039
-0.00239638
-0.00255727
-0.00272823
0.000368812
0.000368788
0.0003695
0.000370393
0.000371388
0.000372522
0.00037381
0.000375251
0.000376842
0.000378584
0.000380478
0.000382525
0.000384726
0.000387081
0.000389596
0.000392274
0.000395101
0.00039803
0.000401138
0.00040514
0.00123246
0.00123909
0.00124531
0.0012515
0.00125775
0.00126402
0.00127031
0.00127664
0.00128299
0.00128939
0.00129582
0.00130227
0.00130876
0.00131526
0.00132176
0.00132826
0.00133474
0.00134124
0.00134766
0.00135353
0.00200468
0.00201351
0.00202278
0.00203227
0.00204199
0.00205195
0.00206218
0.00207267
0.00208344
0.00209447
0.00210578
0.00211736
0.00212919
0.00214126
0.00215357
0.00216609
0.0021788
0.00219165
0.00220466
0.00221807
0.00278719
0.00280063
0.00281426
0.00282823
0.00284255
0.00285725
0.00287234
0.00288783
0.00290371
0.00292
0.00293669
0.00295377
0.00297123
0.00298905
0.00300721
0.00302568
0.00304443
0.00306344
0.00308264
0.0031019
0.00350899
0.00352439
0.00354055
0.00355745
0.0035751
0.00359354
0.00361279
0.00363285
0.00365373
0.00367544
0.00369796
0.0037213
0.00374542
0.0037703
0.00379592
0.00382225
0.00384923
0.00387681
0.00390496
0.0039337
0.00417928
0.00419599
0.0042139
0.00423309
0.00425359
0.00427542
0.00429861
0.00432316
0.00434909
0.00437639
0.00440505
0.00443507
0.00446641
0.00449906
0.00453297
0.0045681
0.0046044
0.00464183
0.00468031
0.00471973
0.00475849
0.00477411
0.00479177
0.00481152
0.00483337
0.00485737
0.00488352
0.00491184
0.00494234
0.004975
0.00500982
0.00504678
0.00508586
0.00512703
0.00517024
0.00521544
0.00526259
0.00531162
0.00536246
0.00541507
0.00522229
0.00523509
0.00525088
0.00526972
0.00529162
0.0053166
0.00534467
0.00537585
0.00541012
0.00544749
0.00548795
0.00553147
0.00557804
0.00562762
0.00568017
0.00573566
0.00579403
0.00585522
0.00591917
0.00598583
0.00552595
0.00553459
0.00554721
0.00556383
0.00558446
0.0056091
0.00563776
0.00567043
0.0057071
0.00574778
0.00579246
0.00584113
0.00589377
0.00595036
0.00601089
0.00607534
0.00614365
0.00621581
0.00629176
0.00637151
0.0056126
0.00561782
0.00562758
0.00564191
0.00566081
0.00568424
0.00571221
0.0057447
0.00578172
0.00582326
0.00586934
0.00591997
0.00597515
0.00603491
0.00609925
0.0061682
0.00624176
0.00631995
0.00640279
0.00649022
0.0053968
0.00540263
0.00541244
0.00542638
0.00544442
0.00546653
0.0054927
0.00552294
0.00555726
0.0055957
0.00563829
0.00568509
0.00573617
0.00579159
0.00585143
0.00591578
0.00598474
0.00605845
0.00613695
0.00622003
0.00477458
0.00478848
0.00480396
0.00482139
0.00484078
0.00486209
0.00488531
0.00491051
0.00493773
0.00496706
0.00499861
0.00503249
0.00506885
0.00510785
0.00514967
0.00519451
0.00524265
0.00529441
0.00534989
0.00540836
0.00369336
0.00372076
0.00374563
0.00376852
0.00378945
0.00380835
0.00382525
0.00384024
0.00385344
0.00386499
0.00387508
0.00388394
0.00389183
0.00389905
0.00390595
0.00391295
0.0039206
0.00392959
0.00394019
0.00395108
0.00223958
0.0022768
0.00230708
0.00233076
0.00234774
0.00235789
0.00236121
0.0023578
0.00234781
0.00233145
0.00230903
0.0022809
0.00224752
0.00220944
0.00216728
0.00212181
0.00207401
0.00202509
0.00197575
0.00192509
0.000730605
0.000757514
0.000774789
0.000782507
0.000780337
0.000768007
0.000745427
0.000712645
0.000669824
0.000617241
0.000555296
0.000484551
0.000405762
0.000319797
0.00022746
0.000129785
2.84393e-05
-7.48164e-05
-0.000178699
-0.000283642
-0.00048301
-0.000486994
-0.000501415
-0.000525825
-0.000560571
-0.000606047
-0.000662426
-0.000729694
-0.000807674
-0.000896022
-0.000994227
-0.00110162
-0.00121738
-0.00134044
-0.00146932
-0.00160235
-0.00173787
-0.00187374
-0.00200813
-0.00214066
-0.00123399
-0.00127597
-0.00132621
-0.00138436
-0.00145084
-0.00152608
-0.00161028
-0.00170342
-0.0018053
-0.00191552
-0.00203348
-0.00215836
-0.00228915
-0.0024246
-0.00256329
-0.00270358
-0.0028436
-0.00298126
-0.00311472
-0.00324321
-0.00168571
-0.00175126
-0.00182106
-0.00189512
-0.00197412
-0.00205872
-0.00214932
-0.00224604
-0.00234876
-0.0024571
-0.00257044
-0.00268787
-0.00280826
-0.00293026
-0.0030524
-0.00317312
-0.00329016
-0.00340124
-0.00350496
-0.00359996
-0.00203103
-0.00207495
-0.0021237
-0.00217506
-0.0022295
-0.00228793
-0.00235084
-0.00241838
-0.00249036
-0.00256635
-0.00264559
-0.00272707
-0.00280953
-0.00289149
-0.00297125
-0.00304711
-0.00311831
-0.00318316
-0.00324041
-0.00329286
-0.00271394
-0.00266784
-0.00262829
-0.00260259
-0.00258918
-0.00258788
-0.00259931
-0.00262368
-0.00266074
-0.00270982
-0.00276988
-0.00283955
-0.00291719
-0.00300092
-0.00308864
-0.00317791
-0.00326632
-0.00335606
-0.00345126
-0.00352176
0.000415142
0.00042387
0.000431392
0.000438044
0.00044362
0.000447901
0.000450623
0.000451431
0.000449883
0.000445442
0.000437474
0.000425238
0.000407876
0.000384406
0.000353717
0.000314567
0.00026561
0.000205805
0.000135251
5.3022e-05
0.00136342
0.00138161
0.00139954
0.00141598
0.00143007
0.00144075
0.00144676
0.00144671
0.00143898
0.00142179
0.00139308
0.00135055
0.00129162
0.00121339
0.0011127
0.000986055
0.00082981
0.000640969
0.000419521
0.000164857
0.0022448
0.00228181
0.00231686
0.00234901
0.00237665
0.00239797
0.00241084
0.00241286
0.00240126
0.00237295
0.00232445
0.00225192
0.00215111
0.00201745
0.00184605
0.00163186
0.00136979
0.00105563
0.000689513
0.000274838
0.00313891
0.00319517
0.00325038
0.0033024
0.00334885
0.00338696
0.00341351
0.0034248
0.00341665
0.00338437
0.00332274
0.00322602
0.00308797
0.00290188
0.00266066
0.00235706
0.00198379
0.00153429
0.0010061
0.000412174
0.00399004
0.00407524
0.00416049
0.0042432
0.00432013
0.00438745
0.00444073
0.00447486
0.00448401
0.0044616
0.0044003
0.00429201
0.00412786
0.00389826
0.00359295
0.00320119
0.0027119
0.00211445
0.00139729
0.000596469
0.00479713
0.00491825
0.00504286
0.0051675
0.00528796
0.00539931
0.00549567
0.00557023
0.00561518
0.00562163
0.00557958
0.00547787
0.00530414
0.00504481
0.00468505
0.00420888
0.00359842
0.00283858
0.00189258
0.000855138
0.00551948
0.00568554
0.00586013
0.00604056
0.00621972
0.00639274
0.00655145
0.0066873
0.00679016
0.00684835
0.00684853
0.00677575
0.0066133
0.00634249
0.00594234
0.00538999
0.00465542
0.00372502
0.00249759
0.00121021
0.0061191
0.00633579
0.00656853
0.00681266
0.00706207
0.00731779
0.00755556
0.00777184
0.00795361
0.00808552
0.00815011
0.00812783
0.00799685
0.00773267
0.00730704
0.00669005
0.00583154
0.00473747
0.00317133
0.00164829
0.00653207
0.00679831
0.00709024
0.00740351
0.00773191
0.00806686
0.00839597
0.00870598
0.0089804
0.00919853
0.0093389
0.00937714
0.00928597
0.00903542
0.00859077
0.0079173
0.00694223
0.00570666
0.00379532
0.00206591
0.0066672
0.00696699
0.00730245
0.00767018
0.00806408
0.00847445
0.00888739
0.00928426
0.00964188
0.00993657
0.0101398
0.0102225
0.010153
0.00989783
0.00942064
0.00868535
0.0076163
0.0062619
0.00415509
0.0022518
0.00638858
0.00668281
0.00702092
0.00740237
0.00782296
0.00827313
0.00873675
0.00919052
0.00960462
0.00994476
0.0101852
0.0102736
0.0101868
0.00989241
0.00936038
0.00855932
0.00744758
0.00602366
0.00401639
0.00203582
0.00552647
0.00574863
0.00602068
0.00635005
0.00673978
0.00718445
0.00766677
0.00815606
0.00861004
0.0089823
0.00923222
0.00930951
0.00919021
0.00885274
0.00828195
0.00746341
0.0063918
0.00503631
0.00335779
0.0015126
0.00397293
0.00405434
0.00419691
0.00442459
0.00475302
0.00518163
0.00568718
0.00622247
0.00672557
0.00714208
0.00740441
0.00748159
0.00735566
0.00702248
0.00648599
0.0057541
0.0048355
0.00372319
0.00244445
0.000969268
0.00182698
0.00173899
0.00173821
0.00186914
0.00215736
0.00259926
0.00315661
0.00375998
0.00433471
0.00479714
0.00509826
0.00521514
0.00514568
0.00490052
0.00449649
0.00395163
0.00327802
0.00248944
0.00159697
0.000586617
-0.000484521
-0.000703271
-0.000798728
-0.000714964
-0.000428658
4.69187e-05
0.000657916
0.00132563
0.00194851
0.00245779
0.00281466
0.00300833
0.00304585
0.00294416
0.00272273
0.00239879
0.00198673
0.00150089
0.000950506
0.00034546
-0.00238852
-0.00265687
-0.00277654
-0.00269578
-0.0024027
-0.00191772
-0.0012817
-0.000616885
1.17374e-05
0.000541496
0.000943946
0.00121474
0.00136212
0.00140131
0.00134843
0.00121802
0.00102371
0.000777822
0.000493672
0.000176546
-0.00347737
-0.00371534
-0.00380412
-0.00370859
-0.00342375
-0.00297058
-0.00240435
-0.00180003
-0.00122639
-0.000728023
-0.000325231
-2.11974e-05
0.000190509
0.000321391
0.000383773
0.000389413
0.000349362
0.000274691
0.000175334
5.59809e-05
-0.00376572
-0.00390364
-0.00392217
-0.00380839
-0.003561
-0.00319477
-0.00274882
-0.00227403
-0.00181643
-0.00140651
-0.00105794
-0.000773066
-0.000547942
-0.000375411
-0.000247556
-0.000156617
-9.49904e-05
-5.51066e-05
-3.09856e-05
-1.49473e-05
-0.00338779
-0.00342722
-0.00340936
-0.00333208
-0.00318609
-0.00296845
-0.00269193
-0.00238245
-0.002067
-0.00176491
-0.00148686
-0.00123734
-0.0010171
-0.00082453
-0.000656777
-0.000510356
-0.000381336
-0.00026562
-0.000158945
-5.64871e-05
-0.00339649
-0.00329364
-0.00325319
-0.00319067
-0.00309501
-0.00295468
-0.00276904
-0.00254869
-0.00230821
-0.00206035
-0.00181446
-0.00157674
-0.0013508
-0.00113822
-0.000939093
-0.000752395
-0.000576367
-0.000408523
-0.000246319
-8.92471e-05
-0.0041451
-0.0038025
-0.00368343
-0.00353062
-0.00336819
-0.00318753
-0.00298216
-0.00275431
-0.00251127
-0.00226103
-0.00201037
-0.00176432
-0.00152617
-0.00129769
-0.0010794
-0.000870868
-0.000670888
-0.000477372
-0.000288779
-0.000107572
-0.00418576
-0.00404564
-0.00392078
-0.00374911
-0.00355873
-0.0033539
-0.00313105
-0.00289091
-0.00263854
-0.00238014
-0.00212135
-0.00186652
-0.00161864
-0.00137945
-0.00114957
-0.000928728
-0.000715908
-0.0005094
-0.000308263
-0.000113005
-0.00438749
-0.00428695
-0.00415639
-0.00397834
-0.00377354
-0.00354858
-0.00330447
-0.00304495
-0.00277564
-0.0025023
-0.00222995
-0.00196249
-0.00170255
-0.00145162
-0.00121021
-0.000977994
-0.000753962
-0.000536509
-0.000324633
-0.00011863
-0.00465445
-0.00455733
-0.00442247
-0.00423613
-0.0040155
-0.0037671
-0.0034964
-0.00321129
-0.00291906
-0.0026256
-0.0023356
-0.0020525
-0.00177855
-0.00151491
-0.00126184
-0.00101882
-0.000784746
-0.000557899
-0.0003372
-0.000122901
-0.00497404
-0.00487044
-0.00472558
-0.00452525
-0.00428454
-0.00400821
-0.00370551
-0.00338875
-0.00306761
-0.00274877
-0.00243692
-0.00213519
-0.00184539
-0.00156829
-0.00130372
-0.00105083
-0.000808197
-0.000573852
-0.000346506
-0.000126311
-0.00535011
-0.00523673
-0.00507688
-0.00485655
-0.00458721
-0.00427315
-0.00392935
-0.00357321
-0.00321688
-0.00286781
-0.00253062
-0.00220801
-0.00190122
-0.00161042
-0.0013349
-0.00107332
-0.000823789
-0.000583955
-0.000352221
-0.000128396
-0.00578847
-0.0056632
-0.00548176
-0.00523292
-0.00492336
-0.00455956
-0.00416449
-0.00376088
-0.00336304
-0.00297899
-0.00261314
-0.00226764
-0.00194301
-0.00163867
-0.00135317
-0.0010845
-0.000830166
-0.000587275
-0.000353783
-0.000129075
-0.00629784
-0.00615885
-0.00594821
-0.00566006
-0.00529519
-0.00486608
-0.00440678
-0.00394592
-0.00349962
-0.00307592
-0.00267864
-0.00230903
-0.00196658
-0.00164968
-0.00135594
-0.00108245
-0.000825976
-0.000582942
-0.000350743
-0.0001282
-0.00688989
-0.00673436
-0.00648417
-0.00614074
-0.00570021
-0.00518683
-0.00464866
-0.00412027
-0.00361872
-0.00315124
-0.00272046
-0.00232629
-0.00196686
-0.00163921
-0.00133972
-0.00106442
-0.00080912
-0.000569464
-0.000342176
-0.000125417
-0.00758156
-0.00740439
-0.00710029
-0.00667834
-0.00613501
-0.00551424
-0.00488022
-0.00427301
-0.00370941
-0.00319468
-0.00272941
-0.00231157
-0.00193736
-0.00160204
-0.00130046
-0.00102735
-0.000777427
-0.000545418
-0.000327316
-0.000120525
-0.00839927
-0.0081887
-0.0078103
-0.00727362
-0.00659084
-0.00583486
-0.00508616
-0.00438883
-0.00375743
-0.00319365
-0.00269478
-0.00225595
-0.00187082
-0.0015324
-0.00123366
-0.00096782
-0.000728376
-0.000509073
-0.000305125
-0.000113125
-0.00938736
-0.00911394
-0.00863359
-0.00792354
-0.00705303
-0.0061295
-0.00524594
-0.00444768
-0.0037446
-0.00313246
-0.00260354
-0.00214892
-0.00175893
-0.00142382
-0.00113441
-0.0008822
-0.000659393
-0.000458728
-0.000274653
-0.000102931
-0.0106215
-0.0102096
-0.00959784
-0.00861717
-0.00749569
-0.0063685
-0.00533041
-0.00442306
-0.00364833
-0.00299272
-0.00244109
-0.0019791
-0.00159294
-0.00126971
-0.000997794
-0.00076692
-0.000567969
-0.000392727
-0.000234948
-8.95994e-05
-0.0122255
-0.011514
-0.0107262
-0.00932757
-0.00787451
-0.00650663
-0.00529921
-0.00428108
-0.00344127
-0.00275291
-0.00219085
-0.00173392
-0.00136352
-0.00106326
-0.000818966
-0.000618604
-0.000451828
-0.000309623
-0.000185204
-7.28665e-05
-0.0143733
-0.0131008
-0.0120008
-0.0099886
-0.00810993
-0.0064722
-0.00509471
-0.00397732
-0.00308937
-0.00238736
-0.001834
-0.00140003
-0.00106148
-0.000798298
-0.000593899
-0.00043468
-0.00030937
-0.000208462
-0.000124908
-5.25567e-05
-0.0171867
-0.0150648
-0.0133016
-0.0104504
-0.00806081
-0.00615536
-0.00463606
-0.00345243
-0.00254959
-0.00186601
-0.00135057
-0.000964838
-0.000679258
-0.000470529
-0.000320269
-0.000213975
-0.000140049
-8.90082e-05
-5.39512e-05
-2.86251e-05
-0.0206252
-0.0173019
-0.014297
-0.0104284
-0.00750532
-0.00539809
-0.00381084
-0.00262989
-0.00177349
-0.0011606
-0.000725612
-0.000421457
-0.00021447
-7.98517e-05
1.01993e-06
4.23065e-05
5.50012e-05
4.78659e-05
2.71585e-05
-1.22476e-06
-0.0244438
-0.018535
-0.0142679
-0.00950329
-0.00615493
-0.00398647
-0.00248358
-0.00143791
-0.000730072
-0.00026212
3.9554e-05
0.000224708
0.000326453
0.00036766
0.000364788
0.000330031
0.000272678
0.000200035
0.000117214
2.92617e-05
-0.0235096
-0.0161833
-0.0122262
-0.00711935
-0.00364543
-0.00172437
-0.0005822
0.000127823
0.000557673
0.000800628
0.000918916
0.000952567
0.000927092
0.000859444
0.00076155
0.000642171
0.000507962
0.000364154
0.000214271
6.20585e-05
-0.045553
-0.011081
-0.00652945
-0.00222777
0.000282899
0.00133078
0.00176104
0.00194519
0.0019977
0.00196284
0.00186746
0.00173052
0.00156485
0.0013791
0.00117934
0.000970068
0.000754768
0.00053625
0.000316043
9.5927e-05
)
;

boundaryField
{
    inlet
    {
        type            zeroGradient;
    }
    outlet
    {
        type            fixedValue;
        value           uniform 0;
    }
    upAndBottom
    {
        type            empty;
    }
    obstacle
    {
        type            zeroGradient;
    }
}


// ************************************************************************* //
