/*--------------------------------*- C++ -*----------------------------------*\
| =========                 |                                                 |
| \\      /  F ield         | OpenFOAM: The Open Source CFD Toolbox           |
|  \\    /   O peration     | Version:  v1806                                 |
|   \\  /    A nd           | Web:      www.OpenFOAM.com                      |
|    \\/     M anipulation  |                                                 |
\*---------------------------------------------------------------------------*/
FoamFile
{
    version     2.0;
    format      ascii;
    class       volVectorField;
    location    "180";
    object      U;
}
// * * * * * * * * * * * * * * * * * * * * * * * * * * * * * * * * * * * * * //

dimensions      [0 1 -1 0 0 0 0];


internalField   nonuniform List<vector> 
2400
(
(0.3 -0.00098194 0)
(0.299988 -0.00321089 0)
(0.299963 -0.0051936 0)
(0.299914 -0.00764011 0)
(0.299849 -0.00976738 0)
(0.299741 -0.0126132 0)
(0.299625 -0.0150095 0)
(0.299436 -0.0184242 0)
(0.299262 -0.0212027 0)
(0.298969 -0.0253109 0)
(0.298735 -0.0285591 0)
(0.298326 -0.0333562 0)
(0.298052 -0.0370918 0)
(0.297562 -0.0423064 0)
(0.2973 -0.0463832 0)
(0.296862 -0.0513435 0)
(0.296723 -0.0552787 0)
(0.296602 -0.05898 0)
(0.296771 -0.0617721 0)
(0.297215 -0.0633482 0)
(0.299997 -0.000976626 0)
(0.299973 -0.00320145 0)
(0.299918 -0.00516704 0)
(0.299834 -0.00761177 0)
(0.299716 -0.00971088 0)
(0.299554 -0.0125612 0)
(0.299364 -0.0149106 0)
(0.299103 -0.0183448 0)
(0.298838 -0.0210472 0)
(0.298454 -0.0252054 0)
(0.298131 -0.0283367 0)
(0.297621 -0.0332363 0)
(0.297296 -0.0368127 0)
(0.296719 -0.0422017 0)
(0.296515 -0.0461128 0)
(0.296067 -0.0513065 0)
(0.296169 -0.0551681 0)
(0.296232 -0.0590899 0)
(0.296817 -0.0619914 0)
(0.297714 -0.0637102 0)
(0.299995 -0.000966598 0)
(0.299957 -0.00318215 0)
(0.299866 -0.00511937 0)
(0.299738 -0.00756132 0)
(0.299551 -0.00961739 0)
(0.299317 -0.012478 0)
(0.299031 -0.014758 0)
(0.298669 -0.0182304 0)
(0.298287 -0.0208213 0)
(0.29778 -0.025072 0)
(0.297339 -0.0280311 0)
(0.296693 -0.033117 0)
(0.2963 -0.0364526 0)
(0.295603 -0.0421585 0)
(0.295465 -0.0457983 0)
(0.29498 -0.0514214 0)
(0.295372 -0.0551115 0)
(0.295601 -0.0594256 0)
(0.296684 -0.0624096 0)
(0.29807 -0.0642913 0)
(0.299994 -0.000952118 0)
(0.29994 -0.00315257 0)
(0.299814 -0.00505101 0)
(0.299639 -0.00748783 0)
(0.299381 -0.0094877 0)
(0.299068 -0.0123621 0)
(0.298679 -0.0145532 0)
(0.298208 -0.0180789 0)
(0.297699 -0.0205265 0)
(0.297055 -0.0249082 0)
(0.296484 -0.0276421 0)
(0.295686 -0.0329949 0)
(0.295211 -0.0360034 0)
(0.294373 -0.0421749 0)
(0.294296 -0.0454143 0)
(0.293732 -0.0516943 0)
(0.294444 -0.0550646 0)
(0.294775 -0.0600092 0)
(0.296437 -0.0630033 0)
(0.298288 -0.0651213 0)
(0.299993 -0.000933679 0)
(0.299924 -0.00311221 0)
(0.299764 -0.00496266 0)
(0.299539 -0.00738927 0)
(0.299213 -0.00932153 0)
(0.298817 -0.0122085 0)
(0.298325 -0.0142942 0)
(0.29774 -0.0178809 0)
(0.297098 -0.0201589 0)
(0.296311 -0.024699 0)
(0.2956 -0.0271621 0)
(0.29464 -0.0328515 0)
(0.294067 -0.0354501 0)
(0.293066 -0.0422352 0)
(0.293037 -0.0449313 0)
(0.292346 -0.0521299 0)
(0.293404 -0.0549784 0)
(0.293745 -0.0608833 0)
(0.296098 -0.0637368 0)
(0.298353 -0.0662475 0)
(0.299994 -0.00091181 0)
(0.299907 -0.00306029 0)
(0.299716 -0.00485549 0)
(0.299439 -0.00726394 0)
(0.299047 -0.00912044 0)
(0.298566 -0.0120133 0)
(0.297972 -0.013983 0)
(0.297269 -0.0176295 0)
(0.296492 -0.0197204 0)
(0.295558 -0.0244341 0)
(0.294694 -0.0265916 0)
(0.293565 -0.0326731 0)
(0.292871 -0.0347878 0)
(0.291687 -0.0423289 0)
(0.291682 -0.0443286 0)
(0.290812 -0.0527383 0)
(0.292237 -0.0548043 0)
(0.292476 -0.0621053 0)
(0.295669 -0.0645566 0)
(0.298217 -0.067741 0)
(0.299998 -0.000887036 0)
(0.299888 -0.002996 0)
(0.299672 -0.00473084 0)
(0.299337 -0.00711034 0)
(0.298886 -0.00888678 0)
(0.298313 -0.0117737 0)
(0.297623 -0.0136231 0)
(0.296796 -0.0173189 0)
(0.295884 -0.0192154 0)
(0.294797 -0.024103 0)
(0.293767 -0.0259345 0)
(0.29246 -0.0324446 0)
(0.291615 -0.0340145 0)
(0.29023 -0.0424403 0)
(0.290216 -0.0435879 0)
(0.289111 -0.0535216 0)
(0.290919 -0.0544921 0)
(0.290925 -0.063736 0)
(0.295141 -0.0653919 0)
(0.297812 -0.0697086 0)
(0.300003 -0.000859823 0)
(0.299867 -0.00291867 0)
(0.299632 -0.00459007 0)
(0.299231 -0.00692712 0)
(0.298732 -0.008623 0)
(0.298057 -0.0114863 0)
(0.297282 -0.0132184 0)
(0.296317 -0.0169423 0)
(0.295276 -0.0186495 0)
(0.294023 -0.0236927 0)
(0.292818 -0.0251964 0)
(0.291326 -0.032145 0)
(0.29029 -0.0331316 0)
(0.288696 -0.0425446 0)
(0.288612 -0.0426948 0)
(0.287228 -0.0544703 0)
(0.289417 -0.0539938 0)
(0.289043 -0.0658309 0)
(0.294495 -0.0661642 0)
(0.297061 -0.0722984 0)
(0.300013 -0.0008305 0)
(0.299841 -0.00282783 0)
(0.2996 -0.00443434 0)
(0.29912 -0.00671323 0)
(0.298588 -0.0083314 0)
(0.297793 -0.0111484 0)
(0.296954 -0.0127729 0)
(0.295828 -0.0164922 0)
(0.294677 -0.0180289 0)
(0.293232 -0.0231872 0)
(0.29185 -0.0243859 0)
(0.290157 -0.031746 0)
(0.288883 -0.0321465 0)
(0.287087 -0.0426057 0)
(0.286831 -0.0416426 0)
(0.285164 -0.0555628 0)
(0.287687 -0.0532649 0)
(0.28677 -0.0684332 0)
(0.29372 -0.0667939 0)
(0.295869 -0.0756941 0)
(0.300028 -0.000799167 0)
(0.299808 -0.00272343 0)
(0.299576 -0.00426446 0)
(0.298999 -0.00646822 0)
(0.298461 -0.00801377 0)
(0.297516 -0.0107575 0)
(0.296649 -0.0122903 0)
(0.295319 -0.0159614 0)
(0.2941 -0.0173607 0)
(0.292408 -0.0225681 0)
(0.290882 -0.0235152 0)
(0.288937 -0.0312105 0)
(0.287397 -0.0310761 0)
(0.285404 -0.0425698 0)
(0.284827 -0.0404391 0)
(0.282949 -0.0567632 0)
(0.285643 -0.0522633 0)
(0.284067 -0.0715786 0)
(0.292825 -0.0671996 0)
(0.29409 -0.0800992 0)
(0.300048 -0.000765639 0)
(0.299768 -0.00260597 0)
(0.299565 -0.00408061 0)
(0.298867 -0.00619264 0)
(0.298354 -0.00767084 0)
(0.29722 -0.010313 0)
(0.296378 -0.0117728 0)
(0.294777 -0.0153444 0)
(0.293569 -0.016651 0)
(0.291528 -0.0218166 0)
(0.289948 -0.0225988 0)
(0.287631 -0.0304915 0)
(0.285865 -0.0299481 0)
(0.283616 -0.0423558 0)
(0.282561 -0.0391178 0)
(0.280634 -0.0580067 0)
(0.283117 -0.050959 0)
(0.28099 -0.0753197 0)
(0.291809 -0.0672749 0)
(0.291448 -0.085698 0)
(0.300073 -0.00072946 0)
(0.29972 -0.00247649 0)
(0.299565 -0.00388234 0)
(0.298721 -0.00588825 0)
(0.298273 -0.00730194 0)
(0.296902 -0.00981682 0)
(0.296152 -0.0112196 0)
(0.294192 -0.0146403 0)
(0.293107 -0.0159014 0)
(0.290564 -0.0209194 0)
(0.289102 -0.021649 0)
(0.286175 -0.029538 0)
(0.284371 -0.0288 0)
(0.281626 -0.0418447 0)
(0.280073 -0.0377504 0)
(0.278208 -0.0591596 0)
(0.279865 -0.0493713 0)
(0.277796 -0.0797469 0)
(0.290476 -0.0668386 0)
(0.287526 -0.092652 0)
(0.300102 -0.000690019 0)
(0.299665 -0.00233651 0)
(0.299576 -0.00366872 0)
(0.298565 -0.00555794 0)
(0.298215 -0.00690507 0)
(0.296563 -0.0092734 0)
(0.295974 -0.0106267 0)
(0.29356 -0.0138544 0)
(0.292734 -0.0151057 0)
(0.289494 -0.0198756 0)
(0.2884 -0.0206653 0)
(0.284498 -0.0283133 0)
(0.283048 -0.027666 0)
(0.279254 -0.0408859 0)
(0.277553 -0.0364494 0)
(0.275455 -0.0599566 0)
(0.275733 -0.0476444 0)
(0.274871 -0.0849209 0)
(0.288108 -0.0655941 0)
(0.282131 -0.101335 0)
(0.300133 -0.000646757 0)
(0.299608 -0.00218762 0)
(0.299593 -0.00343871 0)
(0.298405 -0.00520511 0)
(0.298175 -0.00647766 0)
(0.296213 -0.00868914 0)
(0.295837 -0.00998736 0)
(0.292895 -0.0129978 0)
(0.292449 -0.0142489 0)
(0.288324 -0.0187008 0)
(0.287873 -0.019623 0)
(0.282557 -0.0268195 0)
(0.282033 -0.0265431 0)
(0.276296 -0.0393598 0)
(0.275356 -0.0353404 0)
(0.271832 -0.0599555 0)
(0.270995 -0.0461264 0)
(0.272232 -0.0905933 0)
(0.283332 -0.0632549 0)
(0.276289 -0.112805 0)
(0.300162 -0.000599417 0)
(0.299553 -0.00203117 0)
(0.29961 -0.00319183 0)
(0.298252 -0.00483292 0)
(0.298142 -0.00601777 0)
(0.295873 -0.00807057 0)
(0.295722 -0.00929502 0)
(0.292231 -0.0120839 0)
(0.29222 -0.0133121 0)
(0.287106 -0.0174228 0)
(0.287489 -0.018475 0)
(0.280397 -0.0251044 0)
(0.281372 -0.025351 0)
(0.272651 -0.0372707 0)
(0.273857 -0.0344616 0)
(0.266622 -0.0586561 0)
(0.266625 -0.0453438 0)
(0.268684 -0.0958327 0)
(0.274906 -0.0600437 0)
(0.273001 -0.129205 0)
(0.300186 -0.000548243 0)
(0.299507 -0.00186782 0)
(0.29962 -0.00292866 0)
(0.298117 -0.00444335 0)
(0.298101 -0.0055255 0)
(0.295567 -0.00742226 0)
(0.295598 -0.00854655 0)
(0.291617 -0.0111236 0)
(0.291989 -0.0122804 0)
(0.285939 -0.0160692 0)
(0.28714 -0.0171708 0)
(0.278192 -0.0232399 0)
(0.280913 -0.0239434 0)
(0.268495 -0.0347681 0)
(0.273134 -0.0335763 0)
(0.259439 -0.0559568 0)
(0.263911 -0.045728 0)
(0.261529 -0.0988968 0)
(0.263711 -0.0574592 0)
(0.275409 -0.153166 0)
(0.300201 -0.000494012 0)
(0.299475 -0.00169743 0)
(0.299616 -0.00265111 0)
(0.298012 -0.00403679 0)
(0.298038 -0.0050038 0)
(0.295318 -0.00674542 0)
(0.295439 -0.0077449 0)
(0.291107 -0.0101207 0)
(0.291693 -0.0111518 0)
(0.284941 -0.0146539 0)
(0.286678 -0.0156818 0)
(0.27621 -0.02128 0)
(0.280321 -0.0221854 0)
(0.264377 -0.032049 0)
(0.272622 -0.0322122 0)
(0.25083 -0.0522696 0)
(0.263212 -0.0469869 0)
(0.248077 -0.0979938 0)
(0.254184 -0.0586634 0)
(0.281336 -0.184489 0)
(0.300206 -0.000437922 0)
(0.299461 -0.00151912 0)
(0.299594 -0.00236236 0)
(0.297942 -0.00361212 0)
(0.297948 -0.00445846 0)
(0.29514 -0.00603772 0)
(0.295229 -0.00689972 0)
(0.290733 -0.00907018 0)
(0.291292 -0.00994057 0)
(0.284202 -0.0131688 0)
(0.285986 -0.0140203 0)
(0.274707 -0.0192247 0)
(0.279237 -0.0200327 0)
(0.261026 -0.0292105 0)
(0.271281 -0.029963 0)
(0.242482 -0.0482086 0)
(0.262686 -0.0475519 0)
(0.228574 -0.093459 0)
(0.251265 -0.0669779 0)
(0.27963 -0.216903 0)
(0.300201 -0.000381448 0)
(0.299462 -0.00133166 0)
(0.299557 -0.00206632 0)
(0.297907 -0.00316756 0)
(0.297833 -0.00389705 0)
(0.295032 -0.00529516 0)
(0.294972 -0.00602505 0)
(0.290501 -0.00796227 0)
(0.290788 -0.00867311 0)
(0.283747 -0.0115897 0)
(0.285046 -0.0122362 0)
(0.273794 -0.0170183 0)
(0.277512 -0.0175624 0)
(0.25894 -0.0261626 0)
(0.268261 -0.0267663 0)
(0.236534 -0.0439936 0)
(0.258689 -0.0456033 0)
(0.208218 -0.0870361 0)
(0.250884 -0.0816455 0)
(0.253914 -0.239962 0)
(0.30019 -0.000325487 0)
(0.299475 -0.00113561 0)
(0.29951 -0.00176526 0)
(0.297899 -0.00270392 0)
(0.297705 -0.00332448 0)
(0.294983 -0.00451814 0)
(0.294693 -0.005131 0)
(0.290385 -0.00679404 0)
(0.290231 -0.00737136 0)
(0.283526 -0.0099017 0)
(0.283958 -0.0103816 0)
(0.273382 -0.0146037 0)
(0.275328 -0.0149073 0)
(0.258053 -0.0227076 0)
(0.263656 -0.0229249 0)
(0.233841 -0.0391208 0)
(0.248948 -0.0407909 0)
(0.194448 -0.0795706 0)
(0.235391 -0.093431 0)
(0.190188 -0.236612 0)
(0.297869 -0.0637726 0)
(0.298708 -0.0631394 0)
(0.299698 -0.0615237 0)
(0.300712 -0.0592233 0)
(0.301718 -0.0565216 0)
(0.302665 -0.0535787 0)
(0.303576 -0.0505277 0)
(0.304373 -0.0474655 0)
(0.305136 -0.0444901 0)
(0.305765 -0.041614 0)
(0.298815 -0.0642971 0)
(0.300103 -0.0637505 0)
(0.301447 -0.0621626 0)
(0.302669 -0.0598647 0)
(0.303769 -0.0571386 0)
(0.304738 -0.0541521 0)
(0.305607 -0.0510446 0)
(0.306321 -0.0479298 0)
(0.306973 -0.0449005 0)
(0.307485 -0.0419813 0)
(0.299689 -0.0650467 0)
(0.301516 -0.0645148 0)
(0.303289 -0.0628665 0)
(0.30478 -0.0605026 0)
(0.306034 -0.0577009 0)
(0.307078 -0.0546308 0)
(0.307952 -0.0514435 0)
(0.308621 -0.0482661 0)
(0.309194 -0.0451843 0)
(0.309618 -0.0422303 0)
(0.300478 -0.0660749 0)
(0.302917 -0.0654968 0)
(0.305144 -0.0637208 0)
(0.306912 -0.061239 0)
(0.30833 -0.0583146 0)
(0.309458 -0.0551185 0)
(0.31034 -0.0518209 0)
(0.310971 -0.0485609 0)
(0.311475 -0.0454165 0)
(0.311826 -0.042423 0)
(0.301201 -0.067425 0)
(0.304346 -0.0667198 0)
(0.307042 -0.0647487 0)
(0.309081 -0.0620958 0)
(0.310662 -0.0589956 0)
(0.311869 -0.0556289 0)
(0.312752 -0.0521927 0)
(0.313343 -0.0488332 0)
(0.313781 -0.0456184 0)
(0.314064 -0.0425824 0)
(0.301885 -0.0691342 0)
(0.305846 -0.0681906 0)
(0.309014 -0.0659576 0)
(0.311312 -0.0630741 0)
(0.313054 -0.0597373 0)
(0.314335 -0.0561543 0)
(0.315216 -0.0525543 0)
(0.315767 -0.0490811 0)
(0.316138 -0.0457886 0)
(0.316345 -0.0427054 0)
(0.302575 -0.071239 0)
(0.307464 -0.0699126 0)
(0.311079 -0.0673557 0)
(0.313627 -0.0641751 0)
(0.31554 -0.0605352 0)
(0.316903 -0.0566929 0)
(0.317786 -0.0529078 0)
(0.318298 -0.049305 0)
(0.318583 -0.045922 0)
(0.318664 -0.042777 0)
(0.303342 -0.0737728 0)
(0.309233 -0.0718895 0)
(0.31325 -0.0689531 0)
(0.316071 -0.0654023 0)
(0.318198 -0.0613927 0)
(0.319667 -0.057252 0)
(0.320554 -0.053257 0)
(0.320985 -0.0494956 0)
(0.32109 -0.0459898 0)
(0.320889 -0.0427456 0)
(0.304264 -0.0767531 0)
(0.31117 -0.074139 0)
(0.315568 -0.0707765 0)
(0.318766 -0.0667758 0)
(0.321192 -0.0623276 0)
(0.322775 -0.0578401 0)
(0.323583 -0.0535841 0)
(0.323755 -0.0495972 0)
(0.323402 -0.0458979 0)
(0.322557 -0.0424807 0)
(0.305394 -0.0801546 0)
(0.313313 -0.076733 0)
(0.318204 -0.072904 0)
(0.321988 -0.0683441 0)
(0.324755 -0.0633559 0)
(0.326297 -0.0584223 0)
(0.326692 -0.0537868 0)
(0.326122 -0.0494415 0)
(0.324719 -0.045426 0)
(0.322581 -0.0417259 0)
(0.30681 -0.0839418 0)
(0.315877 -0.0798649 0)
(0.321605 -0.0754886 0)
(0.32613 -0.070149 0)
(0.328963 -0.0644088 0)
(0.329855 -0.0588121 0)
(0.329005 -0.0535731 0)
(0.326747 -0.0486648 0)
(0.323321 -0.0441772 0)
(0.318966 -0.0400799 0)
(0.308886 -0.0882848 0)
(0.319508 -0.0838802 0)
(0.326434 -0.0786613 0)
(0.331279 -0.0720626 0)
(0.333082 -0.065148 0)
(0.331922 -0.0585108 0)
(0.328338 -0.0523578 0)
(0.322999 -0.0466705 0)
(0.316326 -0.0415964 0)
(0.308785 -0.0370586 0)
(0.312807 -0.0937402 0)
(0.32523 -0.0891491 0)
(0.332796 -0.0822007 0)
(0.336132 -0.0734686 0)
(0.334552 -0.0647308 0)
(0.32907 -0.0565986 0)
(0.320809 -0.0492751 0)
(0.310918 -0.0427303 0)
(0.299988 -0.0371267 0)
(0.288731 -0.0322777 0)
(0.320613 -0.101056 0)
(0.333169 -0.0955673 0)
(0.338528 -0.0849713 0)
(0.33657 -0.0729304 0)
(0.328175 -0.0617382 0)
(0.315815 -0.05187 0)
(0.301267 -0.0434391 0)
(0.286098 -0.0362979 0)
(0.270873 -0.0305275 0)
(0.256438 -0.0257411 0)
(0.333425 -0.110386 0)
(0.339818 -0.101688 0)
(0.337399 -0.0844845 0)
(0.325014 -0.0682894 0)
(0.306586 -0.05457 0)
(0.28595 -0.0433678 0)
(0.265173 -0.0344942 0)
(0.245797 -0.0275013 0)
(0.227949 -0.0222663 0)
(0.212302 -0.0181121 0)
(0.347646 -0.120023 0)
(0.335665 -0.103918 0)
(0.319176 -0.0772999 0)
(0.29204 -0.0575559 0)
(0.263086 -0.0423952 0)
(0.235922 -0.0312612 0)
(0.211934 -0.0233042 0)
(0.191775 -0.0175924 0)
(0.174636 -0.013715 0)
(0.160639 -0.0106834 0)
(0.352213 -0.124298 0)
(0.306377 -0.0969152 0)
(0.273153 -0.0607753 0)
(0.231357 -0.0405392 0)
(0.19711 -0.0264626 0)
(0.169479 -0.0177365 0)
(0.148015 -0.0122997 0)
(0.131665 -0.00879246 0)
(0.118681 -0.0066586 0)
(0.108592 -0.00478936 0)
(0.330117 -0.112923 0)
(0.238473 -0.0754419 0)
(0.195716 -0.0353764 0)
(0.1479 -0.0206049 0)
(0.119812 -0.0110268 0)
(0.0995871 -0.00673174 0)
(0.0857778 -0.00436386 0)
(0.076044 -0.0029555 0)
(0.0686611 -0.00217758 0)
(0.0629676 -0.00110284 0)
(0.263892 -0.0752383 0)
(0.129848 -0.0393345 0)
(0.100268 -0.0075624 0)
(0.0634121 -0.00485538 0)
(0.0515816 -0.00138893 0)
(0.0420095 -0.00097427 0)
(0.0365406 -0.000524158 0)
(0.032853 -0.000288248 0)
(0.0301874 -0.000138168 0)
(0.0279729 0.000666478 0)
(0.136463 -0.0433408 0)
(0.00839178 -0.010545 0)
(0.0198066 0.00265481 0)
(0.00594686 0.000118281 0)
(0.00766882 0.000655845 0)
(0.00589244 0.000232174 0)
(0.00565929 0.000212392 0)
(0.00545971 0.000169748 0)
(0.00551937 0.000176747 0)
(0.00525462 0.000401471 0)
(0.306389 -0.0389564 0)
(0.306856 -0.0364562 0)
(0.307392 -0.0340902 0)
(0.30776 -0.0317771 0)
(0.308252 -0.029571 0)
(0.308538 -0.0273786 0)
(0.308999 -0.0252726 0)
(0.309197 -0.0231671 0)
(0.309622 -0.0211434 0)
(0.309708 -0.0191576 0)
(0.310075 -0.0172564 0)
(0.310016 -0.0155017 0)
(0.310304 -0.0138273 0)
(0.310061 -0.0124869 0)
(0.310255 -0.0111761 0)
(0.309798 -0.0104721 0)
(0.309902 -0.00963731 0)
(0.30921 -0.00975828 0)
(0.309241 -0.00941618 0)
(0.308314 -0.0104535 0)
(0.307998 -0.0392831 0)
(0.308365 -0.0367565 0)
(0.308813 -0.034363 0)
(0.309103 -0.0320318 0)
(0.309532 -0.0298043 0)
(0.30975 -0.0275956 0)
(0.310161 -0.0254679 0)
(0.310282 -0.0233411 0)
(0.310653 -0.0212916 0)
(0.310635 -0.0192736 0)
(0.310933 -0.0173412 0)
(0.310726 -0.0155423 0)
(0.310923 -0.0138337 0)
(0.310482 -0.0124401 0)
(0.310574 -0.0110959 0)
(0.309868 -0.0103308 0)
(0.309884 -0.00946464 0)
(0.308895 -0.00952005 0)
(0.308889 -0.00914838 0)
(0.307596 -0.0101249 0)
(0.310038 -0.0395033 0)
(0.310324 -0.0369623 0)
(0.310698 -0.0345539 0)
(0.310919 -0.0322161 0)
(0.311293 -0.0299757 0)
(0.311444 -0.027756 0)
(0.311804 -0.0256094 0)
(0.311834 -0.0234593 0)
(0.312141 -0.0213808 0)
(0.311982 -0.0193212 0)
(0.312186 -0.0173512 0)
(0.311762 -0.015492 0)
(0.31183 -0.0137431 0)
(0.31108 -0.0122752 0)
(0.311021 -0.0108965 0)
(0.30991 -0.0100498 0)
(0.309784 -0.00916245 0)
(0.308287 -0.00913715 0)
(0.308199 -0.0087587 0)
(0.306273 -0.009662 0)
(0.312169 -0.0396682 0)
(0.31239 -0.0371159 0)
(0.312699 -0.0346966 0)
(0.312861 -0.0323551 0)
(0.313177 -0.0301023 0)
(0.313256 -0.02787 0)
(0.313547 -0.0256993 0)
(0.313465 -0.0235183 0)
(0.313675 -0.0214003 0)
(0.313333 -0.0192854 0)
(0.313401 -0.0172638 0)
(0.312696 -0.0153258 0)
(0.312586 -0.0135235 0)
(0.311439 -0.0119601 0)
(0.311176 -0.0105406 0)
(0.309537 -0.00959212 0)
(0.309218 -0.00868793 0)
(0.30705 -0.00856282 0)
(0.306839 -0.00819058 0)
(0.304064 -0.00899341 0)
(0.314329 -0.0398005 0)
(0.31448 -0.0372384 0)
(0.314709 -0.034809 0)
(0.314792 -0.0324625 0)
(0.315011 -0.0301921 0)
(0.314974 -0.0279404 0)
(0.315133 -0.0257342 0)
(0.314875 -0.0235102 0)
(0.314905 -0.0213351 0)
(0.314304 -0.0191485 0)
(0.314143 -0.0170538 0)
(0.313073 -0.015017 0)
(0.312693 -0.0131395 0)
(0.311054 -0.0114592 0)
(0.310503 -0.00998177 0)
(0.308225 -0.00890985 0)
(0.307644 -0.0079798 0)
(0.304663 -0.00773345 0)
(0.304285 -0.00736593 0)
(0.300472 -0.00804596 0)
(0.316509 -0.0398935 0)
(0.316552 -0.0373175 0)
(0.316639 -0.0348723 0)
(0.316568 -0.0325116 0)
(0.31659 -0.030211 0)
(0.316334 -0.0279261 0)
(0.316227 -0.0256666 0)
(0.315671 -0.0233837 0)
(0.315375 -0.0211299 0)
(0.31439 -0.0188548 0)
(0.313854 -0.0166625 0)
(0.312306 -0.0145108 0)
(0.311523 -0.012533 0)
(0.309291 -0.0107202 0)
(0.308339 -0.00916247 0)
(0.305325 -0.00795145 0)
(0.304393 -0.00697982 0)
(0.300488 -0.00659603 0)
(0.299889 -0.00622559 0)
(0.294889 -0.00676902 0)
(0.318643 -0.0399202 0)
(0.318466 -0.0373135 0)
(0.31827 -0.0348344 0)
(0.317882 -0.0324378 0)
(0.317517 -0.0300846 0)
(0.316846 -0.0277447 0)
(0.316262 -0.0254099 0)
(0.315215 -0.0230498 0)
(0.314383 -0.0206967 0)
(0.312849 -0.0183202 0)
(0.311752 -0.01601 0)
(0.309601 -0.0137347 0)
(0.30826 -0.0116357 0)
(0.305354 -0.0096846 0)
(0.303877 -0.00802544 0)
(0.300074 -0.00667038 0)
(0.298699 -0.00563917 0)
(0.293823 -0.00511141 0)
(0.292945 -0.00472743 0)
(0.286688 -0.0051283 0)
(0.320476 -0.0398071 0)
(0.319836 -0.037134 0)
(0.319085 -0.034587 0)
(0.318092 -0.0321203 0)
(0.317039 -0.0296851 0)
(0.315664 -0.0272653 0)
(0.314315 -0.0248363 0)
(0.312526 -0.0223864 0)
(0.310916 -0.0199237 0)
(0.308653 -0.0174439 0)
(0.30681 -0.0150092 0)
(0.303956 -0.0126159 0)
(0.301927 -0.0103864 0)
(0.298318 -0.00830572 0)
(0.296228 -0.00653053 0)
(0.291661 -0.00503987 0)
(0.289777 -0.00393131 0)
(0.283982 -0.00326456 0)
(0.282783 -0.00285385 0)
(0.275316 -0.00311518 0)
(0.321347 -0.0393964 0)
(0.31982 -0.0366035 0)
(0.318085 -0.0339441 0)
(0.316067 -0.0313695 0)
(0.313932 -0.028828 0)
(0.311494 -0.0263137 0)
(0.309064 -0.0237886 0)
(0.30628 -0.0212551 0)
(0.303679 -0.0186968 0)
(0.300553 -0.016134 0)
(0.297848 -0.013593 0)
(0.29427 -0.0111069 0)
(0.29151 -0.00875781 0)
(0.287269 -0.00657184 0)
(0.284556 -0.00467683 0)
(0.279362 -0.00307142 0)
(0.276967 -0.00186932 0)
(0.270429 -0.00107868 0)
(0.2689 -0.000625186 0)
(0.260412 -0.000758074 0)
(0.31993 -0.0384161 0)
(0.316915 -0.0354502 0)
(0.313648 -0.0326435 0)
(0.310121 -0.0299426 0)
(0.306493 -0.0272976 0)
(0.302665 -0.0247066 0)
(0.298912 -0.0221197 0)
(0.294977 -0.019545 0)
(0.291299 -0.0169425 0)
(0.287308 -0.0143486 0)
(0.283777 -0.0117516 0)
(0.279593 -0.00922043 0)
(0.276199 -0.00678506 0)
(0.271527 -0.00453024 0)
(0.268301 -0.00252253 0)
(0.262735 -0.00082896 0)
(0.259912 0.000479987 0)
(0.252925 0.00136939 0)
(0.251105 0.00188992 0)
(0.241919 0.00187124 0)
(0.314073 -0.0364904 0)
(0.30891 -0.0333382 0)
(0.30359 -0.0303962 0)
(0.298164 -0.027604 0)
(0.292788 -0.0249149 0)
(0.287433 -0.0223212 0)
(0.282335 -0.0197606 0)
(0.277319 -0.0172351 0)
(0.272715 -0.0146834 0)
(0.26807 -0.0121435 0)
(0.263957 -0.00957016 0)
(0.259453 -0.00705699 0)
(0.255691 -0.00458487 0)
(0.250909 -0.00229805 0)
(0.2474 -0.000192896 0)
(0.241804 0.00156123 0)
(0.238708 0.00299509 0)
(0.231652 0.0039608 0)
(0.229616 0.00458371 0)
(0.220154 0.00466444 0)
(0.300953 -0.0332306 0)
(0.293193 -0.0299744 0)
(0.285596 -0.0269994 0)
(0.278226 -0.0242384 0)
(0.271214 -0.0216433 0)
(0.264567 -0.0191894 0)
(0.258461 -0.0167996 0)
(0.252761 -0.0144581 0)
(0.247669 -0.0120833 0)
(0.242815 -0.00970091 0)
(0.238561 -0.00724062 0)
(0.23416 -0.00480697 0)
(0.230414 -0.00234445 0)
(0.225899 -5.17927e-05 0)
(0.222403 0.00213657 0)
(0.217137 0.00394473 0)
(0.213968 0.00552841 0)
(0.207234 0.00655909 0)
(0.205067 0.00732924 0)
(0.195795 0.00748994 0)
(0.277796 -0.0284241 0)
(0.267581 -0.0252867 0)
(0.258087 -0.0224977 0)
(0.249313 -0.0199879 0)
(0.241316 -0.0176984 0)
(0.234082 -0.0155776 0)
(0.227694 -0.0135318 0)
(0.222004 -0.0115201 0)
(0.217085 -0.00944346 0)
(0.212605 -0.00730656 0)
(0.208738 -0.00502679 0)
(0.204882 -0.00270646 0)
(0.201546 -0.000279537 0)
(0.19763 0.00201915 0)
(0.194431 0.00429555 0)
(0.189786 0.00618155 0)
(0.186727 0.00793713 0)
(0.180649 0.00903137 0)
(0.178426 0.00999857 0)
(0.169809 0.0102044 0)
(0.243207 -0.0222771 0)
(0.231564 -0.019617 0)
(0.221333 -0.0173265 0)
(0.212335 -0.0153432 0)
(0.204495 -0.013588 0)
(0.197725 -0.0119824 0)
(0.191991 -0.0104201 0)
(0.187104 -0.00883694 0)
(0.183023 -0.00712346 0)
(0.179442 -0.00526462 0)
(0.176395 -0.00317946 0)
(0.173405 -0.000963046 0)
(0.170754 0.00143644 0)
(0.167638 0.00377779 0)
(0.164929 0.00616296 0)
(0.161065 0.00816477 0)
(0.158259 0.0101057 0)
(0.153064 0.0112752 0)
(0.15085 0.0124752 0)
(0.143337 0.0126608 0)
(0.198623 -0.0155775 0)
(0.187392 -0.0137896 0)
(0.178155 -0.0122987 0)
(0.17044 -0.0110621 0)
(0.164026 -0.00998217 0)
(0.158735 -0.00897195 0)
(0.15444 -0.00792834 0)
(0.150935 -0.00677489 0)
(0.148112 -0.00540279 0)
(0.145709 -0.0037841 0)
(0.143679 -0.00185018 0)
(0.141663 0.000311675 0)
(0.139794 0.00272768 0)
(0.137513 0.00516282 0)
(0.135371 0.00767982 0)
(0.132319 0.00983908 0)
(0.129863 0.0119619 0)
(0.125672 0.0132225 0)
(0.123556 0.014648 0)
(0.117576 0.0147069 0)
(0.148777 -0.00952951 0)
(0.140005 -0.0088747 0)
(0.133411 -0.00832473 0)
(0.128189 -0.00786969 0)
(0.124042 -0.00742447 0)
(0.120768 -0.00693389 0)
(0.118229 -0.00631755 0)
(0.116258 -0.00549862 0)
(0.114748 -0.00437535 0)
(0.113498 -0.00291164 0)
(0.112436 -0.00105416 0)
(0.111306 0.00112062 0)
(0.11016 0.0036061 0)
(0.108628 0.00617815 0)
(0.107041 0.00884637 0)
(0.104749 0.0111893 0)
(0.102725 0.0134678 0)
(0.0995788 0.014819 0)
(0.0977214 0.0163992 0)
(0.0936592 0.0161814 0)
(0.100208 -0.00521786 0)
(0.0953201 -0.00572765 0)
(0.0922014 -0.00600104 0)
(0.089832 -0.0061205 0)
(0.0880156 -0.00608957 0)
(0.0866471 -0.00592351 0)
(0.085669 -0.00556869 0)
(0.0849969 -0.00494658 0)
(0.0845617 -0.00395803 0)
(0.0842297 -0.00255739 0)
(0.0839339 -0.00070242 0)
(0.0835014 0.00154066 0)
(0.0829412 0.00413387 0)
(0.0820239 0.00686705 0)
(0.0809462 0.00969129 0)
(0.0793479 0.0122133 0)
(0.0778358 0.0145974 0)
(0.0757542 0.0159996 0)
(0.074382 0.0176049 0)
(0.0725308 0.0169386 0)
(0.0586847 -0.00315149 0)
(0.0579691 -0.00465214 0)
(0.0580039 -0.00536009 0)
(0.0579123 -0.00567359 0)
(0.0578141 -0.00576477 0)
(0.0577792 -0.00571295 0)
(0.0578663 -0.00546458 0)
(0.0580702 -0.00492291 0)
(0.0583595 -0.00397943 0)
(0.0586504 -0.002575 0)
(0.0588874 -0.000673314 0)
(0.0589556 0.00166793 0)
(0.0588471 0.00438507 0)
(0.0584294 0.00727798 0)
(0.0578253 0.010241 0)
(0.0568777 0.0129027 0)
(0.055966 0.0153206 0)
(0.0549731 0.0166836 0)
(0.0543169 0.0181463 0)
(0.0548114 0.0169116 0)
(0.0276904 -0.00318943 0)
(0.0300938 -0.00531793 0)
(0.0319954 -0.00590035 0)
(0.0330421 -0.0060318 0)
(0.0337641 -0.00602794 0)
(0.0343714 -0.00596106 0)
(0.0349957 -0.00573338 0)
(0.0356664 -0.00521148 0)
(0.0363651 -0.00426809 0)
(0.0370318 -0.00282945 0)
(0.0376178 -0.000862823 0)
(0.0380438 0.00158093 0)
(0.0382964 0.00441515 0)
(0.0383095 0.00744232 0)
(0.0381704 0.0105053 0)
(0.037862 0.0132394 0)
(0.0376228 0.0156045 0)
(0.0377335 0.0168026 0)
(0.0379461 0.0179399 0)
(0.0406901 0.016137 0)
(0.0084161 -0.00507642 0)
(0.0115246 -0.00686443 0)
(0.0135773 -0.00683203 0)
(0.0145606 -0.00660575 0)
(0.0152954 -0.00645951 0)
(0.0159869 -0.00636592 0)
(0.0167523 -0.0061538 0)
(0.0176001 -0.00564773 0)
(0.0184964 -0.00470126 0)
(0.0193822 -0.00322967 0)
(0.0202088 -0.00120408 0)
(0.0209155 0.00132453 0)
(0.0214879 0.00424933 0)
(0.0219043 0.00736835 0)
(0.0222361 0.0104785 0)
(0.0225619 0.0132044 0)
(0.0230172 0.0154307 0)
(0.0241877 0.0163408 0)
(0.0252796 0.0169846 0)
(0.0299257 0.014732 0)
(0.00202902 -0.00649762 0)
(0.00195249 -0.00766424 0)
(0.00254177 -0.00728068 0)
(0.00265492 -0.0068852 0)
(0.00293237 -0.00673131 0)
(0.00340423 -0.00669269 0)
(0.00409735 -0.00654477 0)
(0.00496472 -0.00608618 0)
(0.00594205 -0.00516094 0)
(0.0069586 -0.00368127 0)
(0.00795992 -0.00162431 0)
(0.00889231 0.00095281 0)
(0.00974228 0.00392604 0)
(0.0105122 0.00708468 0)
(0.0112625 0.0101896 0)
(0.0121299 0.0128452 0)
(0.0131587 0.014884 0)
(0.0151507 0.0154715 0)
(0.0169015 0.0155541 0)
(0.0227646 0.0130766 0)
(-0.000693208 -0.00653173 0)
(-0.00313766 -0.00738456 0)
(-0.00436361 -0.00711366 0)
(-0.00522376 -0.00681915 0)
(-0.0054833 -0.00680494 0)
(-0.00528831 -0.00690072 0)
(-0.0047154 -0.00686228 0)
(-0.00386995 -0.00648007 0)
(-0.00284688 -0.00559826 0)
(-0.00173121 -0.00413228 0)
(-0.000584183 -0.00206667 0)
(0.000541844 0.000530741 0)
(0.00163368 0.00352556 0)
(0.00270612 0.00669243 0)
(0.00380734 0.00976416 0)
(0.00510929 0.012328 0)
(0.00657042 0.0141667 0)
(0.00913915 0.014459 0)
(0.0113184 0.0139871 0)
(0.0178388 0.0114472 0)
(-0.00199504 -0.00511803 0)
(-0.00619215 -0.00622293 0)
(-0.00908549 -0.00636434 0)
(-0.0108593 -0.00642609 0)
(-0.0116402 -0.00670104 0)
(-0.01172 -0.00701949 0)
(-0.011272 -0.00714508 0)
(-0.0104548 -0.00687539 0)
(-0.00939149 -0.00606353 0)
(-0.00818108 -0.00463339 0)
(-0.0068932 -0.00257982 0)
(-0.00558013 1.64788e-05 0)
(-0.0042572 0.00301371 0)
(-0.00290705 0.00616713 0)
(-0.00149618 0.00918501 0)
(0.000165902 0.0116472 0)
(0.00194886 0.0132649 0)
(0.00489753 0.0132845 0)
(0.00730936 0.0122458 0)
(0.0140463 0.00974883 0)
(-0.00261897 -0.00304612 0)
(-0.00796777 -0.00441573 0)
(-0.0120847 -0.00514306 0)
(-0.0145613 -0.00575594 0)
(-0.0157545 -0.00644356 0)
(-0.0160564 -0.00706058 0)
(-0.01571 -0.00739842 0)
(-0.0149129 -0.0072745 0)
(-0.0138088 -0.00655766 0)
(-0.0125081 -0.00518426 0)
(-0.0110882 -0.00316201 0)
(-0.00960255 -0.00058188 0)
(-0.00807245 0.00239974 0)
(-0.00648563 0.00552517 0)
(-0.00482407 0.00848082 0)
(-0.00290052 0.0108443 0)
(-0.000924526 0.0122411 0)
(0.00218833 0.0120427 0)
(0.00462448 0.0104584 0)
(0.0111645 0.00807488 0)
(-0.0028837 -0.000662308 0)
(-0.00882678 -0.00220144 0)
(-0.0136071 -0.00361083 0)
(-0.0164957 -0.00489453 0)
(-0.017945 -0.00607628 0)
(-0.0183944 -0.00704486 0)
(-0.0181194 -0.00763097 0)
(-0.0173353 -0.00767949 0)
(-0.0161958 -0.00707901 0)
(-0.0148181 -0.0057804 0)
(-0.0132858 -0.00380487 0)
(-0.011656 -0.0012534 0)
(-0.00995795 0.00170062 0)
(-0.0081891 0.00479192 0)
(-0.00635074 0.00768945 0)
(-0.00427658 0.00996644 0)
(-0.00223287 0.011175 0)
(0.000830733 0.0108233 0)
(0.00309652 0.00874837 0)
(0.0090841 0.00651194 0)
(-0.0028935 0.00183359 0)
(-0.00888297 0.000164737 0)
(-0.0137172 -0.00194996 0)
(-0.0166972 -0.00394407 0)
(-0.0182339 -0.00565064 0)
(-0.0187581 -0.00699468 0)
(-0.0185338 -0.0078493 0)
(-0.0177695 -0.00808848 0)
(-0.0166161 -0.00762085 0)
(-0.0151911 -0.00641177 0)
(-0.0135822 -0.00449532 0)
(-0.0118516 -0.0019829 0)
(-0.0100384 0.000939001 0)
(-0.00815294 0.00399764 0)
(-0.0062186 0.00684993 0)
(-0.00410143 0.00906674 0)
(-0.00210177 0.0101407 0)
(0.00072421 0.00969878 0)
(0.00266391 0.00722571 0)
(0.00781575 0.00512766 0)
(-0.00260238 0.00424374 0)
(-0.00805209 0.0024152 0)
(-0.0123188 -0.000347015 0)
(-0.0150759 -0.0030078 0)
(-0.0165457 -0.00521494 0)
(-0.0170915 -0.00692627 0)
(-0.0169201 -0.00805227 0)
(-0.016207 -0.00849121 0)
(-0.0150853 -0.00816819 0)
(-0.0136656 -0.00706055 0)
(-0.0120357 -0.00521326 0)
(-0.0102639 -0.00274704 0)
(-0.00840022 0.00014105 0)
(-0.0064701 0.00317465 0)
(-0.00451959 0.00600015 0)
(-0.00245483 0.00819302 0)
(-0.00058786 0.00919249 0)
(0.00185792 0.00872591 0)
(0.00336484 0.00598002 0)
(0.00747555 0.00396857 0)
(-0.00179889 0.00632267 0)
(-0.00604649 0.00426945 0)
(-0.00915505 0.00100583 0)
(-0.0114177 -0.0021795 0)
(-0.0127033 -0.00480574 0)
(-0.0132514 -0.00684346 0)
(-0.0131682 -0.00822594 0)
(-0.0125708 -0.00886482 0)
(-0.0115584 -0.00869432 0)
(-0.0102251 -0.00769869 0)
(-0.00865454 -0.00593013 0)
(-0.00691983 -0.00351626 0)
(-0.00508147 -0.000661403 0)
(-0.00318236 0.00235549 0)
(-0.00129014 0.0051735 0)
(0.000643408 0.00738063 0)
(0.00231523 0.00837308 0)
(0.00429664 0.00793865 0)
(0.00531456 0.00507042 0)
(0.00825622 0.00306354 0)
(3.93587e-06 0.00759898 0)
(-0.00232381 0.00546933 0)
(-0.00379861 0.00193898 0)
(-0.00537989 -0.0015286 0)
(-0.00642895 -0.00444005 0)
(-0.00700582 -0.00673337 0)
(-0.00708666 -0.00834054 0)
(-0.00670788 -0.009171 0)
(-0.00591997 -0.0091579 0)
(-0.00478935 -0.00828521 0)
(-0.00338826 -0.00660696 0)
(-0.0017913 -0.00425387 0)
(-6.9059e-05 -0.00143397 0)
(0.00171727 0.00157188 0)
(0.00348225 0.00439911 0)
(0.00522502 0.00665084 0)
(0.00666006 0.0077069 0)
(0.00814961 0.00735723 0)
(0.00867216 0.0045207 0)
(0.010391 0.00242999 0)
(0.00387337 0.00695381 0)
(0.00406979 0.00574233 0)
(0.00435292 0.0023542 0)
(0.00349532 -0.0010844 0)
(0.0026415 -0.00411281 0)
(0.00195361 -0.00656902 0)
(0.0015907 -0.00835413 0)
(0.00160833 -0.00935896 0)
(0.00201695 -0.00950457 0)
(0.00278944 -0.00876652 0)
(0.00387504 -0.00719387 0)
(0.00520377 -0.00491539 0)
(0.00669868 -0.00213931 0)
(0.00828004 0.000855722 0)
(0.0098469 0.00370348 0)
(0.0113524 0.00601985 0)
(0.0125266 0.00719559 0)
(0.0135395 0.00699003 0)
(0.0136008 0.00432511 0)
(0.0141146 0.00208244 0)
(0.013664 0.00454355 0)
(0.0169989 0.00481756 0)
(0.0185879 0.00224437 0)
(0.0183488 -0.000793957 0)
(0.0175328 -0.00373502 0)
(0.016536 -0.00625948 0)
(0.0156403 -0.00818894 0)
(0.0150068 -0.00937341 0)
(0.014726 -0.00970726 0)
(0.0148304 -0.00914661 0)
(0.0153098 -0.00772593 0)
(0.0161119 -0.00556376 0)
(0.0171612 -0.00286193 0)
(0.0183585 0.000104581 0)
(0.0195864 0.002984 0)
(0.0207477 0.00539259 0)
(0.021586 0.00675596 0)
(0.0220693 0.00679407 0)
(0.0216474 0.00448761 0)
(0.0207952 0.00203813 0)
(0.0422344 0.00235122 0)
(0.0438283 0.0032461 0)
(0.0446582 0.00182142 0)
(0.0440095 -0.000480426 0)
(0.042585 -0.00305963 0)
(0.0407559 -0.00548004 0)
(0.038823 -0.00746469 0)
(0.0370073 -0.00880637 0)
(0.0354753 -0.00935812 0)
(0.0343353 -0.00904157 0)
(0.0336475 -0.00786004 0)
(0.0334071 -0.00590542 0)
(0.0335643 -0.00335797 0)
(0.0340186 -0.000478906 0)
(0.0346356 0.00240371 0)
(0.0352641 0.00490898 0)
(0.0356656 0.00651579 0)
(0.0356225 0.00691763 0)
(0.0348204 0.00522344 0)
(0.0326017 0.00264354 0)
(0.0856423 0.003143 0)
(0.0830013 0.00337225 0)
(0.0811489 0.0022989 0)
(0.0787478 0.000473405 0)
(0.075857 -0.00174517 0)
(0.0726219 -0.00397858 0)
(0.069219 -0.00592945 0)
(0.0658333 -0.00736497 0)
(0.0626524 -0.00811236 0)
(0.0598353 -0.00806381 0)
(0.0575153 -0.00718578 0)
(0.055757 -0.00553285 0)
(0.0545704 -0.00324703 0)
(0.0538849 -0.000560948 0)
(0.0535752 0.00222556 0)
(0.0534515 0.00474961 0)
(0.0532989 0.00654819 0)
(0.0527297 0.00729345 0)
(0.0517392 0.00631502 0)
(0.0484547 0.00378854 0)
(0.140008 0.00679687 0)
(0.132684 0.0059934 0)
(0.127067 0.00457781 0)
(0.121882 0.00274552 0)
(0.116766 0.000659425 0)
(0.111601 -0.00145728 0)
(0.106385 -0.00336109 0)
(0.101186 -0.00484766 0)
(0.0961395 -0.00575336 0)
(0.0913998 -0.00596641 0)
(0.0871422 -0.00542827 0)
(0.0834946 -0.00415989 0)
(0.0805482 -0.00225433 0)
(0.0782988 9.94665e-05 0)
(0.076674 0.00264603 0)
(0.0754723 0.00504867 0)
(0.074544 0.00692588 0)
(0.0733018 0.00788909 0)
(0.0721973 0.00763566 0)
(0.068132 0.00532896 0)
(0.197335 0.0130862 0)
(0.186799 0.0111138 0)
(0.17798 0.00897515 0)
(0.170053 0.0067353 0)
(0.162598 0.00447024 0)
(0.155396 0.00229143 0)
(0.148336 0.000353759 0)
(0.141367 -0.00119636 0)
(0.134547 -0.00223517 0)
(0.127973 -0.00267196 0)
(0.121813 -0.00245749 0)
(0.116216 -0.00160185 0)
(0.111342 -0.000153148 0)
(0.107259 0.00173974 0)
(0.103997 0.00389491 0)
(0.101372 0.005998 0)
(0.0993873 0.00780108 0)
(0.0971955 0.00877982 0)
(0.0958702 0.00912211 0)
(0.0911846 0.0071516 0)
(0.247702 0.0204101 0)
(0.236582 0.0175758 0)
(0.226549 0.0147943 0)
(0.217224 0.0120793 0)
(0.20835 0.00950295 0)
(0.199766 0.0071406 0)
(0.191387 0.00508668 0)
(0.183135 0.00343899 0)
(0.175029 0.00228077 0)
(0.167109 0.00166088 0)
(0.1595 0.00160796 0)
(0.15233 0.00209235 0)
(0.145786 0.00309206 0)
(0.13997 0.00446834 0)
(0.135041 0.00613945 0)
(0.130817 0.0077815 0)
(0.12758 0.00935481 0)
(0.124153 0.0101302 0)
(0.122376 0.0108191 0)
(0.117041 0.00919804 0)
(0.284501 0.0269622 0)
(0.275052 0.0237761 0)
(0.265943 0.0207108 0)
(0.257053 0.0177558 0)
(0.248285 0.0149916 0)
(0.23958 0.0124965 0)
(0.230936 0.0103507 0)
(0.222323 0.00862417 0)
(0.213777 0.00737991 0)
(0.205318 0.00662744 0)
(0.197055 0.00638637 0)
(0.189067 0.00658947 0)
(0.18154 0.00723095 0)
(0.17454 0.00814087 0)
(0.168353 0.0093422 0)
(0.162718 0.0104496 0)
(0.158312 0.01169 0)
(0.153549 0.0120997 0)
(0.15115 0.0128541 0)
(0.145011 0.0114739 0)
(0.306893 0.0317926 0)
(0.300097 0.0286585 0)
(0.293126 0.0256509 0)
(0.28595 0.0227479 0)
(0.278554 0.0200249 0)
(0.270927 0.017564 0)
(0.263135 0.0154471 0)
(0.255186 0.0137304 0)
(0.247165 0.0124747 0)
(0.23909 0.0116684 0)
(0.231088 0.0113341 0)
(0.223179 0.0113623 0)
(0.215575 0.0117777 0)
(0.208221 0.01234 0)
(0.201552 0.0131865 0)
(0.195084 0.0138076 0)
(0.189969 0.0147115 0)
(0.184103 0.0147035 0)
(0.181165 0.0153245 0)
(0.174154 0.0140089 0)
(0.317974 0.0348532 0)
(0.313693 0.0319656 0)
(0.309025 0.0292007 0)
(0.303941 0.0265343 0)
(0.298453 0.0240271 0)
(0.29254 0.0217529 0)
(0.286297 0.0197954 0)
(0.279731 0.018197 0)
(0.272974 0.0170268 0)
(0.266018 0.0162507 0)
(0.25904 0.0159158 0)
(0.25198 0.0158656 0)
(0.245124 0.0161825 0)
(0.238235 0.0165289 0)
(0.231944 0.0171752 0)
(0.225413 0.0174413 0)
(0.220299 0.0180984 0)
(0.213884 0.0177328 0)
(0.210776 0.0181671 0)
(0.203124 0.0167734 0)
(0.321904 0.0365724 0)
(0.319463 0.0339589 0)
(0.316638 0.0314751 0)
(0.313372 0.0290979 0)
(0.309684 0.0268732 0)
(0.305518 0.0248565 0)
(0.300978 0.023131 0)
(0.296034 0.0217191 0)
(0.290855 0.0207028 0)
(0.285378 0.0200183 0)
(0.279846 0.0197532 0)
(0.274089 0.019695 0)
(0.268517 0.0200089 0)
(0.262664 0.0202453 0)
(0.257408 0.0208246 0)
(0.251492 0.0208815 0)
(0.24706 0.0214197 0)
(0.240779 0.0208196 0)
(0.237984 0.0211282 0)
(0.230258 0.0196216 0)
(0.322106 0.0374649 0)
(0.320785 0.0350714 0)
(0.319177 0.0328239 0)
(0.317198 0.0307016 0)
(0.314881 0.0287411 0)
(0.31213 0.026975 0)
(0.309062 0.025486 0)
(0.305589 0.0242706 0)
(0.301921 0.023428 0)
(0.297911 0.0228563 0)
(0.293888 0.0226938 0)
(0.28954 0.022663 0)
(0.285432 0.023026 0)
(0.280855 0.0232181 0)
(0.276945 0.0238134 0)
(0.272064 0.0237742 0)
(0.268726 0.0242998 0)
(0.263175 0.0235963 0)
(0.261045 0.0238714 0)
(0.253953 0.0223208 0)
(0.320722 0.0379227 0)
(0.319995 0.0356813 0)
(0.319085 0.0336031 0)
(0.317893 0.0316697 0)
(0.316478 0.0299153 0)
(0.31471 0.0283496 0)
(0.312729 0.027058 0)
(0.310389 0.0260071 0)
(0.307943 0.0253176 0)
(0.305157 0.024845 0)
(0.302444 0.024781 0)
(0.299358 0.0247814 0)
(0.296603 0.0252044 0)
(0.293271 0.0253816 0)
(0.290689 0.0260233 0)
(0.286985 0.0259575 0)
(0.284818 0.0265252 0)
(0.280366 0.0258237 0)
(0.279009 0.0261265 0)
(0.27313 0.024644 0)
(0.318816 0.0381724 0)
(0.318384 0.0360335 0)
(0.317845 0.0340694 0)
(0.317092 0.0322635 0)
(0.316216 0.0306537 0)
(0.315063 0.0292295 0)
(0.313804 0.0280815 0)
(0.312242 0.0271475 0)
(0.310674 0.0265708 0)
(0.308794 0.0261653 0)
(0.307078 0.0261721 0)
(0.304985 0.0261887 0)
(0.303304 0.0266534 0)
(0.301028 0.0268213 0)
(0.299538 0.0275003 0)
(0.296947 0.0274423 0)
(0.295777 0.0280569 0)
(0.292539 0.0274255 0)
(0.291856 0.0277713 0)
(0.287476 0.0264512 0)
(0.316802 0.0383173 0)
(0.31653 0.0362533 0)
(0.316195 0.0343687 0)
(0.315687 0.0326481 0)
(0.315125 0.0311356 0)
(0.314341 0.0298045 0)
(0.313533 0.0287522 0)
(0.312473 0.0278914 0)
(0.311486 0.0273853 0)
(0.310224 0.0270139 0)
(0.309193 0.0270563 0)
(0.307815 0.0270693 0)
(0.306888 0.0275445 0)
(0.305421 0.0276979 0)
(0.304707 0.0283844 0)
(0.303046 0.0283461 0)
(0.302586 0.028982 0)
(0.300475 0.0284522 0)
(0.300269 0.0288256 0)
(0.297366 0.0277136 0)
(0.314792 0.0383941 0)
(0.314631 0.0363919 0)
(0.314432 0.0345685 0)
(0.314082 0.0329087 0)
(0.313716 0.0314631 0)
(0.313165 0.0301931 0)
(0.31264 0.0292019 0)
(0.311905 0.0283834 0)
(0.311286 0.0279144 0)
(0.310434 0.0275532 0)
(0.309837 0.0276006 0)
(0.308949 0.0275951 0)
(0.308496 0.0280505 0)
(0.307606 0.0281825 0)
(0.307369 0.0288435 0)
(0.306415 0.0288241 0)
(0.306382 0.0294475 0)
(0.305188 0.0290214 0)
(0.30526 0.0293973 0)
(0.303601 0.0284916 0)
(0.312793 0.0384129 0)
(0.312733 0.0364655 0)
(0.312646 0.0346937 0)
(0.312421 0.0330816 0)
(0.312199 0.0316854 0)
(0.31182 0.0304581 0)
(0.311487 0.0295064 0)
(0.310978 0.0287124 0)
(0.310597 0.0282589 0)
(0.310024 0.0278953 0)
(0.309694 0.0279273 0)
(0.309136 0.0278966 0)
(0.308953 0.0283111 0)
(0.308456 0.0284184 0)
(0.308472 0.029029 0)
(0.308013 0.0290223 0)
(0.308187 0.0296058 0)
(0.30766 0.0292673 0)
(0.307856 0.0296246 0)
(0.307122 0.0288919 0)
(0.310795 0.0383765 0)
(0.310834 0.0364786 0)
(0.310851 0.0347517 0)
(0.310745 0.0331802 0)
(0.310648 0.0318228 0)
(0.310415 0.0306284 0)
(0.310232 0.0297038 0)
(0.309902 0.0289262 0)
(0.309688 0.0284768 0)
(0.309323 0.0281071 0)
(0.309159 0.0281144 0)
(0.308831 0.0280594 0)
(0.308795 0.0284238 0)
(0.308558 0.0285072 0)
(0.308683 0.0290558 0)
(0.308546 0.0290549 0)
(0.308787 0.0295839 0)
(0.308697 0.0293096 0)
(0.308919 0.0296367 0)
(0.308795 0.029031 0)
(0.308794 0.0382882 0)
(0.308933 0.0364336 0)
(0.309055 0.0347457 0)
(0.309069 0.0332092 0)
(0.309091 0.0318834 0)
(0.308999 0.0307163 0)
(0.308949 0.0298118 0)
(0.308779 0.0290478 0)
(0.308701 0.0285981 0)
(0.308505 0.0282242 0)
(0.308459 0.028206 0)
(0.308301 0.0281321 0)
(0.308346 0.0284479 0)
(0.308281 0.0285116 0)
(0.30844 0.0289988 0)
(0.308496 0.0289984 0)
(0.308731 0.0294707 0)
(0.308895 0.0292378 0)
(0.309093 0.0295318 0)
(0.309325 0.0290108 0)
(0.306838 0.0381347 0)
(0.307085 0.0363167 0)
(0.307318 0.0346621 0)
(0.307459 0.033156 0)
(0.307606 0.0318573 0)
(0.307656 0.0307145 0)
(0.307736 0.0298278 0)
(0.307717 0.0290779 0)
(0.307761 0.0286298 0)
(0.307713 0.028257 0)
(0.307761 0.0282198 0)
(0.307735 0.0281351 0)
(0.30783 0.0284113 0)
(0.307878 0.0284614 0)
(0.308037 0.0288952 0)
(0.308198 0.0288926 0)
(0.308398 0.0293117 0)
(0.308686 0.0291027 0)
(0.308846 0.0293607 0)
(0.30925 0.0288974 0)
(0.305228 0.0378548 0)
(0.305593 0.0360747 0)
(0.305944 0.0344563 0)
(0.306212 0.0329844 0)
(0.306479 0.0317171 0)
(0.306659 0.0306033 0)
(0.306853 0.0297402 0)
(0.30696 0.0290115 0)
(0.307103 0.0285739 0)
(0.307167 0.0282122 0)
(0.307284 0.0281688 0)
(0.307345 0.0280847 0)
(0.307468 0.0283359 0)
(0.307577 0.0283809 0)
(0.307722 0.028774 0)
(0.307926 0.0287682 0)
(0.308088 0.0291401 0)
(0.308417 0.0289405 0)
(0.308549 0.0291593 0)
(0.309011 0.028723 0)
(0.158389 0.0540571 0)
(0.0176404 0.014682 0)
(0.0267142 -0.003388 0)
(0.0107306 -0.000545637 0)
(0.0125089 -0.00103615 0)
(0.0105817 -0.000413546 0)
(0.010236 -0.000314719 0)
(0.00998045 -0.000253695 0)
(0.0100036 -0.000268696 0)
(0.00952323 -0.000669068 0)
(0.289389 0.083825 0)
(0.169097 0.0492814 0)
(0.13319 0.0125912 0)
(0.0915206 0.00668203 0)
(0.074572 0.0021363 0)
(0.0624909 0.00128506 0)
(0.0550609 0.00076778 0)
(0.05006 0.000465191 0)
(0.0463606 0.000288706 0)
(0.0432977 -0.000825986 0)
(0.342734 0.116183 0)
(0.276829 0.0848832 0)
(0.239411 0.0463076 0)
(0.19455 0.0283652 0)
(0.162737 0.0165438 0)
(0.138901 0.0102012 0)
(0.121545 0.00670282 0)
(0.108914 0.00461665 0)
(0.0991811 0.00346049 0)
(0.0916736 0.00204036 0)
(0.348994 0.117537 0)
(0.327141 0.0981772 0)
(0.306283 0.06864 0)
(0.275809 0.0489837 0)
(0.245937 0.034676 0)
(0.219314 0.0246826 0)
(0.196672 0.0178813 0)
(0.178163 0.0131777 0)
(0.162774 0.0101132 0)
(0.150422 0.00753507 0)
(0.336028 0.107439 0)
(0.338942 0.0971056 0)
(0.334095 0.0784918 0)
(0.320076 0.062134 0)
(0.301045 0.0488945 0)
(0.280575 0.0384105 0)
(0.260444 0.0302909 0)
(0.241908 0.0239726 0)
(0.224981 0.0192843 0)
(0.210231 0.015456 0)
(0.322144 0.0970543 0)
(0.333876 0.0906477 0)
(0.3381 0.0796231 0)
(0.335537 0.0676701 0)
(0.327242 0.0569453 0)
(0.315502 0.047744 0)
(0.301917 0.0400205 0)
(0.287816 0.0335213 0)
(0.273661 0.0282533 0)
(0.260174 0.0237843 0)
(0.313678 0.0889345 0)
(0.326057 0.0837797 0)
(0.332935 0.0767421 0)
(0.335855 0.0682716 0)
(0.334485 0.0600229 0)
(0.329715 0.0525525 0)
(0.322551 0.0459552 0)
(0.31394 0.0401072 0)
(0.304364 0.0350752 0)
(0.294375 0.0306387 0)
(0.30955 0.0828068 0)
(0.32037 0.0781402 0)
(0.32686 0.0729674 0)
(0.331205 0.0667165 0)
(0.332957 0.0602844 0)
(0.332201 0.0542559 0)
(0.329421 0.04879 0)
(0.325162 0.0438054 0)
(0.319759 0.03935 0)
(0.31353 0.0353134 0)
(0.307427 0.0777999 0)
(0.316706 0.0738172 0)
(0.322324 0.0696062 0)
(0.326396 0.0646842 0)
(0.328964 0.059438 0)
(0.329903 0.054391 0)
(0.329411 0.0497585 0)
(0.327781 0.0454952 0)
(0.325217 0.0416113 0)
(0.321866 0.0380447 0)
(0.306099 0.073381 0)
(0.31406 0.0703927 0)
(0.319082 0.0668505 0)
(0.322602 0.0627766 0)
(0.325086 0.0583379 0)
(0.326493 0.0539471 0)
(0.326924 0.0498612 0)
(0.32656 0.0460917 0)
(0.325548 0.0426331 0)
(0.323954 0.0394469 0)
(0.30518 0.0694911 0)
(0.311903 0.0675043 0)
(0.316486 0.064538 0)
(0.319603 0.0610811 0)
(0.321838 0.057255 0)
(0.323271 0.053358 0)
(0.323989 0.0496516 0)
(0.324124 0.0462074 0)
(0.323821 0.0430312 0)
(0.32312 0.0401042 0)
(0.304513 0.0661831 0)
(0.310057 0.0649711 0)
(0.314193 0.0625268 0)
(0.317033 0.0595627 0)
(0.319063 0.0562337 0)
(0.32043 0.0527509 0)
(0.321221 0.0493495 0)
(0.321537 0.0461427 0)
(0.321525 0.0431606 0)
(0.321225 0.0404045 0)
(0.303966 0.0634306 0)
(0.308456 0.0627385 0)
(0.312097 0.0607564 0)
(0.314692 0.0581975 0)
(0.31656 0.0552743 0)
(0.317856 0.0521481 0)
(0.318671 0.0490153 0)
(0.31907 0.0460073 0)
(0.319193 0.0431778 0)
(0.319075 0.0405454 0)
(0.303432 0.061177 0)
(0.307037 0.0608004 0)
(0.310166 0.0592033 0)
(0.312503 0.056978 0)
(0.314217 0.0543804 0)
(0.315441 0.0515543 0)
(0.316265 0.0486604 0)
(0.31672 0.0458304 0)
(0.316932 0.0431347 0)
(0.316923 0.0406052 0)
(0.302856 0.0593584 0)
(0.305738 0.0591538 0)
(0.308367 0.0578537 0)
(0.310427 0.0558994 0)
(0.311983 0.0535595 0)
(0.313125 0.0509778 0)
(0.313943 0.0482902 0)
(0.314441 0.0456193 0)
(0.314729 0.0430448 0)
(0.314809 0.0406079 0)
(0.302216 0.0579106 0)
(0.304502 0.0577853 0)
(0.306666 0.0566975 0)
(0.308439 0.0549567 0)
(0.309827 0.0528178 0)
(0.310877 0.050429 0)
(0.311672 0.0479123 0)
(0.3122 0.0453791 0)
(0.312554 0.0429124 0)
(0.312716 0.0405595 0)
(0.301509 0.0567784 0)
(0.30329 0.0566763 0)
(0.305026 0.0557274 0)
(0.306512 0.054146 0)
(0.307725 0.0521588 0)
(0.308675 0.0499169 0)
(0.309435 0.0475357 0)
(0.309981 0.0451165 0)
(0.310388 0.0427421 0)
(0.310629 0.040463 0)
(0.300734 0.0559189 0)
(0.30207 0.0558075 0)
(0.303415 0.054938 0)
(0.304619 0.0534649 0)
(0.305654 0.0515854 0)
(0.306502 0.0494493 0)
(0.307219 0.0471696 0)
(0.307774 0.0448399 0)
(0.308227 0.0425403 0)
(0.308542 0.0403232 0)
(0.299881 0.055294 0)
(0.300815 0.0551502 0)
(0.301803 0.0543106 0)
(0.30274 0.0528969 0)
(0.303602 0.0510834 0)
(0.304353 0.0490158 0)
(0.305031 0.0468053 0)
(0.305597 0.0445398 0)
(0.306098 0.0422967 0)
(0.306493 0.0401279 0)
(0.298967 0.0548634 0)
(0.299561 0.0546501 0)
(0.300252 0.0537791 0)
(0.300974 0.0523623 0)
(0.30171 0.050563 0)
(0.302407 0.048523 0)
(0.303085 0.046351 0)
(0.303697 0.0441291 0)
(0.304275 0.041931 0)
(0.304772 0.0398062 0)
(0.300191 0.000198503 0)
(0.299467 0.000734846 0)
(0.299509 0.00111272 0)
(0.297873 0.00176806 0)
(0.297695 0.00213401 0)
(0.294925 0.00302844 0)
(0.294683 0.00338457 0)
(0.29029 0.00473404 0)
(0.290252 0.0050571 0)
(0.28339 0.00726879 0)
(0.284078 0.0075053 0)
(0.273201 0.0114288 0)
(0.275683 0.0115088 0)
(0.257815 0.0190807 0)
(0.264525 0.0190947 0)
(0.233555 0.0352153 0)
(0.250894 0.036676 0)
(0.195041 0.0759147 0)
(0.239059 0.0873584 0)
(0.201604 0.236517 0)
(0.300199 0.000261559 0)
(0.299459 0.000963276 0)
(0.299552 0.00145604 0)
(0.297891 0.00230323 0)
(0.297817 0.00278642 0)
(0.294996 0.00392131 0)
(0.29496 0.00439982 0)
(0.290453 0.00606839 0)
(0.290818 0.00652816 0)
(0.283712 0.00918285 0)
(0.285202 0.0095904 0)
(0.273836 0.0141423 0)
(0.277948 0.0144758 0)
(0.259235 0.0229215 0)
(0.269196 0.0233171 0)
(0.237797 0.0406096 0)
(0.260045 0.0413636 0)
(0.213927 0.0845051 0)
(0.251061 0.0712715 0)
(0.262778 0.230801 0)
(0.300196 0.000325216 0)
(0.299469 0.00118126 0)
(0.299577 0.0017933 0)
(0.29795 0.00281566 0)
(0.297914 0.00342424 0)
(0.295152 0.00477276 0)
(0.295189 0.00538736 0)
(0.290787 0.00733034 0)
(0.291276 0.00794529 0)
(0.284383 0.0109687 0)
(0.286052 0.011556 0)
(0.275218 0.0166238 0)
(0.27945 0.0171222 0)
(0.262389 0.0263599 0)
(0.271571 0.0264772 0)
(0.246198 0.0455069 0)
(0.262474 0.042208 0)
(0.237655 0.0912393 0)
(0.252453 0.0573362 0)
(0.279425 0.197391 0)
(0.300181 0.000387831 0)
(0.2995 0.00138861 0)
(0.29958 0.00212063 0)
(0.298053 0.00330525 0)
(0.297976 0.00403933 0)
(0.295398 0.00558419 0)
(0.295353 0.00633051 0)
(0.291299 0.00852755 0)
(0.291597 0.00927327 0)
(0.285403 0.012653 0)
(0.286594 0.0133246 0)
(0.277285 0.0189544 0)
(0.280237 0.019284 0)
(0.266819 0.0296029 0)
(0.272433 0.0283943 0)
(0.256067 0.0500501 0)
(0.263286 0.0410102 0)
(0.255974 0.0939572 0)
(0.260508 0.0532193 0)
(0.27653 0.159781 0)
(0.300156 0.000447501 0)
(0.299548 0.00158701 0)
(0.299566 0.0024329 0)
(0.298193 0.00377412 0)
(0.298011 0.00462211 0)
(0.295717 0.00635988 0)
(0.295471 0.00721281 0)
(0.291945 0.00966914 0)
(0.291833 0.0104854 0)
(0.286652 0.0142531 0)
(0.286975 0.0148622 0)
(0.279694 0.021152 0)
(0.280782 0.0209794 0)
(0.271487 0.0325673 0)
(0.273299 0.0295566 0)
(0.26459 0.0534152 0)
(0.266047 0.0404817 0)
(0.266177 0.0913908 0)
(0.272552 0.0551504 0)
(0.273575 0.129974 0)
(0.300123 0.000503251 0)
(0.299607 0.00177671 0)
(0.299544 0.00272737 0)
(0.298355 0.00422169 0)
(0.298038 0.00516843 0)
(0.296076 0.007098 0)
(0.295582 0.00803 0)
(0.29265 0.0107495 0)
(0.29207 0.0115843 0)
(0.287961 0.0157488 0)
(0.287402 0.0162072 0)
(0.282055 0.0231404 0)
(0.281562 0.0223965 0)
(0.275572 0.0349744 0)
(0.275042 0.0306589 0)
(0.270758 0.0549713 0)
(0.270802 0.0413811 0)
(0.271269 0.0856741 0)
(0.282209 0.058416 0)
(0.276877 0.110007 0)
(0.30009 0.000554963 0)
(0.299667 0.00195649 0)
(0.299523 0.00300365 0)
(0.298522 0.00464464 0)
(0.298076 0.00567902 0)
(0.296439 0.00779118 0)
(0.295725 0.00878798 0)
(0.293347 0.0117514 0)
(0.292384 0.012593 0)
(0.2892 0.0170981 0)
(0.288009 0.017434 0)
(0.284143 0.0248158 0)
(0.282756 0.0237422 0)
(0.278845 0.0366209 0)
(0.277554 0.03203 0)
(0.275023 0.0548634 0)
(0.275965 0.043098 0)
(0.274905 0.0792831 0)
(0.28774 0.0608187 0)
(0.283275 0.0964141 0)
(0.30006 0.000603202 0)
(0.299722 0.00212429 0)
(0.299511 0.00326286 0)
(0.298679 0.00503834 0)
(0.298139 0.00615724 0)
(0.296784 0.00843005 0)
(0.29592 0.0094967 0)
(0.293995 0.0126564 0)
(0.292802 0.0135378 0)
(0.290312 0.0182654 0)
(0.288813 0.0186022 0)
(0.285923 0.0261258 0)
(0.284267 0.0251012 0)
(0.281455 0.0375448 0)
(0.280339 0.0335706 0)
(0.278284 0.0538061 0)
(0.280372 0.0449526 0)
(0.278624 0.073474 0)
(0.290595 0.0619817 0)
(0.289119 0.0863656 0)
(0.300035 0.000648814 0)
(0.299768 0.00227798 0)
(0.299514 0.00350646 0)
(0.298822 0.0053985 0)
(0.29823 0.00660647 0)
(0.297102 0.00900715 0)
(0.29617 0.010164 0)
(0.294586 0.0134531 0)
(0.293313 0.014434 0)
(0.291303 0.0192403 0)
(0.289753 0.0197293 0)
(0.287462 0.0270952 0)
(0.285906 0.0264453 0)
(0.283656 0.0379487 0)
(0.282993 0.0351011 0)
(0.281145 0.0523774 0)
(0.283799 0.0465511 0)
(0.282381 0.0685436 0)
(0.292336 0.062211 0)
(0.293306 0.0785618 0)
(0.300018 0.000692502 0)
(0.299804 0.00241601 0)
(0.29953 0.00373535 0)
(0.29895 0.00572243 0)
(0.298347 0.0070283 0)
(0.297393 0.0095193 0)
(0.296462 0.0107923 0)
(0.295129 0.0141412 0)
(0.293885 0.0152821 0)
(0.292205 0.020038 0)
(0.290753 0.0208012 0)
(0.288844 0.0277947 0)
(0.287526 0.0277191 0)
(0.285629 0.0380371 0)
(0.28535 0.0364961 0)
(0.283794 0.0508872 0)
(0.286473 0.0477564 0)
(0.285785 0.064419 0)
(0.293673 0.0618117 0)
(0.296096 0.0725133 0)
(0.300006 0.000734576 0)
(0.299832 0.00253775 0)
(0.299557 0.00394939 0)
(0.299065 0.00600951 0)
(0.298484 0.00742202 0)
(0.297664 0.00996766 0)
(0.296782 0.0113792 0)
(0.295638 0.0147285 0)
(0.294486 0.0160742 0)
(0.293048 0.0206863 0)
(0.291755 0.0217971 0)
(0.290126 0.0282986 0)
(0.289052 0.0288793 0)
(0.287452 0.0379536 0)
(0.287407 0.0376887 0)
(0.28622 0.049481 0)
(0.288642 0.0485619 0)
(0.288647 0.0610123 0)
(0.294787 0.0609855 0)
(0.297919 0.0679186 0)
(0.299998 0.000774908 0)
(0.299854 0.00264343 0)
(0.299593 0.00414759 0)
(0.299171 0.00626071 0)
(0.298632 0.00778538 0)
(0.297923 0.0103561 0)
(0.297116 0.0119199 0)
(0.296125 0.0152268 0)
(0.295093 0.016801 0)
(0.29385 0.0212141 0)
(0.292729 0.0227002 0)
(0.291335 0.0286664 0)
(0.290465 0.0299004 0)
(0.289141 0.0377905 0)
(0.28921 0.0386552 0)
(0.288386 0.0482305 0)
(0.290452 0.0490108 0)
(0.290971 0.058264 0)
(0.295708 0.059882 0)
(0.299066 0.0644607 0)
(0.299994 0.000813038 0)
(0.299873 0.00273387 0)
(0.299635 0.00432848 0)
(0.299272 0.00647791 0)
(0.298787 0.00811561 0)
(0.298174 0.0106897 0)
(0.297456 0.0124098 0)
(0.296598 0.0156477 0)
(0.295693 0.017455 0)
(0.294622 0.0216461 0)
(0.293664 0.0235001 0)
(0.292479 0.0289426 0)
(0.29177 0.0307716 0)
(0.290697 0.0376074 0)
(0.290803 0.039399 0)
(0.290286 0.0471743 0)
(0.291982 0.0491644 0)
(0.292825 0.0561097 0)
(0.296464 0.0586314 0)
(0.299722 0.0618459 0)
(0.299993 0.000848329 0)
(0.29989 0.00281014 0)
(0.299679 0.00449048 0)
(0.299371 0.00666326 0)
(0.298946 0.00841005 0)
(0.298419 0.0109731 0)
(0.297796 0.0128448 0)
(0.297059 0.0160016 0)
(0.296282 0.0180311 0)
(0.295367 0.0220022 0)
(0.294557 0.024192 0)
(0.29356 0.0291593 0)
(0.292978 0.0314938 0)
(0.292122 0.0374425 0)
(0.292222 0.0399413 0)
(0.291937 0.046327 0)
(0.293285 0.0490958 0)
(0.294281 0.0544625 0)
(0.297077 0.0573543 0)
(0.300027 0.0598326 0)
(0.299993 0.000880094 0)
(0.299907 0.00287335 0)
(0.299726 0.00463215 0)
(0.299467 0.00681883 0)
(0.299106 0.0086665 0)
(0.298661 0.0112108 0)
(0.298134 0.0132222 0)
(0.297511 0.0162969 0)
(0.296858 0.0185269 0)
(0.296087 0.0222972 0)
(0.295411 0.0247765 0)
(0.294584 0.0293384 0)
(0.2941 0.0320764 0)
(0.293426 0.0373177 0)
(0.293493 0.0403151 0)
(0.293365 0.0456815 0)
(0.2944 0.0488841 0)
(0.295407 0.0532241 0)
(0.297561 0.0561553 0)
(0.30009 0.0582468 0)
(0.299993 0.000907691 0)
(0.299923 0.00292451 0)
(0.299775 0.00475228 0)
(0.299563 0.00694638 0)
(0.299266 0.0088833 0)
(0.298901 0.011406 0)
(0.298468 0.0135403 0)
(0.297956 0.0165398 0)
(0.29742 0.0189421 0)
(0.296785 0.0225414 0)
(0.29623 0.0252578 0)
(0.295554 0.0294937 0)
(0.295149 0.0325351 0)
(0.294619 0.0372418 0)
(0.29464 0.0405606 0)
(0.294598 0.0452158 0)
(0.295361 0.0486071 0)
(0.29627 0.0523038 0)
(0.297919 0.0551106 0)
(0.299987 0.0569825 0)
(0.299994 0.000930561 0)
(0.299939 0.00296451 0)
(0.299824 0.00484994 0)
(0.299658 0.00704736 0)
(0.299427 0.00905931 0)
(0.299139 0.0115613 0)
(0.2988 0.0137985 0)
(0.298393 0.0167347 0)
(0.29797 0.019278 0)
(0.297463 0.0227415 0)
(0.297017 0.0256426 0)
(0.296476 0.0296321 0)
(0.296135 0.0328887 0)
(0.295715 0.0372138 0)
(0.295685 0.0407193 0)
(0.295668 0.0449014 0)
(0.296191 0.0483315 0)
(0.296928 0.0516318 0)
(0.298154 0.0542611 0)
(0.299761 0.0559847 0)
(0.299996 0.000948223 0)
(0.299956 0.00299404 0)
(0.299873 0.00492447 0)
(0.299753 0.0071231 0)
(0.299586 0.00919416 0)
(0.299374 0.0116794 0)
(0.299126 0.0139975 0)
(0.298821 0.0168858 0)
(0.298504 0.0195381 0)
(0.298117 0.0229026 0)
(0.297771 0.0259402 0)
(0.297349 0.0297571 0)
(0.297061 0.033158 0)
(0.296721 0.037228 0)
(0.296637 0.0408297 0)
(0.296596 0.0447122 0)
(0.296904 0.0481064 0)
(0.297421 0.0511617 0)
(0.298272 0.0536188 0)
(0.299433 0.0552254 0)
(0.299998 0.000960263 0)
(0.299973 0.00301345 0)
(0.299923 0.00497553 0)
(0.299846 0.00717497 0)
(0.299741 0.00928889 0)
(0.2996 0.0117637 0)
(0.299436 0.0141411 0)
(0.299226 0.0169994 0)
(0.299006 0.0197305 0)
(0.298727 0.0230331 0)
(0.298469 0.0261658 0)
(0.298149 0.0298763 0)
(0.297903 0.0333689 0)
(0.297618 0.0372852 0)
(0.297479 0.0409298 0)
(0.297379 0.0446342 0)
(0.297488 0.0479688 0)
(0.297763 0.0508693 0)
(0.298264 0.0531815 0)
(0.299002 0.0546853 0)
(0.3 0.000966556 0)
(0.299989 0.00302295 0)
(0.299966 0.00500326 0)
(0.299926 0.0072037 0)
(0.299869 0.00934416 0)
(0.299784 0.0118153 0)
(0.299685 0.0142308 0)
(0.299546 0.0170764 0)
(0.299399 0.019859 0)
(0.2992 0.0231338 0)
(0.299008 0.0263281 0)
(0.298759 0.0299894 0)
(0.298542 0.0335387 0)
(0.298287 0.0373827 0)
(0.298096 0.0410471 0)
(0.297925 0.0446622 0)
(0.297859 0.0479449 0)
(0.297903 0.0507478 0)
(0.298095 0.0529456 0)
(0.298458 0.0543477 0)
(0.300178 -0.000273925 0)
(0.299491 -0.000956272 0)
(0.299465 -0.00148668 0)
(0.297907 -0.00227634 0)
(0.297592 -0.00279518 0)
(0.294971 -0.00379897 0)
(0.294451 -0.00430417 0)
(0.290346 -0.00570463 0)
(0.289748 -0.00616486 0)
(0.283457 -0.00830498 0)
(0.282997 -0.008654 0)
(0.273273 -0.0122551 0)
(0.273327 -0.0124045 0)
(0.257851 -0.0191526 0)
(0.259078 -0.0191644 0)
(0.233238 -0.0335278 0)
(0.23685 -0.0348131 0)
(0.190274 -0.0702616 0)
(0.197369 -0.0879077 0)
(0.0854577 -0.180619 0)
(0.300166 -0.000227095 0)
(0.299507 -0.000795329 0)
(0.299429 -0.00123357 0)
(0.29792 -0.00189018 0)
(0.297502 -0.00231542 0)
(0.294974 -0.00314786 0)
(0.29426 -0.00355485 0)
(0.290338 -0.00471275 0)
(0.289368 -0.00507015 0)
(0.283441 -0.0068358 0)
(0.282245 -0.00708098 0)
(0.273251 -0.0100498 0)
(0.271765 -0.0101054 0)
(0.257774 -0.0156725 0)
(0.255503 -0.0156368 0)
(0.232756 -0.0275101 0)
(0.227276 -0.0288261 0)
(0.187765 -0.0582058 0)
(0.165422 -0.0700015 0)
(0.0884976 -0.136411 0)
(0.300156 -0.000180906 0)
(0.299521 -0.000630664 0)
(0.299398 -0.000979438 0)
(0.297932 -0.00149571 0)
(0.297429 -0.00183353 0)
(0.294981 -0.0024813 0)
(0.294106 -0.00280259 0)
(0.290341 -0.00369237 0)
(0.289066 -0.00397131 0)
(0.283442 -0.00531139 0)
(0.281651 -0.00549867 0)
(0.273247 -0.00772785 0)
(0.270544 -0.00776997 0)
(0.257688 -0.0119147 0)
(0.252758 -0.0119387 0)
(0.232093 -0.0207029 0)
(0.220284 -0.0220874 0)
(0.18399 -0.0431277 0)
(0.146457 -0.0536999 0)
(0.0711437 -0.0923005 0)
(0.300148 -0.000135496 0)
(0.299531 -0.00046248 0)
(0.299377 -0.000725579 0)
(0.297941 -0.00109411 0)
(0.297378 -0.00135162 0)
(0.294986 -0.00180173 0)
(0.294 -0.00205054 0)
(0.290343 -0.00264865 0)
(0.288859 -0.00287289 0)
(0.283443 -0.00374353 0)
(0.281248 -0.00391311 0)
(0.273238 -0.0053192 0)
(0.269724 -0.00540504 0)
(0.257593 -0.00796452 0)
(0.250938 -0.00807008 0)
(0.231476 -0.0134129 0)
(0.215759 -0.0144865 0)
(0.180947 -0.0271171 0)
(0.135244 -0.033894 0)
(0.0635289 -0.0542957 0)
(0.300145 -9.04424e-05 0)
(0.299536 -0.000292242 0)
(0.299366 -0.00047167 0)
(0.297943 -0.000688254 0)
(0.297352 -0.000869306 0)
(0.294985 -0.00111448 0)
(0.293947 -0.00129804 0)
(0.290338 -0.00159136 0)
(0.288756 -0.00177366 0)
(0.283434 -0.00215079 0)
(0.281051 -0.00232323 0)
(0.27322 -0.00286143 0)
(0.269326 -0.00301573 0)
(0.25752 -0.00390591 0)
(0.250055 -0.00407909 0)
(0.231107 -0.0058475 0)
(0.21357 -0.00636283 0)
(0.179302 -0.0104901 0)
(0.130094 -0.0129275 0)
(0.0598703 -0.0190787 0)
(0.300146 -4.5344e-05 0)
(0.299534 -0.000121453 0)
(0.299367 -0.000217307 0)
(0.297939 -0.000281129 0)
(0.297353 -0.000386153 0)
(0.294977 -0.000425025 0)
(0.293949 -0.000544412 0)
(0.290325 -0.000530228 0)
(0.288762 -0.000672807 0)
(0.283415 -0.000551308 0)
(0.281064 -0.000730032 0)
(0.273195 -0.000389826 0)
(0.269355 -0.000615997 0)
(0.257492 0.000185152 0)
(0.250107 -4.43124e-05 0)
(0.231089 0.00180443 0)
(0.213647 0.00193564 0)
(0.179317 0.00632577 0)
(0.130158 0.00840578 0)
(0.0599072 0.0150691 0)
(0.300151 1.69083e-07 0)
(0.299526 4.84627e-05 0)
(0.299379 3.78417e-05 0)
(0.297928 0.000124357 0)
(0.29738 9.81276e-05 0)
(0.294962 0.000261246 0)
(0.294005 0.000210772 0)
(0.290303 0.000524797 0)
(0.288874 0.000429745 0)
(0.283385 0.00103707 0)
(0.281288 0.000863436 0)
(0.273163 0.0020608 0)
(0.269811 0.00177595 0)
(0.257508 0.00423409 0)
(0.251096 0.00394467 0)
(0.231415 0.00936034 0)
(0.215999 0.0100483 0)
(0.180987 0.0229542 0)
(0.135445 0.0294027 0)
(0.0636401 0.0502759 0)
(0.300159 4.64571e-05 0)
(0.299514 0.000215997 0)
(0.299402 0.0002942 0)
(0.297913 0.000525234 0)
(0.297431 0.000584006 0)
(0.294943 0.000938828 0)
(0.294112 0.000968299 0)
(0.290278 0.00156375 0)
(0.289088 0.00153506 0)
(0.28335 0.00259578 0)
(0.281715 0.00245668 0)
(0.273123 0.00445402 0)
(0.270687 0.0041473 0)
(0.257541 0.00816236 0)
(0.253029 0.00781084 0)
(0.231971 0.0166272 0)
(0.220711 0.0176251 0)
(0.184037 0.0389716 0)
(0.146845 0.0492141 0)
(0.0713951 0.0884167 0)
(0.300169 9.39305e-05 0)
(0.299498 0.000379693 0)
(0.299432 0.000552092 0)
(0.297896 0.000918693 0)
(0.297502 0.00107189 0)
(0.294925 0.00160243 0)
(0.294261 0.00172893 0)
(0.290256 0.00257706 0)
(0.28939 0.00264488 0)
(0.283319 0.00410591 0)
(0.282323 0.00405249 0)
(0.273084 0.00675114 0)
(0.271956 0.00649638 0)
(0.257564 0.0118834 0)
(0.255887 0.0115117 0)
(0.232549 0.0233944 0)
(0.227926 0.024326 0)
(0.187751 0.0540904 0)
(0.166164 0.0653021 0)
(0.0886614 0.132417 0)
(0.30018 0.000142188 0)
(0.299483 0.000539982 0)
(0.299466 0.000809465 0)
(0.297881 0.00130447 0)
(0.297586 0.00155849 0)
(0.294915 0.00225114 0)
(0.294443 0.0024876 0)
(0.290252 0.00356174 0)
(0.28976 0.00375172 0)
(0.283317 0.00555891 0)
(0.283073 0.0056407 0)
(0.273079 0.00892612 0)
(0.273545 0.00881246 0)
(0.257595 0.0153131 0)
(0.259556 0.0150473 0)
(0.23294 0.029343 0)
(0.237733 0.0302902 0)
(0.190103 0.0660417 0)
(0.198334 0.084017 0)
(0.0855162 0.177409 0)
)
;

boundaryField
{
    inlet
    {
        type            fixedValue;
        value           uniform (0.3 0 0);
    }
    outlet
    {
        type            zeroGradient;
    }
    upAndBottom
    {
        type            empty;
    }
    obstacle
    {
        type            noSlip;
    }
}


// ************************************************************************* //
