/*--------------------------------*- C++ -*----------------------------------*\
| =========                 |                                                 |
| \\      /  F ield         | OpenFOAM: The Open Source CFD Toolbox           |
|  \\    /   O peration     | Version:  v1806                                 |
|   \\  /    A nd           | Web:      www.OpenFOAM.com                      |
|    \\/     M anipulation  |                                                 |
\*---------------------------------------------------------------------------*/
FoamFile
{
    version     2.0;
    format      ascii;
    class       volVectorField;
    location    "250";
    object      U;
}
// * * * * * * * * * * * * * * * * * * * * * * * * * * * * * * * * * * * * * //

dimensions      [0 1 -1 0 0 0 0];


internalField   nonuniform List<vector> 
2400
(
(0.3 -0.000267503 0)
(0.299996 -0.00082231 0)
(0.299988 -0.00138169 0)
(0.299974 -0.0019828 0)
(0.299954 -0.00260954 0)
(0.299926 -0.00330194 0)
(0.299892 -0.00404171 0)
(0.29985 -0.00486729 0)
(0.299801 -0.00575766 0)
(0.299744 -0.00674444 0)
(0.299684 -0.00780186 0)
(0.29962 -0.00894746 0)
(0.29956 -0.0101435 0)
(0.299506 -0.0113835 0)
(0.299469 -0.0126074 0)
(0.299456 -0.0137797 0)
(0.299479 -0.0148087 0)
(0.299546 -0.0156388 0)
(0.299665 -0.016159 0)
(0.299839 -0.0163305 0)
(0.299999 -0.000265058 0)
(0.299989 -0.00081807 0)
(0.29997 -0.00137172 0)
(0.299942 -0.00197081 0)
(0.299903 -0.00259065 0)
(0.299853 -0.003281 0)
(0.299794 -0.00401318 0)
(0.299724 -0.00483717 0)
(0.299647 -0.00572047 0)
(0.299562 -0.00670736 0)
(0.299476 -0.00776084 0)
(0.299393 -0.00891071 0)
(0.299323 -0.01011 0)
(0.299274 -0.0113623 0)
(0.299263 -0.0126013 0)
(0.299304 -0.0137976 0)
(0.29941 -0.014856 0)
(0.299595 -0.0157206 0)
(0.299862 -0.0162763 0)
(0.300207 -0.0164713 0)
(0.299999 -0.000260205 0)
(0.299982 -0.00080977 0)
(0.299951 -0.00135281 0)
(0.299905 -0.00194905 0)
(0.299843 -0.00255685 0)
(0.299764 -0.00324536 0)
(0.299671 -0.00396485 0)
(0.299564 -0.00478891 0)
(0.299447 -0.00566096 0)
(0.29932 -0.00665205 0)
(0.299196 -0.00770033 0)
(0.299078 -0.00886262 0)
(0.298986 -0.0100699 0)
(0.298931 -0.0113489 0)
(0.29894 -0.0126168 0)
(0.299031 -0.0138587 0)
(0.299229 -0.0149668 0)
(0.299549 -0.0158905 0)
(0.299995 -0.0164955 0)
(0.300552 -0.0167412 0)
(0.299998 -0.000252789 0)
(0.299975 -0.000797646 0)
(0.299931 -0.00132441 0)
(0.299868 -0.0019175 0)
(0.299781 -0.00250695 0)
(0.299672 -0.00319471 0)
(0.299543 -0.00389478 0)
(0.299394 -0.00472192 0)
(0.299233 -0.00557627 0)
(0.299058 -0.00657742 0)
(0.298889 -0.00761634 0)
(0.298727 -0.00880143 0)
(0.298604 -0.0100185 0)
(0.298531 -0.0113408 0)
(0.298549 -0.0126498 0)
(0.298682 -0.0139608 0)
(0.298966 -0.0151414 0)
(0.299422 -0.0161492 0)
(0.300054 -0.0168279 0)
(0.300846 -0.0171311 0)
(0.299998 -0.00024269 0)
(0.299968 -0.00078204 0)
(0.299912 -0.00128606 0)
(0.29983 -0.00187634 0)
(0.299718 -0.00243969 0)
(0.299578 -0.00312879 0)
(0.299412 -0.00380019 0)
(0.29922 -0.004635 0)
(0.299012 -0.00546142 0)
(0.298785 -0.00648095 0)
(0.298566 -0.00750116 0)
(0.298353 -0.00872279 0)
(0.298191 -0.00994551 0)
(0.298087 -0.0113323 0)
(0.298106 -0.0126895 0)
(0.298267 -0.0140986 0)
(0.298631 -0.0153747 0)
(0.299221 -0.0164988 0)
(0.300049 -0.0172788 0)
(0.301095 -0.0176576 0)
(0.299997 -0.000229783 0)
(0.299961 -0.000763286 0)
(0.299892 -0.00123733 0)
(0.299793 -0.00182604 0)
(0.299656 -0.00235405 0)
(0.299485 -0.00304813 0)
(0.29928 -0.00367892 0)
(0.299044 -0.00452857 0)
(0.298786 -0.00531223 0)
(0.298503 -0.00636258 0)
(0.298229 -0.00734763 0)
(0.297954 -0.00862575 0)
(0.297746 -0.00984036 0)
(0.297597 -0.0113211 0)
(0.297606 -0.0127246 0)
(0.297779 -0.0142707 0)
(0.298219 -0.0156617 0)
(0.298939 -0.0169441 0)
(0.299975 -0.0178581 0)
(0.3013 -0.0183404 0)
(0.299995 -0.000213993 0)
(0.299955 -0.000741692 0)
(0.299872 -0.00117781 0)
(0.299757 -0.00176711 0)
(0.299592 -0.0022491 0)
(0.299391 -0.00295357 0)
(0.299147 -0.00352886 0)
(0.298865 -0.0044037 0)
(0.298555 -0.00512426 0)
(0.298211 -0.00622341 0)
(0.297877 -0.0071474 0)
(0.297531 -0.00851105 0)
(0.297267 -0.00968947 0)
(0.297053 -0.0113077 0)
(0.297042 -0.012738 0)
(0.297203 -0.0144786 0)
(0.297712 -0.0159923 0)
(0.298553 -0.0174929 0)
(0.299815 -0.0185786 0)
(0.301455 -0.0192008 0)
(0.299994 -0.000195372 0)
(0.299949 -0.000717438 0)
(0.299852 -0.00110727 0)
(0.299721 -0.00169993 0)
(0.299529 -0.0021241 0)
(0.299298 -0.00284585 0)
(0.299012 -0.00334793 0)
(0.298684 -0.00426145 0)
(0.298318 -0.00489265 0)
(0.29791 -0.00606485 0)
(0.297508 -0.00689045 0)
(0.297079 -0.00838043 0)
(0.296748 -0.00947485 0)
(0.296447 -0.0112946 0)
(0.296402 -0.0127042 0)
(0.296517 -0.0147278 0)
(0.297093 -0.016346 0)
(0.298034 -0.0181594 0)
(0.299547 -0.0194534 0)
(0.301543 -0.0202677 0)
(0.299992 -0.000174176 0)
(0.299944 -0.000690454 0)
(0.299832 -0.00102582 0)
(0.299687 -0.00162461 0)
(0.299465 -0.00197877 0)
(0.299206 -0.0027253 0)
(0.298876 -0.00313455 0)
(0.298503 -0.0041024 0)
(0.298077 -0.00461277 0)
(0.297601 -0.00588784 0)
(0.297123 -0.00656598 0)
(0.296599 -0.00823579 0)
(0.296189 -0.0091749 0)
(0.295772 -0.0112864 0)
(0.295678 -0.0125875 0)
(0.2957 -0.0150309 0)
(0.29634 -0.0166846 0)
(0.297338 -0.0189698 0)
(0.299146 -0.0204886 0)
(0.301541 -0.0215826 0)
(0.29999 -0.000150942 0)
(0.29994 -0.000660274 0)
(0.299812 -0.000934081 0)
(0.299654 -0.0015407 0)
(0.299402 -0.00181362 0)
(0.299117 -0.00259148 0)
(0.298739 -0.00288826 0)
(0.298322 -0.00392601 0)
(0.29783 -0.00428136 0)
(0.297285 -0.00569183 0)
(0.296721 -0.00616412 0)
(0.296092 -0.00807735 0)
(0.295584 -0.00876652 0)
(0.295023 -0.0112874 0)
(0.294859 -0.0123433 0)
(0.294726 -0.0154059 0)
(0.29543 -0.016947 0)
(0.296406 -0.0199697 0)
(0.298582 -0.021665 0)
(0.301407 -0.0232109 0)
(0.299989 -0.000126565 0)
(0.299938 -0.000625896 0)
(0.299794 -0.000833433 0)
(0.299624 -0.00144701 0)
(0.29934 -0.00163038 0)
(0.299031 -0.00244273 0)
(0.298603 -0.0026104 0)
(0.298146 -0.00372986 0)
(0.29758 -0.00389768 0)
(0.296966 -0.00547337 0)
(0.296303 -0.00567821 0)
(0.295563 -0.00790103 0)
(0.294934 -0.00822897 0)
(0.294199 -0.011297 0)
(0.293934 -0.0119233 0)
(0.293575 -0.0158699 0)
(0.294334 -0.0170486 0)
(0.295168 -0.0212265 0)
(0.297821 -0.0229197 0)
(0.301065 -0.0252589 0)
(0.299987 -0.000102344 0)
(0.299938 -0.000585668 0)
(0.299776 -0.000726177 0)
(0.299597 -0.00134137 0)
(0.299278 -0.00143231 0)
(0.298951 -0.00227576 0)
(0.298468 -0.00230484 0)
(0.297976 -0.0035089 0)
(0.297327 -0.00346499 0)
(0.296652 -0.00522466 0)
(0.29587 -0.00510725 0)
(0.295018 -0.00769553 0)
(0.294235 -0.00754846 0)
(0.293307 -0.0113028 0)
(0.292891 -0.0112835 0)
(0.292235 -0.0164264 0)
(0.293017 -0.0168919 0)
(0.293546 -0.0228172 0)
(0.296822 -0.0241466 0)
(0.300375 -0.0278928 0)
(0.299987 -7.99699e-05 0)
(0.29994 -0.000537228 0)
(0.299761 -0.000615679 0)
(0.299573 -0.00122049 0)
(0.299219 -0.00122462 0)
(0.298877 -0.00208523 0)
(0.298334 -0.00197873 0)
(0.297818 -0.00325456 0)
(0.297071 -0.00299186 0)
(0.296351 -0.00493206 0)
(0.295418 -0.0044585 0)
(0.294477 -0.00743968 0)
(0.293481 -0.0067228 0)
(0.292368 -0.0112756 0)
(0.29171 -0.0103913 0)
(0.29071 -0.0170547 0)
(0.291427 -0.0163777 0)
(0.291464 -0.0248049 0)
(0.295521 -0.0251955 0)
(0.299122 -0.0313683 0)
(0.29999 -6.13707e-05 0)
(0.29994 -0.000477614 0)
(0.299751 -0.000506325 0)
(0.299549 -0.0010799 0)
(0.299164 -0.0010146 0)
(0.298809 -0.0018634 0)
(0.298205 -0.00164326 0)
(0.297674 -0.00295385 0)
(0.296813 -0.00249403 0)
(0.296073 -0.00457413 0)
(0.294946 -0.00375065 0)
(0.293961 -0.00709896 0)
(0.292657 -0.0057666 0)
(0.291426 -0.0111638 0)
(0.290352 -0.00923546 0)
(0.289048 -0.0176984 0)
(0.289475 -0.0154167 0)
(0.288883 -0.0272169 0)
(0.293804 -0.0258614 0)
(0.29698 -0.0360242 0)
(0.3 -4.82905e-05 0)
(0.299934 -0.000403806 0)
(0.299751 -0.000402994 0)
(0.299518 -0.000914546 0)
(0.299124 -0.000811224 0)
(0.298739 -0.00160036 0)
(0.298092 -0.00131403 0)
(0.297535 -0.00258852 0)
(0.296567 -0.00199657 0)
(0.295818 -0.0041187 0)
(0.294462 -0.00301922 0)
(0.293491 -0.00661867 0)
(0.291751 -0.0047199 0)
(0.290541 -0.0108815 0)
(0.288745 -0.00783948 0)
(0.287369 -0.0182488 0)
(0.286977 -0.0139482 0)
(0.285898 -0.030041 0)
(0.291432 -0.0259202 0)
(0.293522 -0.0422227 0)
(0.300023 -4.15382e-05 0)
(0.299912 -0.00031396 0)
(0.299771 -0.000309568 0)
(0.299467 -0.000720674 0)
(0.299116 -0.000622731 0)
(0.298644 -0.00128669 0)
(0.298024 -0.00100822 0)
(0.297375 -0.00213711 0)
(0.296374 -0.00153371 0)
(0.295551 -0.00352056 0)
(0.294017 -0.00232528 0)
(0.293041 -0.00591235 0)
(0.290803 -0.00366715 0)
(0.289734 -0.0102783 0)
(0.286842 -0.00628806 0)
(0.285828 -0.0184993 0)
(0.283602 -0.0119719 0)
(0.282865 -0.0332526 0)
(0.287792 -0.0250397 0)
(0.288498 -0.051119 0)
(0.300064 -4.0173e-05 0)
(0.299863 -0.00020882 0)
(0.299823 -0.000226901 0)
(0.299377 -0.000498854 0)
(0.299162 -0.000452462 0)
(0.298495 -0.000920002 0)
(0.298045 -0.00073612 0)
(0.297136 -0.00158727 0)
(0.296317 -0.0011333 0)
(0.295181 -0.00273945 0)
(0.293753 -0.00174012 0)
(0.292475 -0.00487059 0)
(0.290023 -0.00276711 0)
(0.288835 -0.0090949 0)
(0.284841 -0.00479339 0)
(0.284331 -0.0180091 0)
(0.27908 -0.00961306 0)
(0.280281 -0.0365964 0)
(0.281048 -0.0225312 0)
(0.282858 -0.0651666 0)
(0.300124 -4.12273e-05 0)
(0.299782 -9.27261e-05 0)
(0.299913 -0.000151429 0)
(0.299237 -0.000256189 0)
(0.299282 -0.000295203 0)
(0.298265 -0.000511164 0)
(0.298199 -0.000491484 0)
(0.296761 -0.000953185 0)
(0.296492 -0.000791426 0)
(0.294581 -0.00178415 0)
(0.293885 -0.00128148 0)
(0.291526 -0.00345802 0)
(0.289862 -0.00213366 0)
(0.287357 -0.00710582 0)
(0.28354 -0.00375455 0)
(0.28203 -0.0159103 0)
(0.274224 -0.00746304 0)
(0.277491 -0.0385531 0)
(0.268402 -0.0180044 0)
(0.279666 -0.0845523 0)
(0.300199 -3.88626e-05 0)
(0.299675 2.67232e-05 0)
(0.300031 -7.57066e-05 0)
(0.299056 -4.77282e-06 0)
(0.299465 -0.000135485 0)
(0.297964 -8.22809e-05 0)
(0.29848 -0.000246319 0)
(0.296252 -0.000278499 0)
(0.296922 -0.000457691 0)
(0.293712 -0.000733027 0)
(0.294526 -0.000855719 0)
(0.290021 -0.00178445 0)
(0.290738 -0.00164559 0)
(0.284696 -0.00436866 0)
(0.284283 -0.00329891 0)
(0.277259 -0.0114787 0)
(0.27236 -0.00713129 0)
(0.269963 -0.0350462 0)
(0.253371 -0.0169098 0)
(0.279863 -0.11011 0)
(0.300272 -3.41006e-05 0)
(0.29956 0.000150267 0)
(0.300153 -3.38221e-06 0)
(0.298873 0.000252674 0)
(0.299667 1.89509e-05 0)
(0.297654 0.000362993 0)
(0.29881 -1.0761e-05 0)
(0.295719 0.000435574 0)
(0.297468 -0.000141521 0)
(0.29277 0.000398533 0)
(0.295447 -0.00046778 0)
(0.288276 3.17034e-05 0)
(0.292322 -0.00113989 0)
(0.281226 -0.00129833 0)
(0.28709 -0.00257942 0)
(0.269468 -0.00608454 0)
(0.276842 -0.00616158 0)
(0.249497 -0.0275133 0)
(0.257166 -0.016936 0)
(0.273206 -0.175322 0)
(0.299985 -0.0161671 0)
(0.300024 -0.0161126 0)
(0.300059 -0.0160482 0)
(0.300093 -0.0159747 0)
(0.300127 -0.0158922 0)
(0.300162 -0.0158006 0)
(0.300198 -0.0156999 0)
(0.300234 -0.0155904 0)
(0.300269 -0.0154722 0)
(0.300304 -0.0153459 0)
(0.30044 -0.016333 0)
(0.300501 -0.016286 0)
(0.300561 -0.0162288 0)
(0.30062 -0.0161613 0)
(0.30068 -0.0160835 0)
(0.30074 -0.0159957 0)
(0.3008 -0.0158979 0)
(0.30086 -0.0157904 0)
(0.30092 -0.0156732 0)
(0.300979 -0.0155474 0)
(0.300925 -0.0166024 0)
(0.301024 -0.0165536 0)
(0.30112 -0.0164935 0)
(0.301215 -0.0164228 0)
(0.301308 -0.0163416 0)
(0.301401 -0.01625 0)
(0.301494 -0.0161481 0)
(0.301585 -0.0160363 0)
(0.301675 -0.0159144 0)
(0.301763 -0.0157836 0)
(0.301377 -0.0169966 0)
(0.301517 -0.0169479 0)
(0.301652 -0.0168873 0)
(0.301783 -0.0168152 0)
(0.301914 -0.0167318 0)
(0.302044 -0.016637 0)
(0.302173 -0.0165311 0)
(0.3023 -0.0164141 0)
(0.302425 -0.0162862 0)
(0.302547 -0.0161484 0)
(0.301801 -0.0175308 0)
(0.301987 -0.0174827 0)
(0.302165 -0.017421 0)
(0.302338 -0.0173463 0)
(0.302511 -0.0172587 0)
(0.302683 -0.0171583 0)
(0.302853 -0.0170453 0)
(0.30302 -0.0169198 0)
(0.303184 -0.0167819 0)
(0.303344 -0.0166331 0)
(0.302204 -0.0182236 0)
(0.302441 -0.018176 0)
(0.302669 -0.0181127 0)
(0.302891 -0.0180343 0)
(0.303111 -0.017941 0)
(0.30333 -0.0178329 0)
(0.303547 -0.01771 0)
(0.30376 -0.0175728 0)
(0.303969 -0.0174214 0)
(0.304172 -0.0172574 0)
(0.302587 -0.0190986 0)
(0.302884 -0.0190521 0)
(0.303169 -0.0189869 0)
(0.303448 -0.0189037 0)
(0.303724 -0.0188027 0)
(0.303999 -0.018684 0)
(0.30427 -0.0185478 0)
(0.304537 -0.0183946 0)
(0.304798 -0.0182246 0)
(0.305051 -0.0180401 0)
(0.302944 -0.0201887 0)
(0.303313 -0.0201445 0)
(0.303668 -0.0200775 0)
(0.304015 -0.0199882 0)
(0.304359 -0.0198769 0)
(0.304701 -0.019744 0)
(0.305038 -0.0195898 0)
(0.305368 -0.019415 0)
(0.305691 -0.0192199 0)
(0.306003 -0.0190076 0)
(0.303266 -0.0215414 0)
(0.303724 -0.0215017 0)
(0.304166 -0.0214329 0)
(0.304599 -0.0213355 0)
(0.305028 -0.0212103 0)
(0.305452 -0.0210578 0)
(0.30587 -0.0208788 0)
(0.306278 -0.0206743 0)
(0.306675 -0.0204447 0)
(0.307058 -0.0201946 0)
(0.303539 -0.0232292 0)
(0.30411 -0.023196 0)
(0.304667 -0.0231239 0)
(0.305211 -0.0230141 0)
(0.305747 -0.0228683 0)
(0.306276 -0.0226875 0)
(0.306795 -0.0224731 0)
(0.3073 -0.0222267 0)
(0.307789 -0.0219487 0)
(0.308259 -0.0216464 0)
(0.303748 -0.0253635 0)
(0.304475 -0.025336 0)
(0.305184 -0.0252542 0)
(0.305874 -0.0251222 0)
(0.306551 -0.0249433 0)
(0.307214 -0.0247194 0)
(0.307861 -0.0244522 0)
(0.308488 -0.0241445 0)
(0.309092 -0.0237972 0)
(0.309668 -0.0234209 0)
(0.303883 -0.028107 0)
(0.304837 -0.028077 0)
(0.305758 -0.0279691 0)
(0.306641 -0.027795 0)
(0.307498 -0.0275604 0)
(0.308335 -0.0272678 0)
(0.309147 -0.0269197 0)
(0.309928 -0.0265203 0)
(0.310675 -0.026071 0)
(0.31138 -0.0255882 0)
(0.303957 -0.031691 0)
(0.305259 -0.0316347 0)
(0.306472 -0.0314661 0)
(0.307605 -0.0312125 0)
(0.308695 -0.0308836 0)
(0.309755 -0.0304813 0)
(0.310777 -0.0300084 0)
(0.311752 -0.029471 0)
(0.312676 -0.0288711 0)
(0.313539 -0.0282348 0)
(0.304033 -0.0364172 0)
(0.305878 -0.0362911 0)
(0.307491 -0.0360033 0)
(0.308938 -0.0356074 0)
(0.31032 -0.0351191 0)
(0.311665 -0.03454 0)
(0.312957 -0.0338731 0)
(0.314179 -0.0331282 0)
(0.315322 -0.0323068 0)
(0.316377 -0.0314513 0)
(0.304269 -0.0426231 0)
(0.306961 -0.042376 0)
(0.309141 -0.0419028 0)
(0.311001 -0.0412876 0)
(0.31276 -0.0405509 0)
(0.314472 -0.0396947 0)
(0.316106 -0.0387251 0)
(0.317631 -0.0376594 0)
(0.319041 -0.0364996 0)
(0.320324 -0.0353176 0)
(0.305125 -0.0509872 0)
(0.309074 -0.0504517 0)
(0.31206 -0.0496592 0)
(0.31451 -0.0487227 0)
(0.316807 -0.0476494 0)
(0.319022 -0.0464279 0)
(0.321095 -0.0450606 0)
(0.322975 -0.0435723 0)
(0.324654 -0.041956 0)
(0.326112 -0.0403441 0)
(0.308578 -0.0629003 0)
(0.314029 -0.0614768 0)
(0.317688 -0.059705 0)
(0.320533 -0.0578097 0)
(0.323205 -0.0558074 0)
(0.325766 -0.0536745 0)
(0.328086 -0.0514107 0)
(0.330081 -0.0490493 0)
(0.33174 -0.0465761 0)
(0.333093 -0.0441811 0)
(0.317904 -0.0808106 0)
(0.32501 -0.0787436 0)
(0.328487 -0.0761663 0)
(0.330315 -0.0732431 0)
(0.331746 -0.069981 0)
(0.332943 -0.0664123 0)
(0.333729 -0.0626051 0)
(0.334 -0.0586463 0)
(0.333807 -0.0545392 0)
(0.33311 -0.050571 0)
(0.316889 -0.0839372 0)
(0.321189 -0.0768094 0)
(0.320642 -0.0709911 0)
(0.318386 -0.0658844 0)
(0.31573 -0.0609589 0)
(0.31265 -0.056076 0)
(0.308972 -0.0512408 0)
(0.304716 -0.0464508 0)
(0.300126 -0.041672 0)
(0.294955 -0.0368855 0)
(0.272076 -0.113067 0)
(0.251426 -0.0968436 0)
(0.224767 -0.0826837 0)
(0.202979 -0.0701365 0)
(0.185691 -0.0587666 0)
(0.170789 -0.0484978 0)
(0.157528 -0.0393383 0)
(0.145945 -0.0312271 0)
(0.135852 -0.0240075 0)
(0.126682 -0.0173326 0)
(0.300426 -0.0148849 0)
(0.300644 -0.0138536 0)
(0.300856 -0.0126233 0)
(0.301039 -0.0112746 0)
(0.301195 -0.00987407 0)
(0.301316 -0.00849611 0)
(0.301406 -0.00718249 0)
(0.301469 -0.00598144 0)
(0.301508 -0.00489461 0)
(0.301526 -0.00396761 0)
(0.301531 -0.00315169 0)
(0.30152 -0.00252257 0)
(0.301514 -0.00195704 0)
(0.301485 -0.00159099 0)
(0.30149 -0.00121445 0)
(0.301451 -0.00103921 0)
(0.301471 -0.000790203 0)
(0.301423 -0.000732276 0)
(0.301444 -0.000592494 0)
(0.301381 -0.000615263 0)
(0.301178 -0.0150778 0)
(0.301469 -0.0140201 0)
(0.301713 -0.0127621 0)
(0.301887 -0.0113845 0)
(0.301998 -0.00995685 0)
(0.302046 -0.00855329 0)
(0.302048 -0.00721824 0)
(0.302015 -0.00599896 0)
(0.301957 -0.00489747 0)
(0.301884 -0.00396054 0)
(0.301806 -0.00313662 0)
(0.30172 -0.00250563 0)
(0.301656 -0.00193791 0)
(0.301576 -0.00157555 0)
(0.301551 -0.00120058 0)
(0.301479 -0.00102931 0)
(0.301493 -0.000781989 0)
(0.301417 -0.00072077 0)
(0.301445 -0.000579328 0)
(0.301347 -0.000588448 0)
(0.302055 -0.0153013 0)
(0.302472 -0.0142061 0)
(0.302797 -0.0128991 0)
(0.303001 -0.0114685 0)
(0.303095 -0.00999347 0)
(0.303088 -0.00854956 0)
(0.303007 -0.0071846 0)
(0.302876 -0.00594338 0)
(0.30271 -0.00482779 0)
(0.302527 -0.0038848 0)
(0.302343 -0.00305887 0)
(0.302156 -0.00243442 0)
(0.302009 -0.00187305 0)
(0.30185 -0.0015244 0)
(0.301777 -0.0011591 0)
(0.301645 -0.000998947 0)
(0.301647 -0.000757766 0)
(0.301518 -0.000694684 0)
(0.301551 -0.000553796 0)
(0.30139 -0.000545454 0)
(0.302953 -0.0156362 0)
(0.303519 -0.0144663 0)
(0.303943 -0.0130739 0)
(0.304191 -0.0115573 0)
(0.30428 -0.0100085 0)
(0.304227 -0.00850422 0)
(0.304072 -0.00709601 0)
(0.30385 -0.00582432 0)
(0.303581 -0.00469043 0)
(0.303293 -0.00374137 0)
(0.303003 -0.00291575 0)
(0.302715 -0.00230444 0)
(0.302484 -0.00175628 0)
(0.302239 -0.00143126 0)
(0.302119 -0.00108353 0)
(0.301921 -0.000942622 0)
(0.301913 -0.000713152 0)
(0.301722 -0.000649964 0)
(0.301764 -0.000511519 0)
(0.301529 -0.00047864 0)
(0.303875 -0.0160778 0)
(0.304604 -0.0148018 0)
(0.305135 -0.01329 0)
(0.305427 -0.0116556 0)
(0.305506 -0.010008 0)
(0.305403 -0.00842415 0)
(0.30517 -0.00695981 0)
(0.304856 -0.00564882 0)
(0.304484 -0.00449182 0)
(0.30409 -0.00353581 0)
(0.303696 -0.00271145 0)
(0.303307 -0.0021193 0)
(0.302994 -0.00158982 0)
(0.302666 -0.00129861 0)
(0.302505 -0.000975945 0)
(0.302243 -0.000862939 0)
(0.302235 -0.00065043 0)
(0.301986 -0.00058774 0)
(0.302046 -0.000452393 0)
(0.301737 -0.000385531 0)
(0.304844 -0.0166417 0)
(0.305751 -0.0152203 0)
(0.306394 -0.0135482 0)
(0.306722 -0.01176 0)
(0.306778 -0.00998697 0)
(0.306611 -0.00830399 0)
(0.306288 -0.00677144 0)
(0.305874 -0.00541311 0)
(0.305389 -0.0042293 0)
(0.304885 -0.00326631 0)
(0.304381 -0.00244478 0)
(0.303888 -0.001879 0)
(0.303493 -0.00137436 0)
(0.303081 -0.00112899 0)
(0.302886 -0.000840033 0)
(0.302565 -0.00076478 0)
(0.302571 -0.000575272 0)
(0.302271 -0.000512775 0)
(0.302361 -0.00038109 0)
(0.301986 -0.000267988 0)
(0.305886 -0.017342 0)
(0.306991 -0.015726 0)
(0.307745 -0.0138447 0)
(0.308096 -0.0118623 0)
(0.30811 -0.00993572 0)
(0.30786 -0.00813424 0)
(0.307429 -0.00652258 0)
(0.306901 -0.00510988 0)
(0.30629 -0.00389685 0)
(0.305668 -0.00292772 0)
(0.305044 -0.00211148 0)
(0.30444 -0.00158094 0)
(0.303958 -0.00110849 0)
(0.303459 -0.000923763 0)
(0.303237 -0.000679096 0)
(0.302861 -0.000653564 0)
(0.302895 -0.000494835 0)
(0.302555 -0.000431437 0)
(0.302689 -0.000304368 0)
(0.302256 -0.000128932 0)
(0.30703 -0.0181972 0)
(0.308355 -0.0163235 0)
(0.309218 -0.0141732 0)
(0.309572 -0.0119512 0)
(0.309516 -0.00984185 0)
(0.309158 -0.007903 0)
(0.308597 -0.00620303 0)
(0.307939 -0.00473014 0)
(0.307187 -0.00348698 0)
(0.306434 -0.00251307 0)
(0.305677 -0.00170554 0)
(0.304953 -0.00122074 0)
(0.304377 -0.000789188 0)
(0.303786 -0.000683509 0)
(0.303542 -0.000496051 0)
(0.303114 -0.000535372 0)
(0.303196 -0.000417385 0)
(0.302824 -0.000351146 0)
(0.303022 -0.000229903 0)
(0.302538 2.91284e-05 0)
(0.308314 -0.0192303 0)
(0.309883 -0.0170157 0)
(0.310847 -0.0145237 0)
(0.311171 -0.0120115 0)
(0.31101 -0.00968928 0)
(0.310511 -0.0075954 0)
(0.309795 -0.00580046 0)
(0.308988 -0.00426326 0)
(0.308078 -0.00299096 0)
(0.307181 -0.00201381 0)
(0.306275 -0.00121934 0)
(0.305418 -0.000792247 0)
(0.30474 -0.000411671 0)
(0.304047 -0.00040835 0)
(0.303789 -0.000293862 0)
(0.30331 -0.000417562 0)
(0.303465 -0.000352693 0)
(0.303071 -0.000280549 0)
(0.303354 -0.000166252 0)
(0.302824 0.000204641 0)
(0.309792 -0.0204684 0)
(0.311629 -0.0178023 0)
(0.312671 -0.0148804 0)
(0.312919 -0.0120227 0)
(0.312606 -0.00945722 0)
(0.311928 -0.00719331 0)
(0.311027 -0.00530042 0)
(0.310049 -0.00369725 0)
(0.308962 -0.00239904 0)
(0.307905 -0.00141977 0)
(0.306834 -0.000643519 0)
(0.305825 -0.000285123 0)
(0.305031 3.08912e-05 0)
(0.304222 -9.55794e-05 0)
(0.303957 -7.29689e-05 0)
(0.303424 -0.000308442 0)
(0.303682 -0.000311844 0)
(0.303269 -0.000229245 0)
(0.30367 -0.000122235 0)
(0.303087 0.000398288 0)
(0.311538 -0.0219412 0)
(0.31366 -0.0186761 0)
(0.314736 -0.0152194 0)
(0.314843 -0.0119572 0)
(0.314318 -0.0091192 0)
(0.313412 -0.00667564 0)
(0.312294 -0.00468653 0)
(0.311119 -0.00301917 0)
(0.309838 -0.00170023 0)
(0.308599 -0.00071838 0)
(0.307341 3.26845e-05 0)
(0.306151 0.000308813 0)
(0.305222 0.00054515 0)
(0.304268 0.000254497 0)
(0.303999 0.000163877 0)
(0.303396 -0.000217184 0)
(0.30379 -0.00030473 0)
(0.303351 -0.000205961 0)
(0.3039 -0.000104685 0)
(0.303237 0.000616112 0)
(0.313656 -0.0236763 0)
(0.316062 -0.0196188 0)
(0.317099 -0.0155063 0)
(0.316976 -0.0117781 0)
(0.316162 -0.00864149 0)
(0.314969 -0.0060176 0)
(0.313592 -0.00394021 0)
(0.312187 -0.00221479 0)
(0.310686 -0.000880112 0)
(0.309228 0.000106418 0)
(0.307748 0.000825086 0)
(0.306327 0.00100838 0)
(0.305226 0.00114735 0)
(0.304073 0.000652233 0)
(0.30379 0.000423261 0)
(0.303072 -0.000148559 0)
(0.303625 -0.000334304 0)
(0.303121 -0.000214407 0)
(0.303844 -0.000112641 0)
(0.303039 0.000874379 0)
(0.316302 -0.0256954 0)
(0.318955 -0.0205992 0)
(0.319835 -0.0156936 0)
(0.319358 -0.0114334 0)
(0.318145 -0.00797727 0)
(0.316577 -0.0051843 0)
(0.314871 -0.00303578 0)
(0.313178 -0.00126253 0)
(0.311402 8.42247e-05 0)
(0.309655 0.00108239 0)
(0.307887 0.00176626 0)
(0.306139 0.00185582 0)
(0.304792 0.00187409 0)
(0.303338 0.0011325 0)
(0.302985 0.000734823 0)
(0.302062 -8.92591e-05 0)
(0.302754 -0.000383281 0)
(0.302104 -0.000244008 0)
(0.302998 -0.000126621 0)
(0.301954 0.00120484 0)
(0.319726 -0.0279909 0)
(0.32252 -0.0215576 0)
(0.323039 -0.0157032 0)
(0.321994 -0.010839 0)
(0.320177 -0.00704565 0)
(0.318057 -0.00410628 0)
(0.31587 -0.0019149 0)
(0.313754 -0.00011675 0)
(0.311575 0.00124118 0)
(0.309402 0.00226622 0)
(0.307213 0.00292161 0)
(0.304976 0.00292392 0)
(0.303245 0.00279435 0)
(0.301316 0.00176505 0)
(0.300768 0.00115953 0)
(0.299476 8.15353e-06 0)
(0.300213 -0.000397583 0)
(0.299294 -0.000260714 0)
(0.300303 -0.000103134 0)
(0.29893 0.00165022 0)
(0.324358 -0.0305073 0)
(0.326936 -0.0223992 0)
(0.326622 -0.0154093 0)
(0.32453 -0.00985799 0)
(0.321652 -0.00570296 0)
(0.318581 -0.00263917 0)
(0.315568 -0.00043115 0)
(0.312753 0.00135224 0)
(0.309926 0.00271561 0)
(0.307111 0.00377604 0)
(0.304294 0.00441139 0)
(0.301357 0.00433791 0)
(0.299041 0.00402834 0)
(0.296405 0.00267895 0)
(0.295458 0.00181463 0)
(0.293577 0.000245866 0)
(0.294181 -0.000279084 0)
(0.29289 -0.000208642 0)
(0.293916 9.08563e-06 0)
(0.292268 0.00223917 0)
(0.330541 -0.0334224 0)
(0.331652 -0.0230409 0)
(0.329287 -0.0145126 0)
(0.325052 -0.00815843 0)
(0.320192 -0.00368095 0)
(0.315417 -0.000587821 0)
(0.310992 0.00156005 0)
(0.307059 0.00328412 0)
(0.303293 0.00464581 0)
(0.299661 0.0057415 0)
(0.296065 0.00636556 0)
(0.292323 0.00622784 0)
(0.289274 0.00570718 0)
(0.285782 0.0040243 0)
(0.284241 0.00283876 0)
(0.281612 0.000758857 0)
(0.281939 7.29227e-05 0)
(0.280338 -6.09126e-05 0)
(0.281349 0.000210776 0)
(0.279836 0.00292729 0)
(0.336611 -0.0342591 0)
(0.332648 -0.021559 0)
(0.325585 -0.0113355 0)
(0.317198 -0.00430587 0)
(0.309037 0.000145835 0)
(0.301738 0.00285433 0)
(0.295492 0.00460176 0)
(0.290342 0.00601977 0)
(0.285754 0.00722075 0)
(0.281608 0.00824819 0)
(0.277547 0.00882276 0)
(0.27339 0.00861781 0)
(0.269822 0.00786978 0)
(0.265726 0.00586764 0)
(0.263669 0.00428688 0)
(0.260495 0.00159703 0)
(0.260708 0.00064207 0)
(0.259259 7.64946e-05 0)
(0.260496 0.000335854 0)
(0.260002 0.00351379 0)
(0.329941 -0.0343205 0)
(0.314252 -0.0180956 0)
(0.300026 -0.00593173 0)
(0.286191 0.00125454 0)
(0.274659 0.00537911 0)
(0.265512 0.00739831 0)
(0.258664 0.00842691 0)
(0.25375 0.00920424 0)
(0.249932 0.00998361 0)
(0.246851 0.0107914 0)
(0.243751 0.0112812 0)
(0.2405 0.0110668 0)
(0.237382 0.0101716 0)
(0.233705 0.00793533 0)
(0.231824 0.00590867 0)
(0.22905 0.002491 0)
(0.22986 0.00107429 0)
(0.229493 -0.000175221 0)
(0.231554 -4.61624e-05 0)
(0.233144 0.00362219 0)
(0.280019 -0.0209521 0)
(0.246574 -0.00479882 0)
(0.228633 0.00695849 0)
(0.213629 0.0110517 0)
(0.204266 0.012861 0)
(0.198213 0.0126761 0)
(0.195256 0.0119912 0)
(0.194417 0.0114971 0)
(0.194658 0.0115398 0)
(0.195318 0.0120678 0)
(0.195418 0.0125763 0)
(0.194962 0.0125616 0)
(0.193864 0.0117193 0)
(0.192242 0.0094021 0)
(0.191816 0.00691492 0)
(0.190977 0.00271089 0)
(0.193321 0.000699903 0)
(0.195055 -0.00139367 0)
(0.198428 -0.00143413 0)
(0.202653 0.00288849 0)
(0.119176 0.00827624 0)
(0.105524 0.0083823 0)
(0.108156 0.0151843 0)
(0.106438 0.0143104 0)
(0.110554 0.0143906 0)
(0.114645 0.0122896 0)
(0.120405 0.0106198 0)
(0.126704 0.00953321 0)
(0.133038 0.00951407 0)
(0.13881 0.0103858 0)
(0.14331 0.0114342 0)
(0.146738 0.0120391 0)
(0.148939 0.0114898 0)
(0.150705 0.00923905 0)
(0.152877 0.0063282 0)
(0.155099 0.00141184 0)
(0.159207 -0.00109998 0)
(0.163387 -0.00398218 0)
(0.167753 -0.0039794 0)
(0.174264 0.00115279 0)
(0.044808 -0.00197473 0)
(0.0368071 0.00416669 0)
(0.0512383 0.0114214 0)
(0.0548025 0.0108288 0)
(0.0650816 0.0109146 0)
(0.0736113 0.00864039 0)
(0.0835077 0.0069457 0)
(0.0931074 0.00595213 0)
(0.10234 0.0062191 0)
(0.110647 0.00756121 0)
(0.117564 0.00912885 0)
(0.123294 0.0102511 0)
(0.127732 0.0100153 0)
(0.131736 0.00788859 0)
(0.13564 0.00490526 0)
(0.139719 -0.000248684 0)
(0.144458 -0.00298053 0)
(0.149818 -0.00599189 0)
(0.154071 -0.00612703 0)
(0.161432 -0.000370364 0)
(0.0207513 -0.00880451 0)
(0.0127958 0.0032192 0)
(0.0299361 0.0097826 0)
(0.0354064 0.00929486 0)
(0.0479734 0.00912174 0)
(0.0581812 0.00684307 0)
(0.069611 0.00511873 0)
(0.0804138 0.00419595 0)
(0.0906968 0.00459658 0)
(0.0999339 0.00614867 0)
(0.107783 0.00794257 0)
(0.114435 0.0092854 0)
(0.119819 0.00919393 0)
(0.124771 0.0071278 0)
(0.129417 0.00414226 0)
(0.134269 -0.00106785 0)
(0.139214 -0.00387847 0)
(0.145005 -0.00687094 0)
(0.149103 -0.00711245 0)
(0.156702 -0.00104422 0)
(0.00443396 -0.00968554 0)
(-0.00519233 0.00237046 0)
(0.0131709 0.00785023 0)
(0.0201043 0.00751779 0)
(0.0344728 0.00704518 0)
(0.04602 0.00482499 0)
(0.0586324 0.00309567 0)
(0.0703353 0.00227906 0)
(0.0813955 0.00282898 0)
(0.0913372 0.00459385 0)
(0.0999458 0.00660863 0)
(0.107391 0.00816342 0)
(0.11364 0.00821432 0)
(0.119464 0.00622166 0)
(0.124795 0.0032544 0)
(0.130336 -0.00196355 0)
(0.135403 -0.00482456 0)
(0.141511 -0.00775379 0)
(0.145354 -0.00810034 0)
(0.153047 -0.00173796 0)
(-0.00562928 -0.00815472 0)
(-0.0174487 0.00156844 0)
(0.00131231 0.0056675 0)
(0.00930588 0.00547669 0)
(0.0249773 0.00472175 0)
(0.0374892 0.00260978 0)
(0.0509041 0.000916543 0)
(0.0631765 0.000238548 0)
(0.0747173 0.000952202 0)
(0.0851144 0.00292823 0)
(0.0942862 0.00515316 0)
(0.102367 0.0069069 0)
(0.109371 0.00709228 0)
(0.115961 0.00518692 0)
(0.121891 0.00225492 0)
(0.128014 -0.00292203 0)
(0.133111 -0.00580103 0)
(0.13941 -0.008634 0)
(0.142909 -0.00906391 0)
(0.150548 -0.0024404 0)
(-0.0106642 -0.00530609 0)
(-0.0241884 0.000853664 0)
(-0.00539181 0.00337857 0)
(0.00328238 0.00327291 0)
(0.0197597 0.00223348 0)
(0.0328411 0.000270009 0)
(0.0466624 -0.00135217 0)
(0.0591586 -0.00186721 0)
(0.0708706 -0.000982429 0)
(0.0814586 0.00119317 0)
(0.090978 0.00360943 0)
(0.0995155 0.00554169 0)
(0.107135 0.00584962 0)
(0.114356 0.00404251 0)
(0.120776 0.00116312 0)
(0.127357 -0.00392431 0)
(0.132388 -0.00678816 0)
(0.138746 -0.00949093 0)
(0.141827 -0.00998294 0)
(0.149262 -0.00313676 0)
(-0.0114179 -0.00188307 0)
(-0.0255563 0.000238903 0)
(-0.00680967 0.00105817 0)
(0.00217993 0.00098521 0)
(0.0189683 -0.000336236 0)
(0.0322145 -0.00211939 0)
(0.0460406 -0.0036427 0)
(0.0584118 -0.00397853 0)
(0.0699827 -0.00292306 0)
(0.0804902 -0.000567641 0)
(0.0901289 0.00201356 0)
(0.0989256 0.00409742 0)
(0.106997 0.00451236 0)
(0.114695 0.00281133 0)
(0.121474 5.20328e-07 0)
(0.128374 -0.00495013 0)
(0.133245 -0.00776594 0)
(0.139529 -0.0103053 0)
(0.142134 -0.0108396 0)
(0.149219 -0.00381293 0)
(-0.00811834 0.00133535 0)
(-0.0216098 -0.000367934 0)
(-0.00291045 -0.00127307 0)
(0.00602879 -0.00132038 0)
(0.0226296 -0.00290665 0)
(0.0356317 -0.00448719 0)
(0.0490648 -0.00588981 0)
(0.0609692 -0.00603785 0)
(0.0720943 -0.00481981 0)
(0.0822517 -0.00231014 0)
(0.0917764 0.000403502 0)
(0.100623 0.00260705 0)
(0.108964 0.00311005 0)
(0.116967 0.0015199 0)
(0.12396 -0.00120831 0)
(0.131034 -0.00597879 0)
(0.135654 -0.00871505 0)
(0.141737 -0.0110611 0)
(0.143826 -0.0116177 0)
(0.150423 -0.00445567 0)
(-0.000506299 0.00355665 0)
(-0.0123116 -0.00103039 0)
(0.00624778 -0.00358512 0)
(0.0147516 -0.00357392 0)
(0.0306471 -0.00539649 0)
(0.0429977 -0.00676186 0)
(0.0556519 -0.00802983 0)
(0.0667642 -0.00798948 0)
(0.0771556 -0.00662278 0)
(0.086705 -0.00399054 0)
(0.0958852 -0.00118099 0)
(0.10457 0.00110615 0)
(0.112986 0.00167508 0)
(0.12111 0.000197588 0)
(0.128164 -0.0024366 0)
(0.135263 -0.00698948 0)
(0.139549 -0.00961735 0)
(0.145316 -0.0117451 0)
(0.146867 -0.0123038 0)
(0.152851 -0.00505153 0)
(0.0121082 0.00381864 0)
(0.00247134 -0.00177538 0)
(0.0205034 -0.00579165 0)
(0.0281545 -0.0056961 0)
(0.0428033 -0.00772414 0)
(0.0541008 -0.00887408 0)
(0.065609 -0.0100021 0)
(0.0756301 -0.0097815 0)
(0.0850268 -0.00828563 0)
(0.0937315 -0.00556688 0)
(0.102349 -0.00270109 0)
(0.110663 -0.00036865 0)
(0.118957 0.00024121 0)
(0.127018 -0.00112488 0)
(0.133972 -0.00365801 0)
(0.140952 -0.00796227 0)
(0.14483 -0.0104562 0)
(0.150178 -0.012347 0)
(0.151189 -0.0128869 0)
(0.156453 -0.00558886 0)
(0.0306993 0.000617164 0)
(0.022986 -0.00274223 0)
(0.0396028 -0.00780956 0)
(0.0459207 -0.00763259 0)
(0.0587585 -0.00981357 0)
(0.0686155 -0.0107746 0)
(0.0786379 -0.0117557 0)
(0.0873035 -0.0113727 0)
(0.09548 -0.00977115 0)
(0.103134 -0.00700462 0)
(0.110992 -0.00412482 0)
(0.118742 -0.0017867 0)
(0.126719 -0.00116084 0)
(0.134536 -0.00242263 0)
(0.141233 -0.00484677 0)
(0.147957 -0.00888175 0)
(0.151362 -0.011217 0)
(0.156205 -0.0128587 0)
(0.15669 -0.0133558 0)
(0.161152 -0.0060705 0)
(0.0732976 -0.00757393 0)
(0.0675167 -0.00550073 0)
(0.0791066 -0.010801 0)
(0.0822421 -0.010586 0)
(0.0910831 -0.0128071 0)
(0.097917 -0.0135643 0)
(0.104946 -0.0142663 0)
(0.110968 -0.0136565 0)
(0.116797 -0.0119221 0)
(0.122413 -0.00914162 0)
(0.128719 -0.00631131 0)
(0.135241 -0.00403475 0)
(0.142382 -0.00341646 0)
(0.149512 -0.00453303 0)
(0.155526 -0.00674463 0)
(0.161607 -0.0103184 0)
(0.164133 -0.0123429 0)
(0.168014 -0.0135547 0)
(0.167665 -0.0139327 0)
(0.170693 -0.00681915 0)
(0.189067 0.0003832 0)
(0.160383 -0.00453805 0)
(0.154821 -0.0110155 0)
(0.149188 -0.0121891 0)
(0.149704 -0.0145052 0)
(0.150578 -0.0154875 0)
(0.152305 -0.0159931 0)
(0.153822 -0.0152995 0)
(0.15578 -0.0135966 0)
(0.157978 -0.011016 0)
(0.161478 -0.00847677 0)
(0.165602 -0.00648357 0)
(0.170773 -0.00597673 0)
(0.176229 -0.00700165 0)
(0.180649 -0.00886642 0)
(0.185316 -0.0118389 0)
(0.186478 -0.0133535 0)
(0.18882 -0.0139771 0)
(0.187519 -0.0141056 0)
(0.188479 -0.00755242 0)
(0.284479 0.0201649 0)
(0.249913 0.00609822 0)
(0.23195 -0.00482874 0)
(0.218321 -0.0093598 0)
(0.210819 -0.0129039 0)
(0.20559 -0.0147605 0)
(0.202132 -0.0155883 0)
(0.199317 -0.0151382 0)
(0.197646 -0.0137223 0)
(0.196631 -0.0115424 0)
(0.197338 -0.00947302 0)
(0.198959 -0.00791608 0)
(0.201838 -0.00764326 0)
(0.205272 -0.00868421 0)
(0.207789 -0.0102741 0)
(0.210738 -0.0127379 0)
(0.210572 -0.0137827 0)
(0.211379 -0.0138917 0)
(0.209434 -0.0137598 0)
(0.208624 -0.00782936 0)
(0.331697 0.0320885 0)
(0.307315 0.0157898 0)
(0.289007 0.00316346 0)
(0.273485 -0.0040001 0)
(0.262072 -0.00896729 0)
(0.253073 -0.0119189 0)
(0.246148 -0.0134143 0)
(0.240313 -0.0134793 0)
(0.23608 -0.012562 0)
(0.232765 -0.010924 0)
(0.231329 -0.00942206 0)
(0.230912 -0.00837499 0)
(0.231736 -0.00840064 0)
(0.23323 -0.00953452 0)
(0.233938 -0.0109298 0)
(0.235161 -0.0130034 0)
(0.23386 -0.0136716 0)
(0.233324 -0.0133941 0)
(0.231028 -0.0130276 0)
(0.228978 -0.00772686 0)
(0.34456 0.0373433 0)
(0.332451 0.0220112 0)
(0.319786 0.00968537 0)
(0.307219 0.00137042 0)
(0.296311 -0.00447804 0)
(0.286738 -0.00823433 0)
(0.278787 -0.010372 0)
(0.271828 -0.0110107 0)
(0.266518 -0.0106682 0)
(0.262151 -0.00961132 0)
(0.25957 -0.00867562 0)
(0.257922 -0.00812341 0)
(0.257332 -0.00843064 0)
(0.257335 -0.00967834 0)
(0.256667 -0.0109275 0)
(0.256454 -0.0127194 0)
(0.254335 -0.01312 0)
(0.25281 -0.0126027 0)
(0.25038 -0.0120704 0)
(0.247696 -0.00737821 0)
(0.341772 0.038104 0)
(0.338005 0.0247759 0)
(0.331148 0.0136888 0)
(0.322776 0.00545046 0)
(0.314399 -0.000643857 0)
(0.30627 -0.00477931 0)
(0.299084 -0.00734322 0)
(0.292525 -0.00844566 0)
(0.287384 -0.00861923 0)
(0.283038 -0.00808842 0)
(0.280232 -0.00764079 0)
(0.278151 -0.00750544 0)
(0.276889 -0.00801909 0)
(0.276005 -0.0093484 0)
(0.27454 -0.0104683 0)
(0.273376 -0.0120485 0)
(0.270816 -0.0122786 0)
(0.268736 -0.0116462 0)
(0.266324 -0.0110375 0)
(0.263538 -0.00691425 0)
(0.334893 0.0369337 0)
(0.335249 0.0255081 0)
(0.332212 0.0157856 0)
(0.327187 0.00810812 0)
(0.321415 0.00219295 0)
(0.315262 -0.00201488 0)
(0.309531 -0.00479843 0)
(0.30409 -0.00622027 0)
(0.299765 -0.00679742 0)
(0.296034 -0.0066963 0)
(0.29357 -0.0066285 0)
(0.291596 -0.00680845 0)
(0.290231 -0.00743803 0)
(0.288999 -0.00879033 0)
(0.287255 -0.00978123 0)
(0.285648 -0.0111804 0)
(0.282988 -0.0113124 0)
(0.28077 -0.010648 0)
(0.278481 -0.0100414 0)
(0.275964 -0.00643985 0)
(0.328563 0.0352838 0)
(0.33043 0.0253816 0)
(0.329338 0.0167989 0)
(0.326374 0.00975504 0)
(0.322493 0.0041707 0)
(0.318006 4.65139e-05 0)
(0.313668 -0.00282782 0)
(0.309414 -0.00446126 0)
(0.306027 -0.00533925 0)
(0.30306 -0.00557613 0)
(0.301133 -0.00578915 0)
(0.299497 -0.00619348 0)
(0.298327 -0.00686841 0)
(0.297099 -0.00818737 0)
(0.295417 -0.00904996 0)
(0.293759 -0.0102775 0)
(0.291245 -0.0103591 0)
(0.289195 -0.00970677 0)
(0.287103 -0.00915348 0)
(0.285047 -0.00602255 0)
(0.323673 0.0336438 0)
(0.325917 0.0249807 0)
(0.325667 0.0172983 0)
(0.323802 0.0108214 0)
(0.321079 0.00555746 0)
(0.317746 0.0015711 0)
(0.314454 -0.00133268 0)
(0.311156 -0.00311407 0)
(0.308553 -0.00421892 0)
(0.306245 -0.00472396 0)
(0.30481 -0.00514579 0)
(0.303529 -0.00570934 0)
(0.30263 -0.00639082 0)
(0.301567 -0.00763855 0)
(0.300102 -0.00838339 0)
(0.298621 -0.00944433 0)
(0.296383 -0.00950443 0)
(0.294664 -0.00888329 0)
(0.292811 -0.00840663 0)
(0.291261 -0.0056931 0)
(0.319891 0.0321197 0)
(0.322155 0.024509 0)
(0.322273 0.0175636 0)
(0.320987 0.0115728 0)
(0.318942 0.00659202 0)
(0.316353 0.0027378 0)
(0.313768 -0.000172929 0)
(0.311151 -0.00206844 0)
(0.309111 -0.0033515 0)
(0.307285 -0.00407543 0)
(0.306206 -0.00466009 0)
(0.305202 -0.00534093 0)
(0.304529 -0.00601671 0)
(0.303663 -0.00717647 0)
(0.302444 -0.0078236 0)
(0.301223 -0.00872808 0)
(0.299301 -0.00878353 0)
(0.297955 -0.00820069 0)
(0.296353 -0.0078039 0)
(0.295258 -0.00545429 0)
(0.316808 0.0307201 0)
(0.318998 0.0240211 0)
(0.319315 0.0177065 0)
(0.318384 0.0121394 0)
(0.31677 0.00740924 0)
(0.314677 0.00367059 0)
(0.312573 0.000762259 0)
(0.31043 -0.0012281 0)
(0.308774 -0.00265615 0)
(0.307278 -0.00356243 0)
(0.306423 -0.00428087 0)
(0.305607 -0.00505235 0)
(0.305079 -0.0057256 0)
(0.304384 -0.00679698 0)
(0.303376 -0.0073707 0)
(0.302412 -0.00813594 0)
(0.300793 -0.00819617 0)
(0.299782 -0.00765443 0)
(0.298423 -0.00732977 0)
(0.297687 -0.00529267 0)
(0.31418 0.0294473 0)
(0.31625 0.0235319 0)
(0.316701 0.0177689 0)
(0.316033 0.0125772 0)
(0.314737 0.00807289 0)
(0.313016 0.00443914 0)
(0.311267 0.00153873 0)
(0.309472 -0.000531449 0)
(0.308087 -0.00207814 0)
(0.306822 -0.00313618 0)
(0.306103 -0.00396791 0)
(0.305409 -0.0048118 0)
(0.304964 -0.00549127 0)
(0.304396 -0.00648332 0)
(0.303553 -0.00700677 0)
(0.302803 -0.00765488 0)
(0.301452 -0.00772472 0)
(0.300708 -0.0072255 0)
(0.299574 -0.00696104 0)
(0.299095 -0.00518883 0)
(0.311881 0.0283083 0)
(0.313791 0.0230527 0)
(0.314327 0.0177705 0)
(0.313873 0.012912 0)
(0.312841 0.00861299 0)
(0.311427 0.00507761 0)
(0.309968 0.00218994 0)
(0.308457 5.73144e-05 0)
(0.307283 -0.00158584 0)
(0.306198 -0.00276905 0)
(0.30557 -0.00369759 0)
(0.304963 -0.00460003 0)
(0.304564 -0.00529393 0)
(0.304091 -0.00621962 0)
(0.303378 -0.00671169 0)
(0.302793 -0.00726623 0)
(0.301676 -0.00734756 0)
(0.30113 -0.0068912 0)
(0.300196 -0.00667483 0)
(0.299889 -0.00512434 0)
(0.309835 0.0273088 0)
(0.311552 0.0225966 0)
(0.312128 0.0177271 0)
(0.311847 0.0131606 0)
(0.311044 0.0090467 0)
(0.309898 0.00560366 0)
(0.308695 0.00273422 0)
(0.307433 0.00055551 0)
(0.306444 -0.00116504 0)
(0.305517 -0.00244953 0)
(0.304965 -0.00346003 0)
(0.304434 -0.00440954 0)
(0.304072 -0.00512308 0)
(0.303675 -0.0059959 0)
(0.303073 -0.00647031 0)
(0.302616 -0.00695339 0)
(0.301703 -0.00704617 0)
(0.301301 -0.00663153 0)
(0.300545 -0.00645266 0)
(0.300349 -0.00508496 0)
(0.307982 0.0264498 0)
(0.309485 0.0221752 0)
(0.310062 0.0176528 0)
(0.309917 0.0133372 0)
(0.309314 0.00938684 0)
(0.308409 0.00602876 0)
(0.307441 0.003182 0)
(0.30641 0.000969483 0)
(0.305593 -0.000811287 0)
(0.304821 -0.00217534 0)
(0.304347 -0.0032539 0)
(0.303896 -0.00424076 0)
(0.303578 -0.00497591 0)
(0.303251 -0.00580819 0)
(0.302753 -0.00627389 0)
(0.302401 -0.00670447 0)
(0.301671 -0.00680734 0)
(0.301375 -0.00643136 0)
(0.300776 -0.00628101 0)
(0.300649 -0.00506091 0)
(0.306272 0.0257286 0)
(0.30755 0.0217979 0)
(0.3081 0.0175598 0)
(0.30806 0.013454 0)
(0.307633 0.00964413 0)
(0.306949 0.00636168 0)
(0.306203 0.00353909 0)
(0.305393 0.00130308 0)
(0.30475 -0.00052347 0)
(0.304135 -0.00194867 0)
(0.303753 -0.00308252 0)
(0.303392 -0.00409839 0)
(0.303131 -0.00485446 0)
(0.302877 -0.00565656 0)
(0.302483 -0.00611865 0)
(0.302221 -0.00651176 0)
(0.301656 -0.0066223 0)
(0.301442 -0.00627991 0)
(0.300981 -0.00615015 0)
(0.300893 -0.00504571 0)
(0.304657 0.0251396 0)
(0.305712 0.0214704 0)
(0.306218 0.0174574 0)
(0.306265 0.0135209 0)
(0.306002 0.00982675 0)
(0.305529 0.00660822 0)
(0.305001 0.00380851 0)
(0.304413 0.00155705 0)
(0.303951 -0.00030367 0)
(0.303501 -0.00177434 0)
(0.303226 -0.00295125 0)
(0.302965 -0.00398844 0)
(0.302774 -0.0047624 0)
(0.302596 -0.00554211 0)
(0.302305 -0.00600258 0)
(0.302123 -0.00636918 0)
(0.301703 -0.00648402 0)
(0.301548 -0.00616859 0)
(0.301205 -0.00605218 0)
(0.301132 -0.0050348 0)
(0.303104 0.0246735 0)
(0.303951 0.0211916 0)
(0.304417 0.0173466 0)
(0.304553 0.013539 0)
(0.304459 0.00993482 0)
(0.304203 0.00676701 0)
(0.303903 0.00398773 0)
(0.303542 0.00172768 0)
(0.303268 -0.00015569 0)
(0.302987 -0.00165713 0)
(0.302827 -0.00286449 0)
(0.302667 -0.0039147 0)
(0.30255 -0.00470122 0)
(0.302443 -0.00546288 0)
(0.302242 -0.00592093 0)
(0.302124 -0.00626754 0)
(0.301821 -0.00638245 0)
(0.301706 -0.00608654 0)
(0.301453 -0.00597677 0)
(0.301375 -0.0050236 0)
(0.301631 0.0243226 0)
(0.302319 0.020943 0)
(0.302783 0.0172049 0)
(0.30304 0.0134859 0)
(0.303139 0.00994933 0)
(0.303111 0.00682338 0)
(0.303041 0.00406707 0)
(0.3029 0.00180883 0)
(0.302804 -8.11979e-05 0)
(0.302671 -0.00159674 0)
(0.302613 -0.00282079 0)
(0.302534 -0.00387462 0)
(0.302476 -0.00466714 0)
(0.30242 -0.00541157 0)
(0.302284 -0.00586423 0)
(0.302208 -0.00619285 0)
(0.301985 -0.00630202 0)
(0.301888 -0.00601825 0)
(0.301692 -0.00590775 0)
(0.301593 -0.00500483 0)
(0.300448 0.0239807 0)
(0.301088 0.0206768 0)
(0.301623 0.0170091 0)
(0.302031 0.0133523 0)
(0.302319 0.00987118 0)
(0.302485 0.00678611 0)
(0.302593 0.00405982 0)
(0.302605 0.00181742 0)
(0.302627 -6.76511e-05 0)
(0.302582 -0.00158035 0)
(0.302579 -0.00280792 0)
(0.30254 -0.00385853 0)
(0.302509 -0.00465266 0)
(0.302474 -0.00538287 0)
(0.302366 -0.00582875 0)
(0.302307 -0.00614216 0)
(0.302119 -0.00624083 0)
(0.302024 -0.00596262 0)
(0.301851 -0.00584463 0)
(0.301731 -0.00497751 0)
(0.212216 0.0838474 0)
(0.178744 0.0613631 0)
(0.145921 0.0435576 0)
(0.122292 0.0295344 0)
(0.105068 0.0187843 0)
(0.0917502 0.0109089 0)
(0.0815721 0.0052982 0)
(0.0741504 0.00128125 0)
(0.0688256 -0.00168892 0)
(0.0650959 -0.00382991 0)
(0.313434 0.106003 0)
(0.308619 0.0921799 0)
(0.296908 0.0799081 0)
(0.28386 0.0683624 0)
(0.271072 0.0573375 0)
(0.258479 0.0470815 0)
(0.24613 0.0377739 0)
(0.23433 0.0294253 0)
(0.223369 0.0219177 0)
(0.212891 0.015144 0)
(0.335483 0.106462 0)
(0.34135 0.0994602 0)
(0.341413 0.0920242 0)
(0.338812 0.0843015 0)
(0.335223 0.0763687 0)
(0.330854 0.0684291 0)
(0.325636 0.0606854 0)
(0.319657 0.0532545 0)
(0.313206 0.046218 0)
(0.306189 0.039468 0)
(0.329232 0.093385 0)
(0.337482 0.0898516 0)
(0.341685 0.0855708 0)
(0.343951 0.0808759 0)
(0.345454 0.0758604 0)
(0.346277 0.0706044 0)
(0.346246 0.0652193 0)
(0.345331 0.0598149 0)
(0.343644 0.0544794 0)
(0.341317 0.0493126 0)
(0.318256 0.0794171 0)
(0.325773 0.0774616 0)
(0.330563 0.074944 0)
(0.334124 0.0721097 0)
(0.337275 0.0690028 0)
(0.340033 0.0656431 0)
(0.342218 0.062083 0)
(0.343762 0.058405 0)
(0.344686 0.054645 0)
(0.345103 0.0510085 0)
(0.31086 0.0680538 0)
(0.316801 0.0668367 0)
(0.320892 0.0652135 0)
(0.324179 0.0633558 0)
(0.327267 0.0612847 0)
(0.330171 0.0590036 0)
(0.332748 0.0565402 0)
(0.334931 0.0539514 0)
(0.336716 0.0512453 0)
(0.338144 0.0486162 0)
(0.307235 0.0594106 0)
(0.311723 0.0585803 0)
(0.31495 0.0574325 0)
(0.317617 0.0560996 0)
(0.32017 0.054598 0)
(0.322637 0.052928 0)
(0.324918 0.0511066 0)
(0.326956 0.0491723 0)
(0.32875 0.0471265 0)
(0.330298 0.0451158 0)
(0.305613 0.0527814 0)
(0.309007 0.0521984 0)
(0.311552 0.0513558 0)
(0.313695 0.0503577 0)
(0.315752 0.049219 0)
(0.317753 0.0479398 0)
(0.319634 0.0465314 0)
(0.321353 0.0450207 0)
(0.322908 0.0434092 0)
(0.32429 0.041801 0)
(0.30476 0.0475292 0)
(0.307358 0.047121 0)
(0.309402 0.0464987 0)
(0.311159 0.045741 0)
(0.312845 0.0448621 0)
(0.314484 0.0438621 0)
(0.316036 0.0427492 0)
(0.31747 0.0415424 0)
(0.318785 0.0402444 0)
(0.319971 0.038929 0)
(0.304169 0.0432871 0)
(0.306174 0.0429984 0)
(0.307832 0.0425345 0)
(0.309293 0.0419525 0)
(0.310695 0.0412647 0)
(0.312056 0.0404721 0)
(0.313352 0.0395807 0)
(0.31456 0.0386042 0)
(0.315678 0.0375454 0)
(0.316697 0.0364572 0)
(0.303686 0.0398496 0)
(0.305239 0.0396354 0)
(0.306584 0.0392798 0)
(0.307799 0.0388222 0)
(0.308968 0.0382727 0)
(0.310104 0.0376327 0)
(0.31119 0.036907 0)
(0.312212 0.0361053 0)
(0.313165 0.0352302 0)
(0.314043 0.0343199 0)
(0.303255 0.0370694 0)
(0.304463 0.0368974 0)
(0.305549 0.0366123 0)
(0.306554 0.03624 0)
(0.307524 0.0357881 0)
(0.308469 0.0352586 0)
(0.309376 0.0346549 0)
(0.310236 0.0339843 0)
(0.311045 0.0332489 0)
(0.311796 0.0324763 0)
(0.302843 0.0348278 0)
(0.303784 0.0346773 0)
(0.304658 0.0344362 0)
(0.305482 0.0341208 0)
(0.306282 0.0337368 0)
(0.307062 0.0332861 0)
(0.307814 0.0327714 0)
(0.308532 0.032198 0)
(0.309212 0.0315676 0)
(0.309849 0.0309005 0)
(0.302424 0.0330293 0)
(0.30316 0.0328875 0)
(0.303859 0.0326725 0)
(0.304528 0.0323942 0)
(0.30518 0.0320566 0)
(0.305818 0.0316615 0)
(0.306435 0.031211 0)
(0.307028 0.0307091 0)
(0.307593 0.030157 0)
(0.308126 0.0295699 0)
(0.301983 0.0315977 0)
(0.302556 0.031457 0)
(0.30311 0.0312563 0)
(0.303645 0.0310013 0)
(0.30417 0.0306949 0)
(0.304684 0.0303385 0)
(0.305185 0.0299338 0)
(0.305668 0.0294839 0)
(0.30613 0.0289896 0)
(0.306569 0.0284625 0)
(0.301507 0.0304737 0)
(0.301949 0.0303298 0)
(0.30238 0.0301357 0)
(0.3028 0.0298946 0)
(0.303214 0.0296085 0)
(0.303621 0.0292784 0)
(0.304018 0.0289059 0)
(0.304403 0.028493 0)
(0.304774 0.0280407 0)
(0.305127 0.0275578 0)
(0.300984 0.0296123 0)
(0.301317 0.0294628 0)
(0.301642 0.02927 0)
(0.301962 0.0290361 0)
(0.302278 0.0287622 0)
(0.30259 0.0284492 0)
(0.302896 0.0280983 0)
(0.303194 0.0277111 0)
(0.303482 0.0272883 0)
(0.303758 0.0268371 0)
(0.300398 0.0289788 0)
(0.300635 0.028824 0)
(0.300869 0.0286301 0)
(0.3011 0.0283985 0)
(0.30133 0.0281305 0)
(0.301559 0.0278268 0)
(0.301784 0.0274884 0)
(0.302004 0.0271167 0)
(0.302218 0.0267124 0)
(0.302425 0.0262812 0)
(0.299746 0.0285361 0)
(0.299899 0.0283789 0)
(0.300053 0.0281861 0)
(0.300207 0.0279578 0)
(0.300363 0.0276946 0)
(0.300519 0.0273975 0)
(0.300675 0.0270676 0)
(0.300829 0.0267061 0)
(0.300981 0.0263132 0)
(0.301132 0.0258948 0)
(0.299132 0.0282413 0)
(0.299235 0.0280639 0)
(0.299334 0.0278527 0)
(0.299434 0.0276098 0)
(0.299536 0.0273355 0)
(0.299642 0.0270301 0)
(0.29975 0.0266943 0)
(0.299859 0.0263292 0)
(0.29997 0.0259354 0)
(0.300077 0.0255174 0)
(0.300287 0.000138071 0)
(0.299538 0.00030132 0)
(0.300179 0.000631209 0)
(0.298864 0.000765124 0)
(0.299737 0.00117156 0)
(0.297663 0.00128523 0)
(0.29893 0.00182178 0)
(0.295743 0.00191154 0)
(0.297642 0.00263836 0)
(0.292802 0.00271757 0)
(0.295653 0.00370592 0)
(0.288313 0.00387462 0)
(0.292484 0.00517115 0)
(0.281271 0.00590642 0)
(0.286949 0.00740287 0)
(0.269444 0.0108878 0)
(0.275562 0.0118853 0)
(0.247652 0.0303216 0)
(0.246707 0.0271194 0)
(0.25979 0.180424 0)
(0.300238 0.000153317 0)
(0.299616 0.000358019 0)
(0.3001 0.00070372 0)
(0.298996 0.000901116 0)
(0.299612 0.0013117 0)
(0.297892 0.00152594 0)
(0.298727 0.00203902 0)
(0.296139 0.00230502 0)
(0.297302 0.00294806 0)
(0.293488 0.00335523 0)
(0.295066 0.00412832 0)
(0.289527 0.00493698 0)
(0.291454 0.00573949 0)
(0.283564 0.0077846 0)
(0.285109 0.00819405 0)
(0.274501 0.0145674 0)
(0.272219 0.0128879 0)
(0.263275 0.0385762 0)
(0.243466 0.0232712 0)
(0.292829 0.158404 0)
(0.300183 0.00016378 0)
(0.299701 0.00041961 0)
(0.300013 0.000766803 0)
(0.299142 0.00104383 0)
(0.299477 0.00143579 0)
(0.298145 0.00177731 0)
(0.298513 0.00223006 0)
(0.296574 0.00271554 0)
(0.296948 0.00321529 0)
(0.294237 0.00401916 0)
(0.294463 0.00447918 0)
(0.290854 0.00603755 0)
(0.290404 0.00617009 0)
(0.28606 0.00971387 0)
(0.283304 0.00863619 0)
(0.279745 0.0182442 0)
(0.269849 0.0128183 0)
(0.275427 0.0448256 0)
(0.249314 0.0205641 0)
(0.292026 0.127023 0)
(0.300128 0.000170064 0)
(0.299784 0.000483639 0)
(0.299929 0.000823341 0)
(0.299285 0.00118894 0)
(0.299353 0.00154843 0)
(0.298393 0.00203159 0)
(0.298325 0.00240294 0)
(0.296994 0.00312975 0)
(0.296654 0.00345395 0)
(0.294947 0.00468613 0)
(0.293994 0.00478346 0)
(0.292065 0.00713105 0)
(0.28969 0.00651896 0)
(0.288183 0.0115712 0)
(0.282486 0.0089386 0)
(0.28355 0.0214019 0)
(0.270786 0.012843 0)
(0.281074 0.0474559 0)
(0.262462 0.0216549 0)
(0.28428 0.101077 0)
(0.300079 0.000172688 0)
(0.299856 0.00054929 0)
(0.299857 0.000873792 0)
(0.299413 0.00133454 0)
(0.299256 0.00165085 0)
(0.298612 0.00228474 0)
(0.298193 0.00256099 0)
(0.297358 0.00353891 0)
(0.296475 0.00367276 0)
(0.295537 0.00533588 0)
(0.293771 0.00506495 0)
(0.293002 0.00816519 0)
(0.289523 0.00685711 0)
(0.289635 0.0132049 0)
(0.282948 0.0093368 0)
(0.285621 0.0236159 0)
(0.274327 0.013608 0)
(0.282449 0.0468152 0)
(0.27511 0.0247569 0)
(0.281104 0.0826771 0)
(0.300038 0.000172942 0)
(0.299914 0.000614625 0)
(0.299803 0.000919981 0)
(0.299517 0.00147693 0)
(0.299195 0.00174666 0)
(0.298789 0.00252971 0)
(0.298134 0.00271158 0)
(0.297644 0.00392919 0)
(0.296437 0.00388739 0)
(0.295975 0.00594002 0)
(0.29382 0.00535821 0)
(0.293636 0.0090794 0)
(0.289885 0.00726275 0)
(0.290476 0.0144922 0)
(0.284351 0.00998583 0)
(0.286536 0.024814 0)
(0.278701 0.0149567 0)
(0.282605 0.0445989 0)
(0.283676 0.0276967 0)
(0.283064 0.069631 0)
(0.300007 0.000172217 0)
(0.299955 0.000677356 0)
(0.29977 0.000964158 0)
(0.299595 0.00161209 0)
(0.299174 0.00183995 0)
(0.298922 0.0027592 0)
(0.298146 0.00286228 0)
(0.297855 0.00428746 0)
(0.296527 0.00411188 0)
(0.296282 0.00647525 0)
(0.294092 0.00568855 0)
(0.294043 0.00983582 0)
(0.290602 0.00777411 0)
(0.290961 0.0154038 0)
(0.286141 0.0108704 0)
(0.28704 0.0252285 0)
(0.282635 0.0165429 0)
(0.283245 0.0419817 0)
(0.288568 0.0297728 0)
(0.287083 0.0602514 0)
(0.299987 0.000171698 0)
(0.299981 0.000735558 0)
(0.299756 0.00100813 0)
(0.299649 0.00173673 0)
(0.299187 0.00193371 0)
(0.299019 0.0029678 0)
(0.298217 0.00301788 0)
(0.29801 0.00460533 0)
(0.296712 0.00435328 0)
(0.296504 0.00693054 0)
(0.294505 0.00606299 0)
(0.294337 0.01043 0)
(0.291475 0.00837848 0)
(0.291343 0.0159983 0)
(0.287904 0.0118764 0)
(0.287625 0.0251837 0)
(0.285704 0.0180968 0)
(0.284662 0.0394648 0)
(0.291301 0.0309865 0)
(0.290951 0.0532188 0)
(0.299975 0.00017223 0)
(0.299993 0.000787907 0)
(0.299757 0.00105295 0)
(0.299685 0.00184879 0)
(0.299226 0.0020293 0)
(0.299091 0.00315264 0)
(0.298328 0.00317973 0)
(0.298133 0.00487987 0)
(0.296953 0.00461121 0)
(0.296692 0.00730691 0)
(0.294978 0.00647233 0)
(0.294613 0.0108831 0)
(0.292358 0.00903452 0)
(0.291778 0.0163661 0)
(0.289454 0.0129005 0)
(0.288452 0.0249053 0)
(0.288002 0.0194724 0)
(0.286522 0.0371792 0)
(0.293012 0.0315641 0)
(0.293948 0.0477242 0)
(0.29997 0.000174266 0)
(0.299997 0.000833722 0)
(0.299768 0.00109885 0)
(0.29971 0.00194737 0)
(0.299281 0.00212654 0)
(0.299152 0.00331314 0)
(0.298462 0.00334622 0)
(0.298247 0.00511258 0)
(0.297219 0.00487981 0)
(0.296882 0.00761328 0)
(0.295462 0.00689894 0)
(0.294924 0.0112252 0)
(0.293185 0.00970085 0)
(0.292319 0.0165829 0)
(0.290771 0.013877 0)
(0.289478 0.0245176 0)
(0.289774 0.0206214 0)
(0.288459 0.0351377 0)
(0.294258 0.0317134 0)
(0.296102 0.043364 0)
(0.299969 0.000177889 0)
(0.299997 0.000872887 0)
(0.299786 0.0011454 0)
(0.299731 0.0020326 0)
(0.299344 0.00222406 0)
(0.299211 0.00345044 0)
(0.298605 0.0035138 0)
(0.298366 0.00530759 0)
(0.297491 0.00515062 0)
(0.297095 0.00786127 0)
(0.29593 0.00732494 0)
(0.295289 0.0114837 0)
(0.293942 0.010347 0)
(0.292954 0.0167011 0)
(0.291906 0.0147702 0)
(0.290598 0.0240862 0)
(0.29122 0.021547 0)
(0.290263 0.033339 0)
(0.295247 0.031576 0)
(0.29761 0.0399041 0)
(0.299971 0.000182902 0)
(0.299994 0.000905702 0)
(0.299807 0.00119171 0)
(0.299751 0.00210524 0)
(0.299412 0.00231982 0)
(0.299273 0.00356657 0)
(0.298751 0.00367814 0)
(0.298497 0.00546979 0)
(0.297759 0.00541522 0)
(0.297334 0.0080616 0)
(0.296378 0.00773588 0)
(0.295702 0.0116794 0)
(0.294642 0.010953 0)
(0.293649 0.0167552 0)
(0.292917 0.0155641 0)
(0.291728 0.0236502 0)
(0.29246 0.0222718 0)
(0.29186 0.0317832 0)
(0.296051 0.0312479 0)
(0.298636 0.0371593 0)
(0.299974 0.00018893 0)
(0.299991 0.000932718 0)
(0.299829 0.00123662 0)
(0.299773 0.00216634 0)
(0.29948 0.00241153 0)
(0.299341 0.0036638 0)
(0.298897 0.003835 0)
(0.298642 0.00560381 0)
(0.298022 0.00566642 0)
(0.297598 0.00822303 0)
(0.296811 0.00812104 0)
(0.296149 0.0118277 0)
(0.295302 0.0115067 0)
(0.294372 0.0167686 0)
(0.293845 0.0162544 0)
(0.292822 0.0232365 0)
(0.293552 0.0228228 0)
(0.293246 0.0304671 0)
(0.296706 0.0308007 0)
(0.299296 0.0349791 0)
(0.299977 0.000195514 0)
(0.299989 0.000954584 0)
(0.299851 0.00127896 0)
(0.299797 0.00221706 0)
(0.299549 0.002497 0)
(0.299415 0.00374428 0)
(0.299042 0.00398064 0)
(0.298799 0.00571355 0)
(0.298282 0.00589839 0)
(0.297882 0.00835243 0)
(0.297233 0.00847268 0)
(0.296619 0.0119399 0)
(0.295937 0.012001 0)
(0.295101 0.0167583 0)
(0.294713 0.0168426 0)
(0.293859 0.0228641 0)
(0.294527 0.0232277 0)
(0.294435 0.0293806 0)
(0.297239 0.0302928 0)
(0.299678 0.0332485 0)
(0.299981 0.000202184 0)
(0.299988 0.000971953 0)
(0.299874 0.00131757 0)
(0.299823 0.00225845 0)
(0.299617 0.00257424 0)
(0.299495 0.00380987 0)
(0.299186 0.00411186 0)
(0.298965 0.00580227 0)
(0.29854 0.0061065 0)
(0.298178 0.00845521 0)
(0.297649 0.00878526 0)
(0.2971 0.0120246 0)
(0.296553 0.0124319 0)
(0.295824 0.0167368 0)
(0.295533 0.0173337 0)
(0.294833 0.0225457 0)
(0.295405 0.0235142 0)
(0.295451 0.0285072 0)
(0.297672 0.0297739 0)
(0.299851 0.0318818 0)
(0.299984 0.000208504 0)
(0.299989 0.000985427 0)
(0.299897 0.00135147 0)
(0.299852 0.00229145 0)
(0.299686 0.00264154 0)
(0.29958 0.00386217 0)
(0.299331 0.00422598 0)
(0.299139 0.00587261 0)
(0.298797 0.00628705 0)
(0.298483 0.00853569 0)
(0.29806 0.00905467 0)
(0.297587 0.0120886 0)
(0.297153 0.0127976 0)
(0.296535 0.0167136 0)
(0.296311 0.0177345 0)
(0.295745 0.0222881 0)
(0.296199 0.0237099 0)
(0.296312 0.0278268 0)
(0.298019 0.0292858 0)
(0.299864 0.030816 0)
(0.299988 0.000214089 0)
(0.29999 0.000995536 0)
(0.29992 0.00137977 0)
(0.299882 0.00231688 0)
(0.299755 0.00269749 0)
(0.299667 0.00390259 0)
(0.299475 0.00432087 0)
(0.299316 0.00592695 0)
(0.299053 0.00643718 0)
(0.298791 0.00859768 0)
(0.298464 0.00927798 0)
(0.298071 0.0121375 0)
(0.297735 0.0130974 0)
(0.297224 0.0166955 0)
(0.297045 0.0180532 0)
(0.29659 0.0220939 0)
(0.296915 0.0238409 0)
(0.297033 0.0273188 0)
(0.298283 0.0288615 0)
(0.29975 0.0300044 0)
(0.299991 0.000218613 0)
(0.299992 0.00100273 0)
(0.299942 0.00140187 0)
(0.299914 0.00233558 0)
(0.299823 0.00274126 0)
(0.299754 0.00393277 0)
(0.299617 0.00439552 0)
(0.299491 0.00596813 0)
(0.2993 0.00655579 0)
(0.299091 0.00864568 0)
(0.298852 0.00945461 0)
(0.298536 0.0121778 0)
(0.298284 0.0133335 0)
(0.297873 0.0166898 0)
(0.297721 0.0182997 0)
(0.297352 0.0219646 0)
(0.297542 0.023932 0)
(0.297615 0.0269651 0)
(0.298453 0.0285263 0)
(0.299521 0.029408 0)
(0.299994 0.00022181 0)
(0.299996 0.00100728 0)
(0.299964 0.00141747 0)
(0.299945 0.00234843 0)
(0.299887 0.00277302 0)
(0.299837 0.00395471 0)
(0.299747 0.00445085 0)
(0.299651 0.00599983 0)
(0.299525 0.00664497 0)
(0.299362 0.00868559 0)
(0.299199 0.00958859 0)
(0.29895 0.0122178 0)
(0.298767 0.0135137 0)
(0.298439 0.0167062 0)
(0.2983 0.0184894 0)
(0.297989 0.0219058 0)
(0.298042 0.0240087 0)
(0.298032 0.0267543 0)
(0.298499 0.0282982 0)
(0.299175 0.028996 0)
(0.299996 0.00022355 0)
(0.3 0.00100941 0)
(0.299981 0.0014264 0)
(0.29997 0.00235571 0)
(0.299935 0.0027924 0)
(0.299899 0.00396859 0)
(0.299843 0.00448613 0)
(0.299768 0.00602184 0)
(0.299686 0.00670353 0)
(0.299555 0.00871648 0)
(0.299444 0.00967859 0)
(0.299239 0.0122554 0)
(0.299103 0.0136378 0)
(0.298825 0.0167401 0)
(0.298687 0.0186261 0)
(0.2984 0.021908 0)
(0.298336 0.0240809 0)
(0.298231 0.0266704 0)
(0.298404 0.0281784 0)
(0.298759 0.0287691 0)
(0.30031 -9.88055e-06 0)
(0.2995 0.00018932 0)
(0.300213 9.10215e-05 0)
(0.298782 0.000362946 0)
(0.299774 0.000194916 0)
(0.297503 0.000557897 0)
(0.298984 0.000267198 0)
(0.29546 0.000747701 0)
(0.297752 0.000274823 0)
(0.29232 0.000885713 0)
(0.295896 0.000152402 0)
(0.287502 0.000828487 0)
(0.292998 -0.000219178 0)
(0.279865 0.000107381 0)
(0.287884 -0.00114977 0)
(0.266889 -0.00310361 0)
(0.27659 -0.0038784 0)
(0.241314 -0.0187156 0)
(0.240552 -0.0232216 0)
(0.17715 -0.129469 0)
(0.300325 3.48957e-06 0)
(0.299477 0.000200517 0)
(0.300236 0.000141979 0)
(0.298748 0.000402391 0)
(0.299814 0.000286458 0)
(0.297447 0.000628282 0)
(0.299051 0.000412747 0)
(0.295366 0.000859308 0)
(0.297859 0.000496569 0)
(0.292159 0.00105893 0)
(0.296063 0.000491474 0)
(0.287224 0.00111068 0)
(0.293236 0.00028873 0)
(0.279395 0.00062276 0)
(0.288117 -0.000340191 0)
(0.266091 -0.00188969 0)
(0.276081 -0.00240529 0)
(0.239529 -0.0148073 0)
(0.231613 -0.017889 0)
(0.165588 -0.097945 0)
(0.300335 1.76725e-05 0)
(0.29946 0.000210025 0)
(0.300254 0.000194758 0)
(0.298723 0.000438886 0)
(0.299846 0.000381294 0)
(0.297405 0.000693962 0)
(0.299103 0.000563738 0)
(0.295295 0.000963422 0)
(0.297943 0.000726718 0)
(0.292038 0.00122096 0)
(0.296191 0.000838318 0)
(0.287019 0.00137686 0)
(0.293411 0.000817652 0)
(0.279062 0.00113016 0)
(0.288248 0.000511066 0)
(0.265602 -0.000654916 0)
(0.275391 -0.000832786 0)
(0.238855 -0.0103086 0)
(0.223668 -0.0122111 0)
(0.159414 -0.0673864 0)
(0.300343 3.21683e-05 0)
(0.299448 0.000219447 0)
(0.300266 0.000247411 0)
(0.298705 0.000475024 0)
(0.299869 0.000476214 0)
(0.297377 0.000759292 0)
(0.299142 0.000714975 0)
(0.295249 0.00106728 0)
(0.298004 0.000957272 0)
(0.291959 0.00138323 0)
(0.296281 0.00118525 0)
(0.286887 0.00164623 0)
(0.293525 0.00134814 0)
(0.278857 0.00165289 0)
(0.288304 0.00135053 0)
(0.265348 0.000659423 0)
(0.274754 0.000705635 0)
(0.238675 -0.0052912 0)
(0.217978 -0.0064963 0)
(0.155728 -0.0381446 0)
(0.300347 4.69102e-05 0)
(0.299441 0.000228722 0)
(0.300273 0.000300107 0)
(0.298697 0.000510828 0)
(0.299882 0.000571291 0)
(0.297365 0.000824229 0)
(0.299164 0.000866563 0)
(0.295229 0.00117073 0)
(0.298039 0.00118851 0)
(0.291925 0.00154538 0)
(0.296331 0.00153372 0)
(0.286829 0.00191734 0)
(0.293583 0.00187936 0)
(0.278771 0.00218454 0)
(0.288313 0.002185 0)
(0.265263 0.00203007 0)
(0.27435 0.0022221 0)
(0.238651 9.17585e-06 0)
(0.215101 -0.000530802 0)
(0.153994 -0.00954149 0)
(0.300347 6.17658e-05 0)
(0.299441 0.000237857 0)
(0.300274 0.000352809 0)
(0.298698 0.000546328 0)
(0.299886 0.000666392 0)
(0.297368 0.000888779 0)
(0.299171 0.00101825 0)
(0.295235 0.00127375 0)
(0.298048 0.00141998 0)
(0.291936 0.00170728 0)
(0.29634 0.00188271 0)
(0.286846 0.00218904 0)
(0.293584 0.00241034 0)
(0.278798 0.00272004 0)
(0.28829 0.00301739 0)
(0.265308 0.00341979 0)
(0.274273 0.00373577 0)
(0.238644 0.00538883 0)
(0.215224 0.0055432 0)
(0.15408 0.0188871 0)
(0.300344 7.65541e-05 0)
(0.299446 0.000247017 0)
(0.30027 0.000405271 0)
(0.298708 0.000581771 0)
(0.29988 0.00076107 0)
(0.297387 0.000953331 0)
(0.299162 0.00116927 0)
(0.295268 0.00137695 0)
(0.298031 0.00165041 0)
(0.291992 0.00186974 0)
(0.296308 0.00223018 0)
(0.286937 0.00246178 0)
(0.293529 0.00293911 0)
(0.27894 0.003256 0)
(0.288236 0.00384899 0)
(0.265484 0.0047977 0)
(0.274519 0.00526107 0)
(0.238666 0.0106579 0)
(0.2183 0.0114975 0)
(0.155968 0.0475567 0)
(0.300337 9.11391e-05 0)
(0.299457 0.000256279 0)
(0.300259 0.00045737 0)
(0.298727 0.000617281 0)
(0.299864 0.000855059 0)
(0.297422 0.00101806 0)
(0.299137 0.00131919 0)
(0.295328 0.00148059 0)
(0.297989 0.00187912 0)
(0.292093 0.00203295 0)
(0.296235 0.00257514 0)
(0.287103 0.002735 0)
(0.293415 0.00346518 0)
(0.279203 0.00378732 0)
(0.288132 0.00468327 0)
(0.26583 0.00613269 0)
(0.274986 0.00681297 0)
(0.238881 0.0156208 0)
(0.224023 0.0171898 0)
(0.159743 0.0769202 0)
(0.300327 0.000105421 0)
(0.299473 0.0002657 0)
(0.300243 0.000508994 0)
(0.298755 0.000652995 0)
(0.299839 0.000948096 0)
(0.297471 0.00108316 0)
(0.299096 0.00146756 0)
(0.295413 0.00158492 0)
(0.297921 0.00210536 0)
(0.292238 0.0021972 0)
(0.296121 0.00291648 0)
(0.287345 0.00300855 0)
(0.293239 0.00398702 0)
(0.279597 0.004311 0)
(0.287951 0.00551902 0)
(0.266414 0.0074045 0)
(0.275486 0.00838995 0)
(0.239646 0.0200848 0)
(0.231611 0.0226622 0)
(0.165865 0.107261 0)
(0.300314 0.000118897 0)
(0.299494 0.000276418 0)
(0.300222 0.000558499 0)
(0.298791 0.000690798 0)
(0.299806 0.00103761 0)
(0.297535 0.00115178 0)
(0.299042 0.00161002 0)
(0.295523 0.00169526 0)
(0.29783 0.00232169 0)
(0.292424 0.00237156 0)
(0.295969 0.0032411 0)
(0.287663 0.00329814 0)
(0.292997 0.00448105 0)
(0.280133 0.00485385 0)
(0.287661 0.00631175 0)
(0.267316 0.00865359 0)
(0.27578 0.00988882 0)
(0.241553 0.0240185 0)
(0.239314 0.0273399 0)
(0.177272 0.13691 0)
)
;

boundaryField
{
    inlet
    {
        type            fixedValue;
        value           uniform (0.3 0 0);
    }
    outlet
    {
        type            zeroGradient;
    }
    upAndBottom
    {
        type            empty;
    }
    obstacle
    {
        type            noSlip;
    }
}


// ************************************************************************* //
