/*--------------------------------*- C++ -*----------------------------------*\
| =========                 |                                                 |
| \\      /  F ield         | OpenFOAM: The Open Source CFD Toolbox           |
|  \\    /   O peration     | Version:  v1806                                 |
|   \\  /    A nd           | Web:      www.OpenFOAM.com                      |
|    \\/     M anipulation  |                                                 |
\*---------------------------------------------------------------------------*/
FoamFile
{
    version     2.0;
    format      ascii;
    class       volVectorField;
    location    "340";
    object      U;
}
// * * * * * * * * * * * * * * * * * * * * * * * * * * * * * * * * * * * * * //

dimensions      [0 1 -1 0 0 0 0];


internalField   nonuniform List<vector> 
2400
(
(0.3 -0.000969099 0)
(0.300003 -0.00290577 0)
(0.300008 -0.00483688 0)
(0.300017 -0.00675799 0)
(0.300032 -0.00866405 0)
(0.300053 -0.0105489 0)
(0.300082 -0.0124052 0)
(0.300121 -0.0142237 0)
(0.300174 -0.0159937 0)
(0.300241 -0.0177024 0)
(0.300327 -0.0193354 0)
(0.300435 -0.0208767 0)
(0.300568 -0.0223084 0)
(0.300729 -0.0236124 0)
(0.30092 -0.0247694 0)
(0.301143 -0.0257612 0)
(0.301401 -0.0265701 0)
(0.301693 -0.0271815 0)
(0.302019 -0.0275821 0)
(0.302376 -0.0277653 0)
(0.3 -0.000971074 0)
(0.300006 -0.00291192 0)
(0.300019 -0.00484797 0)
(0.300039 -0.00677532 0)
(0.300068 -0.00868933 0)
(0.300109 -0.0105844 0)
(0.300163 -0.0124534 0)
(0.300236 -0.0142879 0)
(0.300331 -0.0160773 0)
(0.300451 -0.0178095 0)
(0.300601 -0.01947 0)
(0.300786 -0.0210429 0)
(0.30101 -0.0225104 0)
(0.301275 -0.0238537 0)
(0.301585 -0.0250529 0)
(0.301941 -0.0260888 0)
(0.302343 -0.0269422 0)
(0.302788 -0.0275973 0)
(0.303273 -0.0280387 0)
(0.303791 -0.028259 0)
(0.300001 -0.000974808 0)
(0.30001 -0.00292341 0)
(0.300029 -0.00486829 0)
(0.300059 -0.00680629 0)
(0.300103 -0.00873356 0)
(0.300165 -0.0106452 0)
(0.300248 -0.0125348 0)
(0.300358 -0.0143943 0)
(0.300499 -0.0162139 0)
(0.30068 -0.0179814 0)
(0.300905 -0.0196827 0)
(0.30118 -0.0213014 0)
(0.301512 -0.0228191 0)
(0.301904 -0.0242159 0)
(0.302361 -0.0254705 0)
(0.302882 -0.0265617 0)
(0.303466 -0.027468 0)
(0.304108 -0.0281711 0)
(0.304801 -0.0286531 0)
(0.305535 -0.0289039 0)
(0.300001 -0.000979913 0)
(0.300012 -0.00293914 0)
(0.300036 -0.00489605 0)
(0.300075 -0.00684861 0)
(0.300131 -0.00879404 0)
(0.300209 -0.0107284 0)
(0.300316 -0.0126463 0)
(0.300459 -0.0145405 0)
(0.300644 -0.0164015 0)
(0.300881 -0.0182179 0)
(0.301177 -0.0199751 0)
(0.301542 -0.0216566 0)
(0.301982 -0.0232429 0)
(0.302505 -0.0247124 0)
(0.303113 -0.0260416 0)
(0.303808 -0.0272064 0)
(0.304587 -0.0281821 0)
(0.305444 -0.0289466 0)
(0.306366 -0.0294785 0)
(0.30734 -0.0297647 0)
(0.300001 -0.000985829 0)
(0.300014 -0.00295741 0)
(0.30004 -0.00492856 0)
(0.300083 -0.0068987 0)
(0.300146 -0.00886645 0)
(0.300236 -0.0108293 0)
(0.30036 -0.0127829 0)
(0.300528 -0.0147212 0)
(0.300748 -0.0166356 0)
(0.301033 -0.0185151 0)
(0.301394 -0.0203454 0)
(0.301841 -0.0221091 0)
(0.302385 -0.0237855 0)
(0.303034 -0.025351 0)
(0.303795 -0.0267789 0)
(0.304669 -0.0280413 0)
(0.305652 -0.0291086 0)
(0.306737 -0.029954 0)
(0.307906 -0.0305504 0)
(0.309141 -0.0308809 0)
(0.300001 -0.00099184 0)
(0.300013 -0.0029761 0)
(0.300039 -0.0049623 0)
(0.300081 -0.00695168 0)
(0.300145 -0.00894462 0)
(0.300239 -0.0109403 0)
(0.300371 -0.0129361 0)
(0.300554 -0.0149274 0)
(0.300799 -0.0169067 0)
(0.30112 -0.0188638 0)
(0.301534 -0.0207847 0)
(0.302053 -0.0226515 0)
(0.302693 -0.0244419 0)
(0.303465 -0.0261298 0)
(0.304377 -0.0276844 0)
(0.305433 -0.0290728 0)
(0.30663 -0.0302589 0)
(0.307957 -0.0312092 0)
(0.309395 -0.0318888 0)
(0.310917 -0.0322753 0)
(0.300001 -0.000997059 0)
(0.300011 -0.00299255 0)
(0.300032 -0.00499282 0)
(0.300068 -0.00700134 0)
(0.300125 -0.00902059 0)
(0.300212 -0.011052 0)
(0.300341 -0.0130949 0)
(0.300525 -0.0151468 0)
(0.300781 -0.0172016 0)
(0.301124 -0.0192508 0)
(0.301576 -0.0212804 0)
(0.302154 -0.0232729 0)
(0.302877 -0.0252037 0)
(0.303763 -0.0270444 0)
(0.304823 -0.0287588 0)
(0.306065 -0.0303078 0)
(0.307486 -0.0316468 0)
(0.309076 -0.0327325 0)
(0.31081 -0.0335201 0)
(0.312653 -0.0339783 0)
(0.3 -0.00100041 0)
(0.300006 -0.00300354 0)
(0.300018 -0.00501472 0)
(0.30004 -0.0070401 0)
(0.300081 -0.00908461 0)
(0.30015 -0.0111526 0)
(0.300262 -0.0132455 0)
(0.300432 -0.015364 0)
(0.300679 -0.0175036 0)
(0.301025 -0.0196589 0)
(0.301495 -0.0218156 0)
(0.302112 -0.0239582 0)
(0.302903 -0.0260589 0)
(0.30389 -0.028088 0)
(0.305092 -0.0300018 0)
(0.306522 -0.0317545 0)
(0.30818 -0.0332897 0)
(0.310056 -0.0345509 0)
(0.31212 -0.03548 0)
(0.314329 -0.0360315 0)
(0.3 -0.00100063 0)
(0.299998 -0.00300526 0)
(0.299995 -0.00502162 0)
(0.299997 -0.00705898 0)
(0.30001 -0.009125 0)
(0.300047 -0.0112276 0)
(0.300124 -0.0133708 0)
(0.300259 -0.0155597 0)
(0.300476 -0.0177914 0)
(0.300801 -0.0200657 0)
(0.301262 -0.0223675 0)
(0.301894 -0.0246867 0)
(0.302728 -0.0269894 0)
(0.303797 -0.0292493 0)
(0.305131 -0.0314098 0)
(0.306747 -0.0334209 0)
(0.308656 -0.0352081 0)
(0.310846 -0.0366985 0)
(0.313285 -0.0378156 0)
(0.315919 -0.0384898 0)
(0.299999 -0.000996282 0)
(0.299987 -0.00299341 0)
(0.299964 -0.00500628 0)
(0.299934 -0.00704766 0)
(0.299907 -0.0091282 0)
(0.299896 -0.0112602 0)
(0.299918 -0.0134505 0)
(0.299996 -0.0157104 0)
(0.300154 -0.0180382 0)
(0.300427 -0.0204429 0)
(0.300847 -0.0229059 0)
(0.301458 -0.0254301 0)
(0.302304 -0.0279689 0)
(0.303427 -0.0305109 0)
(0.304872 -0.0329729 0)
(0.306668 -0.0353145 0)
(0.30884 -0.0374247 0)
(0.311376 -0.0392183 0)
(0.314247 -0.0405888 0)
(0.317385 -0.0414265 0)
(0.299999 -0.000985811 0)
(0.299973 -0.00296325 0)
(0.299922 -0.00496064 0)
(0.299852 -0.0069946 0)
(0.29977 -0.00907884 0)
(0.299693 -0.0112311 0)
(0.299638 -0.0134608 0)
(0.29963 -0.0157879 0)
(0.299697 -0.018211 0)
(0.299879 -0.0207542 0)
(0.300216 -0.0233908 0)
(0.300762 -0.0261504 0)
(0.301572 -0.0289581 0)
(0.302707 -0.0318459 0)
(0.304232 -0.0346696 0)
(0.306188 -0.0374413 0)
(0.308634 -0.0399603 0)
(0.311549 -0.0421661 0)
(0.314929 -0.04388 0)
(0.318675 -0.0449406 0)
(0.299998 -0.00096756 0)
(0.299955 -0.00290978 0)
(0.299871 -0.00487614 0)
(0.299748 -0.00688734 0)
(0.299597 -0.00896013 0)
(0.299434 -0.0111185 0)
(0.299276 -0.0133743 0)
(0.29915 -0.0157591 0)
(0.299087 -0.01827 0)
(0.299133 -0.0209547 0)
(0.299333 -0.0237702 0)
(0.299755 -0.0267959 0)
(0.300468 -0.0298998 0)
(0.301554 -0.0332145 0)
(0.303108 -0.0364574 0)
(0.305186 -0.0398059 0)
(0.307909 -0.0428249 0)
(0.311229 -0.0456209 0)
(0.315224 -0.0477894 0)
(0.319709 -0.0491707 0)
(0.299997 -0.000939867 0)
(0.299934 -0.00282791 0)
(0.299808 -0.00474405 0)
(0.299624 -0.00671298 0)
(0.299389 -0.00875438 0)
(0.299118 -0.010899 0)
(0.29883 -0.013161 0)
(0.298552 -0.0155863 0)
(0.298316 -0.0181685 0)
(0.29817 -0.0209892 0)
(0.298167 -0.0239779 0)
(0.298391 -0.0272976 0)
(0.29892 -0.0307131 0)
(0.299869 -0.0345568 0)
(0.301369 -0.0382592 0)
(0.303502 -0.0424116 0)
(0.306492 -0.0459949 0)
(0.310221 -0.0497105 0)
(0.314989 -0.0524291 0)
(0.320364 -0.0543327 0)
(0.299995 -0.000901156 0)
(0.299909 -0.00271279 0)
(0.299737 -0.00455597 0)
(0.29948 -0.00645888 0)
(0.299146 -0.00844398 0)
(0.298748 -0.0105487 0)
(0.298303 -0.0127895 0)
(0.297835 -0.0152279 0)
(0.297378 -0.0178543 0)
(0.296978 -0.020791 0)
(0.296697 -0.0239334 0)
(0.296622 -0.027562 0)
(0.296859 -0.0312877 0)
(0.297546 -0.0357786 0)
(0.298865 -0.039948 0)
(0.300935 -0.0452513 0)
(0.304139 -0.0493699 0)
(0.30824 -0.0546587 0)
(0.314033 -0.0578787 0)
(0.32042 -0.0608364 0)
(0.299994 -0.000850072 0)
(0.299882 -0.00256024 0)
(0.299658 -0.00430452 0)
(0.299319 -0.00611368 0)
(0.298875 -0.00801268 0)
(0.29833 -0.0100443 0)
(0.297705 -0.0122285 0)
(0.297008 -0.0146406 0)
(0.296286 -0.0172709 0)
(0.295557 -0.020283 0)
(0.294918 -0.0235427 0)
(0.294415 -0.0274644 0)
(0.294232 -0.0314829 0)
(0.294463 -0.0367234 0)
(0.295426 -0.0413443 0)
(0.297234 -0.0482664 0)
(0.300501 -0.0527296 0)
(0.304887 -0.0608249 0)
(0.312035 -0.064043 0)
(0.319443 -0.0695735 0)
(0.299993 -0.000785624 0)
(0.299853 -0.00236717 0)
(0.299574 -0.00398412 0)
(0.299147 -0.00566847 0)
(0.298584 -0.00744716 0)
(0.297877 -0.0093662 0)
(0.297053 -0.0114498 0)
(0.296092 -0.0137828 0)
(0.295065 -0.016362 0)
(0.293929 -0.0193813 0)
(0.292856 -0.0227005 0)
(0.291758 -0.0268452 0)
(0.291023 -0.0311279 0)
(0.290494 -0.0371301 0)
(0.290912 -0.0422281 0)
(0.292061 -0.0512278 0)
(0.29513 -0.0557842 0)
(0.299639 -0.0686175 0)
(0.308227 -0.0704143 0)
(0.316715 -0.0823691 0)
(0.299991 -0.000707344 0)
(0.299823 -0.00213207 0)
(0.299488 -0.00359181 0)
(0.298972 -0.00511816 0)
(0.298286 -0.006739 0)
(0.297409 -0.00850072 0)
(0.296374 -0.0104319 0)
(0.295125 -0.0126205 0)
(0.293762 -0.0150763 0)
(0.292148 -0.0180046 0)
(0.290572 -0.0212951 0)
(0.288692 -0.0255191 0)
(0.287279 -0.0300141 0)
(0.285533 -0.0366088 0)
(0.285254 -0.0423289 0)
(0.284903 -0.0535101 0)
(0.287656 -0.0584047 0)
(0.29165 -0.0780526 0)
(0.301008 -0.0761474 0)
(0.311795 -0.102296 0)
(0.29999 -0.000615438 0)
(0.299795 -0.00185537 0)
(0.299405 -0.00312797 0)
(0.298802 -0.00446267 0)
(0.297996 -0.00588657 0)
(0.296952 -0.00744322 0)
(0.295705 -0.0091641 0)
(0.29416 -0.0111334 0)
(0.292444 -0.0133759 0)
(0.290311 -0.0160882 0)
(0.288169 -0.0192168 0)
(0.285353 -0.0233048 0)
(0.28311 -0.0278773 0)
(0.279632 -0.034682 0)
(0.278465 -0.0412108 0)
(0.275098 -0.053946 0)
(0.277962 -0.0606799 0)
(0.278812 -0.0877029 0)
(0.289256 -0.081767 0)
(0.305325 -0.133922 0)
(0.299989 -0.000511152 0)
(0.29977 -0.00154003 0)
(0.299331 -0.00259738 0)
(0.29865 -0.00370836 0)
(0.297733 -0.00489754 0)
(0.296536 -0.00620136 0)
(0.295088 -0.00765256 0)
(0.293267 -0.00932288 0)
(0.291198 -0.0112505 0)
(0.288562 -0.013603 0)
(0.285796 -0.016389 0)
(0.282018 -0.0200671 0)
(0.278698 -0.0244237 0)
(0.273221 -0.0308938 0)
(0.270517 -0.0380583 0)
(0.262622 -0.0511211 0)
(0.265292 -0.0618737 0)
(0.257213 -0.0935477 0)
(0.275435 -0.0941771 0)
(0.292763 -0.184443 0)
(0.299988 -0.000397537 0)
(0.29975 -0.00119289 0)
(0.299271 -0.00201135 0)
(0.298525 -0.00287107 0)
(0.297517 -0.00379274 0)
(0.296193 -0.00480055 0)
(0.294572 -0.00592876 0)
(0.29252 -0.00722443 0)
(0.290129 -0.00873992 0)
(0.287068 -0.0105862 0)
(0.283672 -0.0128335 0)
(0.279066 -0.0157961 0)
(0.274414 -0.0195071 0)
(0.267178 -0.0249816 0)
(0.261541 -0.0318728 0)
(0.249269 -0.0438446 0)
(0.24668 -0.0582806 0)
(0.225047 -0.0905841 0)
(0.249136 -0.121821 0)
(0.241623 -0.242497 0)
(0.302798 -0.0277215 0)
(0.303294 -0.0273608 0)
(0.303816 -0.0266884 0)
(0.304353 -0.0257391 0)
(0.304894 -0.0245244 0)
(0.305427 -0.0231094 0)
(0.305946 -0.0214932 0)
(0.306439 -0.0197756 0)
(0.30691 -0.0179086 0)
(0.307339 -0.016055 0)
(0.304389 -0.0282472 0)
(0.305064 -0.0279096 0)
(0.305746 -0.027249 0)
(0.306416 -0.0263015 0)
(0.307059 -0.0250766 0)
(0.30766 -0.0236437 0)
(0.308212 -0.0219988 0)
(0.308706 -0.0202511 0)
(0.309144 -0.0183436 0)
(0.309518 -0.0164608 0)
(0.30637 -0.028914 0)
(0.307299 -0.0285843 0)
(0.308217 -0.0279114 0)
(0.309098 -0.0269359 0)
(0.309917 -0.0256663 0)
(0.310657 -0.0241815 0)
(0.311306 -0.022474 0)
(0.31186 -0.0206657 0)
(0.312317 -0.0186902 0)
(0.312678 -0.0167468 0)
(0.308444 -0.0297946 0)
(0.309661 -0.0294612 0)
(0.310852 -0.0287558 0)
(0.311981 -0.0277262 0)
(0.313011 -0.0263803 0)
(0.313924 -0.0248115 0)
(0.314702 -0.0230068 0)
(0.315345 -0.0211082 0)
(0.315853 -0.0190307 0)
(0.316228 -0.017007 0)
(0.310539 -0.0309321 0)
(0.312075 -0.0305864 0)
(0.313568 -0.029829 0)
(0.314971 -0.0287191 0)
(0.316234 -0.0272639 0)
(0.317335 -0.0255784 0)
(0.318255 -0.0236403 0)
(0.318998 -0.021621 0)
(0.319564 -0.019407 0)
(0.319962 -0.0172801 0)
(0.312641 -0.0323508 0)
(0.314532 -0.0319836 0)
(0.316361 -0.0311513 0)
(0.318064 -0.0299298 0)
(0.319577 -0.0283266 0)
(0.320878 -0.0264872 0)
(0.321943 -0.0243758 0)
(0.322787 -0.0222035 0)
(0.323408 -0.019816 0)
(0.323826 -0.0175624 0)
(0.314744 -0.0340832 0)
(0.317038 -0.0336837 0)
(0.319244 -0.0327474 0)
(0.32128 -0.0313752 0)
(0.323062 -0.0295773 0)
(0.32457 -0.0275414 0)
(0.32578 -0.0252115 0)
(0.326722 -0.0228519 0)
(0.327389 -0.0202499 0)
(0.327818 -0.0178468 0)
(0.316843 -0.0361738 0)
(0.319602 -0.0357282 0)
(0.322241 -0.0346491 0)
(0.324649 -0.0330759 0)
(0.326718 -0.0310261 0)
(0.32844 -0.0287444 0)
(0.329789 -0.0261443 0)
(0.330821 -0.0235603 0)
(0.331519 -0.0206981 0)
(0.331945 -0.018124 0)
(0.31893 -0.0386823 0)
(0.322239 -0.0381711 0)
(0.325381 -0.0368952 0)
(0.328206 -0.0350544 0)
(0.33058 -0.0326821 0)
(0.332517 -0.0300968 0)
(0.333996 -0.0271673 0)
(0.335104 -0.0243193 0)
(0.335814 -0.021146 0)
(0.336218 -0.0183808 0)
(0.320994 -0.0416909 0)
(0.324969 -0.0410827 0)
(0.328709 -0.039531 0)
(0.332 -0.0373325 0)
(0.334692 -0.0345513 0)
(0.336836 -0.0315949 0)
(0.338427 -0.028269 0)
(0.33959 -0.0251144 0)
(0.340283 -0.0215738 0)
(0.340638 -0.0185993 0)
(0.323022 -0.0453163 0)
(0.327829 -0.0445552 0)
(0.332288 -0.0426081 0)
(0.336092 -0.0399295 0)
(0.339104 -0.0366348 0)
(0.341434 -0.033227 0)
(0.343108 -0.0294298 0)
(0.344288 -0.0259223 0)
(0.344919 -0.0219524 0)
(0.345175 -0.0187509 0)
(0.325 -0.0497267 0)
(0.330886 -0.0487056 0)
(0.336218 -0.046184 0)
(0.340568 -0.0428634 0)
(0.343883 -0.0389286 0)
(0.346346 -0.0349682 0)
(0.348043 -0.0306155 0)
(0.349151 -0.0266993 0)
(0.349633 -0.0222326 0)
(0.349677 -0.0187796 0)
(0.326925 -0.0551622 0)
(0.334267 -0.0536705 0)
(0.340655 -0.0503198 0)
(0.345541 -0.0461522 0)
(0.349094 -0.0414174 0)
(0.351538 -0.0367645 0)
(0.353104 -0.031756 0)
(0.353907 -0.027351 0)
(0.354036 -0.0223126 0)
(0.353597 -0.0185602 0)
(0.328851 -0.0619634 0)
(0.338226 -0.0595743 0)
(0.345828 -0.0550488 0)
(0.351096 -0.0497619 0)
(0.354623 -0.0439984 0)
(0.356605 -0.0384466 0)
(0.357594 -0.0326534 0)
(0.35751 -0.0276341 0)
(0.356842 -0.0219463 0)
(0.355332 -0.0178113 0)
(0.331124 -0.0706342 0)
(0.343268 -0.0664979 0)
(0.351873 -0.060278 0)
(0.35682 -0.0533964 0)
(0.359391 -0.0462177 0)
(0.359737 -0.0394602 0)
(0.35907 -0.0327286 0)
(0.356916 -0.0269432 0)
(0.354645 -0.0205843 0)
(0.351059 -0.0159852 0)
(0.33494 -0.0819584 0)
(0.349881 -0.0747051 0)
(0.357663 -0.0656773 0)
(0.359973 -0.0561313 0)
(0.359098 -0.0468202 0)
(0.355426 -0.0384652 0)
(0.351123 -0.0307192 0)
(0.345187 -0.0241462 0)
(0.340323 -0.0173365 0)
(0.333591 -0.0123041 0)
(0.341985 -0.0965468 0)
(0.355604 -0.0841786 0)
(0.356827 -0.0697698 0)
(0.351275 -0.0555546 0)
(0.342439 -0.0432196 0)
(0.33151 -0.0331705 0)
(0.321408 -0.0247764 0)
(0.310651 -0.0179219 0)
(0.303022 -0.0114104 0)
(0.293261 -0.00631929 0)
(0.348561 -0.110153 0)
(0.345691 -0.0889984 0)
(0.330288 -0.0657716 0)
(0.309994 -0.0461041 0)
(0.289127 -0.0316544 0)
(0.270013 -0.0214041 0)
(0.25497 -0.0139223 0)
(0.241918 -0.00832561 0)
(0.234163 -0.0035659 0)
(0.224474 0.00082316 0)
(0.330295 -0.0988711 0)
(0.279156 -0.0685912 0)
(0.241803 -0.0375448 0)
(0.207539 -0.0184813 0)
(0.181009 -0.00841 0)
(0.162917 -0.003549 0)
(0.151629 -0.00111918 0)
(0.143886 0.00036559 0)
(0.141093 0.00184713 0)
(0.135833 0.00546366 0)
(0.225728 -0.100302 0)
(0.0860305 -0.0383792 0)
(0.065891 -0.00630802 0)
(0.0501209 0.00160184 0)
(0.0444926 0.00264732 0)
(0.0429064 0.00210703 0)
(0.0428567 0.00147017 0)
(0.0432822 0.00113931 0)
(0.0453578 0.00147775 0)
(0.0445707 0.00372294 0)
(0.308126 -0.0121573 0)
(0.308969 -0.00665947 0)
(0.309486 -0.00205996 0)
(0.309871 0.00166219 0)
(0.310046 0.00452307 0)
(0.310203 0.00647527 0)
(0.310299 0.00795125 0)
(0.31034 0.00871936 0)
(0.310438 0.00930364 0)
(0.310441 0.00954519 0)
(0.310472 0.00940126 0)
(0.310533 0.00933795 0)
(0.310464 0.00879435 0)
(0.310643 0.0083839 0)
(0.310609 0.00802287 0)
(0.310853 0.00752612 0)
(0.310936 0.00771446 0)
(0.311097 0.0074552 0)
(0.311222 0.00791123 0)
(0.311226 0.00793351 0)
(0.310154 -0.012465 0)
(0.310612 -0.00685611 0)
(0.310751 -0.00219602 0)
(0.310816 0.00158162 0)
(0.310732 0.00448417 0)
(0.310701 0.00644975 0)
(0.310661 0.00793787 0)
(0.310621 0.00870496 0)
(0.310664 0.00929345 0)
(0.310623 0.00954035 0)
(0.310636 0.00939166 0)
(0.310676 0.00933843 0)
(0.310603 0.00878048 0)
(0.310798 0.00836365 0)
(0.310772 0.00799257 0)
(0.311049 0.00747828 0)
(0.311145 0.00767867 0)
(0.311312 0.00741363 0)
(0.311441 0.00789066 0)
(0.311413 0.00793385 0)
(0.313223 -0.0126218 0)
(0.313301 -0.00690242 0)
(0.313003 -0.00217691 0)
(0.312641 0.00163532 0)
(0.312174 0.00453708 0)
(0.311841 0.00648817 0)
(0.311558 0.00796846 0)
(0.31135 0.00871756 0)
(0.311275 0.00930601 0)
(0.311126 0.00954873 0)
(0.311082 0.00939185 0)
(0.311062 0.00934577 0)
(0.310956 0.00876138 0)
(0.311164 0.00833686 0)
(0.311133 0.00794834 0)
(0.311462 0.00741566 0)
(0.311575 0.00763616 0)
(0.311747 0.00736568 0)
(0.311886 0.0078769 0)
(0.311793 0.00794291 0)
(0.316738 -0.0126899 0)
(0.3165 -0.00682644 0)
(0.315815 -0.00202997 0)
(0.315046 0.00181475 0)
(0.314185 0.00469982 0)
(0.313526 0.0066185 0)
(0.312961 0.00806962 0)
(0.312542 0.00878173 0)
(0.312308 0.00936251 0)
(0.312002 0.00958673 0)
(0.311866 0.00941737 0)
(0.311745 0.00937056 0)
(0.311575 0.00874827 0)
(0.311779 0.00831337 0)
(0.311724 0.00789921 0)
(0.312106 0.00734707 0)
(0.312235 0.00759476 0)
(0.312404 0.00731912 0)
(0.312557 0.00787588 0)
(0.312364 0.00796479 0)
(0.320453 -0.0127051 0)
(0.31992 -0.00666575 0)
(0.31889 -0.00178199 0)
(0.317753 0.00210183 0)
(0.316531 0.00496103 0)
(0.315567 0.00683614 0)
(0.314732 0.00824262 0)
(0.314099 0.00890197 0)
(0.313701 0.00946998 0)
(0.313217 0.00966315 0)
(0.312969 0.00947735 0)
(0.31272 0.00942287 0)
(0.312459 0.00874891 0)
(0.312641 0.00829875 0)
(0.312542 0.00784765 0)
(0.312971 0.00727099 0)
(0.313112 0.00755423 0)
(0.313263 0.00727181 0)
(0.313435 0.00788967 0)
(0.313103 0.00800439 0)
(0.324286 -0.0126611 0)
(0.323435 -0.00642652 0)
(0.322073 -0.00143899 0)
(0.320587 0.00248834 0)
(0.319031 0.00531015 0)
(0.31779 0.00713175 0)
(0.316713 0.00848062 0)
(0.315886 0.00907421 0)
(0.315338 0.00962789 0)
(0.314676 0.00978 0)
(0.314313 0.00957627 0)
(0.31392 0.00950858 0)
(0.313552 0.00876814 0)
(0.313697 0.00829733 0)
(0.313539 0.00779582 0)
(0.314006 0.00718789 0)
(0.314157 0.00751629 0)
(0.314271 0.00722424 0)
(0.314467 0.00792314 0)
(0.313959 0.00806737 0)
(0.32822 -0.0125438 0)
(0.326998 -0.00610593 0)
(0.325291 -0.000998105 0)
(0.323448 0.00297178 0)
(0.321567 0.0057409 0)
(0.320063 0.00749831 0)
(0.318767 0.00877594 0)
(0.317766 0.00929242 0)
(0.317086 0.00983248 0)
(0.316255 0.00993548 0)
(0.315778 0.00971569 0)
(0.315235 0.00963014 0)
(0.314748 0.00880934 0)
(0.314844 0.00831282 0)
(0.314617 0.0077464 0)
(0.315106 0.00709994 0)
(0.315271 0.00748384 0)
(0.315324 0.00717848 0)
(0.315553 0.00798129 0)
(0.314835 0.00815884 0)
(0.33225 -0.0123334 0)
(0.330585 -0.00569843 0)
(0.328504 -0.000450391 0)
(0.326274 0.00355457 0)
(0.324056 0.00625226 0)
(0.32228 0.00793336 0)
(0.320773 0.0091236 0)
(0.319605 0.00955255 0)
(0.318801 0.0100804 0)
(0.317807 0.0101276 0)
(0.317212 0.00989681 0)
(0.316513 0.00978905 0)
(0.315894 0.00887597 0)
(0.315926 0.00834877 0)
(0.315619 0.00770242 0)
(0.31611 0.00700978 0)
(0.316293 0.00745956 0)
(0.316262 0.00713634 0)
(0.316535 0.00806799 0)
(0.31558 0.00828288 0)
(0.336374 -0.012004 0)
(0.334166 -0.00519617 0)
(0.331665 0.000221096 0)
(0.328989 0.00424468 0)
(0.326399 0.00684945 0)
(0.324318 0.00844037 0)
(0.322588 0.00952352 0)
(0.321239 0.00985521 0)
(0.320302 0.0103714 0)
(0.31914 0.0103571 0)
(0.31841 0.010123 0)
(0.317545 0.0099881 0)
(0.316771 0.00897326 0)
(0.316716 0.00840976 0)
(0.316316 0.00766813 0)
(0.31678 0.00692096 0)
(0.316986 0.00744584 0)
(0.316848 0.00709908 0)
(0.317179 0.00818546 0)
(0.315974 0.00844186 0)
(0.340574 -0.0115209 0)
(0.337676 -0.00458685 0)
(0.334671 0.00104374 0)
(0.33145 0.00505684 0)
(0.32842 0.00754575 0)
(0.325971 0.00903012 0)
(0.32398 0.00998199 0)
(0.322414 0.0102071 0)
(0.321319 0.01071 0)
(0.31997 0.0106291 0)
(0.319072 0.0104007 0)
(0.31803 0.0102325 0)
(0.317066 0.00910934 0)
(0.3169 0.00850236 0)
(0.316383 0.00765006 0)
(0.316782 0.00683842 0)
(0.317021 0.00744461 0)
(0.316756 0.00706683 0)
(0.317168 0.00833289 0)
(0.315727 0.00863506 0)
(0.344773 -0.0108342 0)
(0.340938 -0.00384541 0)
(0.337275 0.00206235 0)
(0.333344 0.00601627 0)
(0.329759 0.00836587 0)
(0.326844 0.00972201 0)
(0.324533 0.0105125 0)
(0.322691 0.010621 0)
(0.321406 0.0111042 0)
(0.319848 0.0109519 0)
(0.31875 0.0107379 0)
(0.317529 0.0105291 0)
(0.316331 0.00929452 0)
(0.316035 0.00863471 0)
(0.315371 0.00765683 0)
(0.31567 0.00676766 0)
(0.315956 0.00745592 0)
(0.315563 0.00703674 0)
(0.316095 0.00850365 0)
(0.314473 0.00885659 0)
(0.348713 -0.00986224 0)
(0.343488 -0.0029159 0)
(0.338903 0.00335087 0)
(0.33401 0.00716338 0)
(0.329714 0.0093486 0)
(0.326218 0.0105432 0)
(0.323519 0.0111339 0)
(0.321344 0.0111117 0)
(0.319862 0.0115609 0)
(0.318091 0.0113323 0)
(0.316789 0.0111388 0)
(0.315418 0.010882 0)
(0.313956 0.00953747 0)
(0.313537 0.00881347 0)
(0.3127 0.00769665 0)
(0.312881 0.00671172 0)
(0.313248 0.00747476 0)
(0.31276 0.00699955 0)
(0.313477 0.00868126 0)
(0.311789 0.00909279 0)
(0.351631 -0.00845775 0)
(0.344221 -0.00168323 0)
(0.338347 0.00502012 0)
(0.332183 0.00855213 0)
(0.327032 0.0105418 0)
(0.322882 0.0115196 0)
(0.31978 0.0118614 0)
(0.317276 0.0116859 0)
(0.315665 0.0120759 0)
(0.313744 0.0117651 0)
(0.312313 0.0115938 0)
(0.310889 0.011285 0)
(0.309177 0.00983768 0)
(0.308696 0.00903793 0)
(0.307683 0.00777195 0)
(0.307776 0.00666568 0)
(0.30829 0.00748625 0)
(0.307796 0.00693496 0)
(0.3088 0.00883501 0)
(0.307237 0.00931954 0)
(0.351627 -0.00634338 0)
(0.340837 2.38675e-05 0)
(0.333382 0.00719587 0)
(0.325723 0.0102264 0)
(0.319752 0.0119766 0)
(0.315062 0.0126504 0)
(0.311698 0.012684 0)
(0.309032 0.0123195 0)
(0.307521 0.0126147 0)
(0.305642 0.0122163 0)
(0.304298 0.0120642 0)
(0.303022 0.0117101 0)
(0.30116 0.0101748 0)
(0.300767 0.00929169 0)
(0.299621 0.00787139 0)
(0.299738 0.00660955 0)
(0.300508 0.0074603 0)
(0.300176 0.00680709 0)
(0.301607 0.00891706 0)
(0.300435 0.00950104 0)
(0.344775 -0.00307563 0)
(0.329311 0.00240413 0)
(0.320573 0.0099476 0)
(0.311605 0.0121602 0)
(0.305328 0.0136091 0)
(0.300597 0.0138606 0)
(0.297423 0.0135265 0)
(0.295046 0.0129271 0)
(0.294098 0.0130895 0)
(0.292642 0.0126038 0)
(0.291786 0.0124688 0)
(0.290982 0.0120965 0)
(0.289193 0.010498 0)
(0.289139 0.00953445 0)
(0.287978 0.00796129 0)
(0.288336 0.00650174 0)
(0.289515 0.00734812 0)
(0.289594 0.00656272 0)
(0.291618 0.00886379 0)
(0.291159 0.00959147 0)
(0.324678 0.00159879 0)
(0.304126 0.00550715 0)
(0.29585 0.01312 0)
(0.286607 0.0141477 0)
(0.28134 0.0152333 0)
(0.277607 0.0149417 0)
(0.275475 0.0142091 0)
(0.274183 0.0133346 0)
(0.274492 0.0133445 0)
(0.274033 0.0127872 0)
(0.274229 0.0126792 0)
(0.274319 0.0123475 0)
(0.272953 0.0107217 0)
(0.273582 0.00969813 0)
(0.27261 0.00798042 0)
(0.273529 0.00627736 0)
(0.275292 0.00708418 0)
(0.276094 0.00613571 0)
(0.278861 0.00860405 0)
(0.27944 0.00954057 0)
(0.284161 0.00744459 0)
(0.260583 0.00894683 0)
(0.256548 0.0161312 0)
(0.249051 0.015695 0)
(0.246896 0.0164194 0)
(0.245603 0.0155343 0)
(0.245662 0.0144436 0)
(0.246469 0.0132875 0)
(0.248817 0.0131704 0)
(0.250022 0.012584 0)
(0.251882 0.0125377 0)
(0.253305 0.0123407 0)
(0.252799 0.0107325 0)
(0.254487 0.00969122 0)
(0.253987 0.00784277 0)
(0.255843 0.00585593 0)
(0.25834 0.00659604 0)
(0.260187 0.00546029 0)
(0.263769 0.00807468 0)
(0.265658 0.00930244 0)
(0.22115 0.0131805 0)
(0.199401 0.011565 0)
(0.204467 0.0179206 0)
(0.200945 0.0160943 0)
(0.204064 0.0166031 0)
(0.206503 0.0152222 0)
(0.209823 0.0139068 0)
(0.213637 0.0125188 0)
(0.218625 0.0123604 0)
(0.222066 0.0118165 0)
(0.226052 0.0118978 0)
(0.229158 0.0119525 0)
(0.229951 0.0104101 0)
(0.233021 0.00941228 0)
(0.233316 0.00745031 0)
(0.236444 0.00516027 0)
(0.239739 0.00582192 0)
(0.242887 0.00449048 0)
(0.24721 0.0072408 0)
(0.250572 0.00884443 0)
(0.145352 0.0162221 0)
(0.129993 0.011776 0)
(0.147038 0.0173985 0)
(0.148469 0.0147932 0)
(0.157984 0.0153497 0)
(0.164682 0.0137081 0)
(0.17184 0.0123606 0)
(0.179079 0.0108479 0)
(0.186881 0.010782 0)
(0.192836 0.0103695 0)
(0.199083 0.0106703 0)
(0.204039 0.0110877 0)
(0.206465 0.00965547 0)
(0.211087 0.00877246 0)
(0.212473 0.00671531 0)
(0.217049 0.004141 0)
(0.221068 0.00473115 0)
(0.225627 0.00321664 0)
(0.230432 0.00611205 0)
(0.235287 0.00815205 0)
(0.0755205 0.014304 0)
(0.0665141 0.00901021 0)
(0.0941478 0.0142445 0)
(0.0998581 0.0117835 0)
(0.115353 0.0125591 0)
(0.125925 0.0109577 0)
(0.136799 0.00975953 0)
(0.147189 0.00826196 0)
(0.157457 0.00843435 0)
(0.165799 0.00823966 0)
(0.174022 0.00884701 0)
(0.180769 0.00971321 0)
(0.18495 0.00842182 0)
(0.191065 0.00772766 0)
(0.193735 0.00560223 0)
(0.199671 0.00280179 0)
(0.20419 0.00334642 0)
(0.210066 0.00168558 0)
(0.214923 0.00473327 0)
(0.221142 0.00723767 0)
(0.0444814 0.00762906 0)
(0.0342659 0.00625885 0)
(0.0661271 0.0106886 0)
(0.0738839 0.00900162 0)
(0.0924178 0.00968938 0)
(0.10499 0.00842546 0)
(0.117901 0.00736158 0)
(0.129856 0.00597555 0)
(0.141292 0.00638112 0)
(0.15092 0.00639312 0)
(0.160068 0.00721669 0)
(0.167854 0.00844389 0)
(0.173158 0.00725027 0)
(0.180097 0.00672989 0)
(0.183673 0.00460558 0)
(0.190303 0.00170051 0)
(0.194932 0.00224028 0)
(0.201507 0.000547604 0)
(0.206036 0.00362775 0)
(0.21302 0.00650752 0)
(0.0300858 0.00388561 0)
(0.0193816 0.00478166 0)
(0.0528624 0.00846398 0)
(0.0615617 0.00733341 0)
(0.081491 0.00788276 0)
(0.095001 0.0068868 0)
(0.108879 0.00589137 0)
(0.121534 0.00459762 0)
(0.133469 0.0051426 0)
(0.143699 0.00528389 0)
(0.153235 0.00622462 0)
(0.161532 0.00765934 0)
(0.167425 0.00652074 0)
(0.174758 0.00610423 0)
(0.178834 0.00399366 0)
(0.18578 0.00104761 0)
(0.190411 0.00158998 0)
(0.197311 -9.85193e-05 0)
(0.20157 0.00297739 0)
(0.208924 0.00608297 0)
(0.0193715 0.0017601 0)
(0.00818218 0.00332829 0)
(0.0426696 0.00610585 0)
(0.0520648 0.00556827 0)
(0.0730346 0.0059535 0)
(0.0872468 0.00525875 0)
(0.101869 0.00433931 0)
(0.115009 0.00316396 0)
(0.127253 0.00385162 0)
(0.137933 0.004129 0)
(0.147707 0.00518672 0)
(0.156413 0.00681825 0)
(0.162826 0.00573916 0)
(0.170463 0.00542966 0)
(0.175006 0.00334045 0)
(0.182177 0.000380095 0)
(0.186746 0.000926021 0)
(0.193887 -0.000740568 0)
(0.197798 0.00232299 0)
(0.205446 0.00564322 0)
(0.0123973 0.000783613 0)
(0.00076021 0.00187391 0)
(0.0358022 0.00366484 0)
(0.0456276 0.00371871 0)
(0.0672774 0.00394276 0)
(0.081932 0.00355965 0)
(0.0970538 0.00273022 0)
(0.110448 0.00169609 0)
(0.122803 0.0025266 0)
(0.133765 0.00294373 0)
(0.143619 0.00411872 0)
(0.152618 0.00592913 0)
(0.159468 0.0049156 0)
(0.167307 0.0047143 0)
(0.172271 0.00265201 0)
(0.179567 -0.000292747 0)
(0.18401 0.000255972 0)
(0.1913 -0.00137222 0)
(0.194792 0.00167605 0)
(0.20265 0.00518797 0)
(0.00912739 0.000390249 0)
(-0.00281698 0.000436188 0)
(0.0324315 0.00118098 0)
(0.0424089 0.00182215 0)
(0.0643761 0.0018867 0)
(0.0791971 0.00182011 0)
(0.09456 0.00109246 0)
(0.107972 0.000219342 0)
(0.120233 0.00118934 0)
(0.1313 0.00174758 0)
(0.141075 0.00303678 0)
(0.150238 0.00500443 0)
(0.15743 0.00406144 0)
(0.165359 0.0039673 0)
(0.170685 0.0019376 0)
(0.178002 -0.000961414 0)
(0.182257 -0.000410914 0)
(0.1896 -0.00198378 0)
(0.192612 0.00104513 0)
(0.200589 0.00472263 0)
(0.00953182 0.000152386 0)
(-0.00251409 -0.000985465 0)
(0.0326416 -0.00130863 0)
(0.0424885 -8.28021e-05 0)
(0.0644094 -0.000178419 0)
(0.0791144 7.2388e-05 0)
(0.094452 -0.00054513 0)
(0.107648 -0.0012407 0)
(0.119612 -0.000137909 0)
(0.130603 0.000560327 0)
(0.14014 0.00195753 0)
(0.149331 0.0040578 0)
(0.15676 0.00318893 0)
(0.164664 0.00319885 0)
(0.170282 0.00120724 0)
(0.177515 -0.00161638 0)
(0.181521 -0.00106532 0)
(0.188819 -0.00256606 0)
(0.191303 0.000438322 0)
(0.199303 0.00425317 0)
(0.0136341 -0.000317966 0)
(0.00167159 -0.00240503 0)
(0.0364283 -0.00376693 0)
(0.0458647 -0.00195919 0)
(0.067376 -0.00221584 0)
(0.0816854 -0.00165154 0)
(0.0967299 -0.00215414 0)
(0.109486 -0.00265921 0)
(0.120957 -0.00143327 0)
(0.131693 -0.000598725 0)
(0.140844 0.000897836 0)
(0.14992 0.00310343 0)
(0.157477 0.00231102 0)
(0.165236 0.00242003 0)
(0.171066 0.000471251 0)
(0.178113 -0.00224837 0)
(0.181815 -0.00169836 0)
(0.188972 -0.00311097 0)
(0.190891 -0.000136548 0)
(0.198818 0.00378535 0)
(0.0215048 -0.00145205 0)
(0.00970863 -0.00381346 0)
(0.0436987 -0.00615571 0)
(0.0524555 -0.00376757 0)
(0.0731946 -0.00418965 0)
(0.0868414 -0.00331896 0)
(0.10133 -0.00370709 0)
(0.113439 -0.00401239 0)
(0.124233 -0.00267557 0)
(0.134546 -0.00171132 0)
(0.143174 -0.000125427 0)
(0.151992 0.00215606 0)
(0.159565 0.00144118 0)
(0.167063 0.00164286 0)
(0.173018 -0.000260104 0)
(0.179782 -0.0028482 0)
(0.183133 -0.0023019 0)
(0.190056 -0.00361126 0)
(0.19139 -0.000672524 0)
(0.199146 0.00332533 0)
(0.033201 -0.00383576 0)
(0.0215307 -0.00517882 0)
(0.054272 -0.00843278 0)
(0.0620999 -0.00547007 0)
(0.0817066 -0.0060641 0)
(0.0944459 -0.00489898 0)
(0.108126 -0.00517775 0)
(0.119405 -0.00527855 0)
(0.129358 -0.0038451 0)
(0.139091 -0.00276073 0)
(0.147078 -0.00109619 0)
(0.155502 0.00123068 0)
(0.162979 0.000592823 0)
(0.170104 0.000879936 0)
(0.176094 -0.000976422 0)
(0.182488 -0.00340746 0)
(0.185445 -0.00286836 0)
(0.192051 -0.00406082 0)
(0.19279 -0.00116349 0)
(0.200284 0.00287899 0)
(0.0486483 -0.00793611 0)
(0.0370423 -0.00654636 0)
(0.0678838 -0.0105529 0)
(0.0745629 -0.00706407 0)
(0.0926818 -0.00779837 0)
(0.1043 -0.00637879 0)
(0.116937 -0.00654083 0)
(0.12723 -0.00644281 0)
(0.136201 -0.0049264 0)
(0.145218 -0.00373238 0)
(0.152465 -0.00200391 0)
(0.160368 0.00034021 0)
(0.167642 -0.000223559 0)
(0.174295 0.000139428 0)
(0.180224 -0.00166695 0)
(0.186174 -0.00392325 0)
(0.188702 -0.00338929 0)
(0.194917 -0.0044565 0)
(0.195068 -0.00160182 0)
(0.202213 0.00244656 0)
(0.0895034 -0.0168999 0)
(0.0784712 -0.00989538 0)
(0.103372 -0.0147417 0)
(0.107139 -0.0103874 0)
(0.121277 -0.0111754 0)
(0.130072 -0.00940458 0)
(0.139979 -0.00922508 0)
(0.147857 -0.00874171 0)
(0.154447 -0.0070667 0)
(0.161655 -0.00565212 0)
(0.167137 -0.00383732 0)
(0.173661 -0.0015037 0)
(0.18028 -0.00192152 0)
(0.185713 -0.00143093 0)
(0.191307 -0.00309062 0)
(0.196156 -0.00496312 0)
(0.197693 -0.00440251 0)
(0.202926 -0.00520145 0)
(0.201836 -0.00242041 0)
(0.208059 0.00151925 0)
(0.192645 -0.0158167 0)
(0.170595 -0.0119763 0)
(0.178918 -0.0172044 0)
(0.176001 -0.0135546 0)
(0.181407 -0.0138378 0)
(0.184462 -0.0123276 0)
(0.188827 -0.011622 0)
(0.192312 -0.0107985 0)
(0.194678 -0.00902562 0)
(0.198387 -0.00743599 0)
(0.200847 -0.00571998 0)
(0.204398 -0.00356348 0)
(0.209218 -0.00387507 0)
(0.212218 -0.00332215 0)
(0.216468 -0.00463951 0)
(0.219354 -0.0060043 0)
(0.219297 -0.00524741 0)
(0.222672 -0.00572567 0)
(0.220077 -0.00302947 0)
(0.224263 0.000379633 0)
(0.282124 -0.00711268 0)
(0.257386 -0.00796819 0)
(0.252648 -0.0144174 0)
(0.244136 -0.0130737 0)
(0.241789 -0.0135583 0)
(0.239587 -0.0127467 0)
(0.238851 -0.012049 0)
(0.238457 -0.0111713 0)
(0.237304 -0.00947567 0)
(0.237849 -0.00793408 0)
(0.237856 -0.00642164 0)
(0.238582 -0.00457229 0)
(0.2414 -0.00492563 0)
(0.242083 -0.00438863 0)
(0.244595 -0.00546468 0)
(0.24564 -0.00639357 0)
(0.244304 -0.00543639 0)
(0.245901 -0.00564075 0)
(0.242542 -0.00303875 0)
(0.244642 -0.000255282 0)
(0.331758 -2.4976e-05 0)
(0.312636 -0.00340877 0)
(0.303702 -0.00990004 0)
(0.293961 -0.0105854 0)
(0.28799 -0.0115068 0)
(0.283067 -0.0114142 0)
(0.279375 -0.0110262 0)
(0.276659 -0.0103406 0)
(0.273558 -0.00884643 0)
(0.272101 -0.00750529 0)
(0.270731 -0.00625338 0)
(0.269603 -0.00472848 0)
(0.270821 -0.00519643 0)
(0.269849 -0.00472315 0)
(0.270809 -0.0056338 0)
(0.270394 -0.00625789 0)
(0.268337 -0.00512848 0)
(0.268543 -0.00514715 0)
(0.265176 -0.00263221 0)
(0.265705 -0.000474196 0)
(0.35019 0.00551179 0)
(0.337793 0.000283187 0)
(0.329798 -0.00576168 0)
(0.321654 -0.00778339 0)
(0.315463 -0.00910284 0)
(0.310251 -0.00951683 0)
(0.305857 -0.00943433 0)
(0.302475 -0.00902962 0)
(0.298964 -0.00777274 0)
(0.296804 -0.0066742 0)
(0.295074 -0.00569053 0)
(0.293254 -0.00442057 0)
(0.293567 -0.00498558 0)
(0.291794 -0.00457575 0)
(0.291779 -0.00533495 0)
(0.29044 -0.0057901 0)
(0.288236 -0.0045405 0)
(0.28758 -0.0044754 0)
(0.284708 -0.00206854 0)
(0.28445 -0.000443558 0)
(0.353205 0.00845667 0)
(0.345616 0.0025721 0)
(0.33963 -0.00279882 0)
(0.333528 -0.00546415 0)
(0.328381 -0.00706219 0)
(0.323922 -0.00778344 0)
(0.319999 -0.00789704 0)
(0.316901 -0.00775003 0)
(0.313818 -0.00671931 0)
(0.311799 -0.00583392 0)
(0.310288 -0.00509174 0)
(0.308568 -0.00399766 0)
(0.308572 -0.00459303 0)
(0.306678 -0.00422604 0)
(0.306296 -0.00481376 0)
(0.304565 -0.00518867 0)
(0.302621 -0.00388508 0)
(0.30162 -0.00380206 0)
(0.299423 -0.00155678 0)
(0.299067 -0.000332292 0)
(0.35046 0.0102048 0)
(0.345724 0.0041703 0)
(0.341317 -0.000710903 0)
(0.336776 -0.00363624 0)
(0.332739 -0.0054453 0)
(0.329138 -0.00638386 0)
(0.325955 -0.00662544 0)
(0.323412 -0.00668723 0)
(0.320948 -0.00587009 0)
(0.319375 -0.00515461 0)
(0.318233 -0.00461709 0)
(0.316925 -0.00364913 0)
(0.316933 -0.00420828 0)
(0.315278 -0.00386913 0)
(0.314915 -0.00427009 0)
(0.313192 -0.00460152 0)
(0.311681 -0.00330901 0)
(0.310713 -0.00322911 0)
(0.309145 -0.00120373 0)
(0.309086 -0.000261021 0)
(0.346047 0.0112629 0)
(0.342977 0.00531609 0)
(0.339623 0.000762437 0)
(0.336099 -0.00222139 0)
(0.332903 -0.00416398 0)
(0.329962 -0.00527422 0)
(0.327395 -0.00561823 0)
(0.325355 -0.00584338 0)
(0.323397 -0.00523112 0)
(0.322255 -0.00465274 0)
(0.321411 -0.0042829 0)
(0.320512 -0.00342177 0)
(0.320605 -0.00390328 0)
(0.31929 -0.00358882 0)
(0.319085 -0.00381138 0)
(0.317588 -0.00410296 0)
(0.316502 -0.00287553 0)
(0.315765 -0.00279408 0)
(0.314681 -0.00102499 0)
(0.315024 -0.000278299 0)
(0.34137 0.0118618 0)
(0.33935 0.00618783 0)
(0.336721 0.0018714 0)
(0.333861 -0.00108979 0)
(0.331257 -0.00310916 0)
(0.328785 -0.00436353 0)
(0.326651 -0.00480726 0)
(0.324989 -0.00516093 0)
(0.323373 -0.00474424 0)
(0.32254 -0.00428339 0)
(0.321879 -0.00404808 0)
(0.321273 -0.00329129 0)
(0.321419 -0.0036805 0)
(0.320413 -0.00339315 0)
(0.320353 -0.00346662 0)
(0.319154 -0.00370998 0)
(0.318398 -0.00258494 0)
(0.317938 -0.00249139 0)
(0.31719 -0.000985485 0)
(0.317857 -0.00038058 0)
(0.336832 0.0121698 0)
(0.335525 0.00685895 0)
(0.333451 0.0027472 0)
(0.331069 -0.000162129 0)
(0.3289 -0.00221828 0)
(0.326781 -0.00358868 0)
(0.32495 -0.00413372 0)
(0.323562 -0.00458815 0)
(0.322172 -0.00435223 0)
(0.321533 -0.00399749 0)
(0.320972 -0.00386873 0)
(0.320541 -0.00321773 0)
(0.320689 -0.00351813 0)
(0.319921 -0.00325984 0)
(0.319942 -0.00322288 0)
(0.319028 -0.00341051 0)
(0.318497 -0.00240703 0)
(0.318271 -0.00229558 0)
(0.317744 -0.00103574 0)
(0.318596 -0.000539872 0)
(0.332527 0.0122864 0)
(0.331727 0.00736962 0)
(0.330104 0.00345402 0)
(0.32811 0.000608606 0)
(0.326283 -0.00145806 0)
(0.324458 -0.00291562 0)
(0.32286 -0.00356034 0)
(0.321681 -0.00409411 0)
(0.320457 -0.00401896 0)
(0.319935 -0.00376219 0)
(0.31943 -0.0037167 0)
(0.319096 -0.00316994 0)
(0.31921 -0.00339416 0)
(0.318616 -0.00316432 0)
(0.318662 -0.0030543 0)
(0.317984 -0.00318408 0)
(0.317596 -0.0023059 0)
(0.317535 -0.00217687 0)
(0.317155 -0.00113214 0)
(0.31806 -0.000724761 0)
(0.328472 0.0122735 0)
(0.328033 0.00774812 0)
(0.326786 0.0040257 0)
(0.325126 0.00124897 0)
(0.323586 -0.000811033 0)
(0.322025 -0.00232865 0)
(0.320626 -0.00306651 0)
(0.319618 -0.00366343 0)
(0.318535 -0.00372644 0)
(0.318087 -0.00355987 0)
(0.317623 -0.00357884 0)
(0.317344 -0.00313021 0)
(0.317411 -0.00329382 0)
(0.316947 -0.00308967 0)
(0.316985 -0.00293695 0)
(0.316488 -0.00301191 0)
(0.316194 -0.00225199 0)
(0.316233 -0.0021097 0)
(0.315954 -0.00124445 0)
(0.316823 -0.000911052 0)
(0.32466 0.0121772 0)
(0.324475 0.00801824 0)
(0.323538 0.00448407 0)
(0.322175 0.00177719 0)
(0.320887 -0.000266104 0)
(0.319565 -0.00182068 0)
(0.318352 -0.00264125 0)
(0.317491 -0.00328888 0)
(0.316541 -0.00346733 0)
(0.316149 -0.00338256 0)
(0.315727 -0.00345138 0)
(0.315486 -0.00309125 0)
(0.315508 -0.00320936 0)
(0.315145 -0.00302717 0)
(0.315164 -0.00285367 0)
(0.314805 -0.00288035 0)
(0.314577 -0.00222559 0)
(0.31467 -0.00207588 0)
(0.314465 -0.00135573 0)
(0.315251 -0.00108428 0)
(0.321076 0.0120316 0)
(0.321065 0.00820117 0)
(0.320381 0.00484575 0)
(0.319283 0.00220831 0)
(0.31822 0.000188342 0)
(0.31712 -0.00138664 0)
(0.316085 -0.00227804 0)
(0.315358 -0.0029668 0)
(0.314541 -0.00323966 0)
(0.314199 -0.00322758 0)
(0.313825 -0.00333524 0)
(0.313619 -0.0030521 0)
(0.313609 -0.00313791 0)
(0.313331 -0.00297394 0)
(0.313333 -0.00279415 0)
(0.313082 -0.00278086 0)
(0.312907 -0.00221572 0)
(0.313029 -0.0020639 0)
(0.312881 -0.00145853 0)
(0.313568 -0.00123801 0)
(0.317697 0.0118614 0)
(0.317801 0.00831536 0)
(0.317323 0.00512433 0)
(0.316463 0.00255402 0)
(0.315606 0.000560233 0)
(0.314713 -0.00102356 0)
(0.313853 -0.00197339 0)
(0.313256 -0.00269558 0)
(0.312574 -0.0030443 0)
(0.312288 -0.00309538 0)
(0.31197 -0.00323372 0)
(0.311805 -0.00301553 0)
(0.311781 -0.00307987 0)
(0.311581 -0.00293076 0)
(0.311577 -0.00275343 0)
(0.311416 -0.00270864 0)
(0.311287 -0.00221737 0)
(0.311427 -0.00206717 0)
(0.311324 -0.00155101 0)
(0.311916 -0.00137114 0)
(0.314501 0.0116833 0)
(0.314679 0.00837586 0)
(0.314369 0.00533037 0)
(0.313727 0.002823 0)
(0.313064 0.000853566 0)
(0.312371 -0.000730717 0)
(0.311688 -0.00172672 0)
(0.311225 -0.00247585 0)
(0.310684 -0.00288441 0)
(0.310467 -0.00298891 0)
(0.31022 -0.00315166 0)
(0.310107 -0.0029865 0)
(0.310089 -0.00303774 0)
(0.309964 -0.00290043 0)
(0.309968 -0.00273007 0)
(0.309885 -0.00266118 0)
(0.3098 -0.00222882 0)
(0.309954 -0.00208195 0)
(0.309889 -0.00163379 0)
(0.310395 -0.00148519 0)
(0.311469 0.0115085 0)
(0.311696 0.00839364 0)
(0.311534 0.00547139 0)
(0.3111 0.00301999 0)
(0.310634 0.0010722 0)
(0.310145 -0.000509191 0)
(0.309652 -0.00154076 0)
(0.309336 -0.00231124 0)
(0.30895 -0.00276556 0)
(0.30882 -0.00291326 0)
(0.308657 -0.00309491 0)
(0.308608 -0.00297101 0)
(0.308614 -0.00301479 0)
(0.308563 -0.00288612 0)
(0.308586 -0.00272414 0)
(0.308572 -0.00263684 0)
(0.308527 -0.00224949 0)
(0.308693 -0.00210566 0)
(0.308656 -0.00170764 0)
(0.309087 -0.00158194 0)
(0.308614 0.0113456 0)
(0.308889 0.00837564 0)
(0.308881 0.00555021 0)
(0.308667 0.00314458 0)
(0.308417 0.00121532 0)
(0.308154 -0.000363041 0)
(0.307868 -0.00142108 0)
(0.307719 -0.0022075 0)
(0.307498 -0.00269464 0)
(0.307468 -0.00287445 0)
(0.307396 -0.00306895 0)
(0.307415 -0.0029745 0)
(0.307455 -0.00301348 0)
(0.307469 -0.00288987 0)
(0.307514 -0.0027351 0)
(0.307554 -0.00263339 0)
(0.307541 -0.00227878 0)
(0.307711 -0.00213637 0)
(0.307692 -0.00177369 0)
(0.308055 -0.00166272 0)
(0.30606 0.0111808 0)
(0.306424 0.00830537 0)
(0.306608 0.00554744 0)
(0.306645 0.00317805 0)
(0.306639 0.00126598 0)
(0.306614 -0.000298769 0)
(0.306541 -0.00137543 0)
(0.306558 -0.00217109 0)
(0.306488 -0.002677 0)
(0.306551 -0.00287682 0)
(0.306557 -0.00307628 0)
(0.306628 -0.00299975 0)
(0.306693 -0.00303385 0)
(0.306752 -0.00291135 0)
(0.306811 -0.00276102 0)
(0.306884 -0.00264651 0)
(0.30689 -0.00231534 0)
(0.307054 -0.00217235 0)
(0.307043 -0.00183557 0)
(0.307342 -0.00173218 0)
(0.304255 0.0109275 0)
(0.304765 0.00812216 0)
(0.305166 0.00541716 0)
(0.305441 0.0030845 0)
(0.305648 0.00119002 0)
(0.305807 -0.000352379 0)
(0.305881 -0.00141863 0)
(0.306009 -0.00220059 0)
(0.30603 -0.00270288 0)
(0.306143 -0.00290836 0)
(0.306185 -0.00310415 0)
(0.306278 -0.00303527 0)
(0.306349 -0.00306451 0)
(0.306424 -0.00293987 0)
(0.306485 -0.00279223 0)
(0.306567 -0.00266506 0)
(0.306578 -0.00235025 0)
(0.30673 -0.00220483 0)
(0.30672 -0.00189007 0)
(0.306975 -0.00179491 0)
(0.275492 0.131643 0)
(0.147925 0.0770209 0)
(0.109431 0.0355704 0)
(0.0847712 0.0120768 0)
(0.070045 0.00142134 0)
(0.0628587 -0.0027544 0)
(0.0602034 -0.00403231 0)
(0.0597534 -0.00411406 0)
(0.0622766 -0.00418713 0)
(0.0612231 -0.00583197 0)
(0.331555 0.0837983 0)
(0.317768 0.0693294 0)
(0.300198 0.0524331 0)
(0.279665 0.0362972 0)
(0.257819 0.0234463 0)
(0.237668 0.0140317 0)
(0.221938 0.00737457 0)
(0.208759 0.00276889 0)
(0.201414 -0.000685938 0)
(0.191688 -0.00428566 0)
(0.338004 0.0943643 0)
(0.348295 0.0850643 0)
(0.348347 0.0723689 0)
(0.343613 0.0582737 0)
(0.336198 0.0454311 0)
(0.326423 0.0348705 0)
(0.31723 0.0260425 0)
(0.306997 0.0189589 0)
(0.299906 0.0121886 0)
(0.290207 0.00717127 0)
(0.332026 0.0745029 0)
(0.344589 0.0685861 0)
(0.352121 0.0613 0)
(0.355686 0.0532944 0)
(0.356719 0.0450061 0)
(0.35501 0.0373934 0)
(0.352434 0.0301197 0)
(0.348053 0.0240834 0)
(0.344459 0.0176274 0)
(0.338935 0.0131546 0)
(0.328684 0.0609316 0)
(0.338784 0.0584174 0)
(0.346805 0.0541477 0)
(0.352302 0.0490601 0)
(0.355917 0.0432633 0)
(0.357622 0.0375829 0)
(0.358268 0.0316536 0)
(0.357552 0.0266158 0)
(0.356505 0.0209273 0)
(0.354306 0.0169451 0)
(0.326905 0.0517869 0)
(0.334438 0.0507002 0)
(0.341063 0.0478657 0)
(0.346245 0.0441574 0)
(0.350124 0.0397407 0)
(0.35278 0.0353189 0)
(0.354508 0.0305065 0)
(0.355321 0.0263072 0)
(0.355514 0.0215037 0)
(0.354993 0.0179939 0)
(0.325154 0.0447014 0)
(0.330874 0.0440932 0)
(0.33616 0.0421345 0)
(0.340621 0.0393982 0)
(0.344173 0.0360093 0)
(0.346878 0.0325237 0)
(0.348828 0.0286405 0)
(0.350113 0.0251328 0)
(0.350807 0.0211466 0)
(0.350972 0.0180664 0)
(0.323247 0.0391149 0)
(0.327728 0.038731 0)
(0.331979 0.0373634 0)
(0.33574 0.0353413 0)
(0.338865 0.0327346 0)
(0.341365 0.0299547 0)
(0.343259 0.0268114 0)
(0.344627 0.0238608 0)
(0.345496 0.0205432 0)
(0.345928 0.017823 0)
(0.321253 0.0346684 0)
(0.324851 0.0344121 0)
(0.32831 0.0334308 0)
(0.331457 0.0319075 0)
(0.334157 0.0298786 0)
(0.336389 0.0276346 0)
(0.338143 0.0250706 0)
(0.339469 0.0225778 0)
(0.340382 0.0198003 0)
(0.340923 0.0174023 0)
(0.319225 0.031073 0)
(0.322159 0.0308917 0)
(0.324998 0.0301589 0)
(0.327625 0.0289809 0)
(0.329937 0.0273783 0)
(0.331897 0.0255507 0)
(0.333484 0.0234441 0)
(0.334722 0.0213344 0)
(0.33562 0.018996 0)
(0.336206 0.0168931 0)
(0.317202 0.0281234 0)
(0.319614 0.0279909 0)
(0.321959 0.0274263 0)
(0.324154 0.0264955 0)
(0.32612 0.0252115 0)
(0.327822 0.0237107 0)
(0.329234 0.0219661 0)
(0.330365 0.0201753 0)
(0.331218 0.0181926 0)
(0.33181 0.0163523 0)
(0.31521 0.0256854 0)
(0.317203 0.0255888 0)
(0.319145 0.0251445 0)
(0.320978 0.0243958 0)
(0.322643 0.0233515 0)
(0.324108 0.0221066 0)
(0.325346 0.0206468 0)
(0.326362 0.0191182 0)
(0.327149 0.0174221 0)
(0.327723 0.0158087 0)
(0.313268 0.0236667 0)
(0.314916 0.0235981 0)
(0.316524 0.0232426 0)
(0.318051 0.0226301 0)
(0.319452 0.0217669 0)
(0.320701 0.0207213 0)
(0.321774 0.0194852 0)
(0.32267 0.0181695 0)
(0.323382 0.0167037 0)
(0.323921 0.0152825 0)
(0.311388 0.0219997 0)
(0.312744 0.0219532 0)
(0.314069 0.021664 0)
(0.315334 0.0211541 0)
(0.316503 0.0204281 0)
(0.317557 0.0195374 0)
(0.318474 0.0184762 0)
(0.319252 0.0173318 0)
(0.319883 0.0160504 0)
(0.320374 0.0147891 0)
(0.309572 0.0206334 0)
(0.310676 0.0206039 0)
(0.311757 0.0203643 0)
(0.312793 0.0199318 0)
(0.313757 0.0193098 0)
(0.314634 0.0185387 0)
(0.315405 0.0176134 0)
(0.316069 0.0166051 0)
(0.316616 0.01547 0)
(0.317054 0.0143392 0)
(0.307818 0.0195295 0)
(0.308701 0.0195124 0)
(0.309567 0.0193094 0)
(0.3104 0.0189345 0)
(0.31118 0.0183906 0)
(0.311895 0.0177104 0)
(0.312531 0.0168892 0)
(0.313086 0.015987 0)
(0.313549 0.0149661 0)
(0.313928 0.0139395 0)
(0.30612 0.0186593 0)
(0.306805 0.0186504 0)
(0.307478 0.0184733 0)
(0.308129 0.01814 0)
(0.308742 0.0176529 0)
(0.30931 0.0170399 0)
(0.309819 0.0162965 0)
(0.31027 0.0154743 0)
(0.310652 0.0145402 0)
(0.310972 0.0135936 0)
(0.304477 0.0180028 0)
(0.304982 0.0179979 0)
(0.305482 0.0178375 0)
(0.305968 0.0175323 0)
(0.30643 0.0170844 0)
(0.306863 0.0165184 0)
(0.307257 0.01583 0)
(0.307612 0.0150652 0)
(0.30792 0.014194 0)
(0.308186 0.0133057 0)
(0.302923 0.0175325 0)
(0.30327 0.0175261 0)
(0.303617 0.0173726 0)
(0.303961 0.0170823 0)
(0.304294 0.0166572 0)
(0.304614 0.0161198 0)
(0.304912 0.0154656 0)
(0.30519 0.0147377 0)
(0.305441 0.013907 0)
(0.305668 0.0130597 0)
(0.301669 0.0171815 0)
(0.3019 0.0171645 0)
(0.302142 0.0170049 0)
(0.30239 0.0167127 0)
(0.302641 0.0162903 0)
(0.302892 0.0157594 0)
(0.30314 0.0151167 0)
(0.303382 0.0144016 0)
(0.303618 0.0135893 0)
(0.303842 0.0127559 0)
(0.299988 0.000262167 0)
(0.299753 0.000787988 0)
(0.299282 0.0013393 0)
(0.298551 0.0019366 0)
(0.297562 0.00260321 0)
(0.296266 0.00336537 0)
(0.294679 0.00425999 0)
(0.292677 0.00533744 0)
(0.290348 0.00665315 0)
(0.287378 0.00832524 0)
(0.284109 0.0104224 0)
(0.279693 0.013283 0)
(0.27536 0.0168995 0)
(0.268598 0.0224041 0)
(0.263909 0.0291455 0)
(0.253179 0.0415091 0)
(0.253449 0.054721 0)
(0.238779 0.0889222 0)
(0.266505 0.110652 0)
(0.263072 0.229093 0)
(0.299989 0.00040871 0)
(0.299783 0.00123477 0)
(0.299374 0.00209317 0)
(0.298741 0.00301266 0)
(0.29789 0.00402011 0)
(0.296784 0.00515752 0)
(0.295452 0.0064571 0)
(0.293796 0.00800044 0)
(0.291928 0.00981607 0)
(0.289595 0.0120952 0)
(0.287185 0.0147996 0)
(0.284004 0.0184577 0)
(0.281313 0.0226569 0)
(0.277118 0.0290741 0)
(0.275334 0.0354846 0)
(0.270307 0.047934 0)
(0.273035 0.0555542 0)
(0.269255 0.0825964 0)
(0.282868 0.078279 0)
(0.292768 0.137181 0)
(0.299991 0.000534895 0)
(0.299822 0.0016153 0)
(0.299486 0.00273204 0)
(0.298971 0.00391767 0)
(0.298283 0.00520053 0)
(0.297404 0.00662831 0)
(0.296362 0.00822955 0)
(0.295103 0.0100938 0)
(0.293722 0.0122302 0)
(0.292084 0.0148438 0)
(0.290469 0.0178279 0)
(0.288528 0.0217368 0)
(0.287047 0.0259521 0)
(0.285116 0.0321755 0)
(0.284752 0.0377465 0)
(0.283769 0.0482996 0)
(0.286513 0.0536902 0)
(0.288856 0.0722558 0)
(0.298388 0.0723235 0)
(0.309526 0.0992586 0)
(0.299993 0.000635997 0)
(0.299863 0.00191897 0)
(0.299606 0.00323888 0)
(0.299214 0.00462854 0)
(0.298697 0.00611552 0)
(0.29805 0.00774594 0)
(0.297298 0.00954439 0)
(0.296428 0.0115922 0)
(0.295505 0.013889 0)
(0.294495 0.0166103 0)
(0.29356 0.0196393 0)
(0.292619 0.0234214 0)
(0.292047 0.0274039 0)
(0.291642 0.0328377 0)
(0.292206 0.0377254 0)
(0.293262 0.0456309 0)
(0.296326 0.0505113 0)
(0.300403 0.0614415 0)
(0.308206 0.064468 0)
(0.316611 0.0749584 0)
(0.299995 0.000711469 0)
(0.299903 0.00214476 0)
(0.299722 0.00361282 0)
(0.299449 0.00514591 0)
(0.299093 0.00676935 0)
(0.298662 0.00852295 0)
(0.298176 0.010428 0)
(0.297649 0.0125483 0)
(0.297123 0.0148832 0)
(0.296622 0.0175566 0)
(0.296235 0.0204827 0)
(0.296002 0.0239419 0)
(0.296099 0.027575 0)
(0.296571 0.0320681 0)
(0.297735 0.0363156 0)
(0.299583 0.0419485 0)
(0.302683 0.0462714 0)
(0.306725 0.0524655 0)
(0.312697 0.0557924 0)
(0.319282 0.0599581 0)
(0.299997 0.000762816 0)
(0.29994 0.00229754 0)
(0.299826 0.00386299 0)
(0.299659 0.00548509 0)
(0.299446 0.00718601 0)
(0.299202 0.00899714 0)
(0.298944 0.0109368 0)
(0.298695 0.013049 0)
(0.298491 0.0153365 0)
(0.298371 0.0178724 0)
(0.298395 0.0206079 0)
(0.298628 0.0236822 0)
(0.299167 0.0269062 0)
(0.300094 0.0305635 0)
(0.301561 0.0341567 0)
(0.303632 0.0382314 0)
(0.306534 0.0417982 0)
(0.31018 0.0456393 0)
(0.31487 0.0484328 0)
(0.320199 0.0506786 0)
(0.299998 0.000792913 0)
(0.29997 0.00238625 0)
(0.299915 0.00400522 0)
(0.299836 0.00567075 0)
(0.299743 0.00740117 0)
(0.299649 0.00921958 0)
(0.299574 0.0111408 0)
(0.29954 0.0131923 0)
(0.299579 0.0153783 0)
(0.299728 0.0177351 0)
(0.300035 0.0202377 0)
(0.300554 0.0229386 0)
(0.30135 0.0257471 0)
(0.302491 0.0287452 0)
(0.304062 0.031727 0)
(0.306116 0.0348057 0)
(0.308749 0.0376368 0)
(0.311941 0.0403033 0)
(0.315753 0.0424292 0)
(0.320042 0.0439268 0)
(0.3 0.000805368 0)
(0.299995 0.00242197 0)
(0.299986 0.00405878 0)
(0.299977 0.00573174 0)
(0.299977 0.00745514 0)
(0.299999 0.0092449 0)
(0.300061 0.011112 0)
(0.300184 0.0130719 0)
(0.300393 0.0151277 0)
(0.300721 0.0172936 0)
(0.301205 0.0195552 0)
(0.301886 0.0219231 0)
(0.30281 0.0243512 0)
(0.304025 0.0268425 0)
(0.305581 0.0293039 0)
(0.307512 0.0317181 0)
(0.309856 0.0339456 0)
(0.312607 0.0359252 0)
(0.315753 0.0375115 0)
(0.319218 0.0385868 0)
(0.300001 0.000804001 0)
(0.300013 0.00241632 0)
(0.300039 0.00404359 0)
(0.300082 0.00569727 0)
(0.300151 0.00738765 0)
(0.300257 0.00912501 0)
(0.300415 0.0109164 0)
(0.300643 0.0127694 0)
(0.300963 0.0146847 0)
(0.3014 0.0166647 0)
(0.301981 0.0186986 0)
(0.302738 0.0207801 0)
(0.303703 0.02288 0)
(0.304908 0.0249775 0)
(0.30638 0.0270191 0)
(0.308141 0.0289624 0)
(0.310202 0.030732 0)
(0.312554 0.0322608 0)
(0.315171 0.0334679 0)
(0.318002 0.0342777 0)
(0.300001 0.00079247 0)
(0.300026 0.00238036 0)
(0.300076 0.00397844 0)
(0.300156 0.00559435 0)
(0.300271 0.00723477 0)
(0.300433 0.00890565 0)
(0.300653 0.0106106 0)
(0.300945 0.0123522 0)
(0.301328 0.0141286 0)
(0.30182 0.0159366 0)
(0.302442 0.017766 0)
(0.303217 0.0196048 0)
(0.304166 0.0214305 0)
(0.305309 0.0232182 0)
(0.306663 0.0249307 0)
(0.308237 0.0265284 0)
(0.310032 0.0279614 0)
(0.312038 0.029179 0)
(0.314228 0.0301282 0)
(0.316564 0.0307633 0)
(0.300002 0.000774054 0)
(0.300034 0.00232395 0)
(0.300099 0.00387997 0)
(0.300201 0.00544655 0)
(0.300346 0.00702736 0)
(0.300539 0.00862507 0)
(0.300793 0.0102406 0)
(0.301118 0.0118731 0)
(0.301527 0.0135192 0)
(0.302036 0.0151729 0)
(0.302659 0.0168241 0)
(0.303412 0.0184594 0)
(0.304309 0.02006 0)
(0.305362 0.0216031 0)
(0.30658 0.0230603 0)
(0.307968 0.0243999 0)
(0.30952 0.025586 0)
(0.311227 0.0265824 0)
(0.313065 0.0273527 0)
(0.315005 0.0278675 0)
(0.300002 0.000751549 0)
(0.300038 0.00225548 0)
(0.300111 0.00376218 0)
(0.300224 0.0052735 0)
(0.300382 0.00679068 0)
(0.30059 0.00831397 0)
(0.300855 0.00984221 0)
(0.301188 0.0113727 0)
(0.301598 0.0129006 0)
(0.302095 0.0144188 0)
(0.302691 0.0159175 0)
(0.303395 0.0173837 0)
(0.304218 0.0188013 0)
(0.305167 0.0201511 0)
(0.306245 0.0214106 0)
(0.307454 0.0225552 0)
(0.308787 0.0235583 0)
(0.310233 0.024394 0)
(0.311776 0.0250367 0)
(0.31339 0.0254664 0)
(0.300002 0.000727233 0)
(0.300039 0.00218178 0)
(0.300114 0.00363639 0)
(0.300229 0.00509091 0)
(0.300388 0.00654468 0)
(0.300596 0.00799621 0)
(0.300857 0.00944287 0)
(0.301179 0.0108807 0)
(0.301569 0.012304 0)
(0.302035 0.0137055 0)
(0.302585 0.0150755 0)
(0.303226 0.0164024 0)
(0.303962 0.0176723 0)
(0.3048 0.0188692 0)
(0.305739 0.0199752 0)
(0.306778 0.0209711 0)
(0.307912 0.0218372 0)
(0.309131 0.0225543 0)
(0.310421 0.0231042 0)
(0.311762 0.0234731 0)
(0.300002 0.000702896 0)
(0.300038 0.00210818 0)
(0.30011 0.00351144 0)
(0.30022 0.00491099 0)
(0.300372 0.00630473 0)
(0.300568 0.0076899 0)
(0.300812 0.00906283 0)
(0.30111 0.0104187 0)
(0.301468 0.0117516 0)
(0.301889 0.013054 0)
(0.302381 0.014317 0)
(0.302947 0.0155301 0)
(0.303591 0.0166813 0)
(0.304314 0.0177575 0)
(0.305118 0.018744 0)
(0.305999 0.0196261 0)
(0.306953 0.0203886 0)
(0.30797 0.0210172 0)
(0.30904 0.0214989 0)
(0.310148 0.0218237 0)
(0.300002 0.000679936 0)
(0.300034 0.00203886 0)
(0.3001 0.0033942 0)
(0.300201 0.00474313 0)
(0.300338 0.00608246 0)
(0.300514 0.0074085 0)
(0.300733 0.00871684 0)
(0.300998 0.0100022 0)
(0.301313 0.0112585 0)
(0.301681 0.0124784 0)
(0.302106 0.0136535 0)
(0.302592 0.0147746 0)
(0.30314 0.0158313 0)
(0.303751 0.0168124 0)
(0.304424 0.0177063 0)
(0.305157 0.0185009 0)
(0.305945 0.0191847 0)
(0.306782 0.0197469 0)
(0.307658 0.0201778 0)
(0.308562 0.0204703 0)
(0.300002 0.000659436 0)
(0.30003 0.00197703 0)
(0.300087 0.00328992 0)
(0.300173 0.00459438 0)
(0.300291 0.00588645 0)
(0.300443 0.00716176 0)
(0.300629 0.00841542 0)
(0.300854 0.00964189 0)
(0.301119 0.0108349 0)
(0.301428 0.0119875 0)
(0.301783 0.013092 0)
(0.302185 0.0141399 0)
(0.302636 0.0151221 0)
(0.303136 0.0160292 0)
(0.303684 0.0168514 0)
(0.304277 0.0175792 0)
(0.304913 0.0182032 0)
(0.305585 0.0187152 0)
(0.306287 0.0191079 0)
(0.307011 0.019376 0)
(0.300001 0.000642184 0)
(0.300024 0.00192505 0)
(0.30007 0.00320237 0)
(0.30014 0.00446984 0)
(0.300236 0.00572289 0)
(0.300358 0.00695667 0)
(0.300508 0.00816597 0)
(0.300688 0.00934508 0)
(0.300899 0.0104878 0)
(0.301145 0.0115873 0)
(0.301425 0.0126365 0)
(0.301743 0.0136275 0)
(0.302097 0.0145523 0)
(0.302488 0.0154027 0)
(0.302916 0.0161705 0)
(0.303378 0.0168476 0)
(0.303871 0.0174265 0)
(0.304392 0.0179007 0)
(0.304936 0.0182644 0)
(0.305495 0.0185138 0)
(0.300001 0.000628735 0)
(0.300018 0.00188453 0)
(0.300052 0.00313423 0)
(0.300104 0.00437305 0)
(0.300174 0.00559602 0)
(0.300264 0.00679798 0)
(0.300374 0.00797347 0)
(0.300506 0.0091167 0)
(0.300661 0.0102215 0)
(0.300841 0.0112812 0)
(0.301047 0.012289 0)
(0.301278 0.0132378 0)
(0.301537 0.0141201 0)
(0.301823 0.0149287 0)
(0.302135 0.0156563 0)
(0.302471 0.0162961 0)
(0.302831 0.0168418 0)
(0.303211 0.0172879 0)
(0.303608 0.0176298 0)
(0.304018 0.0178647 0)
(0.300001 0.00061949 0)
(0.300011 0.00185668 0)
(0.300032 0.00308731 0)
(0.300064 0.00430631 0)
(0.300108 0.00550841 0)
(0.300164 0.00668821 0)
(0.300234 0.00784011 0)
(0.300317 0.00895823 0)
(0.300415 0.0100364 0)
(0.30053 0.0110682 0)
(0.300661 0.0120469 0)
(0.300809 0.0129658 0)
(0.300976 0.013818 0)
(0.301161 0.0145967 0)
(0.301364 0.0152955 0)
(0.301584 0.0159083 0)
(0.301821 0.0164294 0)
(0.302072 0.0168545 0)
(0.302337 0.0171794 0)
(0.302612 0.0174024 0)
(0.3 0.000614728 0)
(0.300004 0.00184222 0)
(0.300013 0.00306262 0)
(0.300026 0.00427058 0)
(0.300045 0.00546064 0)
(0.300071 0.00662723 0)
(0.300104 0.00776462 0)
(0.300144 0.00886686 0)
(0.300193 0.00992774 0)
(0.300252 0.0109408 0)
(0.30032 0.0118996 0)
(0.3004 0.0127974 0)
(0.300491 0.0136276 0)
(0.300594 0.0143838 0)
(0.300709 0.0150598 0)
(0.300837 0.01565 0)
(0.300978 0.0161494 0)
(0.30113 0.0165537 0)
(0.301294 0.0168598 0)
(0.301468 0.017066 0)
(0.299988 -0.000312436 0)
(0.299743 -0.000933592 0)
(0.299242 -0.00157249 0)
(0.298463 -0.00224186 0)
(0.29741 -0.00295731 0)
(0.296022 -0.00373619 0)
(0.294313 -0.00460644 0)
(0.292144 -0.00560189 0)
(0.289582 -0.00676628 0)
(0.286303 -0.00818328 0)
(0.282546 -0.0099147 0)
(0.277518 -0.0122118 0)
(0.271987 -0.0151185 0)
(0.263879 -0.0194901 0)
(0.255633 -0.0251374 0)
(0.241445 -0.035255 0)
(0.229032 -0.0484406 0)
(0.200295 -0.0774306 0)
(0.179387 -0.11996 0)
(0.0812577 -0.17004 0)
(0.299988 -0.000261018 0)
(0.299739 -0.000780769 0)
(0.299229 -0.00131433 0)
(0.298435 -0.00187173 0)
(0.29736 -0.00246515 0)
(0.295943 -0.00310876 0)
(0.294192 -0.00382393 0)
(0.29197 -0.00463929 0)
(0.289325 -0.00558692 0)
(0.285946 -0.00674038 0)
(0.282013 -0.00813968 0)
(0.276787 -0.0100111 0)
(0.270817 -0.0123605 0)
(0.262292 -0.015963 0)
(0.252733 -0.0205926 0)
(0.237568 -0.02907 0)
(0.22054 -0.0401515 0)
(0.189676 -0.0639919 0)
(0.151164 -0.0950054 0)
(0.0630594 -0.125242 0)
(0.299988 -0.000208734 0)
(0.299737 -0.00062539 0)
(0.299219 -0.00105162 0)
(0.298414 -0.00149481 0)
(0.297323 -0.00196343 0)
(0.295884 -0.00246818 0)
(0.294101 -0.00302338 0)
(0.291838 -0.00365151 0)
(0.28913 -0.00437275 0)
(0.285675 -0.00524628 0)
(0.281603 -0.00629213 0)
(0.276229 -0.007694 0)
(0.269907 -0.00943092 0)
(0.261057 -0.0121278 0)
(0.250457 -0.0155632 0)
(0.23448 -0.0219321 0)
(0.214088 -0.0302442 0)
(0.181485 -0.0476526 0)
(0.132858 -0.0695201 0)
(0.0510767 -0.0850384 0)
(0.299988 -0.000156214 0)
(0.299735 -0.000468428 0)
(0.299213 -0.000786082 0)
(0.2984 -0.00111357 0)
(0.297298 -0.00145565 0)
(0.295845 -0.00181888 0)
(0.294041 -0.00221118 0)
(0.29175 -0.00264674 0)
(0.289 -0.00313609 0)
(0.285495 -0.00371708 0)
(0.281329 -0.00439748 0)
(0.275855 -0.00529537 0)
(0.26929 -0.00638706 0)
(0.260217 -0.00807339 0)
(0.248903 -0.0102001 0)
(0.232336 -0.014152 0)
(0.209762 -0.0193215 0)
(0.175797 -0.0299878 0)
(0.121785 -0.0433013 0)
(0.0438205 -0.0504504 0)
(0.299988 -0.000103508 0)
(0.299734 -0.000310477 0)
(0.299209 -0.000518836 0)
(0.298393 -0.000729746 0)
(0.297286 -0.000944258 0)
(0.295826 -0.0011644 0)
(0.294012 -0.00139207 0)
(0.291709 -0.00163187 0)
(0.288938 -0.00188606 0)
(0.285409 -0.00216696 0)
(0.281196 -0.0024747 0)
(0.275675 -0.00284788 0)
(0.26899 -0.00327337 0)
(0.259808 -0.00388635 0)
(0.248131 -0.00462721 0)
(0.231256 -0.00599035 0)
(0.207574 -0.00777701 0)
(0.172842 -0.0116006 0)
(0.116342 -0.0165135 0)
(0.0402317 -0.018983 0)
(0.299988 -5.07339e-05 0)
(0.299734 -0.000152228 0)
(0.29921 -0.000251101 0)
(0.298394 -0.000345186 0)
(0.297288 -0.000431829 0)
(0.295828 -0.000508421 0)
(0.294015 -0.000570942 0)
(0.291714 -0.000614035 0)
(0.288945 -0.000631976 0)
(0.285419 -0.000610593 0)
(0.28121 -0.000543573 0)
(0.275695 -0.000385614 0)
(0.269016 -0.000138124 0)
(0.259847 0.000343502 0)
(0.24817 0.00101734 0)
(0.231304 0.00230706 0)
(0.207535 0.00400259 0)
(0.172737 0.00707251 0)
(0.115814 0.0104923 0)
(0.0398193 0.0113986 0)
(0.299988 1.9434e-06 0)
(0.299735 5.57434e-06 0)
(0.299214 1.58485e-05 0)
(0.298402 3.8191e-05 0)
(0.297302 7.89631e-05 0)
(0.295852 0.000145263 0)
(0.294051 0.000247134 0)
(0.291765 0.000399432 0)
(0.28902 0.000616143 0)
(0.285524 0.000936793 0)
(0.281369 0.00137519 0)
(0.275914 0.0020563 0)
(0.26937 0.00296753 0)
(0.260338 0.00452401 0)
(0.249025 0.00658709 0)
(0.232493 0.010496 0)
(0.209655 0.0156199 0)
(0.175518 0.0256134 0)
(0.120138 0.0374409 0)
(0.0425388 0.0424281 0)
(0.299988 5.44262e-05 0)
(0.299737 0.000162266 0)
(0.299221 0.000280827 0)
(0.298418 0.000418584 0)
(0.29733 0.0005856 0)
(0.295896 0.000793031 0)
(0.294118 0.00105735 0)
(0.291862 0.00140151 0)
(0.289164 0.00184905 0)
(0.285724 0.00246069 0)
(0.28167 0.00326206 0)
(0.276327 0.00444394 0)
(0.270039 0.00599534 0)
(0.261261 0.00856492 0)
(0.250672 0.011943 0)
(0.234778 0.0183356 0)
(0.213955 0.0267045 0)
(0.181164 0.0436471 0)
(0.129889 0.0640269 0)
(0.0487988 0.0759814 0)
(0.299988 0.000106697 0)
(0.29974 0.000317317 0)
(0.299231 0.000542751 0)
(0.298441 0.000794302 0)
(0.29737 0.00108569 0)
(0.29596 0.00143146 0)
(0.294216 0.00185508 0)
(0.292004 0.00238549 0)
(0.289372 0.00305805 0)
(0.286013 0.00394733 0)
(0.282104 0.00509843 0)
(0.276924 0.00674487 0)
(0.271003 0.00890007 0)
(0.262586 0.0123769 0)
(0.253064 0.0169529 0)
(0.238078 0.0255628 0)
(0.220487 0.0368907 0)
(0.189604 0.0608178 0)
(0.146532 0.0904357 0)
(0.0596688 0.114628 0)
(0.299988 0.000157997 0)
(0.299743 0.000469539 0)
(0.299245 0.000799649 0)
(0.298471 0.00116254 0)
(0.297423 0.00157531 0)
(0.296043 0.00205561 0)
(0.294343 0.00263328 0)
(0.292189 0.00334246 0)
(0.289641 0.00422963 0)
(0.286389 0.0053794 0)
(0.282662 0.00685664 0)
(0.277692 0.00892118 0)
(0.272228 0.011616 0)
(0.264272 0.0158533 0)
(0.256121 0.0214116 0)
(0.242302 0.0317655 0)
(0.229362 0.0453271 0)
(0.201187 0.0754983 0)
(0.173081 0.118346 0)
(0.0778288 0.161069 0)
)
;

boundaryField
{
    inlet
    {
        type            fixedValue;
        value           uniform (0.3 0 0);
    }
    outlet
    {
        type            zeroGradient;
    }
    upAndBottom
    {
        type            empty;
    }
    obstacle
    {
        type            noSlip;
    }
}


// ************************************************************************* //
