/*--------------------------------*- C++ -*----------------------------------*\
| =========                 |                                                 |
| \\      /  F ield         | OpenFOAM: The Open Source CFD Toolbox           |
|  \\    /   O peration     | Version:  v1806                                 |
|   \\  /    A nd           | Web:      www.OpenFOAM.com                      |
|    \\/     M anipulation  |                                                 |
\*---------------------------------------------------------------------------*/
FoamFile
{
    version     2.0;
    format      ascii;
    class       surfaceScalarField;
    location    "14";
    object      phi;
}
// * * * * * * * * * * * * * * * * * * * * * * * * * * * * * * * * * * * * * //

dimensions      [0 3 -1 0 0 0 0];
oriented        oriented;


internalField   nonuniform List<scalar> 
4680
(
0.750191
-0.00296865
0.749752
-0.00264318
0.750182
-0.0101541
0.749661
-0.0088429
0.750168
-0.0166442
0.749698
-0.0160167
0.750133
-0.0220564
0.749938
-0.023759
0.75013
-0.0265213
0.750378
-0.0315535
0.750217
-0.0304328
0.750943
-0.0388118
0.750474
-0.0339364
0.751567
-0.0443587
0.750964
-0.0374743
0.752164
-0.0474051
0.751702
-0.041108
0.752705
-0.0471874
0.752648
-0.044725
-0.043838
0.753207
0.750331
-0.0033001
0.749683
-0.00199469
0.750328
-0.0107991
0.749568
-0.00808326
0.750328
-0.0174043
0.749691
-0.015379
0.750353
-0.0227185
0.750173
-0.0235793
0.750523
-0.0268712
0.751024
-0.0320546
0.750935
-0.0303437
0.752133
-0.040009
0.751702
-0.0335063
0.753447
-0.046103
0.752923
-0.036951
0.754848
-0.0493295
0.754573
-0.0408336
0.756289
-0.0489027
0.756549
-0.0449856
-0.0450081
0.757719
0.750318
-0.00361833
0.749692
-0.00136799
0.750309
-0.0114163
0.749655
-0.00742939
0.750359
-0.0181084
0.749879
-0.0148995
0.750503
-0.0233416
0.750517
-0.0235942
0.750928
-0.0272821
0.751607
-0.0327337
0.751751
-0.0304871
0.753067
-0.0413251
0.753083
-0.0335223
0.754907
-0.0479272
0.75501
-0.0370545
0.757028
-0.0513472
0.757444
-0.04125
0.759371
-0.0508297
0.760245
-0.0458593
-0.0466083
0.761845
0.750221
-0.00383962
0.749726
-0.000873047
0.750242
-0.0119316
0.749738
-0.00692555
0.750347
-0.0187179
0.750043
-0.0145952
0.750635
-0.0239337
0.750821
-0.0237804
0.751304
-0.0277651
0.752122
-0.0335516
0.752497
-0.0308614
0.753927
-0.0427554
0.754355
-0.03395
0.756293
-0.0498657
0.756958
-0.0377193
0.759138
-0.0535274
0.760203
-0.042315
0.762389
-0.0530159
0.763909
-0.0473787
-0.0485827
0.765883
0.750007
-0.00384622
0.749826
-0.000692098
0.750061
-0.0121673
0.749889
-0.00675362
0.750243
-0.0190719
0.750266
-0.014618
0.750724
-0.0243915
0.751133
-0.0241897
0.75165
-0.0282818
0.752555
-0.034457
0.753204
-0.0315097
0.75462
-0.0441717
0.75557
-0.0349003
0.757442
-0.0517378
0.758814
-0.0390907
0.760999
-0.0557125
0.762844
-0.0441602
0.765217
-0.0553893
0.767447
-0.049608
-0.0509914
0.769855
0.749732
-0.00357791
0.749977
-0.000937851
0.749817
-0.0120067
0.750105
-0.00704205
0.750092
-0.0190584
0.750566
-0.0150919
0.75076
-0.0245855
0.751453
-0.0248826
0.751888
-0.0287173
0.752916
-0.0354851
0.75375
-0.0323434
0.755166
-0.0455876
0.756566
-0.0363001
0.758365
-0.053537
0.76042
-0.0411455
0.762592
-0.0578844
0.765264
-0.0468322
0.767793
-0.0579191
0.77084
-0.0526549
-0.0537929
0.773642
0.749425
-0.00300266
0.750173
-0.0016864
0.749506
-0.011339
0.750406
-0.00794202
0.749909
-0.0185615
0.750929
-0.0161126
0.750706
-0.0243619
0.751716
-0.0258927
0.751976
-0.0289773
0.753119
-0.0366286
0.754079
-0.0333033
0.755456
-0.0469649
0.757245
-0.0380889
0.758966
-0.0552578
0.761654
-0.0438339
0.763858
-0.0600884
0.76733
-0.0503037
0.770102
-0.0606916
0.773973
-0.0565257
-0.0570921
0.777272
0.749124
-0.00212686
0.750356
-0.00291839
0.749161
-0.0101437
0.750778
-0.00955866
0.749673
-0.0174568
0.751283
-0.0177225
0.750453
-0.0235325
0.751839
-0.0272781
0.751797
-0.028936
0.753079
-0.03791
0.754044
-0.0342683
0.755362
-0.0482829
0.757455
-0.0401823
0.759115
-0.0569176
0.762384
-0.0471025
0.764693
-0.0623971
0.768948
-0.0545592
0.772084
-0.0638273
0.776822
-0.0612641
-0.0610176
0.780748
0.748807
-0.000934059
0.750504
-0.00461492
0.748828
-0.008468
0.751128
-0.0118582
0.749281
-0.0156107
0.751461
-0.0199016
0.749869
-0.0219408
0.751746
-0.0291553
0.751169
-0.0283593
0.752671
-0.0394116
0.753429
-0.0350268
0.754745
-0.0495985
0.757029
-0.0424663
0.758677
-0.0585656
0.762479
-0.0509043
0.764993
-0.0649108
0.770026
-0.0595931
0.77373
-0.0675308
0.779384
-0.0669178
-0.0658074
0.784173
0.748307
0.000758862
0.750672
-0.0069799
0.748337
-0.00613299
0.751361
-0.0148826
0.748497
-0.0127463
0.751453
-0.0228575
0.748791
-0.0192793
0.7515
-0.0318643
0.749846
-0.0267053
0.751987
-0.0415522
0.75193
-0.0349698
0.753661
-0.0513294
0.755694
-0.0444989
0.757596
-0.0604682
0.761788
-0.0550956
0.76463
-0.067753
0.77055
-0.0655131
0.774963
-0.0719445
0.781735
-0.0736889
-0.0716927
0.78762
0.747428
0.00333108
0.750871
-0.0104229
0.747442
-0.00270453
0.751457
-0.0188973
0.747158
-0.00844686
0.751353
-0.0270527
0.747084
-0.0150105
0.751103
-0.0358831
0.747571
-0.0231733
0.751179
-0.0451602
0.749139
-0.0329304
0.752494
-0.0546837
0.752825
-0.04483
0.756209
-0.0638527
0.759682
-0.0585684
0.763664
-0.071735
0.770213
-0.0720619
0.775652
-0.0773841
0.783755
-0.0817912
-0.0790209
0.791083
0.746258
0.00707349
0.751058
-0.0152234
0.746094
0.00225994
0.75143
-0.0242332
0.745371
-0.00238817
0.751095
-0.0327769
0.744672
-0.00858765
0.750494
-0.0417047
0.744235
-0.0169147
0.750168
-0.0510926
0.74481
-0.0275726
0.751169
-0.0610426
0.747721
-0.0413824
0.754747
-0.0708788
0.754864
-0.0586849
0.762425
-0.0792964
0.767641
-0.0772777
0.77555
-0.0852927
0.78504
-0.0912817
-0.0878807
0.7939
0.745248
0.0118257
0.751008
-0.0209833
0.744752
0.0085156
0.750978
-0.0304593
0.743353
0.00523685
0.750251
-0.0396749
0.741691
-2.7995e-05
0.749206
-0.0492192
0.739967
-0.00767568
0.74842
-0.0595454
0.738969
-0.0181225
0.74903
-0.0711035
0.740289
-0.032641
0.752496
-0.083086
0.746354
-0.0525432
0.760676
-0.0936176
0.760535
-0.0771375
0.775188
-0.0999458
0.78332
-0.0994138
-0.100692
0.796132
0.74474
0.0170854
0.750602
-0.0268453
0.74376
0.0153584
0.749879
-0.0365782
0.741428
0.0136875
0.748559
-0.0468058
0.738483
0.0100479
0.746903
-0.057639
0.735184
0.00404274
0.745441
-0.0698023
0.732236
-0.00491779
0.745323
-0.0841902
0.731204
-0.0185222
0.74842
-0.100301
0.734959
-0.0390828
0.756939
-0.115597
0.748555
-0.0687541
0.77359
-0.12498
0.776437
-0.102261
-0.12231
0.798054
0.744781
0.0223043
0.75008
-0.0321444
0.743371
0.0220672
0.748434
-0.0416404
0.740185
0.0219356
0.746329
-0.0529491
0.736031
0.020346
0.74395
-0.0655585
0.731131
0.0168623
0.741589
-0.0802602
0.726126
0.0105443
0.74022
-0.0982842
0.722171
-0.000472314
0.742062
-0.120193
0.722314
-0.0193347
0.750433
-0.143716
0.733006
-0.0513275
0.769794
-0.161767
0.764403
-0.0968708
-0.160162
0.802256
0.745383
0.0269217
0.750029
-0.0367911
0.743716
0.0283808
0.747627
-0.0455514
0.740132
0.0294304
0.744788
-0.057605
0.735285
0.0298483
0.741492
-0.0717654
0.729075
0.0292793
0.737934
-0.0891192
0.722046
0.0264328
0.734918
-0.111157
0.715135
0.019311
0.734193
-0.139251
0.710704
0.00415466
0.741392
-0.174404
0.716113
-0.026049
0.763939
-0.209593
0.74836
-0.0812918
-0.219906
0.808104
0.747827
0.0290947
0.749595
-0.0385589
0.745925
0.0320503
0.746952
-0.0465776
0.742745
0.0336369
0.743697
-0.0585569
0.737787
0.0357586
0.739285
-0.0732635
0.730716
0.0378483
0.734052
-0.092455
0.721765
0.0387197
0.729034
-0.118426
0.712135
0.0362095
0.726023
-0.153139
0.70332
0.0268579
0.730673
-0.201757
0.703708
0.000916373
0.756367
-0.262252
0.735194
-0.0601192
-0.30046
0.815748
0.751487
0.0276079
0.747958
-0.0350297
0.749849
0.0301586
0.745479
-0.0422069
0.747304
0.0318116
0.740929
-0.0521816
0.742604
0.034083
0.734366
-0.0650252
0.735565
0.0366491
0.72572
-0.0826103
0.725431
0.0390092
0.715243
-0.108238
0.711537
0.039916
0.707384
-0.148986
0.697177
0.0370649
0.708807
-0.213386
0.689409
0.0203146
0.738503
-0.311347
0.715503
-0.0371194
-0.445327
0.86037
0.754059
0.0235486
0.747868
-0.0288388
0.752509
0.0255181
0.745098
-0.0347964
0.749867
0.0270428
0.74022
-0.0425341
0.745306
0.0289972
0.732837
-0.0525565
0.738467
0.0310188
0.722261
-0.0664043
0.728884
0.032386
0.708008
-0.0873623
0.716751
0.031173
0.690762
-0.122997
0.704476
0.0233512
0.681359
-0.190269
0.700052
0.00162084
0.715377
-0.326672
0.741802
-0.0635436
-0.565312
0.861787
0.755943
0.0176057
0.748972
-0.0218677
0.755964
0.0185258
0.747835
-0.0266677
0.755281
0.0195971
0.74536
-0.0326131
0.753407
0.0209506
0.741141
-0.040291
0.750085
0.0220746
0.734481
-0.0508
0.745042
0.0218249
0.724294
-0.066614
0.738242
0.0172248
0.708671
-0.0934258
0.731482
0.00053964
0.686323
-0.145109
0.736523
-0.0485791
0.671727
-0.261876
0.817011
-0.208828
0.88369
-0.631991
0.754004
-0.077213
0.752372
-0.0492434
0.755754
-0.0743713
0.753218
-0.0383435
0.7566
-0.0560247
0.755994
-0.0337625
0.757011
-0.0232828
0.759107
-0.0367173
0.757201
0.00898752
-0.0228265
0.760647
0.759236
-0.0787293
0.758202
-0.0482099
0.762663
-0.0788323
0.760172
-0.0358522
0.764373
-0.0602258
0.763599
-0.0329881
0.765245
-0.0249291
0.766726
-0.0381988
0.76481
0.0109039
-0.0261421
0.768126
0.763906
-0.0807904
0.764357
-0.0486604
0.76841
-0.0828859
0.767571
-0.0350132
0.771004
-0.0636589
0.770931
-0.0329143
0.772663
-0.0266616
0.773241
-0.0387771
0.772168
0.0119771
-0.0279032
0.773929
0.768863
-0.0837702
0.770534
-0.0503311
0.774492
-0.0868444
0.775079
-0.0355996
0.777856
-0.0664361
0.778606
-0.0336644
0.780011
-0.0280668
0.780232
-0.0389975
0.779311
0.0128979
-0.0286741
0.780082
0.773718
-0.0876327
0.776923
-0.0535358
0.7807
-0.0906222
0.782862
-0.0377617
0.784995
-0.0685689
0.786564
-0.0352329
0.787628
-0.0291311
0.787343
-0.0387124
0.786569
0.013672
-0.028187
0.786082
0.778652
-0.0926429
0.783335
-0.0582191
0.787101
-0.0943878
0.790841
-0.0415022
0.792387
-0.0701149
0.794946
-0.0377921
0.795433
-0.0296175
0.794854
-0.0381337
0.79398
0.0145462
-0.0263802
0.792173
0.78351
-0.0988807
0.78971
-0.0644193
0.793696
-0.0983736
0.798954
-0.0467595
0.800233
-0.0713939
0.803724
-0.0412839
0.80375
-0.0296426
0.802925
-0.0373091
0.801776
0.0156946
-0.0232574
0.798654
0.788328
-0.106461
0.796102
-0.072194
0.800473
-0.102744
0.807195
-0.053481
0.808536
-0.0727357
0.812932
-0.0456794
0.81255
-0.0292608
0.811697
-0.036456
0.809991
0.0174
-0.0188178
0.805552
0.793147
-0.115434
0.802626
-0.0816735
0.807462
-0.107579
0.815512
-0.0615315
0.817295
-0.0745187
0.822326
-0.0507105
0.821871
-0.0288056
0.820949
-0.0355335
0.818622
0.0197263
-0.0128506
0.812655
0.798188
-0.126003
0.809373
-0.0928583
0.814514
-0.112721
0.823914
-0.0709311
0.826279
-0.0768837
0.831964
-0.0563954
0.83105
-0.0278911
0.830635
-0.0351191
0.827288
0.0230736
-0.0054969
0.819934
0.803462
-0.138382
0.816205
-0.105601
0.821235
-0.117751
0.831991
-0.0816865
0.835138
-0.0800307
0.841389
-0.062647
0.840516
-0.027018
0.839919
-0.0345222
0.83497
0.028023
0.00239675
0.827076
0.808881
-0.153363
0.821872
-0.118592
0.827151
-0.123031
0.839025
-0.0935598
0.842047
-0.0830528
0.849684
-0.0702842
0.848861
-0.0261947
0.849798
-0.0354592
0.842826
0.034995
0.011396
0.833827
0.813059
-0.17029
0.825022
-0.130555
0.831369
-0.129378
0.844206
-0.106396
0.847325
-0.0861716
0.855084
-0.0780433
0.854379
-0.0254899
0.856629
-0.0377093
0.847177
0.0444464
0.018903
0.83967
0.813806
-0.186042
0.824614
-0.141363
0.834399
-0.139163
0.848074
-0.120072
0.853223
-0.0913207
0.861383
-0.0862033
0.863138
-0.0272448
0.863142
-0.037713
0.853408
0.0541804
0.0268176
0.845493
0.812228
-0.196014
0.823604
-0.152739
0.839953
-0.155511
0.851076
-0.131195
0.856425
-0.0966697
0.86549
-0.0952683
0.871373
-0.0331276
0.872332
-0.0386722
0.862439
0.0640733
0.0342028
0.855054
0.813384
-0.201294
0.837314
-0.17667
0.855232
-0.173429
0.857947
-0.13391
0.866636
-0.105359
0.878121
-0.106753
0.884495
-0.0395017
0.882098
-0.0362755
0.875593
0.0705791
0.0470584
0.862737
0.818865
-0.204411
0.852783
-0.210588
0.860775
-0.181421
0.858078
-0.131213
0.878827
-0.126108
0.883341
-0.111267
0.90002
-0.0561807
0.890206
-0.0264615
0.888132
0.0726527
0.0641618
0.871029
0.859196
-0.203236
0.877476
-0.228867
0.853328
-0.157274
0.845334
-0.123218
0.851442
-0.132217
0.842553
-0.102378
0.849877
-0.063505
0.824007
-0.000590993
0.833936
0.0627238
0.0908518
0.807246
0.832978
-0.174428
0.811331
-0.20722
0.760317
-0.10626
0.729641
-0.0925425
0.701118
-0.103694
0.672719
-0.0739789
0.654486
-0.0452718
0.631318
0.0225773
0.636134
0.0579071
0.096007
0.630979
0.709262
0.502042
0.395782
0.30324
0.199546
0.125567
0.0802957
0.102873
0.16078
0.256787
0.74652
0.101201
0.757718
0.0604606
0.785102
-0.201858
0.76132
0.124856
0.73197
0.375396
0.741406
-0.147682
0.761325
-0.473511
0.774885
-0.00434003
0.77998
0.248864
0.765135
-0.222866
0.742492
-0.74164
0.769816
-0.332105
0.803689
0.177213
0.815195
0.0195894
0.759779
-0.74293
0.727865
-1.23776
0.744585
-0.843577
0.715405
-0.442051
0.734695
0.970895
0.877004
0.752197
0.11713
0.767048
0.0456097
0.787229
-0.222039
0.761152
0.150933
0.737684
0.398864
0.737593
-0.147591
0.743693
-0.479612
0.764771
-0.0254177
0.799091
0.214544
0.800028
-0.223803
0.763769
-0.705381
0.772177
-0.340513
0.7927
0.15669
0.800122
0.0121681
0.760871
-0.70368
0.722852
-1.19974
0.718269
-0.838995
0.690875
-0.414658
0.725956
0.935814
0.838746
0.762314
0.128745
0.77326
0.034664
0.782356
-0.231135
0.761095
0.172195
0.745313
0.414645
0.737493
-0.13977
0.728762
-0.470881
0.750066
-0.0467218
0.805446
0.159163
0.826037
-0.244394
0.787098
-0.666442
0.774922
-0.328337
0.782708
0.148904
0.784598
0.0102777
0.751175
-0.670257
0.709858
-1.15842
0.690237
-0.819374
0.660651
-0.385071
0.709609
0.886856
0.791856
0.770439
0.138388
0.777508
0.0275958
0.780327
-0.233955
0.762039
0.190483
0.753498
0.423186
0.739258
-0.12553
0.711063
-0.442686
0.729721
-0.0653791
0.811324
0.0775601
0.855466
-0.288537
0.811071
-0.622046
0.775255
-0.292522
0.774503
0.149656
0.778984
0.00579707
0.743731
-0.635004
0.694921
-1.10961
0.661378
-0.785831
0.630576
-0.354269
0.69212
0.825312
0.739394
0.778347
0.146123
0.781968
0.0239743
0.776616
-0.228603
0.763213
0.203886
0.762593
0.423806
0.739237
-0.102174
0.69003
-0.39348
0.698986
-0.0743349
0.803995
-0.0274491
0.881928
-0.36647
0.845447
-0.585565
0.78798
-0.235055
0.765687
0.171949
0.76096
0.0105246
0.727369
-0.601413
0.674197
-1.05644
0.633985
-0.745618
0.605402
-0.325687
0.672967
0.757747
0.684635
0.78586
0.152436
0.784534
0.0253003
0.773533
-0.217602
0.765841
0.211578
0.771921
0.417726
0.74129
-0.0715434
0.666159
-0.318348
0.659073
-0.0672496
0.786903
-0.155279
0.898125
-0.477691
0.870191
-0.557631
0.798813
-0.163677
0.766353
0.204409
0.756552
0.0203262
0.717728
-0.56259
0.655161
-0.993876
0.609003
-0.699461
0.584986
-0.30167
0.652788
0.689946
0.63271
0.791994
0.159096
0.787977
0.0293172
0.772372
-0.201997
0.768162
0.215788
0.782029
0.403859
0.741184
-0.0306988
0.638041
-0.215205
0.612324
-0.0415329
0.746454
-0.289408
0.887066
-0.618303
0.882209
-0.552774
0.807866
-0.0893344
0.762106
0.250169
0.74102
0.0414121
0.695729
-0.517298
0.629057
-0.927204
0.581376
-0.65178
0.562352
-0.282646
0.628446
0.623852
0.584416
0.797975
0.166673
0.790987
0.0363052
0.77106
-0.18207
0.773627
0.213222
0.791097
0.386389
0.736399
0.0239994
0.616478
-0.0952847
0.563525
0.0114208
0.66873
-0.394613
0.830094
-0.779668
0.867322
-0.590002
0.808307
-0.0303201
0.759047
0.29943
0.730567
0.0698921
0.682502
-0.469233
0.608613
-0.853315
0.556099
-0.599265
0.538564
-0.265111
0.598447
0.563969
0.54123
0.802834
0.176494
0.794011
0.0451278
0.771124
-0.159184
0.780454
0.203892
0.797781
0.369062
0.73649
0.0852907
0.607907
0.0332981
0.508957
0.110371
0.558365
-0.444022
0.727245
-0.948548
0.814383
-0.67714
0.789434
-0.00537061
0.748288
0.340575
0.712862
0.105318
0.656171
-0.412542
0.579894
-0.777038
0.526968
-0.546339
0.50968
-0.247823
0.562777
0.510873
0.501631
0.807529
0.1889
0.793606
0.0590511
0.772317
-0.137895
0.791264
0.184945
0.801663
0.358663
0.739823
0.147131
0.604749
0.168372
0.461694
0.253427
0.466356
-0.448684
0.624006
-1.1062
0.745313
-0.798446
0.757146
-0.0172041
0.727998
0.369724
0.691219
0.142096
0.637012
-0.358335
0.558136
-0.698163
0.501149
-0.489352
0.479942
-0.226616
0.524597
0.466218
0.464741
0.809453
0.206523
0.79154
0.0769641
0.77882
-0.125176
0.803659
0.160106
0.808193
0.354129
0.755535
0.199789
0.60127
0.322637
0.441278
0.413419
0.446252
-0.453658
0.571051
-1.231
0.683259
-0.910653
0.71268
-0.0466258
0.69819
0.384214
0.665362
0.174925
0.608977
-0.30195
0.53109
-0.620276
0.474527
-0.432789
0.449769
-0.201858
0.4864
0.429587
0.42956
0.807676
0.232674
0.786696
0.097944
0.788463
-0.126942
0.802387
0.146182
0.81127
0.345246
0.781826
0.229233
0.61641
0.488053
0.467712
0.562117
0.470561
-0.456507
0.549525
-1.30996
0.638771
-0.9999
0.673626
-0.0814808
0.664285
0.393555
0.631042
0.208168
0.57923
-0.250138
0.505569
-0.546615
0.450233
-0.377453
0.422147
-0.173772
0.451542
0.400192
0.395471
0.803465
0.268879
0.7818
0.119609
0.799319
-0.144461
0.828751
0.11675
0.839499
0.334497
0.775215
0.293518
0.603391
0.659877
0.492936
0.672571
0.491376
-0.454947
0.539213
-1.3578
0.604684
-1.06537
0.636222
-0.113019
0.632845
0.396931
0.605412
0.235601
0.557255
-0.20198
0.485483
-0.474843
0.430373
-0.322343
0.398828
-0.142227
0.421309
0.377711
0.362765
0.791714
0.322659
0.798101
0.113222
0.809376
-0.155737
0.828242
0.0978852
0.851281
0.311458
0.766674
0.378124
0.607622
0.818929
0.530282
0.749911
0.51637
-0.441035
0.537644
-1.37907
0.58185
-1.10958
0.605764
-0.136933
0.598128
0.404567
0.568514
0.265215
0.524038
-0.157505
0.46055
-0.411355
0.410905
-0.272698
0.378654
-0.109976
0.395886
0.360478
0.331331
0.781456
0.396257
0.796397
0.09828
0.794679
-0.154019
0.814416
0.0781481
0.869835
0.256039
0.810111
0.437848
0.65992
0.969121
0.579356
0.830475
0.552841
-0.414521
0.548408
-1.37464
0.565801
-1.12697
0.578674
-0.149807
0.569357
0.413884
0.541053
0.29352
0.501074
-0.117527
0.442448
-0.352728
0.395772
-0.226022
0.362743
-0.0769464
0.375075
0.348146
0.30168
0.776596
0.482398
0.767285
0.107591
0.772097
-0.158831
0.842802
0.00744298
0.899812
0.199029
0.839802
0.497859
0.697235
1.11169
0.614492
0.913218
0.580149
-0.380177
0.560022
-1.35451
0.558642
-1.12559
0.557901
-0.149066
0.542075
0.429711
0.512513
0.323082
0.475037
-0.080051
0.423077
-0.300768
0.382007
-0.184953
0.349907
-0.0448468
0.358347
0.339706
0.274053
0.773
0.580427
0.718052
0.162539
0.737072
-0.177852
0.875785
-0.13127
0.926746
0.148069
0.858199
0.566405
0.723044
1.24684
0.642436
0.993826
0.597406
-0.335148
0.565633
-1.32274
0.551751
-1.11171
0.541516
-0.138832
0.52192
0.449307
0.490209
0.354793
0.453444
-0.0432862
0.406238
-0.253562
0.370139
-0.148854
0.339798
-0.0145058
0.344875
0.334629
0.248916
0.694953
0.692721
0.53657
0.320921
0.579639
-0.220921
0.844954
-0.396584
0.917125
0.0758979
0.84294
0.64059
0.724592
1.36519
0.657219
1.0612
0.609063
-0.286991
0.572051
-1.28573
0.550239
-1.08989
0.531369
-0.119962
0.506371
0.474305
0.471499
0.389665
0.434732
-0.00651987
0.391477
-0.210306
0.360153
-0.11753
0.332017
0.0136302
0.334023
0.332623
0.226585
0.597942
0.725758
0.260116
0.658747
0.319862
-0.280668
0.728085
-0.804807
0.875683
-0.0716999
0.797647
0.718626
0.706722
1.45612
0.667809
1.10011
0.621511
-0.240693
0.578378
-1.24259
0.550639
-1.06216
0.525661
-0.0949834
0.496745
0.503222
0.458039
0.428371
0.419569
0.03195
0.379325
-0.170063
0.352486
-0.0906912
0.326562
0.0395544
0.325326
0.333859
0.207402
0.172278
0.810267
-0.0616619
0.892687
0.17215
-0.514479
0.560409
-1.19307
0.821656
-0.332947
0.776182
0.7641
0.710608
1.52169
0.680802
1.12992
0.631403
-0.191295
0.584118
-1.19531
0.554683
-1.03272
0.526148
-0.0664489
0.493773
0.535597
0.450151
0.471994
0.408965
0.0731356
0.370519
-0.131617
0.347358
-0.0675296
0.323203
0.0637094
0.318446
0.338615
0.191365
0.0209317
0.789335
0.000748678
0.91287
0.11029
-0.62402
0.199851
-1.28263
0.311989
-0.445086
0.305771
0.770318
0.286942
1.54052
0.275663
1.1412
0.256052
-0.171684
0.236087
-1.17534
0.223615
-1.02025
0.212013
-0.0548467
0.198237
0.549373
0.179468
0.490763
0.161883
0.0907204
0.146825
-0.116559
0.138264
-0.0589689
0.129154
0.0728192
0.12621
0.341559
0.186048
0.00882227
0.780513
0.0232048
0.898488
0.143241
-0.744056
0.209549
-1.34894
0.30468
-0.540216
0.302847
0.77215
0.287535
1.55583
0.277389
1.15134
0.257968
-0.152263
0.23815
-1.15553
0.225113
-1.00721
0.213335
-0.0430685
0.198855
0.563853
0.17948
0.510138
0.161286
0.108914
0.146242
-0.101514
0.138045
-0.0507721
0.129148
0.0817164
0.125765
0.344942
0.181417
0.0146154
0.765898
0.0583316
0.854771
0.166687
-0.852411
0.21634
-1.39859
0.297626
-0.621502
0.301327
0.768449
0.289341
1.56782
0.278849
1.16184
0.26018
-0.133595
0.240342
-1.13569
0.226664
-0.993535
0.214738
-0.0311419
0.199944
0.578647
0.179868
0.530214
0.161034
0.127748
0.145911
-0.0863918
0.138043
-0.0429037
0.129277
0.0904824
0.125416
0.348803
0.177325
0.0260822
0.739815
0.112929
0.767924
0.201938
-0.94142
0.227811
-1.42446
0.291865
-0.685557
0.300003
0.760311
0.290817
1.577
0.280121
1.17253
0.262882
-0.116356
0.243199
-1.116
0.228557
-0.978892
0.216431
-0.0190163
0.201346
0.593732
0.18062
0.55094
0.161114
0.147254
0.145863
-0.0711407
0.138246
-0.0352869
0.129551
0.0991778
0.125288
0.353066
0.173661
0.0360952
0.70372
0.163915
0.640104
0.220491
-0.997995
0.234443
-1.43841
0.286576
-0.73769
0.299013
0.747875
0.292075
1.58394
0.281201
1.18341
0.265766
-0.100921
0.246402
-1.09664
0.230677
-0.963166
0.218274
-0.00661364
0.202936
0.609071
0.181687
0.572188
0.16152
0.167421
0.146115
-0.0557361
0.138666
-0.0278372
0.129985
0.107858
0.125417
0.357633
0.170313
0.0493791
0.654341
0.218736
0.470747
0.244845
-1.0241
0.241818
-1.43539
0.281752
-0.777624
0.29757
0.732056
0.292595
1.58892
0.281999
1.194
0.269105
-0.0880263
0.250189
-1.07772
0.233156
-0.946134
0.220408
0.00613484
0.204824
0.624654
0.183091
0.593922
0.162295
0.188217
0.146688
-0.040129
0.139314
-0.0204638
0.130604
0.116569
0.125845
0.362393
0.16719
0.0576943
0.596647
0.258673
0.269768
0.26008
-1.02551
0.245464
-1.42077
0.276989
-0.80915
0.295897
0.713149
0.292377
1.59244
0.282482
1.2039
0.272731
-0.0782753
0.254441
-1.05943
0.235896
-0.927589
0.22255
0.019481
0.206752
0.640452
0.18473
0.615943
0.16345
0.209497
0.147597
-0.0242752
0.14021
-0.0130775
0.13144
0.125339
0.126615
0.367217
0.164219
0.0350615
0.561585
0.280478
0.0243521
0.271153
-1.01619
0.247072
-1.39669
0.271444
-0.833522
0.293276
0.691316
0.291476
1.59424
0.282591
1.21278
0.27666
-0.0723444
0.259296
-1.04207
0.239041
-0.907333
0.225081
0.0334404
0.209021
0.656512
0.186688
0.638277
0.164979
0.231206
0.148857
-0.0081529
0.141373
-0.0055938
0.132531
0.134181
0.127775
0.371973
0.161346
0.0390164
0.522569
0.284485
-0.221117
0.279869
-1.01157
0.247418
-1.36424
0.265906
-0.85201
0.28963
0.667592
0.288763
1.5951
0.282263
1.21928
0.280835
-0.0709166
0.264719
-1.02595
0.242306
-0.88492
0.227345
0.0484013
0.211093
0.672764
0.188761
0.660609
0.166831
0.253136
0.150448
0.00823061
0.142837
0.00201707
0.133915
0.143103
0.129366
0.376522
0.158526
0.142379
0.38019
0.289914
-0.368652
0.285247
-1.0069
0.247033
-1.32602
0.259094
-0.86407
0.285618
0.641068
0.285268
1.59545
0.281898
1.22265
0.284689
-0.0737073
0.270158
-1.01142
0.246461
-0.861223
0.23024
0.0646224
0.213532
0.689472
0.19123
0.682911
0.169051
0.275314
0.152394
0.024888
0.144526
0.00988468
0.135649
0.151981
0.13146
0.380711
0.155767
0.771533
0.196535
-0.587879
1.02298
-0.620098
0.992417
-0.976341
0.810303
-1.14391
0.815712
-0.86948
0.907704
0.549076
0.920258
1.5829
0.942153
1.20076
0.990277
-0.121831
0.948075
-0.969222
0.852197
-0.765344
0.785024
0.131795
0.730011
0.744484
0.656381
0.756541
0.582731
0.348964
0.526871
0.080748
0.496996
0.0397603
0.466758
0.182219
0.457601
0.389868
0.145638
1.19905
0.0794394
-1.08196
1.17943
-0.600478
0.974532
-0.771438
0.706195
-0.875573
0.676103
-0.839388
0.791968
0.433211
0.854789
1.52008
0.95901
1.09654
1.0559
-0.218725
1.03294
-0.946257
0.927471
-0.659876
0.838873
0.220394
0.765171
0.818186
0.686046
0.835667
0.621671
0.413338
0.576767
0.125653
0.549127
0.0673996
0.520799
0.210547
0.51372
0.396948
0.14037
1.2323
-0.0337475
-1.11911
1.07084
-0.439023
0.851311
-0.551909
0.63106
-0.655322
0.522019
-0.730346
0.612482
0.342748
0.783724
1.34884
0.99938
0.880879
1.10112
-0.320462
1.06972
-0.914864
0.954077
-0.544229
0.84853
0.32594
0.776394
0.890322
0.703142
0.908919
0.644011
0.472469
0.609515
0.160149
0.587417
0.0894977
0.568435
0.229529
0.577869
0.387513
0.131634
1.18753
-0.05695
-1.16433
1.12628
-0.377773
1.12166
-0.547292
0.955078
-0.488738
0.639999
-0.415267
0.608865
0.373882
0.859627
1.09807
1.08166
0.658844
1.10576
-0.344558
1.07645
-0.88556
1.00907
-0.476846
0.911481
0.42353
0.810821
0.990982
0.713008
1.00673
0.660818
0.52466
0.660904
0.160063
0.660502
0.0898994
0.656906
0.233125
0.68338
0.361039
0.123101
1.16961
-0.0813845
-1.14517
1.08555
-0.293717
0.963663
-0.425404
0.83465
-0.359725
0.653814
-0.234431
0.715283
0.312412
1.009
0.80436
1.15041
0.517427
1.09279
-0.286937
1.02578
-0.818543
0.9685
-0.41957
0.89633
0.495699
0.799206
1.08811
0.698172
1.10777
0.651247
0.571586
0.675727
0.135583
0.707372
0.0582539
0.735067
0.205431
0.787495
0.308611
0.109438
1.17053
-0.110371
-1.14154
1.09668
-0.219869
0.971243
-0.299968
0.893903
-0.282385
0.813403
-0.153931
0.896632
0.229183
1.11367
0.587322
1.17451
0.456592
1.09875
-0.211177
1.02806
-0.747861
0.983072
-0.374578
0.910476
0.568295
0.798841
1.19974
0.712412
1.19419
0.687915
0.596083
0.717782
0.105716
0.762282
0.0137538
0.812085
0.155629
0.878317
0.242379
0.0955907
1.12269
-0.10101
-1.13205
1.08367
-0.180852
1.01323
-0.229519
0.945221
-0.214381
0.88467
-0.0933803
0.969698
0.144156
1.13133
0.42569
1.19555
0.392372
1.13614
-0.151764
1.02469
-0.636412
0.941529
-0.29142
0.86977
0.640054
0.778898
1.29061
0.742068
1.23102
0.748704
0.589447
0.762034
0.092385
0.800081
-0.0242932
0.872305
0.0834049
0.942627
0.172057
0.0884118
1.10947
-0.0928762
-1.1176
1.08312
-0.154501
1.00331
-0.149709
0.950302
-0.161375
0.947285
-0.0903627
0.979047
0.112394
1.06869
0.336052
1.16516
0.295895
1.16068
-0.147281
1.06246
-0.538195
0.959983
-0.18894
0.854696
0.74534
0.779441
1.36587
0.787767
1.2227
0.818634
0.55858
0.833333
0.0776855
0.859112
-0.0500721
0.917027
0.0254902
0.978692
0.110392
0.0820306
1.09125
-0.0784183
-1.10571
1.06637
-0.129616
1.00985
-0.0931896
0.981571
-0.133098
0.978177
-0.0869686
0.975548
0.115023
1.02348
0.288122
1.08966
0.229713
1.04542
-0.103041
0.945852
-0.438627
0.861752
-0.10484
0.799601
0.807492
0.771166
1.3943
0.824519
1.16934
0.887051
0.496048
0.908253
0.0564839
0.91987
-0.0616895
0.95629
-0.0109294
1.00303
0.0636552
0.0787975
1.07393
-0.0606548
-1.09169
1.05335
-0.109039
1.02377
-0.0636074
0.984335
-0.0936638
0.974758
-0.0773912
0.987838
0.101943
1.02336
0.252596
1.07188
0.181197
1.03447
-0.0656282
0.90814
-0.3123
0.799499
0.00380079
0.739
0.867991
0.760159
1.37314
0.864247
1.06526
0.947156
0.413139
0.970064
0.033576
0.972097
-0.0637225
0.988304
-0.027137
1.01829
0.0336708
0.0788081
1.06631
-0.0463457
-1.08062
1.04344
-0.0861713
1.02256
-0.0427242
0.997721
-0.0688235
0.983145
-0.0628147
0.987634
0.0974532
1.00188
0.238354
1.0475
0.135573
1.03
-0.0481286
0.886057
-0.168357
0.72657
0.163287
0.679181
0.91538
0.766224
1.2861
0.913602
0.917879
1.0071
0.319639
1.02745
0.0132281
1.01899
-0.0552632
1.01484
-0.0229876
1.0299
0.0186102
0.0823891
1.05595
-0.0337224
-1.06857
1.03593
-0.0661504
1.02269
-0.0294898
0.999555
-0.0456856
0.98147
-0.0447297
0.993675
0.0852488
1.01102
0.22101
1.02202
0.12457
0.98968
-0.0157862
0.862193
-0.0408702
0.698603
0.326877
0.676029
0.937954
0.818985
1.14315
0.988107
0.748757
1.0678
0.239948
1.06772
0.0133064
1.04837
-0.0359161
1.0353
-0.00991136
1.0373
0.0166094
0.0910045
1.04958
-0.0239021
-1.0594
1.03249
-0.0490585
1.01951
-0.0165046
1.00517
-0.0313537
0.984964
-0.0245193
0.990907
0.0793056
1.0079
0.204016
1.01287
0.119601
0.973174
0.0239097
0.86299
0.0693132
0.734544
0.455323
0.755757
0.916741
0.923806
0.975097
1.06806
0.604504
1.11224
0.195763
1.09544
0.0301111
1.06874
-0.00921394
1.0452
0.0136231
1.04045
0.0213575
0.101545
1.04044
-0.014456
-1.04989
1.02785
-0.0364694
1.01859
-0.00723923
1.00458
-0.0173484
0.9882
-0.00813828
0.99296
0.0745454
1.009
0.187974
1.00448
0.124124
0.958433
0.0699571
0.878656
0.14909
0.811614
0.522366
0.879286
0.849069
1.03215
0.822231
1.12909
0.507569
1.13825
0.186603
1.1031
0.0652584
1.07546
0.0184248
1.05367
0.0354099
1.04063
0.0344032
0.116018
1.03444
-0.00651267
-1.04238
1.02506
-0.0270884
1.01692
0.000897039
1.00595
-0.0063815
0.990324
0.00749073
0.993446
0.0714241
1.00695
0.174471
1.00097
0.130106
0.955663
0.11526
0.899047
0.205706
0.887249
0.534163
0.978828
0.75749
1.09818
0.702881
1.15235
0.453393
1.13687
0.202086
1.10175
0.100385
1.07898
0.0411866
1.05076
0.0636373
1.03731
0.047853
0.129068
1.02753
0.000465637
-1.03451
1.02057
-0.0201276
1.01625
0.00521485
1.0063
0.00356714
0.993893
0.0198981
0.996207
0.0691106
1.00528
0.165395
0.999555
0.135833
0.960068
0.154747
0.922862
0.242912
0.938214
0.518811
1.02904
0.666666
1.11584
0.616082
1.14474
0.424494
1.126
0.220823
1.09122
0.135165
1.07383
0.0585743
1.05123
0.0862338
1.03446
0.0646293
0.143216
1.02218
0.00646304
-1.02818
1.01679
-0.014733
1.01478
0.0072191
1.0072
0.0111528
0.99667
0.0304278
0.998034
0.0677463
1.00481
0.158617
0.999105
0.14154
0.968392
0.185459
0.944672
0.266633
0.967103
0.49638
1.04247
0.591298
1.10491
0.553643
1.12443
0.404976
1.10655
0.238702
1.08023
0.161479
1.06808
0.0707325
1.04465
0.109661
1.03185
0.0774303
0.155444
1.01723
0.0107847
-1.02155
1.01271
-0.0102146
1.01275
0.00718249
1.0084
0.0155004
0.999818
0.039012
1.00089
0.0666746
1.00518
0.154324
1.00063
0.146096
0.977565
0.208521
0.963768
0.28043
0.982509
0.477639
1.04001
0.533799
1.08314
0.510508
1.09722
0.390896
1.08742
0.248508
1.06523
0.18366
1.05999
0.0759814
1.03964
0.130008
1.02691
0.0901625
0.165463
1.01351
0.0128503
-1.01558
1.00898
-0.00567889
1.01026
0.00590176
1.00968
0.0160759
1.00241
0.0462882
1.00338
0.0656982
1.00679
0.150916
1.00393
0.148955
0.986688
0.225765
0.977575
0.289543
0.990331
0.464882
1.03225
0.49188
1.06519
0.477571
1.07665
0.379431
1.07048
0.254682
1.05505
0.199085
1.05302
0.0780163
1.03517
0.147858
1.02639
0.0989395
0.1747
1.00916
-1.00962
1.00681
1.00768
1.00967
1.00524
1.00597
1.00786
1.00774
0.996716
0.99483
0.99771
1.02043
1.03612
1.0452
1.04408
1.03389
1.04039
1.02451
1.0205
1.06571
0.192116
-1.25782
0.87901
0.186697
0.75384
0.125171
0.685735
0.0681043
0.646214
0.039521
0.584745
0.0614694
0.607474
-0.0227289
0.562204
0.04527
0.57586
-0.0136556
-0.0120193
1.1119
0.184606
-1.10439
1.10789
0.190706
1.1144
0.118656
1.06989
0.112623
1.07851
0.0309003
1.05976
0.0802195
1.04533
-0.00829742
1.0619
0.0286935
1.05209
-0.0038421
-0.0418886
1.15989
0.168167
-1.14346
1.16609
0.18451
1.17046
0.114284
1.1508
0.13229
1.13709
0.0446056
1.14382
0.0734922
1.1223
0.0132186
1.1282
0.0227984
1.13134
-0.00698502
-0.0296579
1.09576
0.152847
-1.08044
1.1179
0.162366
1.13625
0.0959357
1.14842
0.120118
1.14514
0.0478894
1.15619
0.0624423
1.15056
0.0188405
1.16084
0.0125186
1.15724
-0.00338222
-0.0367432
1.11735
0.129931
-1.09444
1.13573
0.143992
1.14455
0.0871117
1.16303
0.101635
1.15638
0.0545466
1.16311
0.0557043
1.15745
0.0245009
1.15458
0.0153902
1.15365
-0.0024482
-0.0282684
1.09471
0.117047
-1.08182
1.11296
0.125739
1.11546
0.0846107
1.13178
0.0853134
1.13179
0.0545389
1.13913
0.048362
1.14233
0.021307
1.14323
0.0144869
1.15058
-0.00979835
-0.0192282
1.09145
0.102992
-1.07739
1.1165
0.100683
1.12052
0.0805921
1.13561
0.0702192
1.13832
0.0518322
1.14297
0.0437144
1.14265
0.0216227
1.13994
0.0172024
1.13737
-0.0072273
-0.0139137
1.08368
0.0911187
-1.0718
1.09734
0.0870229
1.10288
0.0750477
1.10887
0.0642338
1.11302
0.0476726
1.11558
0.0411574
1.11906
0.0181452
1.11919
0.0170728
1.1208
-0.0088339
-0.0107213
1.07422
0.0814563
-1.06456
1.08758
0.0736614
1.09606
0.066567
1.10519
0.0551058
1.1098
0.0430621
1.11427
0.0366913
1.11444
0.0179702
1.11403
0.0174854
1.11017
-0.00497424
-0.00626391
1.0678
0.0715472
-1.05789
1.07782
0.0636459
1.08457
0.0598188
1.08886
0.0508081
1.09101
0.0409149
1.09281
0.0348877
1.09298
0.0178044
1.09394
0.0165263
1.09254
-0.00357919
-0.00541123
1.0602
0.0629913
-1.05164
1.06747
0.0563695
1.07325
0.0540427
1.07941
0.0446456
1.08321
0.0371174
1.08747
0.0306306
1.08734
0.0179327
1.08858
0.0152817
1.08417
0.000830035
-0.00185932
1.05265
0.0560187
-1.04568
1.05915
0.0498725
1.06471
0.0484765
1.06911
0.0402495
1.07109
0.0351317
1.07255
0.0291794
1.07155
0.0189321
1.0713
0.0155291
1.06986
0.00226902
-0.000570568
1.04587
0.0502631
-1.04011
1.05121
0.0445264
1.05551
0.044177
1.05888
0.036877
1.06146
0.032559
1.06424
0.0263988
1.06458
0.0185878
1.06508
0.0150326
1.06255
0.00479383
0.00257988
1.03948
0.0456284
-1.03485
1.04373
0.0402763
1.04752
0.0403822
1.0504
0.0340011
1.05302
0.0299384
1.05404
0.0253816
1.05369
0.0189361
1.05291
0.0158149
1.05132
0.00638542
0.00400928
1.03361
0.0418547
-1.02983
1.03683
0.0370558
1.04014
0.0370689
1.04243
0.0317149
1.04423
0.0281391
1.04511
0.0245001
1.04568
0.0183619
1.04584
0.0156533
1.04438
0.00784742
0.00600977
1.02813
0.038778
-1.02505
1.03039
0.034797
1.03327
0.034186
1.03509
0.0298958
1.03657
0.0266606
1.03711
0.0239535
1.0376
0.0178711
1.03744
0.0158194
1.03571
0.00957114
0.00721864
1.02298
0.036254
-1.02045
1.02445
0.0333225
1.02684
0.0317958
1.02826
0.0284757
1.02929
0.0256326
1.02958
0.0236636
1.0299
0.0175546
1.0302
0.0155189
1.02894
0.0108329
0.00797297
1.01797
0.0343451
-1.01606
1.01897
0.032313
1.02066
0.030108
1.0217
0.0274402
1.0224
0.0249261
1.02276
0.0233071
1.02288
0.0174337
1.02323
0.0151683
1.02213
0.0119378
0.00854755
1.01305
0.0330804
-1.01178
1.01375
0.031613
1.01476
0.0290924
1.01538
0.0268211
1.01569
0.0246148
1.01637
0.0226349
1.01621
0.0175925
1.01645
0.0149249
1.01569
0.0126939
0.00866326
1.00811
-1.00756
1.00847
1.00887
1.00916
1.00921
1.00977
1.00967
1.00981
1.0096
1.01296
-0.0260291
0.0180664
1.00274
0.0317379
-0.0215124
1.01274
-0.0305739
0.0205756
1.00048
0.0377456
-0.0254869
1.01155
-0.0337026
0.0226313
0.996188
0.0463002
-0.0309405
1.00913
-0.0373113
0.0243679
0.989552
0.0580213
-0.0384416
1.00533
-0.0409291
0.0251463
0.979822
0.0747218
-0.0492085
1.00001
-0.0438725
0.0236804
0.965985
0.0995308
-0.0655021
0.993497
-0.0441369
0.0166249
0.947001
0.138965
-0.0924688
0.987731
-0.0367449
-0.00398501
0.922352
0.207512
-0.142133
0.997445
-0.0117182
-0.0633753
0.93058
0.321345
-0.25448
1.12484
0.0504834
-0.244741
0.495512
-0.628497
1.00826
-0.0292907
1.00205
0.0379478
1.005
-0.0335199
0.997864
0.0448795
1.00033
-0.0361732
0.990824
0.05581
0.992543
-0.03903
0.980718
0.0698462
0.981713
-0.0419239
0.967701
0.0887341
0.967229
-0.0434011
0.952207
0.114553
0.949188
-0.041117
0.93876
0.149393
0.932659
-0.0306441
0.941413
0.198758
0.930349
-0.000654213
0.980862
0.270833
0.971401
0.0599438
0.362524
1.00334
-0.0276308
1.00451
0.0367739
1.0008
-0.0298049
1.0011
0.0445768
0.995881
-0.0309523
0.996653
0.0550378
0.98874
-0.0311168
0.990792
0.0677942
0.978806
-0.0299378
0.983647
0.0838928
0.96628
-0.0260342
0.976289
0.104544
0.952632
-0.0174602
0.970717
0.131308
0.940849
-0.000776331
0.972633
0.166974
0.942891
0.0290877
1.00943
0.20429
0.992629
0.076749
0.211698
0.998047
-0.020678
1.00603
0.0287912
0.996196
-0.0199712
1.00432
0.0364501
0.992173
-0.0188028
1.00176
0.0454533
0.986833
-0.0161923
0.998442
0.0561859
0.980214
-0.0117101
0.99473
0.0693766
0.97292
-0.00422341
0.991658
0.0858046
0.96666
0.00753876
0.991601
0.106367
0.965107
0.0257168
1.00234
0.129744
0.979667
0.0517589
1.03418
0.14978
1.02603
0.084896
0.15729
0.996345
-0.0120229
1.00638
0.018757
0.995134
-0.00872581
1.00573
0.025856
0.992516
-0.0055912
1.0042
0.0337728
0.98919
-0.00118595
1.00217
0.043207
0.985489
0.00497052
1.00049
0.0543777
0.982273
0.0139911
1.00071
0.0673627
0.981336
0.0269179
1.00568
0.0820272
0.98724
0.0441527
1.01986
0.0971218
1.00654
0.0650835
1.0472
0.109117
1.04716
0.0849339
0.110017
0.99775
-0.00477261
1.00596
0.0105428
0.997304
-6.54002e-05
1.00567
0.0174887
0.995884
0.00419527
1.00481
0.0248514
0.994395
0.00922474
1.00405
0.0335516
0.993191
0.0158295
1.00421
0.0433589
0.993461
0.02474
1.00676
0.054068
0.997084
0.0365897
1.01383
0.0652836
1.00709
0.0508919
1.02794
0.0762679
1.0276
0.0654264
1.05161
0.0851065
1.06099
0.0755542
0.0891844
1.0004
-0.000170553
1.00559
0.00535289
1.00023
0.00529121
1.00549
0.0122302
0.99962
0.0100646
1.00517
0.019299
0.999318
0.0150796
1.0053
0.0275695
0.999833
0.0212962
1.00659
0.0366057
1.00224
0.0290866
1.01035
0.0459574
1.00821
0.0387263
1.01806
0.0554387
1.01953
0.0494196
1.03157
0.0642299
1.03767
0.0593218
1.052
0.0707779
1.06133
0.0662251
0.0731258
1.00303
0.00179644
1.00501
0.0033719
1.0031
0.0072078
1.00513
0.0101941
1.00297
0.0122258
1.00518
0.0170877
1.00326
0.0170078
1.00608
0.0247457
1.0047
0.0226741
1.00836
0.0329482
1.00806
0.0293842
1.01292
0.0411013
1.01452
0.0371263
1.02111
0.0488429
1.02506
0.0454698
1.03382
0.055474
1.04019
0.0529467
1.05102
0.0599471
1.05946
0.057785
0.0607875
1.00459
0.00220536
1.00482
0.00314018
1.00463
0.00740152
1.00523
0.00959444
1.00496
0.0124916
1.00577
0.01628
1.00556
0.017221
1.00712
0.023183
1.00743
0.022363
1.01003
0.0303545
1.01119
0.0282214
1.01505
0.0372404
1.0175
0.0346793
1.0229
0.0434349
1.02703
0.0413429
1.0341
0.0484045
1.03991
0.0471352
1.04849
0.0513695
1.05553
0.0507478
0.0517578
1.00516
0.00204755
1.0049
0.00340271
1.00519
0.00711163
1.00542
0.00936395
1.00577
0.0121354
1.00644
0.0156136
1.0068
0.016857
1.00821
0.021772
1.0089
0.021674
1.01136
0.0278938
1.01272
0.0268671
1.01629
0.0336715
1.01868
0.0322862
1.02344
0.0386736
1.02718
0.0376041
1.03307
0.0425136
1.03815
0.0420596
1.04488
0.0446391
1.05089
0.0447384
0.04475
1.00523
0.0018126
1.00509
0.00355174
1.00536
0.00683357
1.00564
0.00908547
1.00606
0.0117153
1.00689
0.0147885
1.0074
0.0163444
1.00884
0.0203354
1.00966
0.0208529
1.01193
0.0256241
1.0134
0.025394
1.01652
0.0305535
1.0189
0.0299091
1.02288
0.0346877
1.02636
0.0341283
1.0311
0.0377681
1.03561
0.0375509
1.04089
0.0393634
1.04612
0.0395055
0.0392293
1.00518
0.00163354
1.00517
0.00355735
1.00543
0.00657699
1.00576
0.00875266
1.0062
0.0112812
1.00701
0.0139732
1.00765
0.015704
1.00897
0.0190164
1.00994
0.0198796
1.01192
0.0236507
1.01347
0.023846
1.01613
0.0278872
1.01838
0.0276596
1.02174
0.03133
1.02481
0.0310562
1.02875
0.0338296
1.03259
0.0337151
1.0369
0.0350474
1.04124
0.0351667
0.0347931
1.00513
0.00150603
1.0052
0.00348585
1.00545
0.00632909
1.00579
0.00840661
1.00623
0.0108453
1.00697
0.0132358
1.00767
0.0149996
1.00883
0.0178561
1.00986
0.0188505
1.01156
0.0219548
1.01305
0.0223481
1.01534
0.0256058
1.01737
0.0256295
1.02021
0.0284904
1.02285
0.0284147
1.02614
0.030541
1.02935
0.0305025
1.0329
0.0314935
1.03646
0.0316037
0.0311468
1.0051
0.00140768
1.00518
0.00340533
1.00543
0.00607345
1.00574
0.00809996
1.00619
0.0103993
1.00681
0.0126087
1.00753
0.0142857
1.00851
0.0168708
1.00952
0.0178472
1.01095
0.0205213
1.01232
0.0209737
1.01425
0.0236797
1.01603
0.023849
1.01842
0.0260992
1.02064
0.0261971
1.02339
0.0277904
1.02602
0.0278744
1.02897
0.028545
1.03185
0.0287213
0.0281515
1.00509
0.00131967
1.00514
0.00335303
1.00541
0.00580539
1.00565
0.00785713
1.00609
0.00995742
1.00661
0.0120876
1.00726
0.013637
1.00811
0.0160267
1.00898
0.0169729
1.01021
0.0192941
1.01138
0.019806
1.013
0.0220579
1.01449
0.0223537
1.01649
0.0240976
1.0183
0.0243919
1.02059
0.0254991
1.02268
0.0257875
1.02512
0.0261052
1.02741
0.026432
0.0257259
1.00509
0.00123151
1.00511
0.00333178
1.00537
0.0055427
1.00555
0.00767744
1.00596
0.00955142
1.00638
0.0116609
1.00692
0.0131005
1.00764
0.0153126
1.00834
0.0162688
1.00937
0.0182628
1.01031
0.0188651
1.01163
0.0207348
1.01286
0.0211327
1.01447
0.0224846
1.01591
0.0229484
1.01776
0.0236506
1.01939
0.0241623
1.02135
0.0241423
1.02314
0.0246449
0.0238104
1.00508
0.00115552
1.0051
0.00331223
1.0053
0.00533348
1.00546
0.0075244
1.00577
0.00923842
1.00614
0.0112956
1.00652
0.0127124
1.00712
0.0147162
1.00764
0.01575
1.00848
0.0174224
1.00919
0.0181596
1.01022
0.019698
1.01117
0.020186
1.0124
0.0212526
1.01352
0.0218251
1.01492
0.0222506
1.01618
0.0229015
1.01765
0.0226794
1.01905
0.0232425
0.0224072
1.00506
0.00109444
1.00508
0.00329038
1.00522
0.00519273
1.00535
0.00739732
1.00556
0.00903132
1.00584
0.0110095
1.0061
0.012452
1.00655
0.0142718
1.00692
0.0153831
1.00753
0.0168058
1.00803
0.017662
1.00878
0.0189505
1.00945
0.019511
1.01033
0.0203788
1.01114
0.0210143
1.01212
0.0212701
1.01304
0.0219748
1.01405
0.0216762
1.01509
0.0221988
0.0214419
1.00504
0.00105807
1.00507
0.00325814
1.00513
0.0051266
1.00524
0.00729623
1.00534
0.00892786
1.00553
0.0108181
1.00567
0.0123121
1.00595
0.0139912
1.00617
0.015168
1.00656
0.0164094
1.00685
0.0173766
1.00732
0.0184793
1.00773
0.0191038
1.00825
0.0198582
1.00877
0.0204908
1.00932
0.0207158
1.00996
0.0213432
1.01051
0.0211232
1.01122
0.0214864
0.0208806
1.00501
1.00504
1.00504
1.00509
1.00512
1.0052
1.00524
1.00534
1.00541
1.00557
1.00566
1.00584
1.006
1.00617
1.0064
1.00657
1.00685
1.00703
1.00735
0.303297
0.0143087
0.299752
-0.0183226
0.303425
0.0148529
0.299162
-0.0224052
0.303235
0.015525
0.297951
-0.0273295
0.302526
0.0163759
0.295832
-0.033597
0.30103
0.0168759
0.292301
-0.0420707
0.298196
0.0159295
0.286377
-0.0547948
0.292804
0.0107981
0.275936
-0.0765579
0.281787
-0.00531199
0.25556
-0.118882
0.256404
-0.0494232
0.205889
-0.211361
0.166909
-0.169848
-0.465082
0.303404
0.0109046
0.299475
-0.0143938
0.303169
0.0111588
0.298445
-0.0176812
0.302458
0.0115123
0.296662
-0.0215333
0.301013
0.0120249
0.293738
-0.0263221
0.298382
0.0122319
0.288975
-0.0326636
0.293688
0.0112166
0.280958
-0.0420653
0.285072
0.00668425
0.266504
-0.0579898
0.268191
-0.00699897
0.237726
-0.0884173
0.231967
-0.0436636
0.175152
-0.154546
0.151507
-0.146203
-0.313575
0.303516
0.00738821
0.299212
-0.0100895
0.303002
0.00736847
0.297841
-0.0125203
0.301892
0.00746204
0.295624
-0.0152658
0.299908
0.00774086
0.292153
-0.0185669
0.29652
0.00786467
0.286675
-0.0228184
0.290697
0.00719502
0.277684
-0.0290529
0.280251
0.00411744
0.261849
-0.0395873
0.26006
-0.00521051
0.23148
-0.0598375
0.21779
-0.0299737
0.166306
-0.103062
0.115165
-0.0950618
-0.19841
0.30361
0.00377858
0.299046
-0.00552627
0.302914
0.00350087
0.297449
-0.00705494
0.301549
0.00336202
0.294933
-0.00865038
0.299219
0.00345486
0.291075
-0.0104226
0.295349
0.00359096
0.285068
-0.0125373
0.288818
0.00344507
0.27531
-0.0155452
0.277262
0.00216556
0.258303
-0.0206289
0.25527
-0.00217668
0.225718
-0.030286
0.209817
-0.0140728
0.157345
-0.0505897
0.110615
-0.0483318
-0.087795
0.303659
0.000119553
0.298968
-0.000835072
0.302871
-0.000402058
0.297265
-0.00144889
0.301373
-0.000746306
0.294614
-0.00189143
0.298855
-0.000786072
0.290591
-0.00215862
0.294709
-0.000526952
0.284377
-0.00220487
0.28775
7.12891e-05
0.274337
-0.00213157
0.275501
0.00100114
0.256879
-0.00200663
0.252321
0.00238074
0.22362
-0.00158431
0.204614
0.00493282
0.153098
0.000926695
0.0956202
0.00914569
0.00782521
0.303685
-0.00356504
0.298946
0.00390329
0.302893
-0.00434873
0.297226
0.00421782
0.30139
-0.00490966
0.294557
0.00494133
0.298862
-0.00509117
0.290515
0.00618787
0.294702
-0.00471309
0.28428
0.00821639
0.287723
-0.00337158
0.274205
0.011387
0.275423
-0.000217224
0.25681
0.0166064
0.252203
0.00698762
0.223765
0.0268537
0.204428
0.0242697
0.153761
0.0515939
0.0936991
0.0692076
0.101524
0.303686
-0.00725129
0.298979
0.00861021
0.302978
-0.00834749
0.297327
0.00986856
0.301594
-0.00917619
0.294749
0.0117863
0.299235
-0.00957722
0.290825
0.014598
0.295318
-0.00920677
0.284743
0.0187922
0.288702
-0.00733106
0.274946
0.0251431
0.276938
-0.00220922
0.257875
0.0356696
0.254716
0.0101468
0.22558
0.0559889
0.208986
0.0408638
0.157883
0.102698
0.109114
0.117976
0.210639
0.303647
-0.0108984
0.299093
0.0131638
0.303108
-0.0123624
0.297626
0.0153514
0.301959
-0.0135096
0.295293
0.018452
0.299919
-0.0142033
0.291697
0.0228207
0.296447
-0.0139574
0.286062
0.0291773
0.290488
-0.0117571
0.276842
0.0387894
0.279764
-0.00513169
0.260795
0.0546388
0.25923
0.0117124
0.230739
0.0844796
0.216547
0.0550554
0.166383
0.152862
0.111425
0.172934
0.322063
0.303592
-0.01449
0.299305
0.0174504
0.303326
-0.0163832
0.298138
0.0205394
0.302555
-0.0179267
0.296191
0.024816
0.301023
-0.019035
0.293087
0.0307564
0.298257
-0.0191275
0.288092
0.0393419
0.293339
-0.0170035
0.279777
0.0523513
0.284293
-0.00964808
0.265077
0.073855
0.266679
0.0101109
0.236653
0.114505
0.229515
0.0621931
0.177503
0.204875
0.148708
0.201729
0.470771
0.303576
0.299514
0.303707
0.298759
0.303464
0.297339
0.302672
0.294987
0.301006
0.291139
0.297816
0.284665
0.291642
0.273028
0.279154
0.251526
0.250344
0.200738
0.157726
)
;

boundaryField
{
    inlet
    {
        type            calculated;
        value           nonuniform List<scalar> 
50
(
-0.75
-0.75
-0.75
-0.75
-0.75
-0.75
-0.75
-0.75
-0.75
-0.75
-0.75
-0.75
-0.75
-0.75
-0.75
-0.75
-0.75
-0.75
-0.75
-0.75
-0.3
-0.3
-0.3
-0.3
-0.3
-0.3
-0.3
-0.3
-0.3
-0.3
-1.005
-1.005
-1.005
-1.005
-1.005
-1.005
-1.005
-1.005
-1.005
-1.005
-1.005
-1.005
-1.005
-1.005
-1.005
-1.005
-1.005
-1.005
-1.005
-1.005
)
;
    }
    outlet
    {
        type            calculated;
        value           nonuniform List<scalar> 
150
(
0.767332
0.764214
0.7565
0.744582
0.727726
0.704712
0.676741
0.641633
0.602375
0.561488
0.52158
0.485632
0.454015
0.42732
0.404727
0.385974
0.370012
0.356354
0.344509
0.334483
0.131527
0.130396
0.129508
0.128951
0.128766
0.128968
0.129586
0.130649
0.132186
0.134218
0.46773
0.518988
0.586606
0.691912
0.801158
0.892165
0.949806
0.985073
1.00626
1.01828
1.02632
1.02868
1.02991
1.02616
1.02426
1.02031
1.01962
1.01689
1.01715
1.01683
0.00104878
0.00323049
0.00511942
0.00724576
0.00890377
0.0107413
0.0122725
0.0138861
0.0150953
0.0162563
0.0172792
0.0183029
0.0189477
0.0196797
0.02027
0.020538
0.0210656
0.0209417
0.021168
0.0206673
0.0325364
0.0312472
0.0287006
0.0265265
0.0245684
0.0220737
0.0176849
0.0147939
0.0128949
0.00864334
0.0133124
-0.00332505
0.00503325
0.0140788
0.0507236
0.0649712
0.149022
0.149072
0.236793
0.291429
0.462002
0.469158
0.461881
0.370356
0.255799
0.209277
0.0715115
0.163739
0.102952
0.178369
0.00277742
0.00308221
0.00972384
0.00936399
0.0161378
0.0164868
0.0216211
0.0239537
0.0263293
0.0313052
0.0305941
0.0380856
0.0344056
0.0432657
0.0380772
0.0462055
0.0415697
0.0461847
0.0447814
0.0432793
0.0764159
0.0508756
0.0709894
0.0408798
0.0526426
0.0343686
0.0222654
0.0346212
-0.00708103
0.0193798
-0.0870736
-0.0716586
0.174473
-0.101074
-0.346046
0.138247
0.453592
-0.00921942
-0.253959
0.237712
0.764282
0.304781
-0.211085
-0.0310959
0.798346
1.26968
0.826858
0.471231
-0.990184
-0.909641
)
;
    }
    upAndBottom
    {
        type            empty;
        value           nonuniform 0();
    }
    obstacle
    {
        type            calculated;
        value           uniform 0;
    }
}


// ************************************************************************* //
