/*--------------------------------*- C++ -*----------------------------------*\
| =========                 |                                                 |
| \\      /  F ield         | OpenFOAM: The Open Source CFD Toolbox           |
|  \\    /   O peration     | Version:  v1806                                 |
|   \\  /    A nd           | Web:      www.OpenFOAM.com                      |
|    \\/     M anipulation  |                                                 |
\*---------------------------------------------------------------------------*/
FoamFile
{
    version     2.0;
    format      ascii;
    class       volScalarField;
    location    "290";
    object      p;
}
// * * * * * * * * * * * * * * * * * * * * * * * * * * * * * * * * * * * * * //

dimensions      [0 2 -2 0 0 0 0];


internalField   nonuniform List<scalar> 
4400
(
0.00701716
0.00954805
0.00980433
0.00866445
0.00726028
0.00588515
0.0046849
0.00371574
0.00296836
0.00240299
0.00197492
0.00164292
0.00137375
0.00114422
0.000939711
0.000751544
0.000574316
0.000404397
0.000239349
7.82047e-05
0.0234334
0.0166683
0.0121963
0.0094738
0.00761832
0.00627642
0.00525855
0.00446762
0.00383718
0.00331521
0.00286457
0.00246245
0.00209635
0.00175939
0.00144712
0.00115562
0.000881047
0.000619509
0.000367351
0.000121378
0.0164126
0.0143612
0.0125191
0.0108981
0.00955688
0.00836514
0.00726244
0.00625173
0.00534675
0.00455098
0.0038583
0.0032568
0.0027321
0.00226935
0.00185471
0.00147621
0.00112411
0.000790643
0.00046971
0.000156055
0.0161366
0.014356
0.0124946
0.0107907
0.00933192
0.00811688
0.00708234
0.00618438
0.00539721
0.00470213
0.00408244
0.00352331
0.00301258
0.00254078
0.00210053
0.00168579
0.00129124
0.000912
0.000543619
0.000181286
0.0121381
0.0113752
0.0105611
0.00971082
0.00884378
0.0079997
0.00719795
0.00643486
0.00571054
0.0050287
0.0043922
0.00380121
0.00325343
0.00274469
0.00226963
0.00182234
0.00139686
0.000987553
0.000589372
0.000196895
0.0110849
0.0104783
0.00974799
0.0089561
0.00816422
0.00740373
0.00668648
0.00601408
0.00538393
0.00479247
0.00423621
0.00371145
0.00321426
0.00274077
0.00228727
0.00185031
0.00142659
0.00101293
0.000606376
0.000203035
0.0089308
0.00859308
0.0082023
0.00775899
0.00727355
0.00675933
0.00623097
0.00570057
0.00517386
0.00465527
0.00414852
0.00365628
0.00317995
0.00271972
0.00227473
0.00184328
0.00142306
0.00101154
0.000606096
0.000203066
0.00804532
0.00776776
0.00741681
0.00701211
0.00657406
0.0061182
0.00565568
0.00519354
0.00473629
0.00428635
0.00384489
0.00341234
0.00298862
0.00257319
0.00216523
0.0017637
0.0013674
0.000975087
0.000585549
0.000196475
0.00674841
0.00656526
0.006344
0.00608379
0.00578827
0.00546371
0.00511591
0.00475109
0.00437469
0.00399092
0.00360324
0.00321444
0.00282661
0.00244118
0.00205891
0.00168001
0.00130419
0.000930893
0.000559363
0.00018767
0.00606986
0.00591349
0.00571299
0.0054749
0.0052072
0.00491629
0.00460813
0.0042874
0.0039577
0.00362186
0.00328191
0.00293935
0.00259524
0.00225029
0.00190496
0.00155947
0.00121389
0.000868214
0.000522401
0.000175415
0.00522831
0.00511305
0.00496997
0.00479894
0.0046013
0.0043799
0.00413758
0.0038772
0.00360184
0.0033143
0.0030171
0.00271244
0.0024022
0.00208792
0.00177077
0.00145162
0.00113107
0.00080954
0.000487265
0.00016352
0.00472343
0.00462203
0.00449151
0.00433411
0.00415348
0.00395259
0.00373438
0.00350157
0.00325649
0.00300112
0.00273714
0.002466
0.00218888
0.0019068
0.00162063
0.00133108
0.00103878
0.000744357
0.000448333
0.000150499
0.00415995
0.00407914
0.00397706
0.00385398
0.0037105
0.00354805
0.00336814
0.00317234
0.00296235
0.00273989
0.00250664
0.0022642
0.00201403
0.00175746
0.00149566
0.00122964
0.000960287
0.00068841
0.000414673
0.000139073
0.00379773
0.00372481
0.00363082
0.00351655
0.0033839
0.00323444
0.00306975
0.00289142
0.00270093
0.00249964
0.00228881
0.00206959
0.00184305
0.00161017
0.00137188
0.00112903
0.000882456
0.000632976
0.000381361
0.000127883
0.003425
0.00336329
0.00328445
0.00318888
0.00307693
0.00294942
0.00280727
0.00265147
0.00248309
0.00230327
0.00211319
0.001914
0.00170685
0.00149284
0.001273
0.00104832
0.000819722
0.000588109
0.000354287
0.000118676
0.00318332
0.00312634
0.0030526
0.00296247
0.00285711
0.00273747
0.00260457
0.00245943
0.00230309
0.00213655
0.00196076
0.00177666
0.00158517
0.00138717
0.00118353
0.000975111
0.000762769
0.000547359
0.000329708
0.000110394
0.00295406
0.00290292
0.00283713
0.00275707
0.00266308
0.00255576
0.00243579
0.00230389
0.00216084
0.00200745
0.00184462
0.00167324
0.00149425
0.00130856
0.00111709
0.00092075
0.000720435
0.000517029
0.000311369
0.000104141
0.00281587
0.00276641
0.00270303
0.00262586
0.00253558
0.00243282
0.00231821
0.00219247
0.00205631
0.00191049
0.0017558
0.00159303
0.00142299
0.00124651
0.0010644
0.000877527
0.000686725
0.000492852
0.000296748
9.92003e-05
0.00270393
0.00265658
0.00259699
0.00252501
0.00244065
0.00234424
0.00223625
0.0021172
0.00198769
0.00184841
0.00170008
0.0015435
0.00137949
0.0012089
0.00103262
0.000851502
0.000666435
0.000478287
0.000287912
9.61599e-05
0.00267263
0.00262775
0.00256865
0.00249618
0.00241107
0.00231394
0.00220545
0.00208628
0.00195715
0.00181877
0.00167188
0.00151722
0.00135554
0.00118763
0.00101428
0.000836284
0.000654462
0.00046964
0.000282654
9.43764e-05
0.0244678
0.0279527
0.0307272
0.0330539
0.0349829
0.0365318
0.0377231
0.0385778
0.0391108
0.0393316
0.0392443
0.0388482
0.0381371
0.0370997
0.0357185
0.0339701
0.0318292
0.0292713
0.0262146
0.0223652
0.0302621
0.0311699
0.0319132
0.0325259
0.0330283
0.0334297
0.0337358
0.0339511
0.0340788
0.0341208
0.034078
0.0339504
0.0337369
0.0334353
0.0330414
0.0325496
0.0319572
0.0312716
0.0304617
0.029284
0.0182387
0.0185793
0.0188955
0.0191807
0.0194296
0.0196384
0.0198037
0.019923
0.0199943
0.0200165
0.0199887
0.0199111
0.0197841
0.019609
0.0193877
0.0191228
0.0188173
0.0184744
0.0181003
0.0177147
0.0178123
0.0179865
0.0181406
0.0182737
0.0183847
0.0184731
0.0185381
0.0185791
0.0185957
0.0185877
0.0185547
0.0184969
0.0184144
0.0183073
0.018176
0.018021
0.0178436
0.0176461
0.0174258
0.0171625
0.012497
0.0125675
0.0126307
0.0126861
0.0127332
0.0127717
0.0128011
0.0128212
0.0128317
0.0128327
0.0128239
0.0128054
0.0127774
0.01274
0.0126935
0.0126382
0.0125742
0.012501
0.012421
0.0123482
0.0117592
0.0118092
0.0118525
0.0118887
0.0119178
0.0119396
0.011954
0.0119609
0.0119604
0.0119522
0.0119365
0.0119132
0.0118824
0.0118442
0.0117986
0.0117458
0.0116862
0.0116208
0.0115482
0.0114577
0.00907984
0.00910392
0.00912497
0.00914292
0.00915769
0.00916924
0.00917751
0.00918248
0.00918412
0.00918241
0.00917734
0.0091689
0.00915712
0.00914202
0.00912364
0.00910205
0.00907708
0.00904814
0.00901636
0.00899003
0.00837797
0.00839809
0.00841517
0.00842918
0.00844007
0.00844783
0.00845243
0.00845387
0.00845212
0.0084472
0.00843909
0.00842782
0.0084134
0.00839584
0.00837517
0.00835138
0.00832468
0.00829561
0.00826346
0.00822216
0.00684696
0.0068584
0.0068682
0.00687636
0.00688284
0.00688765
0.00689078
0.0068922
0.00689192
0.00688993
0.00688623
0.00688083
0.00687371
0.00686488
0.00685438
0.00684222
0.00682828
0.00681222
0.0067946
0.00678001
0.00625678
0.00626707
0.00627573
0.00628273
0.00628808
0.00629177
0.00629378
0.00629412
0.00629279
0.00628978
0.0062851
0.00627875
0.00627074
0.00626108
0.00624976
0.00623679
0.00622226
0.00620647
0.00618903
0.00616662
0.00530345
0.00531018
0.00531587
0.00532051
0.0053241
0.00532663
0.00532811
0.00532851
0.00532786
0.00532614
0.00532335
0.0053195
0.00531458
0.0053086
0.00530157
0.0052935
0.00528432
0.00527384
0.00526236
0.0052524
0.00484016
0.00484641
0.00485165
0.00485586
0.00485905
0.00486121
0.00486233
0.00486242
0.00486148
0.00485951
0.00485651
0.00485247
0.00484741
0.00484133
0.00483422
0.00482609
0.00481698
0.00480706
0.00479612
0.00478231
0.00422021
0.00422478
0.00422862
0.00423171
0.00423406
0.00423566
0.00423652
0.00423662
0.00423598
0.00423458
0.00423244
0.00422954
0.0042259
0.00422151
0.00421638
0.00421051
0.00420387
0.00419635
0.00418811
0.00418056
0.00387791
0.00388223
0.00388584
0.00388874
0.00389093
0.00389239
0.00389314
0.00389317
0.00389248
0.00389107
0.00388894
0.0038861
0.00388254
0.00387827
0.00387329
0.00386758
0.00386119
0.0038542
0.00384651
0.00383705
0.00347522
0.00347868
0.00348157
0.00348389
0.00348563
0.0034868
0.00348739
0.00348741
0.00348685
0.00348571
0.003484
0.00348171
0.00347885
0.00347542
0.00347141
0.00346684
0.00346167
0.00345586
0.00344949
0.00344337
0.00324324
0.00324656
0.00324933
0.00325155
0.00325322
0.00325434
0.00325491
0.00325493
0.00325439
0.00325331
0.00325167
0.00324948
0.00324674
0.00324346
0.00323963
0.00323524
0.00323032
0.00322493
0.00321899
0.00321191
0.00299815
0.00300101
0.00300339
0.0030053
0.00300672
0.00300767
0.00300814
0.00300812
0.00300763
0.00300666
0.00300522
0.00300329
0.00300089
0.00299801
0.00299465
0.00299082
0.00298652
0.00298169
0.0029764
0.0029711
0.00286716
0.00286995
0.00287227
0.00287412
0.0028755
0.00287641
0.00287685
0.00287682
0.00287633
0.00287536
0.00287392
0.00287201
0.00286963
0.00286678
0.00286346
0.00285966
0.00285541
0.00285072
0.00284557
0.00283957
0.00274895
0.00275151
0.00275363
0.00275531
0.00275654
0.00275733
0.00275767
0.00275757
0.00275703
0.00275603
0.00275459
0.00275271
0.00275037
0.00274759
0.00274436
0.00274068
0.00273655
0.00273194
0.00272688
0.00272163
0.0027147
0.00271734
0.00271954
0.00272132
0.00272266
0.00272358
0.00272407
0.00272413
0.00272375
0.00272295
0.00272173
0.00272007
0.00271799
0.00271549
0.00271256
0.00270922
0.00270545
0.00270128
0.0026967
0.00269161
0.0109108
0.0111292
0.0113016
0.0114406
0.0115481
0.0116239
0.0116713
0.0116973
0.011713
0.0117344
0.0117828
0.0118846
0.0120723
0.0123848
0.0128708
0.0135824
0.0145484
0.0157618
0.0173475
0.0199786
0.0114748
0.0119375
0.0124663
0.0130386
0.0136571
0.0143288
0.0150584
0.0158489
0.0167025
0.0176197
0.0185998
0.01964
0.0207357
0.0218805
0.0230659
0.0242808
0.0255125
0.0267497
0.0279829
0.0291828
0.0120396
0.0122678
0.012505
0.0127531
0.0130117
0.0132804
0.0135589
0.0138467
0.0141432
0.0144479
0.0147603
0.01508
0.015407
0.0157415
0.0160834
0.0164328
0.0167892
0.0171515
0.0175175
0.0178823
0.012153
0.0124602
0.0127646
0.0130725
0.0133838
0.0136974
0.0140118
0.0143261
0.014639
0.0149492
0.0152556
0.0155569
0.0158516
0.0161386
0.0164164
0.0166837
0.0169391
0.0171811
0.0174083
0.0176192
0.0102986
0.010416
0.0105403
0.0106648
0.0107883
0.0109111
0.0110332
0.0111543
0.0112741
0.0113924
0.0115089
0.0116234
0.0117355
0.0118449
0.0119512
0.012054
0.0121528
0.012247
0.0123362
0.0124197
0.00968341
0.00982424
0.00995699
0.0100877
0.0102168
0.0103435
0.0104675
0.0105885
0.0107061
0.0108202
0.0109303
0.0110363
0.0111379
0.0112348
0.0113267
0.0114133
0.0114945
0.0115699
0.0116393
0.0117024
0.00810894
0.00816976
0.00823397
0.00829703
0.00835828
0.00841798
0.00847618
0.00853278
0.00858768
0.00864081
0.00869206
0.00874135
0.00878858
0.00883365
0.00887644
0.00891687
0.00895482
0.0089902
0.00902289
0.0090528
0.00742812
0.00749877
0.00756407
0.00762761
0.00768975
0.00775011
0.00780852
0.0078649
0.00791917
0.00797126
0.00802108
0.00806855
0.00811359
0.00815613
0.00819609
0.00823341
0.008268
0.00829981
0.00832878
0.00835485
0.00631553
0.00635168
0.00638947
0.00642621
0.00646154
0.00649565
0.00652856
0.00656026
0.0065907
0.00661984
0.00664767
0.00667415
0.00669924
0.00672294
0.00674519
0.00676597
0.00678526
0.00680303
0.00681925
0.0068339
0.00573617
0.0057766
0.00581375
0.00584969
0.00588463
0.00591839
0.00595086
0.00598203
0.00601188
0.00604037
0.00606747
0.00609316
0.00611742
0.0061402
0.0061615
0.00618129
0.00619954
0.00621623
0.00623135
0.00624487
0.0049644
0.00498861
0.00501354
0.00503766
0.00506076
0.00508296
0.00510428
0.00512471
0.00514422
0.00516282
0.00518048
0.00519719
0.00521296
0.00522775
0.00524157
0.0052544
0.00526624
0.00527707
0.00528689
0.00529569
0.00451175
0.00453773
0.00456167
0.00458476
0.00460712
0.00462864
0.00464929
0.00466904
0.00468789
0.00470584
0.00472286
0.00473895
0.00475409
0.00476828
0.00478151
0.00479376
0.00480503
0.00481532
0.0048246
0.00483288
0.00397933
0.00399706
0.00401505
0.0040324
0.00404901
0.00406492
0.00408017
0.00409475
0.00410864
0.00412184
0.00413435
0.00414616
0.00415726
0.00416765
0.00417733
0.0041863
0.00419454
0.00420205
0.00420884
0.00421489
0.00364642
0.00366484
0.00368193
0.00369838
0.00371428
0.00372954
0.00374416
0.00375812
0.00377142
0.00378406
0.00379603
0.00380732
0.00381794
0.00382787
0.00383711
0.00384566
0.00385352
0.00386067
0.00386712
0.00387287
0.00328906
0.00330305
0.00331704
0.00333052
0.00334341
0.00335577
0.00336759
0.00337887
0.00338961
0.0033998
0.00340945
0.00341854
0.00342709
0.00343507
0.0034425
0.00344936
0.00345567
0.00346141
0.00346658
0.00347118
0.00306401
0.00307825
0.00309158
0.00310441
0.00311677
0.00312863
0.00313997
0.0031508
0.0031611
0.00317089
0.00318014
0.00318887
0.00319707
0.00320473
0.00321186
0.00321845
0.00322449
0.00323
0.00323496
0.00323938
0.00284277
0.0028546
0.0028663
0.00287756
0.00288835
0.00289867
0.00290855
0.00291797
0.00292693
0.00293544
0.00294348
0.00295106
0.00295818
0.00296482
0.002971
0.00297671
0.00298194
0.00298671
0.002991
0.00299481
0.00271493
0.00272702
0.00273841
0.00274936
0.0027599
0.00277
0.00277966
0.00278887
0.00279763
0.00280594
0.0028138
0.0028212
0.00282815
0.00283464
0.00284067
0.00284625
0.00285136
0.00285601
0.00286019
0.00286391
0.00260653
0.00261756
0.00262834
0.0026387
0.00264863
0.00265812
0.0026672
0.00267584
0.00268407
0.00269186
0.00269922
0.00270615
0.00271265
0.00271872
0.00272435
0.00272954
0.0027343
0.00273862
0.00274251
0.00274595
0.00257362
0.00258461
0.00259513
0.00260526
0.002615
0.00262434
0.00263327
0.0026418
0.00264992
0.00265763
0.00266492
0.00267179
0.00267825
0.00268429
0.00268991
0.00269511
0.00269988
0.00270422
0.00270814
0.00271163
0.00504908
0.00560944
0.00585857
0.00603107
0.00615917
0.00624125
0.00628528
0.00630167
0.00629844
0.00628148
0.00625538
0.00622377
0.00618952
0.00615488
0.00612159
0.00609102
0.00606426
0.00604211
0.00602496
0.00601314
0.00513944
0.00530882
0.00540081
0.00546005
0.00549952
0.00552223
0.00553137
0.00553024
0.00552154
0.00550733
0.00548921
0.00546846
0.00544608
0.0054228
0.00539921
0.00537574
0.0053528
0.00533039
0.00530708
0.00528187
0.00470562
0.00477569
0.0048324
0.00487712
0.0049112
0.00493568
0.00495163
0.00496019
0.00496246
0.00495948
0.0049522
0.00494145
0.00492798
0.00491241
0.00489526
0.00487698
0.004858
0.0048384
0.0048169
0.00479282
0.00439654
0.00442493
0.00444592
0.00446092
0.00447055
0.00447528
0.00447566
0.00447228
0.00446574
0.0044566
0.0044454
0.00443263
0.00441872
0.00440406
0.00438897
0.00437377
0.00435873
0.00434393
0.00432862
0.00431246
0.00383141
0.00384109
0.00384939
0.00385458
0.00385665
0.00385601
0.00385295
0.00384778
0.00384075
0.00383215
0.00382226
0.00381132
0.00379957
0.00378722
0.00377445
0.00376146
0.00374845
0.00373543
0.00372157
0.00370632
0.00333767
0.00334153
0.00334321
0.00334251
0.0033396
0.00333471
0.0033281
0.00331998
0.0033106
0.00330016
0.00328888
0.00327695
0.00326457
0.0032519
0.00323907
0.00322623
0.00321356
0.00320103
0.00318794
0.00317398
0.00274359
0.00274099
0.00273806
0.00273342
0.00272707
0.0027193
0.00271034
0.00270035
0.00268949
0.00267795
0.00266587
0.0026534
0.00264068
0.00262782
0.00261495
0.00260216
0.00258961
0.00257727
0.00256437
0.00255044
0.00216623
0.00216045
0.00215432
0.00214678
0.00213787
0.00212785
0.00211688
0.00210512
0.0020927
0.00207977
0.00206647
0.00205292
0.00203924
0.00202554
0.00201191
0.00199845
0.0019853
0.00197242
0.00195906
0.00194481
0.0015405
0.00153056
0.00152119
0.00151071
0.00149911
0.00148664
0.00147348
0.00145975
0.00144555
0.00143102
0.00141626
0.0014014
0.00138653
0.00137174
0.00135713
0.00134278
0.00132883
0.00131523
0.00130118
0.00128621
0.000895967
0.000880897
0.000867186
0.000852738
0.000837464
0.000821644
0.000805421
0.000788881
0.000772115
0.000755221
0.000738298
0.00072144
0.000704737
0.000688272
0.000672118
0.00065637
0.00064116
0.000626429
0.000611312
0.000595306
0.000225712
0.000205981
0.000188395
0.000170327
0.000151662
0.000132695
0.000113542
9.42554e-05
7.48969e-05
5.55424e-05
3.62721e-05
1.7167e-05
-1.69265e-06
-2.02322e-05
-3.83806e-05
-5.60427e-05
-7.30817e-05
-8.95727e-05
-0.000106445
-0.000124161
-0.000498833
-0.000529746
-0.000556346
-0.000582728
-0.000609177
-0.000635326
-0.000661067
-0.000686395
-0.000711291
-0.000735712
-0.000759606
-0.000782919
-0.000805589
-0.000827559
-0.000848769
-0.00086913
-0.000888494
-0.000906938
-0.000925534
-0.00094501
-0.00121301
-0.00125001
-0.00128224
-0.00131405
-0.00134563
-0.00137661
-0.00140694
-0.00143668
-0.00146584
-0.00149442
-0.0015224
-0.00154973
-0.00157638
-0.0016023
-0.00162741
-0.00165164
-0.00167481
-0.00169705
-0.0017195
-0.00174256
-0.00205758
-0.00212312
-0.00217909
-0.0022331
-0.00228565
-0.00233614
-0.00238443
-0.00243061
-0.00247473
-0.00251684
-0.00255696
-0.0025951
-0.00263127
-0.00266547
-0.00269769
-0.00272784
-0.00275577
-0.00278157
-0.00280673
-0.00283255
-0.00275088
-0.00282219
-0.00288663
-0.00294947
-0.00301059
-0.00306943
-0.00312595
-0.00318023
-0.00323238
-0.00328248
-0.00333062
-0.00337689
-0.00342134
-0.00346404
-0.003505
-0.00354415
-0.00358135
-0.00361683
-0.00365209
-0.00368718
-0.00377658
-0.00393144
-0.00407162
-0.00420703
-0.00433788
-0.00446274
-0.00458091
-0.00469211
-0.00479619
-0.00489309
-0.00498288
-0.00506574
-0.00514187
-0.00521154
-0.00527497
-0.00533229
-0.00538335
-0.00542833
-0.00546983
-0.00551094
-0.0040332
-0.00417901
-0.00432787
-0.00447576
-0.00462046
-0.00476096
-0.00489645
-0.00502625
-0.00514987
-0.00526711
-0.00537802
-0.00548287
-0.00558211
-0.00567631
-0.00576605
-0.00585176
-0.00593363
-0.00601246
-0.0060912
-0.00616867
-0.00515987
-0.00556784
-0.00596787
-0.00636504
-0.00675838
-0.00714422
-0.0075189
-0.00787904
-0.00822158
-0.0085438
-0.00884354
-0.00911931
-0.00937041
-0.00959696
-0.00979984
-0.0099802
-0.0101387
-0.0102767
-0.0104013
-0.0105212
-0.00295392
-0.00316975
-0.00344758
-0.00374821
-0.00406602
-0.0044007
-0.00474962
-0.00510903
-0.00547505
-0.00584382
-0.00621164
-0.00657522
-0.00693197
-0.00728039
-0.00762026
-0.00795218
-0.00827809
-0.00861038
-0.00898931
-0.00943538
-0.00430453
-0.00507047
-0.00587338
-0.00673041
-0.00764782
-0.00862617
-0.00966496
-0.0107627
-0.0119162
-0.0131207
-0.0143695
-0.0156544
-0.0169656
-0.0182923
-0.0196221
-0.0209389
-0.0222245
-0.0234843
-0.024782
-0.0260725
0.000129085
0.0003875
0.000647247
0.000909021
0.00117372
0.00144271
0.00171786
0.00200191
0.00229911
0.00261617
0.00296343
0.00335602
0.00381471
0.00436554
0.00503779
0.00586082
0.00685452
0.00799838
0.00914406
0.0101613
0.000153473
0.000459677
0.000768169
0.00108093
0.00139974
0.00172669
0.0020639
0.0024135
0.00277751
0.00315783
0.00355649
0.00397629
0.00442235
0.0049044
0.00543965
0.00605419
0.00678077
0.00766258
0.00879369
0.0103302
0.000172399
0.000515422
0.000861042
0.0012122
0.00157156
0.00194252
0.00232919
0.00273665
0.00317104
0.00363969
0.00415081
0.00471303
0.00533452
0.00602189
0.00677864
0.00760333
0.00848716
0.00941277
0.0103653
0.0113656
0.000184989
0.000552164
0.000921321
0.00129537
0.00167641
0.0020668
0.00246904
0.00288578
0.0033199
0.00377472
0.00425434
0.00476398
0.00531038
0.0059021
0.0065496
0.0072649
0.00806227
0.0089619
0.00999606
0.0112216
0.00019122
0.000570249
0.00095098
0.00133664
0.00172957
0.00213248
0.00254836
0.00298039
0.00343179
0.00390564
0.00440463
0.00493071
0.00548475
0.00606625
0.0066729
0.0073007
0.00794583
0.00860878
0.00929296
0.00997209
0.000191078
0.00056915
0.000947712
0.00132928
0.00171522
0.00210703
0.0025063
0.00291464
0.00333372
0.00376533
0.00421142
0.00467414
0.00515576
0.00565861
0.00618499
0.00673753
0.00731939
0.00793215
0.00857046
0.00923046
0.000186942
0.000556715
0.000926582
0.00129898
0.00167512
0.00205632
0.00244389
0.00283898
0.00324251
0.00365499
0.00407646
0.00450635
0.00494337
0.00538547
0.00582991
0.00627341
0.00671213
0.00714093
0.00755397
0.00794146
0.000178368
0.000530783
0.000882366
0.0012348
0.00158858
0.0019442
0.00230224
0.00266321
0.00302753
0.00339557
0.00376759
0.00414375
0.004524
0.00490806
0.00529533
0.00568481
0.00607473
0.00646148
0.00683696
0.0071959
0.000168569
0.000501781
0.000833914
0.00116644
0.00149965
0.00183379
0.00216906
0.00250548
0.00284285
0.00318065
0.00351807
0.00385391
0.00418658
0.00451411
0.00483416
0.00514399
0.00544024
0.00571934
0.00597934
0.00621521
0.00015654
0.000465822
0.000773589
0.00108076
0.00138722
0.00169282
0.00199744
0.00230092
0.00260302
0.00290338
0.00320155
0.00349696
0.00378884
0.00407624
0.00435792
0.0046323
0.0048974
0.00515025
0.00538587
0.00560243
0.000145144
0.000432216
0.000717712
0.00100234
0.00128587
0.00156797
0.00184829
0.00212636
0.00240158
0.00267315
0.00294012
0.00320134
0.00345548
0.00370103
0.00393631
0.0041595
0.00436862
0.00456199
0.00473873
0.00489593
0.000133171
0.000396584
0.000658335
0.000918784
0.00117751
0.00143403
0.00168791
0.00193867
0.00218579
0.0024287
0.00266673
0.00289916
0.00312517
0.00334383
0.00355403
0.00375457
0.00394402
0.00412049
0.00428135
0.00442609
0.000122718
0.000365812
0.000607306
0.000847389
0.00108559
0.00132135
0.00155411
0.00178323
0.00200804
0.00222774
0.00244149
0.00264833
0.00284727
0.00303722
0.00321708
0.00338571
0.00354199
0.00368501
0.00381428
0.00392804
0.000112675
0.000336003
0.000557817
0.000778092
0.000996288
0.00121182
0.00142412
0.00163263
0.00183674
0.00203584
0.00222928
0.00241638
0.00259643
0.00276865
0.00293222
0.00308625
0.00322981
0.00336174
0.00348057
0.00358621
0.000104414
0.000311718
0.000517623
0.000721969
0.000924208
0.00112373
0.00131991
0.00151213
0.0016997
0.00188195
0.00205813
0.00222751
0.0023893
0.00254273
0.00268704
0.00282147
0.00294532
0.00305801
0.0031592
0.00324778
9.70605e-05
0.000289942
0.000481564
0.000671628
0.000859574
0.00104481
0.00122674
0.00140481
0.00157841
0.00174696
0.00190987
0.00206654
0.00221635
0.00235867
0.00249286
0.00261826
0.0027342
0.00283992
0.00293452
0.00301796
9.14806e-05
0.000273577
0.000454527
0.000633925
0.000811212
0.000985787
0.00115705
0.00132439
0.00148721
0.00164488
0.00179678
0.0019423
0.00208082
0.00221173
0.00233447
0.00244847
0.00255318
0.00264817
0.00273311
0.00280725
8.70905e-05
0.000260613
0.000433108
0.00060408
0.000772963
0.000939177
0.00110215
0.0012613
0.00141607
0.0015659
0.00171025
0.00184857
0.00198032
0.002105
0.00222207
0.00233105
0.00243145
0.00252273
0.00260432
0.00267615
8.43843e-05
0.000252738
0.000420141
0.000586025
0.000749819
0.000910935
0.00106878
0.00122278
0.00137232
0.00151685
0.00165577
0.00178854
0.00191461
0.00203349
0.00214469
0.00224778
0.00234239
0.00242822
0.00250517
0.00257294
8.28531e-05
0.000248233
0.000412733
0.000575758
0.000736739
0.000895111
0.00105032
0.0012018
0.00134901
0.00149142
0.0016285
0.00175973
0.00188459
0.00200259
0.00211323
0.00221603
0.00231052
0.00239623
0.0024726
0.00253912
-5.83209e-06
-1.33782e-05
-1.96985e-05
-2.58047e-05
-3.15396e-05
-3.6539e-05
-4.03695e-05
-4.23821e-05
-4.14831e-05
-3.57388e-05
-2.16196e-05
7.3206e-06
6.22554e-05
0.000160252
0.000323127
0.000573777
0.000930182
0.00138703
0.00179435
0.0018089
7.73294e-06
2.7549e-05
4.93254e-05
7.36063e-05
0.000101566
0.000134658
0.000174709
0.000224032
0.000285613
0.000363434
0.000462982
0.000592018
0.00076138
0.000985767
0.00128418
0.0016789
0.00218827
0.00281367
0.00353629
0.00436106
1.96115e-05
6.29693e-05
0.000109066
0.000159114
0.000215059
0.000279144
0.000354108
0.000443404
0.000551464
0.000684022
0.00084843
0.00105373
0.00131003
0.0016266
0.00200858
0.00245361
0.00294959
0.00347351
0.00399013
0.00446398
2.89137e-05
9.0338e-05
0.000154869
0.000224078
0.000300127
0.000385438
0.000482819
0.000595606
0.000727831
0.000884432
0.00107147
0.00129621
0.00156667
0.00188995
0.00226887
0.00269731
0.00315446
0.00360233
0.00399369
0.00428938
3.51583e-05
0.000108575
0.000185072
0.000266356
0.000354593
0.000452168
0.000561795
0.0006866
0.000830189
0.000996664
0.00119053
0.00141637
0.00167799
0.00197687
0.00230984
0.0026661
0.00302454
0.00335424
0.0036221
0.00380054
3.82604e-05
0.000117484
0.000199415
0.000285602
0.000377906
0.000478298
0.000588947
0.000712269
0.000850971
0.00100808
0.00118691
0.00139082
0.00162256
0.00188277
0.00216764
0.0024659
0.00275665
0.00301159
0.00320429
0.00332019
3.86158e-05
0.000118311
0.000200196
0.00028554
0.00037586
0.000472703
0.000577728
0.00069271
0.000819515
0.000960051
0.00111616
0.00128939
0.00148057
0.00168896
0.00191092
0.00213796
0.00235505
0.00254183
0.00267903
0.00275271
3.66797e-05
0.000112392
0.000189616
0.000269173
0.000352098
0.000439392
0.000532112
0.00063138
0.00073838
0.000854329
0.000980427
0.00111769
0.00126659
0.00142643
0.00159416
0.00176293
0.0019209
0.00205253
0.00214378
0.00218471
3.32594e-05
0.00010217
0.000171905
0.000242812
0.000315468
0.000390359
0.000467976
0.000548819
0.00063337
0.000722068
0.00081527
0.000913185
0.00101575
0.00112236
0.00123124
0.00133834
0.00143616
0.00151447
0.00156409
0.00157576
2.89934e-05
8.95008e-05
0.000150102
0.000210588
0.000271039
0.000331409
0.000391649
0.000451723
0.000511594
0.000571222
0.000630539
0.000689421
0.000747608
0.000804548
0.000858992
0.000908204
0.000947278
0.000970306
0.000973388
0.000950176
2.48241e-05
7.71998e-05
0.000128961
0.000179345
0.000227947
0.0002742
0.000317509
0.000357266
0.000392841
0.000423587
0.00044885
0.000467989
0.000480415
0.000485596
0.000482854
0.000470798
0.000446985
0.000409662
0.000360763
0.000298573
2.14751e-05
6.73705e-05
0.00011195
0.000153851
0.000192163
0.000225797
0.000253622
0.000274496
0.000287265
0.000290765
0.000283837
0.000265345
0.000234233
0.000189554
0.000130357
5.5384e-05
-3.66795e-05
-0.000144558
-0.000260626
-0.000383046
1.99178e-05
6.29014e-05
0.000103924
0.000141044
0.000172845
0.000197688
0.000213836
0.000219497
0.000212835
0.000191985
0.000155085
0.000100337
2.60679e-05
-6.92272e-05
-0.000186994
-0.000328769
-0.000495429
-0.000683614
-0.000880091
-0.00107323
2.08123e-05
6.57302e-05
0.000108173
0.000145663
0.000176319
0.000197981
0.000208309
0.000204816
0.000184856
0.000145649
8.43232e-05
-1.9936e-06
-0.000116067
-0.000260511
-0.000437918
-0.000650955
-0.000901372
-0.00118629
-0.00149295
-0.0018131
2.49159e-05
7.80886e-05
0.000128424
0.000173012
0.0002096
0.000235617
0.000248219
0.000244279
0.000220323
0.000172481
9.6474e-05
-1.23174e-05
-0.000158689
-0.000347442
-0.000583323
-0.00087079
-0.00121283
-0.001608
-0.00204424
-0.00249187
3.27985e-05
0.000101617
0.000167397
0.000226887
0.000277545
0.000316515
0.000340628
0.000346368
0.000329766
0.00028623
0.000210354
9.57525e-05
-6.50305e-05
-0.000280604
-0.000560812
-0.000916233
-0.00135642
-0.001888
-0.00251509
-0.00324684
4.50942e-05
0.0001382
0.000228333
0.000312097
0.000386749
0.000449178
0.000495855
0.00052282
0.000525628
0.000499235
0.000437824
0.000334543
0.000181007
-3.37466e-05
-0.000324715
-0.000711289
-0.0012152
-0.00185907
-0.00266171
-0.0035904
6.17754e-05
0.000187821
0.000311558
0.000429937
0.000540403
0.000639933
0.000724811
0.000790506
0.000831531
0.000841375
0.00081262
0.00073725
0.000606736
0.000410525
0.000133024
-0.000248833
-0.000767647
-0.00147574
-0.0024768
-0.00393996
8.2002e-05
0.000247962
0.000412878
0.000574732
0.000731937
0.000882583
0.00102405
0.00115261
0.00126295
0.00134759
0.0013965
0.00139699
0.00133336
0.0011867
0.000937432
0.000574297
9.13178e-05
-0.000549556
-0.00143616
-0.0025613
0.000104241
0.000313864
0.000523761
0.00073327
0.000942174
0.00115045
0.00135804
0.00156472
0.00176972
0.00197095
0.00216345
0.0023367
0.00247096
0.00253501
0.00248706
0.00227069
0.00180731
0.00100741
-0.000237555
-0.00217247
-4.91899e-05
-0.000134942
-0.000226199
-0.000320651
-0.000420017
-0.000525488
-0.000638113
-0.000758671
-0.000887457
-0.00102402
-0.00116686
-0.00131326
-0.00145921
-0.00159978
-0.00173009
-0.0018475
-0.00195664
-0.00206951
-0.00218048
-0.00244087
-5.05958e-05
-0.000139186
-0.000233399
-0.000331188
-0.000434456
-0.000544585
-0.000662875
-0.000790396
-0.000927763
-0.00107486
-0.00123048
-0.00139205
-0.00155551
-0.00171557
-0.00186648
-0.00200434
-0.00213209
-0.00225802
-0.00236872
-0.00255986
-5.18324e-05
-0.000142618
-0.000239292
-0.000339896
-0.000446528
-0.000560784
-0.000684218
-0.000818212
-0.000963737
-0.00112105
-0.00128928
-0.00146609
-0.00164737
-0.0018274
-0.00199941
-0.00215758
-0.00230201
-0.00243758
-0.00255066
-0.00270968
-5.28035e-05
-0.000145196
-0.00024375
-0.000346583
-0.00045597
-0.000573729
-0.000701677
-0.000841522
-0.000994619
-0.00116165
-0.00134214
-0.00153404
-0.00173325
-0.00193362
-0.00212726
-0.00230607
-0.00246677
-0.00261167
-0.00272898
-0.00288321
-5.34593e-05
-0.000146855
-0.00024665
-0.00035106
-0.000462519
-0.000583066
-0.000714783
-0.000859716
-0.00101963
-0.00119568
-0.00138786
-0.00159448
-0.00181157
-0.00203259
-0.00224853
-0.00244893
-0.00262696
-0.00278275
-0.00290602
-0.00306642
-5.37732e-05
-0.000147525
-0.000247875
-0.00035315
-0.000465924
-0.000588449
-0.000723072
-0.000872183
-0.00103798
-0.00122213
-0.00142519
-0.00164593
-0.00188062
-0.00212253
-0.00236163
-0.00258514
-0.00278272
-0.00295216
-0.00308369
-0.00325625
-5.37233e-05
-0.000147146
-0.000247319
-0.000352689
-0.000465948
-0.000589551
-0.000726098
-0.000878325
-0.00104888
-0.00123999
-0.00145284
-0.00168681
-0.0019386
-0.00220149
-0.00246469
-0.00271332
-0.00293356
-0.00312028
-0.00326276
-0.00345249
-5.32915e-05
-0.000145662
-0.000244888
-0.000349531
-0.000462379
-0.000586069
-0.000723439
-0.000877564
-0.00105155
-0.00124821
-0.00146946
-0.00171543
-0.00198347
-0.00226719
-0.00255541
-0.00283148
-0.00307827
-0.00328676
-0.00344318
-0.00365543
-5.24633e-05
-0.000143033
-0.000240506
-0.000343557
-0.000455037
-0.00057774
-0.000714721
-0.000869367
-0.00104524
-0.00124579
-0.0014737
-0.00173003
-0.00201305
-0.00231706
-0.00263097
-0.00293689
-0.00321469
-0.00345049
-0.00362428
-0.00386568
-5.1229e-05
-0.000139229
-0.00023412
-0.00033468
-0.000443783
-0.000564354
-0.000699621
-0.000853261
-0.00102927
-0.00123172
-0.00146418
-0.00172876
-0.00202494
-0.00234814
-0.00268793
-0.00302591
-0.00333961
-0.0036094
-0.00380463
-0.00408405
-4.95844e-05
-0.000134237
-0.0002257
-0.000322846
-0.000428528
-0.000545757
-0.000677894
-0.00082885
-0.00100302
-0.0012051
-0.00143954
-0.00170969
-0.00201651
-0.00235705
-0.00272218
-0.00309391
-0.00344855
-0.00376018
-0.0039818
-0.00431127
-4.75304e-05
-0.000128058
-0.000215244
-0.000308043
-0.000409233
-0.000521864
-0.00064937
-0.000795833
-0.000965979
-0.00116506
-0.00139844
-0.00167078
-0.00198484
-0.0023398
-0.00272864
-0.00313494
-0.0035354
-0.00389778
-0.00415197
-0.00454729
-4.50721e-05
-0.000120708
-0.000202775
-0.000290296
-0.000385912
-0.000492659
-0.000613974
-0.000754023
-0.00091776
-0.0011109
-0.00133964
-0.00160999
-0.00192669
-0.00229162
-0.00270077
-0.00314088
-0.00359134
-0.00401418
-0.00430923
-0.00479022
-4.22211e-05
-0.000112223
-0.000188352
-0.000269687
-0.000358661
-0.000458236
-0.000571773
-0.000703418
-0.000858225
-0.00104223
-0.00126228
-0.00152564
-0.00183909
-0.00220748
-0.00263074
-0.00310077
-0.00360298
-0.00409554
-0.00444366
-0.00503432
-3.90085e-05
-0.00010268
-0.000172097
-0.00024639
-0.000327706
-0.000418865
-0.000523069
-0.000644324
-0.000787637
-0.000959166
-0.00116624
-0.0014171
-0.00172041
-0.00208391
-0.00251183
-0.00300307
-0.00355289
-0.00411974
-0.00453734
-0.0052656
-3.5508e-05
-9.22203e-05
-0.000154207
-0.000220693
-0.000293437
-0.000375042
-0.000468462
-0.000577431
-0.000706734
-0.000862443
-0.00105211
-0.0012848
-0.00157078
-0.00192047
-0.00234211
-0.00284216
-0.00342792
-0.00406267
-0.00456336
-0.00545379
-3.18207e-05
-8.10016e-05
-0.000134892
-0.000192909
-0.000256292
-0.000327331
-0.000408643
-0.000503543
-0.000616366
-0.00075281
-0.000920337
-0.00112856
-0.00138936
-0.00171596
-0.00212108
-0.00261891
-0.00322784
-0.00391556
-0.00450005
-0.00555325
-2.78971e-05
-6.90552e-05
-0.000114217
-0.000163114
-0.000216376
-0.000275869
-0.00034377
-0.000422799
-0.000516549
-0.000629889
-0.000769547
-0.000944927
-0.0011689
-0.00145784
-0.00183111
-0.00231419
-0.00293745
-0.0036698
-0.00433958
-0.00554513
-2.31931e-05
-5.62001e-05
-9.20171e-05
-0.00013097
-0.000173209
-0.00022004
-0.000273075
-0.000334259
-0.000406122
-0.000492099
-0.000597084
-0.000728373
-0.000897057
-0.00111988
-0.00142247
-0.00184567
-0.00243951
-0.00318921
-0.00397015
-0.00543966
-1.70538e-05
-4.23768e-05
-6.83144e-05
-9.6425e-05
-0.000126699
-0.000159782
-0.000196603
-0.000238232
-0.00028594
-0.000341305
-0.000406378
-0.000484038
-0.000578886
-0.000699802
-0.000866586
-0.00112099
-0.0015212
-0.00208419
-0.00282676
-0.00474278
-1.79649e-06
-5.01558e-06
-9.57066e-06
-1.45912e-05
-2.07964e-05
-2.83662e-05
-3.76206e-05
-4.87213e-05
-6.16487e-05
-7.61013e-05
-9.13654e-05
-0.000106108
-0.000118176
-0.000124775
-0.000123535
-0.000114266
-9.98598e-05
-8.49229e-05
-7.312e-05
-6.69677e-05
-4.7672e-06
-1.21567e-05
-2.12421e-05
-3.02905e-05
-4.0143e-05
-5.07346e-05
-6.22172e-05
-7.46076e-05
-8.78279e-05
-0.000101654
-0.000115654
-0.000129076
-0.000140723
-0.000149031
-0.00015266
-0.000151494
-0.000147197
-0.000142483
-0.000139333
-0.000138416
-7.74996e-06
-2.00599e-05
-3.45115e-05
-4.89602e-05
-6.43571e-05
-8.05875e-05
-9.77112e-05
-0.000115563
-0.000133762
-0.000151639
-0.000168188
-0.000182055
-0.000191707
-0.000195998
-0.000195181
-0.000191565
-0.000188696
-0.000189302
-0.00019351
-0.000200028
-1.05619e-05
-2.75518e-05
-4.68762e-05
-6.61104e-05
-8.62092e-05
-0.000106989
-0.000128421
-0.000150242
-0.000171963
-0.000192812
-0.000211698
-0.000227239
-0.000237989
-0.000243077
-0.000243253
-0.000241494
-0.000241916
-0.000247253
-0.000256862
-0.000268909
-1.33514e-05
-3.50906e-05
-5.93854e-05
-8.35828e-05
-0.000108658
-0.000134381
-0.000160644
-0.000187064
-0.000212989
-0.000237453
-0.000259181
-0.000276697
-0.000288678
-0.000294684
-0.000296154
-0.000296762
-0.000300948
-0.000311112
-0.000325666
-0.000342155
-1.60797e-05
-4.24893e-05
-7.1659e-05
-0.00010072
-0.000130673
-0.000161253
-0.000192296
-0.000223341
-0.000253634
-0.000282086
-0.000307301
-0.000327731
-0.000342082
-0.000350105
-0.000353615
-0.000356788
-0.000364474
-0.000378987
-0.00039792
-0.000418219
-1.87735e-05
-4.98167e-05
-8.38403e-05
-0.000117772
-0.000152649
-0.000188185
-0.000224177
-0.000260096
-0.000295094
-0.000327967
-0.000357206
-0.000381188
-0.000398623
-0.000409367
-0.000415443
-0.00042134
-0.000432278
-0.000450656
-0.000473405
-0.000497036
-2.14237e-05
-5.704e-05
-9.58649e-05
-0.000134633
-0.000174431
-0.000214965
-0.00025601
-0.000296997
-0.000337009
-0.000374751
-0.00040861
-0.000436868
-0.000458171
-0.000472351
-0.00048147
-0.00049019
-0.000504105
-0.000525885
-0.000551939
-0.00057854
-2.40326e-05
-6.4162e-05
-0.00010774
-0.000151323
-0.000196052
-0.000241647
-0.000287875
-0.000334145
-0.000379492
-0.000422545
-0.000461593
-0.000494805
-0.000520703
-0.000538986
-0.000551594
-0.000563214
-0.00057979
-0.000604468
-0.000633308
-0.000662624
-2.65953e-05
-7.11674e-05
-0.000119438
-0.0001678
-0.000217461
-0.000268165
-0.000319695
-0.000371456
-0.000422456
-0.000471265
-0.000516076
-0.000554926
-0.000586154
-0.000609216
-0.000625785
-0.000640408
-0.000659331
-0.000686367
-0.000717435
-0.000749317
-2.91083e-05
-7.80432e-05
-0.000130937
-0.000184036
-0.00023862
-0.000294479
-0.000351422
-0.000408876
-0.000465839
-0.00052084
-0.000571984
-0.000617154
-0.000654457
-0.000683012
-0.000704078
-0.000721899
-0.000742917
-0.000771769
-0.000804467
-0.000838898
-3.15658e-05
-8.47711e-05
-0.000142206
-0.000199986
-0.000259472
-0.000320515
-0.000382971
-0.000446305
-0.000509531
-0.000571153
-0.000629195
-0.000681376
-0.000725529
-0.000760356
-0.000786575
-0.000807943
-0.000830949
-0.000861136
-0.000894858
-0.000932006
-3.39613e-05
-9.13302e-05
-0.000153209
-0.0002156
-0.00027995
-0.000346192
-0.000414242
-0.000483627
-0.000553397
-0.000622054
-0.000687551
-0.000747445
-0.000799266
-0.000841235
-0.000873421
-0.000898921
-0.00092406
-0.000955273
-0.000989472
-0.00102981
-3.62865e-05
-9.76961e-05
-0.000163903
-0.000230818
-0.000299976
-0.000371409
-0.000445113
-0.000520696
-0.00059727
-0.000673355
-0.000746856
-0.000815174
-0.000875525
-0.000925614
-0.00096478
-0.000995304
-0.00102311
-0.00105539
-0.00108973
-0.00113423
-3.85325e-05
-0.000103841
-0.000174241
-0.000245572
-0.000319459
-0.000396051
-0.000475441
-0.000557341
-0.000640947
-0.000724828
-0.000806864
-0.000884318
-0.000954105
-0.00101341
-0.00106079
-0.0010976
-0.00112915
-0.0011631
-0.00119774
-0.00124826
-4.06936e-05
-0.000109735
-0.000184168
-0.000259784
-0.000338294
-0.000419986
-0.000505063
-0.000593362
-0.000684192
-0.000776199
-0.000867271
-0.000954565
-0.00103472
-0.00110443
-0.00116149
-0.00120628
-0.00124331
-0.00128039
-0.00131631
-0.00137617
-4.27712e-05
-0.000115345
-0.000193623
-0.00027337
-0.000356371
-0.000443067
-0.000533794
-0.000628533
-0.000726733
-0.00082715
-0.000927718
-0.00102552
-0.00111699
-0.00119836
-0.00126675
-0.00132164
-0.00136672
-0.00140967
-0.00144935
-0.00152339
-4.47575e-05
-0.000120636
-0.000202545
-0.000286243
-0.00037357
-0.000465141
-0.000561441
-0.000662615
-0.00076828
-0.000877335
-0.000987797
-0.00109674
-0.0012004
-0.00129468
-0.00137614
-0.00144353
-0.00150011
-0.00155385
-0.00160333
-0.00169783
-4.65654e-05
-0.000125596
-0.000210874
-0.000298312
-0.000389772
-0.000486054
-0.000587808
-0.000695365
-0.000808535
-0.000926394
-0.00104708
-0.00116769
-0.00128436
-0.0013927
-0.00148881
-0.001571
-0.00164284
-0.00171439
-0.00178603
-0.00191792
-4.7979e-05
-0.000130256
-0.000218548
-0.000309482
-0.000404848
-0.000505638
-0.000612684
-0.000726522
-0.000847179
-0.00097394
-0.0011051
-0.00123783
-0.00136817
-0.0014915
-0.0016035
-0.0017021
-0.00179171
-0.0018854
-0.00198827
-0.00220293
-6.9472e-05
-7.11867e-05
-6.77199e-05
-6.47309e-05
-6.28677e-05
-6.13919e-05
-6.00466e-05
-5.87554e-05
-5.74581e-05
-5.61058e-05
-5.46652e-05
-5.31182e-05
-5.14607e-05
-4.97042e-05
-4.78824e-05
-4.60548e-05
-4.42148e-05
-4.25034e-05
-4.09837e-05
-4.01486e-05
-0.00013469
-0.000133403
-0.000133791
-0.000134355
-0.000134679
-0.000134843
-0.00013494
-0.000135027
-0.000135135
-0.000135267
-0.000135412
-0.00013554
-0.000135607
-0.000135562
-0.00013535
-0.000134928
-0.000134264
-0.00013331
-0.000131984
-0.000130538
-0.000199973
-0.000201257
-0.000202947
-0.000204374
-0.000205587
-0.000206732
-0.000207913
-0.000209213
-0.000210691
-0.000212373
-0.000214237
-0.00021622
-0.000218216
-0.000220089
-0.000221688
-0.000222861
-0.000223479
-0.000223405
-0.000222499
-0.000221058
-0.000272003
-0.000274769
-0.000277313
-0.00027934
-0.000281096
-0.000282787
-0.000284571
-0.000286587
-0.000288933
-0.00029165
-0.000294712
-0.000298024
-0.000301429
-0.00030472
-0.000307667
-0.000310035
-0.000311618
-0.000312212
-0.00031163
-0.000310267
-0.000346452
-0.000349844
-0.000352892
-0.000355275
-0.000357296
-0.000359238
-0.000361335
-0.000363793
-0.000366759
-0.000370297
-0.000374379
-0.00037888
-0.000383593
-0.000388242
-0.000392512
-0.000396088
-0.000398687
-0.000400031
-0.000399869
-0.000398678
-0.000422926
-0.000426598
-0.000429778
-0.000432107
-0.000433979
-0.000435777
-0.000437826
-0.000440407
-0.000443723
-0.000447868
-0.000452814
-0.000458407
-0.000464382
-0.000470388
-0.000476019
-0.000480868
-0.000484569
-0.000486764
-0.000487136
-0.00048625
-0.000501534
-0.000505143
-0.000508062
-0.000509902
-0.000511179
-0.000512397
-0.000513988
-0.000516328
-0.000519687
-0.0005242
-0.000529841
-0.000536426
-0.000543627
-0.000551006
-0.000558056
-0.000564265
-0.000569169
-0.000572326
-0.000573338
-0.000572883
-0.000582085
-0.000585244
-0.000587486
-0.000588377
-0.000588577
-0.000588742
-0.000589434
-0.000591143
-0.00059423
-0.000598876
-0.000605066
-0.000612581
-0.000621024
-0.000629854
-0.000638447
-0.000646167
-0.000652428
-0.000656693
-0.00065847
-0.000658564
-0.000664356
-0.000666655
-0.000667772
-0.000667201
-0.000665787
-0.000664368
-0.000663673
-0.000664334
-0.00066682
-0.000671378
-0.000678001
-0.000686437
-0.000696214
-0.000706663
-0.000717013
-0.000726474
-0.000734325
-0.000739926
-0.000742656
-0.000743301
-0.000748229
-0.000749209
-0.000748685
-0.000746054
-0.000742394
-0.000738779
-0.000736141
-0.000735292
-0.000736832
-0.000741085
-0.000748066
-0.000757485
-0.000768765
-0.000781103
-0.000793555
-0.000805132
-0.000814935
-0.000822218
-0.000826305
-0.00082708
-0.000833758
-0.000832871
-0.000830079
-0.000824647
-0.000817967
-0.000811413
-0.000806179
-0.000803291
-0.000803509
-0.000807251
-0.000814554
-0.000825085
-0.000838156
-0.000852804
-0.000867867
-0.000882118
-0.000894422
-0.000903751
-0.000909047
-0.000910992
-0.000921291
-0.000917854
-0.000911973
-0.000902765
-0.000892063
-0.000881639
-0.00087301
-0.000867463
-0.00086594
-0.000868962
-0.000876602
-0.000888463
-0.000903751
-0.000921315
-0.000939738
-0.000957492
-0.000973124
-0.000985244
-0.000992385
-0.00099557
-0.00101166
-0.00100478
-0.000994652
-0.00098032
-0.000964246
-0.00094874
-0.000935718
-0.000926765
-0.00092302
-0.0009251
-0.000933161
-0.000946665
-0.000964758
-0.000986081
-0.00100893
-0.00103141
-0.00105161
-0.00106765
-0.00107754
-0.00108258
-0.00110651
-0.00109494
-0.00107883
-0.0010574
-0.00103407
-0.00101187
-0.000993188
-0.000979929
-0.000973418
-0.000974364
-0.000982884
-0.00099849
-0.00102017
-0.00104639
-0.00107516
-0.00110414
-0.00113084
-0.00115261
-0.00116659
-0.00117376
-0.00120893
-0.00119074
-0.00116581
-0.00113425
-0.00110098
-0.00106992
-0.00104398
-0.00102535
-0.00101545
-0.00101503
-0.0010242
-0.00104244
-0.00106868
-0.00110128
-0.00113801
-0.00117606
-0.00121223
-0.00124278
-0.00126335
-0.00127333
-0.00132509
-0.00129679
-0.00125775
-0.0012112
-0.00116404
-0.00112119
-0.00108602
-0.00106078
-0.00104685
-0.00104488
-0.0010549
-0.00107641
-0.00110838
-0.00114922
-0.00119662
-0.00124748
-0.00129779
-0.0013425
-0.00137482
-0.00138947
-0.00146613
-0.00142143
-0.00135817
-0.00128841
-0.00122153
-0.00116305
-0.0011163
-0.00108317
-0.00106462
-0.00106098
-0.00107212
-0.00109759
-0.00113656
-0.00118777
-0.00124931
-0.00131825
-0.00139015
-0.00145865
-0.00151355
-0.00153948
-0.00164726
-0.00157147
-0.0014683
-0.00136406
-0.00127025
-0.00119204
-0.00113165
-0.00108975
-0.00106633
-0.00106107
-0.00107359
-0.00110351
-0.00115044
-0.00121388
-0.00129298
-0.00138613
-0.00148933
-0.00159436
-0.00169035
-0.00175414
-0.00192504
-0.00174721
-0.00157722
-0.00142615
-0.00129827
-0.0011975
-0.00112299
-0.00107276
-0.00104508
-0.00103871
-0.00105289
-0.00108737
-0.00114235
-0.00121856
-0.00131725
-0.00143987
-0.00158443
-0.0017402
-0.001915
-0.00211379
-0.00274049
-0.00211679
-0.00171381
-0.00145272
-0.00126815
-0.00113757
-0.00104826
-0.000991333
-0.000961427
-0.000955604
-0.000972503
-0.00101205
-0.00107548
-0.00116588
-0.00128909
-0.00145523
-0.00168014
-0.00198514
-0.00240864
-0.00314461
-4.08711e-05
-4.19695e-05
-4.72854e-05
-5.45368e-05
-6.08296e-05
-6.41184e-05
-6.39443e-05
-6.07571e-05
-5.53134e-05
-4.85429e-05
-4.13566e-05
-3.44632e-05
-2.82693e-05
-2.28987e-05
-1.8283e-05
-1.42611e-05
-1.06543e-05
-7.35134e-06
-4.23082e-06
-1.29138e-06
-0.000129456
-0.000125465
-0.000125068
-0.000125775
-0.000125624
-0.000123067
-0.000117813
-0.000110388
-0.000101415
-9.15329e-05
-8.13029e-05
-7.11588e-05
-6.13712e-05
-5.20562e-05
-4.32184e-05
-3.47946e-05
-2.6693e-05
-1.8871e-05
-1.11448e-05
-3.56391e-06
-0.000219395
-0.000209785
-0.000203144
-0.000198653
-0.000195127
-0.000190268
-0.000182703
-0.000172354
-0.000159631
-0.000145259
-0.000130015
-0.000114568
-9.93785e-05
-8.46879e-05
-7.05655e-05
-5.697e-05
-4.38097e-05
-3.10289e-05
-1.83767e-05
-5.99786e-06
-0.000308698
-0.000294889
-0.000283548
-0.000274496
-0.000266781
-0.000257841
-0.000246051
-0.000231333
-0.000214135
-0.000195214
-0.000175348
-0.000155201
-0.000135238
-0.000115723
-9.67578e-05
-7.83317e-05
-6.03773e-05
-4.28418e-05
-2.54398e-05
-8.41368e-06
-0.00039753
-0.000380394
-0.000365256
-0.000352171
-0.000340409
-0.00032742
-0.000311444
-0.00029236
-0.000270569
-0.000246845
-0.000222019
-0.000196821
-0.00017178
-0.000147206
-0.000123234
-9.98672e-05
-7.7046e-05
-5.47052e-05
-3.25312e-05
-1.08551e-05
-0.000485944
-0.000466048
-0.000447831
-0.000431298
-0.000415691
-0.00039851
-0.000377969
-0.000354062
-0.000327268
-0.000298443
-0.000268483
-0.000238161
-0.000208031
-0.000178424
-0.000149485
-0.000121223
-9.358e-05
-6.64755e-05
-3.95753e-05
-1.32885e-05
-0.000573901
-0.000551717
-0.000531078
-0.000511666
-0.000492418
-0.000470987
-0.000445678
-0.0004167
-0.00038466
-0.000350512
-0.000315232
-0.00027964
-0.000244321
-0.00020962
-0.000175683
-0.000142516
-0.000110055
-7.8198e-05
-4.6593e-05
-1.57176e-05
-0.000661456
-0.000637383
-0.000614914
-0.000593154
-0.00057043
-0.000544677
-0.000514373
-0.000480044
-0.000442484
-0.000402789
-0.000362024
-0.000321058
-0.000280494
-0.000240675
-0.000201741
-0.000163684
-0.000126428
-8.98459e-05
-5.35687e-05
-1.81357e-05
-0.000748792
-0.000723178
-0.000699372
-0.000675739
-0.000649627
-0.000619441
-0.00058392
-0.000543987
-0.000500677
-0.000455245
-0.000408853
-0.000362419
-0.000316554
-0.000271595
-0.000227662
-0.000184728
-0.000142699
-0.000101418
-6.05006e-05
-2.05417e-05
-0.000836246
-0.000809416
-0.00078462
-0.00075949
-0.000729954
-0.000695157
-0.000654169
-0.000608379
-0.000559098
-0.000507757
-0.00045562
-0.000403644
-0.000352444
-0.000302336
-0.000253414
-0.000205625
-0.000158852
-0.000112901
-6.73821e-05
-2.29338e-05
-0.000924333
-0.000896636
-0.000870961
-0.00084456
-0.000811397
-0.00077171
-0.000724965
-0.000673065
-0.000617614
-0.00056022
-0.000502244
-0.000444675
-0.000388121
-0.000332868
-0.000278975
-0.000226357
-0.000174873
-0.000124288
-7.42087e-05
-2.53111e-05
-0.00101359
-0.000985646
-0.000958845
-0.000931173
-0.00089395
-0.000848972
-0.000796136
-0.000737871
-0.000676071
-0.000612509
-0.000548629
-0.000485441
-0.000423531
-0.00036315
-0.000304316
-0.000246906
-0.000190749
-0.000135568
-8.09755e-05
-2.76723e-05
-0.00110487
-0.00107759
-0.00104887
-0.00101958
-0.000977582
-0.000926775
-0.000867473
-0.000802598
-0.000734301
-0.000664491
-0.000594675
-0.000525866
-0.000458621
-0.000393145
-0.000329409
-0.000267251
-0.000206466
-0.000146731
-8.76771e-05
-3.00159e-05
-0.00119972
-0.00117401
-0.00114168
-0.00110997
-0.00106217
-0.00100487
-0.000938714
-0.000867011
-0.000792114
-0.00071602
-0.000640272
-0.000565871
-0.000493334
-0.000422812
-0.000354225
-0.000287371
-0.00022201
-0.000157766
-9.43088e-05
-3.23407e-05
-0.0012999
-0.0012767
-0.00123782
-0.00120236
-0.00114746
-0.00108294
-0.00100956
-0.000930863
-0.000849316
-0.00076695
-0.000685313
-0.000605379
-0.000527614
-0.000452112
-0.000378737
-0.000307249
-0.000237365
-0.000168664
-0.000100869
-3.46521e-05
-0.00140737
-0.00138775
-0.00133774
-0.00129671
-0.00123316
-0.00116063
-0.00107972
-0.000993923
-0.00090573
-0.000817146
-0.000729696
-0.000644316
-0.00056141
-0.000481008
-0.000402921
-0.000326867
-0.000252518
-0.000179409
-0.000107365
-3.6972e-05
-0.0015223
-0.00151106
-0.00144237
-0.00139299
-0.00131895
-0.00123759
-0.00114888
-0.00105597
-0.000961192
-0.000866484
-0.00077333
-0.000682614
-0.000594675
-0.000509472
-0.00042676
-0.000346214
-0.000267454
-0.000189989
-0.000113804
-3.93238e-05
-0.00164205
-0.00165382
-0.00155279
-0.0014903
-0.00140388
-0.00131301
-0.0012165
-0.00111662
-0.00101544
-0.000914789
-0.000816101
-0.000720202
-0.000627362
-0.000537472
-0.000450231
-0.000365273
-0.000282161
-0.00020041
-0.000120188
-4.16448e-05
-0.00177071
-0.00181215
-0.00166434
-0.00158354
-0.00148484
-0.00138491
-0.00128125
-0.00117501
-0.00106793
-0.000961744
-0.00085783
-0.000756975
-0.000659401
-0.000564953
-0.000473289
-0.000384004
-0.000296623
-0.000210712
-0.000126496
-4.36668e-05
-0.00190203
-0.00193385
-0.00175745
-0.00166185
-0.00155641
-0.00145032
-0.00134136
-0.00123005
-0.001118
-0.00100695
-0.000898284
-0.000792786
-0.000690686
-0.000591829
-0.000495863
-0.000402353
-0.000310822
-0.000220916
-0.000132684
-4.51835e-05
-0.00212624
-0.00203506
-0.00194134
-0.00184275
-0.00173594
-0.00162234
-0.00150345
-0.00138089
-0.00125677
-0.00113323
-0.00101191
-0.000893781
-0.000779174
-0.000668006
-0.000559934
-0.000454513
-0.000351294
-0.000249898
-0.000149892
-5.02132e-05
-0.00211909
-0.00210888
-0.00206555
-0.00200091
-0.0019173
-0.00181672
-0.00170188
-0.00157629
-0.00144395
-0.00130863
-0.00117324
-0.00103964
-0.000908708
-0.000780709
-0.000655512
-0.000532811
-0.000412233
-0.000293408
-0.000176025
-5.92046e-05
-0.00222225
-0.00220911
-0.00218049
-0.00213341
-0.00206572
-0.00197661
-0.00186737
-0.00174172
-0.00160467
-0.00146119
-0.00131521
-0.00116931
-0.00102489
-0.000882553
-0.000742398
-0.000604304
-0.000468033
-0.000333369
-0.000200186
-6.74888e-05
-0.00236539
-0.00234753
-0.00232135
-0.00227842
-0.00221523
-0.00212947
-0.00202123
-0.00189354
-0.00175156
-0.00160072
-0.00144546
-0.00128876
-0.00113234
-0.000977059
-0.00082325
-0.000670979
-0.000520176
-0.000370774
-0.000222774
-7.51754e-05
-0.00253815
-0.00251609
-0.00248821
-0.00244439
-0.00238049
-0.00229303
-0.00218132
-0.00204805
-0.00189857
-0.0017387
-0.00157318
-0.0014052
-0.00123666
-0.00106856
-0.000901371
-0.000735306
-0.000570422
-0.000406777
-0.000244493
-8.25687e-05
-0.00274603
-0.00271989
-0.00268893
-0.00264117
-0.00257202
-0.00247754
-0.00235701
-0.00221348
-0.00205284
-0.00188125
-0.00170358
-0.00152303
-0.00134151
-0.00116003
-0.000979133
-0.00079912
-0.000620135
-0.000442321
-0.000265899
-8.98601e-05
-0.00298944
-0.00295863
-0.00292324
-0.0028693
-0.0027918
-0.00268653
-0.00255304
-0.00239525
-0.0022199
-0.00203361
-0.00184134
-0.00164626
-0.00145018
-0.00125412
-0.00105861
-0.000863992
-0.000670454
-0.000478179
-0.000287447
-9.72057e-05
-0.00327406
-0.00323788
-0.00319694
-0.00313467
-0.00304542
-0.00292498
-0.00277363
-0.00259683
-0.0024026
-0.0021981
-0.00198836
-0.00177639
-0.00156388
-0.00135173
-0.00114047
-0.000930404
-0.000721709
-0.000514562
-0.000309255
-0.000104646
-0.00360478
-0.00356202
-0.00351381
-0.0034403
-0.00333524
-0.00319465
-0.00302016
-0.00281946
-0.00260208
-0.00237572
-0.00214538
-0.0019139
-0.00168279
-0.00145285
-0.00122453
-0.000998073
-0.000773603
-0.000551218
-0.000331156
-0.000112127
-0.00398996
-0.00393902
-0.00388132
-0.00379272
-0.00366639
-0.00349905
-0.00329464
-0.00306387
-0.00281804
-0.00256536
-0.00231073
-0.00205674
-0.00180471
-0.00155527
-0.00130874
-0.00106523
-0.000824705
-0.000587099
-0.000352515
-0.000119438
-0.00443969
-0.00437826
-0.00430755
-0.00419811
-0.00404269
-0.00383942
-0.00359617
-0.00332763
-0.00304699
-0.00276285
-0.00247987
-0.00220032
-0.0019252
-0.00165491
-0.00138951
-0.00112885
-0.000872616
-0.000620479
-0.000372295
-0.000126233
-0.00496873
-0.00489342
-0.00480421
-0.00466502
-0.00446847
-0.00421557
-0.00392097
-0.00360453
-0.00328132
-0.00295992
-0.00264444
-0.00233653
-0.0020367
-0.00174491
-0.00146081
-0.00118384
-0.000913294
-0.000648419
-0.000388714
-0.000131909
-0.00559754
-0.0055031
-0.00538557
-0.00520118
-0.00494354
-0.00462076
-0.00425849
-0.0038823
-0.00350819
-0.00314377
-0.00279193
-0.00245337
-0.00212788
-0.00181482
-0.00151331
-0.00122223
-0.000940308
-0.00066622
-0.000398908
-0.000135492
-0.00635791
-0.00623468
-0.00606978
-0.00581312
-0.00546314
-0.00504379
-0.00459448
-0.00414489
-0.00371007
-0.00329562
-0.0029028
-0.00253127
-0.00218001
-0.00184756
-0.00153215
-0.00123175
-0.000944158
-0.000667156
-0.00039888
-0.000135637
-0.00730474
-0.00712504
-0.00688123
-0.00650932
-0.00602211
-0.00547046
-0.00490687
-0.00436318
-0.0038526
-0.00337852
-0.00294042
-0.00253636
-0.00216352
-0.00181855
-0.00149777
-0.00119747
-0.000913984
-0.000643919
-0.000384438
-0.000130956
-0.0085332
-0.00822075
-0.00786613
-0.00730283
-0.00659917
-0.00585041
-0.00512498
-0.00445715
-0.00385684
-0.00332204
-0.00284632
-0.00242237
-0.00204288
-0.0017008
-0.00138971
-0.00110391
-0.000838344
-0.000588577
-0.000350897
-0.00011985
-0.0101314
-0.00963558
-0.00907356
-0.00811191
-0.00702066
-0.00597835
-0.00505578
-0.00426788
-0.00360427
-0.00304268
-0.00256198
-0.00214632
-0.00178392
-0.00146539
-0.00118287
-0.000929682
-0.000699933
-0.000488374
-0.000290401
-9.95932e-05
-0.0130723
-0.0115873
-0.0101716
-0.00835805
-0.0067744
-0.00550355
-0.00449101
-0.00367774
-0.00302008
-0.00248031
-0.00202967
-0.00164998
-0.00132997
-0.00106077
-0.000833758
-0.000640596
-0.000473706
-0.000326473
-0.000193244
-6.69396e-05
-0.0127875
-0.0110837
-0.0095323
-0.00744974
-0.0057299
-0.00443137
-0.00343478
-0.00263327
-0.00198557
-0.00147774
-0.00109146
-0.000801266
-0.000584979
-0.000424859
-0.000306673
-0.000218941
-0.000152713
-0.000101302
-5.96992e-05
-2.21564e-05
-0.0283177
-0.0159808
-0.0115517
-0.00746646
-0.00445152
-0.00248558
-0.00122509
-0.000428451
4.56353e-05
0.000303718
0.000421369
0.000452173
0.000435188
0.000394263
0.000341714
0.000283313
0.000221689
0.000158057
9.31827e-05
2.90257e-05
)
;

boundaryField
{
    inlet
    {
        type            zeroGradient;
    }
    outlet
    {
        type            fixedValue;
        value           uniform 0;
    }
    upAndBottom
    {
        type            empty;
    }
    obstacle
    {
        type            zeroGradient;
    }
}


// ************************************************************************* //
