/*--------------------------------*- C++ -*----------------------------------*\
| =========                 |                                                 |
| \\      /  F ield         | OpenFOAM: The Open Source CFD Toolbox           |
|  \\    /   O peration     | Version:  v1806                                 |
|   \\  /    A nd           | Web:      www.OpenFOAM.com                      |
|    \\/     M anipulation  |                                                 |
\*---------------------------------------------------------------------------*/
FoamFile
{
    version     2.0;
    format      ascii;
    class       volVectorField;
    location    "220";
    object      U;
}
// * * * * * * * * * * * * * * * * * * * * * * * * * * * * * * * * * * * * * //

dimensions      [0 1 -1 0 0 0 0];


internalField   nonuniform List<vector> 
2400
(
(0.299999 -0.000972449 0)
(0.299989 -0.00318473 0)
(0.299963 -0.00514685 0)
(0.299915 -0.00757338 0)
(0.29985 -0.00967675 0)
(0.299744 -0.0124972 0)
(0.299629 -0.014865 0)
(0.299444 -0.0182463 0)
(0.299271 -0.0209901 0)
(0.298983 -0.0250539 0)
(0.298753 -0.0282591 0)
(0.298352 -0.0329977 0)
(0.298084 -0.0366787 0)
(0.297607 -0.041818 0)
(0.297356 -0.0458243 0)
(0.296936 -0.0506911 0)
(0.296814 -0.0545334 0)
(0.296715 -0.0581223 0)
(0.296908 -0.0607929 0)
(0.297376 -0.0622342 0)
(0.299997 -0.000967111 0)
(0.299973 -0.00317551 0)
(0.299918 -0.00512042 0)
(0.299836 -0.00754554 0)
(0.299718 -0.00962067 0)
(0.299559 -0.0124461 0)
(0.299371 -0.0147671 0)
(0.299114 -0.0181685 0)
(0.298853 -0.0208365 0)
(0.298476 -0.0249511 0)
(0.298158 -0.02804 0)
(0.297659 -0.0328821 0)
(0.297343 -0.0364054 0)
(0.296782 -0.0417197 0)
(0.296593 -0.0455628 0)
(0.296169 -0.0506633 0)
(0.296292 -0.0544351 0)
(0.296382 -0.0582442 0)
(0.296995 -0.0610259 0)
(0.29792 -0.0626095 0)
(0.299995 -0.000957052 0)
(0.299957 -0.00315663 0)
(0.299867 -0.00507299 0)
(0.299741 -0.00749595 0)
(0.299555 -0.00952783 0)
(0.299325 -0.0123644 0)
(0.299041 -0.0146158 0)
(0.298686 -0.0180565 0)
(0.298308 -0.0206129 0)
(0.29781 -0.0248214 0)
(0.297376 -0.0277385 0)
(0.296745 -0.0327682 0)
(0.296363 -0.036052 0)
(0.295687 -0.0416843 0)
(0.295567 -0.0452586 0)
(0.29511 -0.0507885 0)
(0.295527 -0.0543924 0)
(0.295791 -0.0585927 0)
(0.296907 -0.0614594 0)
(0.298327 -0.0632048 0)
(0.299993 -0.000942532 0)
(0.299941 -0.00312764 0)
(0.299815 -0.00500498 0)
(0.299643 -0.00742368 0)
(0.299387 -0.00939904 0)
(0.299079 -0.0122506 0)
(0.298693 -0.0144127 0)
(0.29823 -0.0179083 0)
(0.297725 -0.0203211 0)
(0.297094 -0.0246624 0)
(0.296531 -0.0273544 0)
(0.295751 -0.0326531 0)
(0.29529 -0.0356105 0)
(0.294477 -0.0417103 0)
(0.29442 -0.0448864 0)
(0.293891 -0.0510738 0)
(0.29463 -0.0543618 0)
(0.295005 -0.059191 0)
(0.296703 -0.0620715 0)
(0.298598 -0.0640512 0)
(0.299993 -0.000924052 0)
(0.299925 -0.00308805 0)
(0.299765 -0.0049171 0)
(0.299544 -0.0073267 0)
(0.29922 -0.00923399 0)
(0.29883 -0.0120996 0)
(0.298342 -0.0141558 0)
(0.297766 -0.0177143 0)
(0.297131 -0.0199569 0)
(0.296359 -0.0244593 0)
(0.295657 -0.0268799 0)
(0.294719 -0.0325183 0)
(0.29416 -0.0350658 0)
(0.29319 -0.0417824 0)
(0.293182 -0.0444164 0)
(0.292532 -0.0515244 0)
(0.293621 -0.0542941 0)
(0.294013 -0.0600826 0)
(0.296407 -0.0628274 0)
(0.298715 -0.0651966 0)
(0.299994 -0.000902154 0)
(0.299908 -0.00303705 0)
(0.299718 -0.00481052 0)
(0.299445 -0.00720327 0)
(0.299056 -0.00903429 0)
(0.298582 -0.0119076 0)
(0.297992 -0.013847 0)
(0.297301 -0.0174679 0)
(0.296531 -0.0195223 0)
(0.295615 -0.0242016 0)
(0.294761 -0.0263156 0)
(0.293657 -0.0323503 0)
(0.292978 -0.0344128 0)
(0.29183 -0.0418904 0)
(0.291848 -0.0438275 0)
(0.291025 -0.052151 0)
(0.292485 -0.0541401 0)
(0.292782 -0.0613256 0)
(0.296021 -0.0636731 0)
(0.298633 -0.0667122 0)
(0.299997 -0.000877375 0)
(0.29989 -0.00297381 0)
(0.299674 -0.00468661 0)
(0.299344 -0.00705189 0)
(0.298896 -0.00880226 0)
(0.298331 -0.0116717 0)
(0.297647 -0.0134898 0)
(0.296832 -0.017163 0)
(0.295928 -0.0190217 0)
(0.294861 -0.0238789 0)
(0.293842 -0.0256651 0)
(0.292565 -0.0321338 0)
(0.291735 -0.0336493 0)
(0.290392 -0.0420185 0)
(0.290401 -0.043101 0)
(0.289351 -0.0529564 0)
(0.291196 -0.0538487 0)
(0.291268 -0.0629816 0)
(0.295537 -0.0645376 0)
(0.298284 -0.0687053 0)
(0.300003 -0.000850199 0)
(0.299868 -0.00289763 0)
(0.299635 -0.00454672 0)
(0.29924 -0.00687115 0)
(0.298743 -0.00854038 0)
(0.298078 -0.0113886 0)
(0.297308 -0.0130883 0)
(0.296359 -0.0167929 0)
(0.295325 -0.0184606 0)
(0.294095 -0.0234782 0)
(0.292901 -0.024934 0)
(0.291442 -0.0318479 0)
(0.290423 -0.0327766 0)
(0.288876 -0.0421421 0)
(0.288815 -0.0422225 0)
(0.287494 -0.0539311 0)
(0.289721 -0.0533714 0)
(0.289423 -0.0651077 0)
(0.294936 -0.0653415 0)
(0.297586 -0.0713246 0)
(0.300013 -0.000820976 0)
(0.299843 -0.00280801 0)
(0.299603 -0.00439208 0)
(0.299129 -0.00665996 0)
(0.298601 -0.00825099 0)
(0.297816 -0.0110552 0)
(0.296983 -0.0126464 0)
(0.295874 -0.01635 0)
(0.294731 -0.0178452 0)
(0.293311 -0.0229834 0)
(0.291942 -0.024131 0)
(0.290284 -0.0314643 0)
(0.289029 -0.0318022 0)
(0.287284 -0.0422249 0)
(0.287052 -0.0411852 0)
(0.285456 -0.0550538 0)
(0.288016 -0.0526632 0)
(0.287188 -0.0677485 0)
(0.294203 -0.0660036 0)
(0.296447 -0.0747556 0)
(0.300027 -0.000789826 0)
(0.29981 -0.00270484 0)
(0.29958 -0.00422349 0)
(0.299009 -0.00641777 0)
(0.298475 -0.00793592 0)
(0.297542 -0.0106693 0)
(0.296681 -0.0121678 0)
(0.295369 -0.0158269 0)
(0.294159 -0.0171828 0)
(0.292495 -0.022376 0)
(0.290982 -0.0232682 0)
(0.289076 -0.0309459 0)
(0.287555 -0.0307426 0)
(0.285616 -0.0422133 0)
(0.285066 -0.0399967 0)
(0.283265 -0.0562881 0)
(0.285997 -0.0516824 0)
(0.284523 -0.0709399 0)
(0.293348 -0.0664408 0)
(0.29472 -0.079205 0)
(0.300047 -0.000756579 0)
(0.29977 -0.00258859 0)
(0.299569 -0.0040412 0)
(0.298878 -0.00614508 0)
(0.298369 -0.00759598 0)
(0.297248 -0.0102299 0)
(0.296412 -0.0116548 0)
(0.294832 -0.0152181 0)
(0.293631 -0.0164793 0)
(0.291622 -0.021637 0)
(0.290054 -0.0223601 0)
(0.28778 -0.0302458 0)
(0.286033 -0.0296256 0)
(0.283842 -0.0420264 0)
(0.282818 -0.0386904 0)
(0.280968 -0.0575692 0)
(0.283497 -0.0503993 0)
(0.281481 -0.0747335 0)
(0.292366 -0.0665462 0)
(0.292134 -0.0848635 0)
(0.300073 -0.000720789 0)
(0.299722 -0.00246028 0)
(0.29957 -0.00384478 0)
(0.298733 -0.00584359 0)
(0.298289 -0.00723056 0)
(0.296931 -0.0097388 0)
(0.296188 -0.0111069 0)
(0.29425 -0.0145221 0)
(0.293173 -0.015737 0)
(0.290665 -0.0207525 0)
(0.289212 -0.0214194 0)
(0.286335 -0.0293121 0)
(0.284546 -0.0284885 0)
(0.281867 -0.0415455 0)
(0.280345 -0.0373373 0)
(0.278559 -0.0587646 0)
(0.280276 -0.0488328 0)
(0.278311 -0.0792174 0)
(0.291068 -0.0661407 0)
(0.288279 -0.0918975 0)
(0.300103 -0.000681836 0)
(0.299667 -0.00232139 0)
(0.299582 -0.00363328 0)
(0.298577 -0.00551611 0)
(0.298233 -0.00683769 0)
(0.296593 -0.00920038 0)
(0.296013 -0.0105201 0)
(0.293621 -0.0137441 0)
(0.292805 -0.0149498 0)
(0.2896 -0.0197209 0)
(0.288515 -0.0204464 0)
(0.284668 -0.028107 0)
(0.283228 -0.0273664 0)
(0.279511 -0.0406195 0)
(0.277834 -0.0360492 0)
(0.275825 -0.0596112 0)
(0.276173 -0.0471247 0)
(0.275398 -0.0844538 0)
(0.288753 -0.064932 0)
(0.28295 -0.100675 0)
(0.300135 -0.000639142 0)
(0.299608 -0.00217357 0)
(0.299601 -0.00340565 0)
(0.298416 -0.00516611 0)
(0.298196 -0.00641474 0)
(0.296243 -0.00862103 0)
(0.29588 -0.00988774 0)
(0.292957 -0.0128951 0)
(0.292525 -0.014103 0)
(0.288433 -0.0185575 0)
(0.287995 -0.0194173 0)
(0.282734 -0.026631 0)
(0.28222 -0.0262588 0)
(0.276567 -0.0391246 0)
(0.27564 -0.0349539 0)
(0.272228 -0.0596671 0)
(0.271449 -0.0456203 0)
(0.272775 -0.0902029 0)
(0.284051 -0.0626332 0)
(0.277136 -0.112236 0)
(0.300165 -0.000592422 0)
(0.299552 -0.00201816 0)
(0.29962 -0.00316134 0)
(0.29826 -0.00479676 0)
(0.298166 -0.00595968 0)
(0.295901 -0.00800735 0)
(0.29577 -0.00920301 0)
(0.292291 -0.0119885 0)
(0.292304 -0.0131772 0)
(0.287214 -0.0172901 0)
(0.287621 -0.0182849 0)
(0.280574 -0.0249311 0)
(0.28157 -0.025087 0)
(0.272929 -0.0370612 0)
(0.274146 -0.0340952 0)
(0.267042 -0.0584233 0)
(0.267073 -0.0448471 0)
(0.269264 -0.0955434 0)
(0.275693 -0.0594538 0)
(0.273814 -0.128707 0)
(0.30019 -0.000541889 0)
(0.299505 -0.00185588 0)
(0.299632 -0.00290084 0)
(0.298124 -0.00441012 0)
(0.298128 -0.00547248 0)
(0.295593 -0.00736407 0)
(0.295653 -0.00846255 0)
(0.291674 -0.0110357 0)
(0.292083 -0.0121575 0)
(0.286041 -0.0159468 0)
(0.287288 -0.0169978 0)
(0.278361 -0.0230803 0)
(0.281133 -0.023704 0)
(0.268763 -0.0345778 0)
(0.273444 -0.0332414 0)
(0.259861 -0.055766 0)
(0.264353 -0.0452484 0)
(0.262167 -0.0987297 0)
(0.264504 -0.056875 0)
(0.276183 -0.152756 0)
(0.300206 -0.000488307 0)
(0.299472 -0.00168661 0)
(0.299629 -0.00262606 0)
(0.298017 -0.00400663 0)
(0.298069 -0.00495596 0)
(0.295341 -0.0066925 0)
(0.2955 -0.00766906 0)
(0.291159 -0.0100406 0)
(0.291798 -0.0110409 0)
(0.285035 -0.0145422 0)
(0.286845 -0.0155262 0)
(0.276364 -0.0211341 0)
(0.280571 -0.0219718 0)
(0.264618 -0.0318749 0)
(0.272978 -0.0319173 0)
(0.251214 -0.0521037 0)
(0.263689 -0.0465519 0)
(0.248732 -0.097936 0)
(0.254923 -0.0580568 0)
(0.282183 -0.184296 0)
(0.300211 -0.000432875 0)
(0.299456 -0.00150944 0)
(0.299609 -0.00234014 0)
(0.297946 -0.00358516 0)
(0.297982 -0.00441591 0)
(0.295161 -0.00599035 0)
(0.295295 -0.00683211 0)
(0.290783 -0.00899846 0)
(0.291406 -0.00984156 0)
(0.28429 -0.0130688 0)
(0.28617 -0.0138816 0)
(0.274847 -0.0190941 0)
(0.279519 -0.0198435 0)
(0.261233 -0.0290545 0)
(0.271695 -0.0297081 0)
(0.242795 -0.0480594 0)
(0.263255 -0.0471914 0)
(0.229148 -0.0934596 0)
(0.252002 -0.0663702 0)
(0.280677 -0.217098 0)
(0.300207 -0.000377092 0)
(0.299457 -0.00132311 0)
(0.299573 -0.00204705 0)
(0.29791 -0.00314385 0)
(0.297869 -0.00385994 0)
(0.295053 -0.00525345 0)
(0.295041 -0.00596585 0)
(0.290549 -0.00789918 0)
(0.290908 -0.00858606 0)
(0.283833 -0.011502 0)
(0.28524 -0.0121138 0)
(0.273927 -0.0169047 0)
(0.277812 -0.0173953 0)
(0.259128 -0.0260286 0)
(0.268715 -0.0265445 0)
(0.236786 -0.0438681 0)
(0.259355 -0.0453149 0)
(0.208631 -0.0870578 0)
(0.251772 -0.081163 0)
(0.255108 -0.240599 0)
(0.300196 -0.000321875 0)
(0.29947 -0.00112814 0)
(0.299526 -0.00174905 0)
(0.297903 -0.00268344 0)
(0.297741 -0.00329302 0)
(0.295004 -0.00448208 0)
(0.294763 -0.00508053 0)
(0.290434 -0.00673957 0)
(0.290353 -0.00729669 0)
(0.283613 -0.00982632 0)
(0.284154 -0.0102758 0)
(0.273518 -0.0145071 0)
(0.27563 -0.0147617 0)
(0.258244 -0.022597 0)
(0.264111 -0.0227309 0)
(0.234085 -0.0390263 0)
(0.249629 -0.0405539 0)
(0.194756 -0.0796095 0)
(0.236391 -0.0931954 0)
(0.191199 -0.237474 0)
(0.298052 -0.0625145 0)
(0.298912 -0.0617333 0)
(0.299916 -0.0599583 0)
(0.300946 -0.057488 0)
(0.301956 -0.0546061 0)
(0.302916 -0.0514799 0)
(0.303815 -0.0482392 0)
(0.304623 -0.0449958 0)
(0.305354 -0.0418387 0)
(0.305991 -0.038813 0)
(0.299048 -0.063051 0)
(0.300356 -0.0623545 0)
(0.301715 -0.0606053 0)
(0.302951 -0.0581338 0)
(0.304053 -0.0552255 0)
(0.305027 -0.0520512 0)
(0.305881 -0.0487523 0)
(0.306595 -0.0454502 0)
(0.307204 -0.0422367 0)
(0.307706 -0.039159 0)
(0.299979 -0.0638134 0)
(0.301831 -0.0631301 0)
(0.303624 -0.0613179 0)
(0.305132 -0.0587769 0)
(0.30639 -0.0557905 0)
(0.307439 -0.0525286 0)
(0.308296 -0.0491468 0)
(0.308957 -0.0457754 0)
(0.30948 -0.0425044 0)
(0.309874 -0.0393804 0)
(0.300826 -0.0648567 0)
(0.303296 -0.0641256 0)
(0.30555 -0.0621822 0)
(0.307338 -0.0595193 0)
(0.308765 -0.0564065 0)
(0.309897 -0.0530139 0)
(0.310765 -0.0495171 0)
(0.311383 -0.0460549 0)
(0.311833 -0.0427133 0)
(0.312138 -0.0395355 0)
(0.301609 -0.0662256 0)
(0.30479 -0.0653655 0)
(0.307521 -0.0632226 0)
(0.309585 -0.0603841 0)
(0.31118 -0.0570915 0)
(0.312393 -0.053523 0)
(0.313264 -0.0498812 0)
(0.313837 -0.04631 0)
(0.314217 -0.0428871 0)
(0.314438 -0.0396494 0)
(0.302353 -0.0679578 0)
(0.306359 -0.0668569 0)
(0.309568 -0.0644466 0)
(0.311897 -0.0613732 0)
(0.313658 -0.0578393 0)
(0.314946 -0.0540483 0)
(0.315816 -0.0502349 0)
(0.316344 -0.0465389 0)
(0.316656 -0.0430252 0)
(0.31679 -0.0397209 0)
(0.303103 -0.0700904 0)
(0.308047 -0.0686033 0)
(0.311713 -0.0658629 0)
(0.314297 -0.0624877 0)
(0.316232 -0.0586448 0)
(0.317602 -0.0545871 0)
(0.318474 -0.0505792 0)
(0.318958 -0.0467424 0)
(0.319187 -0.0431244 0)
(0.319197 -0.0397395 0)
(0.303931 -0.0726577 0)
(0.309891 -0.0706085 0)
(0.31397 -0.0674819 0)
(0.31683 -0.0637308 0)
(0.318978 -0.0595102 0)
(0.32045 -0.0551454 0)
(0.321325 -0.0509183 0)
(0.321734 -0.0469138 0)
(0.321801 -0.0431627 0)
(0.321557 -0.0396643 0)
(0.304918 -0.0756795 0)
(0.311911 -0.0728903 0)
(0.316377 -0.0693292 0)
(0.31961 -0.0651201 0)
(0.322049 -0.0604508 0)
(0.323633 -0.0557314 0)
(0.324441 -0.0512382 0)
(0.324618 -0.0470071 0)
(0.324283 -0.0430613 0)
(0.323473 -0.0393861 0)
(0.306121 -0.0791332 0)
(0.314143 -0.0755187 0)
(0.319097 -0.0714793 0)
(0.322902 -0.0667005 0)
(0.32568 -0.0614823 0)
(0.327238 -0.0563162 0)
(0.327676 -0.0514505 0)
(0.327188 -0.0468748 0)
(0.325918 -0.0426276 0)
(0.32396 -0.038681 0)
(0.307619 -0.0829809 0)
(0.316794 -0.0786818 0)
(0.322563 -0.0740802 0)
(0.3271 -0.0685134 0)
(0.329967 -0.062545 0)
(0.330935 -0.0567325 0)
(0.330234 -0.0512909 0)
(0.328207 -0.0461872 0)
(0.325098 -0.041502 0)
(0.32114 -0.037186 0)
(0.309774 -0.0873827 0)
(0.320488 -0.0827182 0)
(0.327436 -0.0772654 0)
(0.332323 -0.070445 0)
(0.334248 -0.0633277 0)
(0.3333 -0.0565176 0)
(0.330049 -0.0502138 0)
(0.325156 -0.0443855 0)
(0.319042 -0.039164 0)
(0.312151 -0.0344463 0)
(0.313744 -0.0928827 0)
(0.326249 -0.087999 0)
(0.33387 -0.0808355 0)
(0.337363 -0.0719154 0)
(0.33608 -0.0630316 0)
(0.331022 -0.0547938 0)
(0.323331 -0.0473877 0)
(0.314124 -0.0407647 0)
(0.303988 -0.0350678 0)
(0.293602 -0.0300771 0)
(0.321563 -0.100228 0)
(0.334268 -0.0944475 0)
(0.339812 -0.083704 0)
(0.338223 -0.0715375 0)
(0.330359 -0.0602783 0)
(0.318657 -0.0503792 0)
(0.304891 -0.0419302 0)
(0.290581 -0.0347626 0)
(0.276286 -0.0289395 0)
(0.262823 -0.0240356 0)
(0.334426 -0.109602 0)
(0.34116 -0.100679 0)
(0.33913 -0.0834338 0)
(0.327368 -0.0671814 0)
(0.309671 -0.0534712 0)
(0.289844 -0.0422918 0)
(0.269929 -0.0334357 0)
(0.251426 -0.0264368 0)
(0.23447 -0.0211635 0)
(0.219725 -0.0168971 0)
(0.348859 -0.119371 0)
(0.337476 -0.103162 0)
(0.321549 -0.076588 0)
(0.295214 -0.0568284 0)
(0.267023 -0.0417196 0)
(0.240627 -0.0306121 0)
(0.217374 -0.0226635 0)
(0.197915 -0.0169332 0)
(0.181471 -0.0130172 0)
(0.168192 -0.00987763 0)
(0.353837 -0.123929 0)
(0.308739 -0.0965354 0)
(0.276088 -0.0604511 0)
(0.235053 -0.0401852 0)
(0.201342 -0.0261478 0)
(0.174243 -0.0174019 0)
(0.153249 -0.0119473 0)
(0.137352 -0.00841128 0)
(0.12484 -0.00625307 0)
(0.115271 -0.00429298 0)
(0.332169 -0.112906 0)
(0.241071 -0.0754236 0)
(0.198662 -0.0353419 0)
(0.151301 -0.0204795 0)
(0.123396 -0.0109044 0)
(0.103464 -0.00655778 0)
(0.0899072 -0.00417917 0)
(0.0804606 -0.00275614 0)
(0.0733968 -0.00198171 0)
(0.0680426 -0.000845498 0)
(0.26598 -0.0754299 0)
(0.131876 -0.0394601 0)
(0.102324 -0.00758198 0)
(0.0656015 -0.00478722 0)
(0.0537961 -0.00134076 0)
(0.0444221 -0.000894548 0)
(0.0391016 -0.000454783 0)
(0.0356035 -0.000217286 0)
(0.0331341 -8.24969e-05 0)
(0.0310702 0.00080589 0)
(0.137747 -0.0436139 0)
(0.00894062 -0.0106143 0)
(0.0204393 0.00266573 0)
(0.00661792 0.00013999 0)
(0.00837746 0.000661728 0)
(0.00670518 0.00024871 0)
(0.00653325 0.000221647 0)
(0.00641763 0.000178784 0)
(0.00656071 0.000182362 0)
(0.00627705 0.000469375 0)
(0.306552 -0.0360243 0)
(0.307021 -0.033462 0)
(0.307451 -0.0310729 0)
(0.307809 -0.0288471 0)
(0.308146 -0.026809 0)
(0.308408 -0.0249347 0)
(0.30867 -0.0232671 0)
(0.308853 -0.0217531 0)
(0.309062 -0.0204603 0)
(0.309185 -0.0192793 0)
(0.309368 -0.0183229 0)
(0.309454 -0.0173947 0)
(0.309633 -0.0166946 0)
(0.309697 -0.0159019 0)
(0.30988 -0.015369 0)
(0.309926 -0.0146014 0)
(0.310097 -0.0141886 0)
(0.310113 -0.0133939 0)
(0.310231 -0.0131351 0)
(0.310211 -0.0123433 0)
(0.308135 -0.0363246 0)
(0.308476 -0.0337237 0)
(0.308785 -0.0312993 0)
(0.309023 -0.0290422 0)
(0.309248 -0.0269747 0)
(0.309396 -0.0250752 0)
(0.309554 -0.0233848 0)
(0.309628 -0.021853 0)
(0.309744 -0.0205454 0)
(0.309767 -0.0193544 0)
(0.309876 -0.0183917 0)
(0.309872 -0.0174589 0)
(0.309999 -0.0167588 0)
(0.309978 -0.0159612 0)
(0.310126 -0.0154304 0)
(0.310074 -0.0146495 0)
(0.31022 -0.0142373 0)
(0.310104 -0.0134146 0)
(0.310204 -0.0131547 0)
(0.309998 -0.0123199 0)
(0.310191 -0.0365084 0)
(0.310416 -0.033877 0)
(0.310611 -0.0314254 0)
(0.310727 -0.0291441 0)
(0.310834 -0.0270529 0)
(0.310851 -0.0251329 0)
(0.310882 -0.0234239 0)
(0.310812 -0.0218787 0)
(0.3108 -0.0205613 0)
(0.310674 -0.0193655 0)
(0.310665 -0.0184021 0)
(0.310512 -0.0174696 0)
(0.310542 -0.0167743 0)
(0.310367 -0.0159734 0)
(0.310443 -0.0154465 0)
(0.310211 -0.0146479 0)
(0.310305 -0.0142345 0)
(0.309954 -0.0133725 0)
(0.310019 -0.0131084 0)
(0.309491 -0.0122163 0)
(0.312361 -0.0366222 0)
(0.312486 -0.0339587 0)
(0.312581 -0.0314785 0)
(0.312585 -0.0291707 0)
(0.312574 -0.0270524 0)
(0.312451 -0.0251082 0)
(0.312338 -0.0233771 0)
(0.312096 -0.0218162 0)
(0.311921 -0.0204875 0)
(0.3116 -0.0192873 0)
(0.311424 -0.0183241 0)
(0.311061 -0.0173944 0)
(0.310938 -0.0167051 0)
(0.310537 -0.0159021 0)
(0.310484 -0.0153783 0)
(0.309992 -0.0145585 0)
(0.309985 -0.0141398 0)
(0.309303 -0.0132295 0)
(0.309306 -0.0129561 0)
(0.308332 -0.0119954 0)
(0.314571 -0.0366909 0)
(0.314599 -0.0339921 0)
(0.314586 -0.0314782 0)
(0.314462 -0.0291366 0)
(0.314306 -0.0269816 0)
(0.314006 -0.0250032 0)
(0.313698 -0.0232395 0)
(0.313226 -0.0216546 0)
(0.312815 -0.0203066 0)
(0.312223 -0.0190982 0)
(0.311796 -0.018131 0)
(0.311137 -0.0172043 0)
(0.310771 -0.0165188 0)
(0.310052 -0.0157151 0)
(0.309783 -0.015191 0)
(0.308936 -0.0143489 0)
(0.308755 -0.0139187 0)
(0.307641 -0.0129534 0)
(0.307536 -0.012664 0)
(0.305997 -0.0116232 0)
(0.316817 -0.0367109 0)
(0.316718 -0.0339693 0)
(0.316554 -0.0314113 0)
(0.316244 -0.0290218 0)
(0.315865 -0.0268131 0)
(0.315297 -0.0247836 0)
(0.314687 -0.0229706 0)
(0.313871 -0.0213481 0)
(0.3131 -0.0199687 0)
(0.312114 -0.0187454 0)
(0.311302 -0.0177677 0)
(0.310223 -0.016844 0)
(0.309482 -0.016159 0)
(0.308331 -0.0153588 0)
(0.307725 -0.0148307 0)
(0.306419 -0.0139701 0)
(0.305966 -0.0135223 0)
(0.304324 -0.0125018 0)
(0.30405 -0.0121898 0)
(0.301841 -0.0110637 0)
(0.319053 -0.0366622 0)
(0.318739 -0.0338603 0)
(0.31831 -0.0312367 0)
(0.317681 -0.0287744 0)
(0.316925 -0.0264857 0)
(0.315924 -0.0243802 0)
(0.314832 -0.0224953 0)
(0.313495 -0.0208175 0)
(0.312178 -0.0193925 0)
(0.310625 -0.0181473 0)
(0.30925 -0.0171535 0)
(0.307597 -0.0162358 0)
(0.306319 -0.0155511 0)
(0.304608 -0.0147642 0)
(0.303526 -0.0142324 0)
(0.301668 -0.0133659 0)
(0.300834 -0.0128977 0)
(0.2986 -0.0118327 0)
(0.298091 -0.0114931 0)
(0.295152 -0.0102877 0)
(0.321069 -0.0364863 0)
(0.320342 -0.0335912 0)
(0.319422 -0.0308667 0)
(0.318234 -0.0282951 0)
(0.316847 -0.0258922 0)
(0.31516 -0.0236811 0)
(0.313335 -0.0217003 0)
(0.311242 -0.0199507 0)
(0.30915 -0.0184696 0)
(0.306829 -0.0172004 0)
(0.304694 -0.0161919 0)
(0.30231 -0.0152907 0)
(0.300333 -0.0146149 0)
(0.297955 -0.0138608 0)
(0.296272 -0.0133351 0)
(0.293809 -0.0124868 0)
(0.292506 -0.0120038 0)
(0.289679 -0.0109182 0)
(0.288885 -0.0105505 0)
(0.285244 -0.00928516 0)
(0.322291 -0.0360516 0)
(0.320786 -0.0330154 0)
(0.319007 -0.0301454 0)
(0.316901 -0.0274239 0)
(0.314539 -0.0248738 0)
(0.31185 -0.0225332 0)
(0.309002 -0.020442 0)
(0.305902 -0.0186149 0)
(0.302811 -0.0170805 0)
(0.299541 -0.015798 0)
(0.296485 -0.0147909 0)
(0.293258 -0.0139297 0)
(0.290476 -0.0132863 0)
(0.287388 -0.0125978 0)
(0.285043 -0.0121025 0)
(0.282003 -0.0113105 0)
(0.280202 -0.0108306 0)
(0.27688 -0.00976093 0)
(0.275789 -0.00937205 0)
(0.271594 -0.00807612 0)
(0.321509 -0.0351219 0)
(0.318694 -0.0318976 0)
(0.315572 -0.0288456 0)
(0.312118 -0.0259486 0)
(0.308412 -0.0232396 0)
(0.304417 -0.0207688 0)
(0.300303 -0.0185775 0)
(0.296013 -0.0166912 0)
(0.29179 -0.0151299 0)
(0.28749 -0.0138657 0)
(0.283461 -0.0128968 0)
(0.27939 -0.0121162 0)
(0.275812 -0.0115475 0)
(0.272084 -0.0109718 0)
(0.269129 -0.0105486 0)
(0.26565 -0.00986312 0)
(0.263424 -0.00941786 0)
(0.259814 -0.00840926 0)
(0.258479 -0.00801306 0)
(0.253993 -0.00671739 0)
(0.31668 -0.0333592 0)
(0.31195 -0.0299366 0)
(0.307004 -0.0267077 0)
(0.301843 -0.0236553 0)
(0.29654 -0.020822 0)
(0.291088 -0.0182643 0)
(0.28564 -0.0160227 0)
(0.280164 -0.0141297 0)
(0.274864 -0.0125976 0)
(0.269635 -0.011407 0)
(0.264766 -0.0105345 0)
(0.260013 -0.00989115 0)
(0.255815 -0.00945641 0)
(0.251657 -0.00905204 0)
(0.24829 -0.00875645 0)
(0.244628 -0.0082342 0)
(0.242164 -0.00786451 0)
(0.23856 -0.00696157 0)
(0.237107 -0.00657469 0)
(0.232667 -0.00529724 0)
(0.305004 -0.0303988 0)
(0.297921 -0.0268562 0)
(0.290918 -0.0235374 0)
(0.28398 -0.0204265 0)
(0.277143 -0.0175703 0)
(0.270399 -0.0150236 0)
(0.263856 -0.0128246 0)
(0.25748 -0.0110095 0)
(0.251419 -0.00958613 0)
(0.245593 -0.00854098 0)
(0.240221 -0.00783545 0)
(0.235129 -0.0073941 0)
(0.230652 -0.00716031 0)
(0.226405 -0.0069879 0)
(0.222953 -0.00688032 0)
(0.219445 -0.00657384 0)
(0.217022 -0.0063191 0)
(0.213753 -0.00555412 0)
(0.212356 -0.00518512 0)
(0.208288 -0.00391645 0)
(0.283554 -0.0260195 0)
(0.2742 -0.0225666 0)
(0.26545 -0.0193528 0)
(0.257185 -0.0163667 0)
(0.249353 -0.0136508 0)
(0.241898 -0.0112528 0)
(0.234852 -0.00921166 0)
(0.228151 -0.00756908 0)
(0.221881 -0.00633549 0)
(0.215975 -0.00550435 0)
(0.210596 -0.00503072 0)
(0.205625 -0.00484872 0)
(0.201314 -0.00487624 0)
(0.197388 -0.00498643 0)
(0.194239 -0.00511832 0)
(0.191233 -0.0050633 0)
(0.189152 -0.00494743 0)
(0.186497 -0.00432983 0)
(0.185329 -0.00396429 0)
(0.181861 -0.00266103 0)
(0.250557 -0.020376 0)
(0.239846 -0.0173504 0)
(0.230384 -0.0145211 0)
(0.221831 -0.0118896 0)
(0.213997 -0.00948821 0)
(0.206739 -0.00736459 0)
(0.200002 -0.00557206 0)
(0.193693 -0.00416707 0)
(0.187852 -0.00317447 0)
(0.182434 -0.00259864 0)
(0.177568 -0.00239744 0)
(0.173187 -0.00251084 0)
(0.169476 -0.00284008 0)
(0.166252 -0.00326228 0)
(0.163754 -0.00366311 0)
(0.161523 -0.00386703 0)
(0.160023 -0.00388783 0)
(0.158148 -0.00339789 0)
(0.157319 -0.00298638 0)
(0.154528 -0.00157956 0)
(0.206944 -0.0141744 0)
(0.196595 -0.0119508 0)
(0.188011 -0.00977055 0)
(0.18053 -0.00766459 0)
(0.173819 -0.00566833 0)
(0.167669 -0.00385947 0)
(0.161981 -0.0023299 0)
(0.15667 -0.00116804 0)
(0.151776 -0.000415429 0)
(0.147296 -9.85232e-05 0)
(0.143347 -0.0001817 0)
(0.139909 -0.000604831 0)
(0.137118 -0.00124606 0)
(0.134848 -0.00198181 0)
(0.133223 -0.00265103 0)
(0.1319 -0.00308835 0)
(0.131094 -0.00321512 0)
(0.130024 -0.00280346 0)
(0.129549 -0.00226089 0)
(0.12738 -0.000678518 0)
(0.157069 -0.00856455 0)
(0.149049 -0.00738218 0)
(0.142877 -0.00594765 0)
(0.137559 -0.0043541 0)
(0.132734 -0.00269123 0)
(0.128222 -0.0011157 0)
(0.123964 0.000225514 0)
(0.119953 0.00120363 0)
(0.116263 0.00175096 0)
(0.112944 0.00182907 0)
(0.110115 0.0014714 0)
(0.107792 0.000747502 0)
(0.106064 -0.000201018 0)
(0.10483 -0.001225 0)
(0.10413 -0.00213235 0)
(0.103695 -0.00274932 0)
(0.103564 -0.00292966 0)
(0.103201 -0.00252258 0)
(0.10301 -0.00174462 0)
(0.101348 5.93255e-05 0)
(0.10745 -0.00462166 0)
(0.10315 -0.00446738 0)
(0.10014 -0.00360511 0)
(0.0972941 -0.00228461 0)
(0.0944355 -0.000739742 0)
(0.0915409 0.000766671 0)
(0.0886787 0.00202837 0)
(0.0859372 0.00289259 0)
(0.0834439 0.00327121 0)
(0.0812892 0.00313268 0)
(0.0795861 0.0025184 0)
(0.0783593 0.00151769 0)
(0.077657 0.000289654 0)
(0.0773856 -0.000979988 0)
(0.0775176 -0.00207395 0)
(0.0778336 -0.0028014 0)
(0.078267 -0.00297331 0)
(0.0784476 -0.00248484 0)
(0.0784383 -0.00137649 0)
(0.0771919 0.000653507 0)
(0.0641642 -0.00285501 0)
(0.0638596 -0.00348345 0)
(0.0636547 -0.00275307 0)
(0.0627365 -0.00132735 0)
(0.0613321 0.000348401 0)
(0.0596363 0.00192866 0)
(0.0578522 0.00318417 0)
(0.0561467 0.00396646 0)
(0.0546718 0.00419579 0)
(0.0535295 0.00385438 0)
(0.0528091 0.00300194 0)
(0.0525249 0.00175366 0)
(0.0526848 0.000294949 0)
(0.0531935 -0.00116754 0)
(0.0539826 -0.00238791 0)
(0.054865 -0.00315746 0)
(0.0557191 -0.00326223 0)
(0.0562795 -0.00261137 0)
(0.0563837 -0.00111224 0)
(0.0555275 0.00110724 0)
(0.0311416 -0.00310527 0)
(0.0337811 -0.00409373 0)
(0.0351204 -0.00290986 0)
(0.0350862 -0.00104159 0)
(0.0343721 0.000913775 0)
(0.03333 0.00261494 0)
(0.0322318 0.00387309 0)
(0.0312615 0.00456789 0)
(0.0305557 0.00464283 0)
(0.0301964 0.00410334 0)
(0.0302372 0.00303144 0)
(0.0306714 0.00156881 0)
(0.031473 -7.75665e-05 0)
(0.032546 -0.00167805 0)
(0.0338012 -0.00297031 0)
(0.035077 -0.00372801 0)
(0.0362274 -0.00372014 0)
(0.0370567 -0.00284855 0)
(0.0372717 -0.000943001 0)
(0.0368467 0.00139892 0)
(0.0100137 -0.00519808 0)
(0.0131772 -0.00548218 0)
(0.0144257 -0.00334414 0)
(0.0141911 -0.000916145 0)
(0.0134783 0.00129819 0)
(0.0126274 0.00306657 0)
(0.0118767 0.00427569 0)
(0.0113633 0.00484584 0)
(0.0111757 0.00474787 0)
(0.0113566 0.00401072 0)
(0.0119212 0.00273661 0)
(0.0128412 0.00108885 0)
(0.0140689 -0.000707957 0)
(0.0155111 -0.00240512 0)
(0.0170724 -0.00373158 0)
(0.0186148 -0.00444507 0)
(0.0199841 -0.00430015 0)
(0.0210444 -0.00318435 0)
(0.0214247 -0.000899989 0)
(0.021506 0.00149614 0)
(0.00259388 -0.00685246 0)
(0.00224801 -0.00604674 0)
(0.0018793 -0.00328887 0)
(0.000735421 -0.000564774 0)
(-0.000377567 0.00171258 0)
(-0.00132244 0.00342396 0)
(-0.00197129 0.00451224 0)
(-0.00226773 0.0049259 0)
(-0.00218082 0.00465321 0)
(-0.00170713 0.00373772 0)
(-0.000860922 0.0022943 0)
(0.000316515 0.000500483 0)
(0.00176849 -0.00141117 0)
(0.00340824 -0.00317681 0)
(0.00514371 -0.00451984 0)
(0.0068577 -0.0051858 0)
(0.00839624 -0.00492155 0)
(0.0096826 -0.00359623 0)
(0.0102811 -0.00103521 0)
(0.0108839 0.00138515 0)
(-0.000606027 -0.00693623 0)
(-0.00361199 -0.00546009 0)
(-0.00590416 -0.00264101 0)
(-0.00800563 5.48542e-05 0)
(-0.00957834 0.00221237 0)
(-0.010689 0.00377092 0)
(-0.0113319 0.00469208 0)
(-0.0115296 0.00493448 0)
(-0.0113018 0.00449277 0)
(-0.0106763 0.00341701 0)
(-0.00968648 0.00182826 0)
(-0.0083814 -8.81323e-05 0)
(-0.00681787 -0.00209385 0)
(-0.00507302 -0.00391622 0)
(-0.00323253 -0.00527378 0)
(-0.00139625 -0.00590154 0)
(0.000287457 -0.00554834 0)
(0.00179594 -0.00405424 0)
(0.00263125 -0.00131373 0)
(0.00373207 0.00115732 0)
(-0.00213796 -0.00534838 0)
(-0.00706133 -0.00392433 0)
(-0.0110383 -0.00140474 0)
(-0.0139868 0.000975792 0)
(-0.0159814 0.00284827 0)
(-0.0172607 0.00416076 0)
(-0.0179326 0.00486406 0)
(-0.0180902 0.00491032 0)
(-0.0177956 0.00429066 0)
(-0.0171008 0.00305485 0)
(-0.0160512 0.00132491 0)
(-0.014697 -0.000710944 0)
(-0.0130903 -0.00280768 0)
(-0.0112967 -0.00468894 0)
(-0.00939031 -0.00606838 0)
(-0.00745651 -0.00667157 0)
(-0.00562945 -0.00625112 0)
(-0.00388638 -0.00461931 0)
(-0.00277978 -0.00175959 0)
(-0.00116906 0.000821551 0)
(-0.00284424 -0.00303166 0)
(-0.00892429 -0.00173095 0)
(-0.0140279 0.000276444 0)
(-0.0175534 0.00212903 0)
(-0.0198334 0.00359142 0)
(-0.0212243 0.0045881 0)
(-0.0219196 0.00503809 0)
(-0.0220639 0.00487356 0)
(-0.0217496 0.00407319 0)
(-0.0210438 0.0026804 0)
(-0.0199972 0.000814074 0)
(-0.0186562 -0.00133825 0)
(-0.0170636 -0.00352893 0)
(-0.0152711 -0.00547654 0)
(-0.0133378 -0.00689145 0)
(-0.0113343 -0.00749157 0)
(-0.00937574 -0.00702925 0)
(-0.00740425 -0.00530348 0)
(-0.00600687 -0.00235926 0)
(-0.00390838 0.0003645 0)
(-0.00310028 -0.000408384 0)
(-0.00963634 0.000823595 0)
(-0.0151911 0.00220498 0)
(-0.0189348 0.00340745 0)
(-0.0212988 0.00438843 0)
(-0.0227031 0.00503148 0)
(-0.0233847 0.00521241 0)
(-0.0235163 0.00483452 0)
(-0.0232059 0.00385789 0)
(-0.022527 0.00231513 0)
(-0.0215297 0.00031956 0)
(-0.0202528 -0.00194791 0)
(-0.0187265 -0.00423589 0)
(-0.0169866 -0.00625972 0)
(-0.0150735 -0.00772724 0)
(-0.013041 -0.00834899 0)
(-0.0109828 -0.0078779 0)
(-0.00881063 -0.00610365 0)
(-0.00713588 -0.00310357 0)
(-0.00459035 -0.000224722 0)
(-0.00305054 0.00227249 0)
(-0.0093934 0.00342748 0)
(-0.0146837 0.00415478 0)
(-0.018246 0.00468288 0)
(-0.020461 0.00516982 0)
(-0.0217555 0.00545711 0)
(-0.0223646 0.00537464 0)
(-0.0224638 0.00479393 0)
(-0.0221619 0.00365377 0)
(-0.0215306 0.00197324 0)
(-0.0206162 -0.000143894 0)
(-0.0194472 -0.00251967 0)
(-0.0180377 -0.0049065 0)
(-0.0164081 -0.00701596 0)
(-0.0145755 -0.00855416 0)
(-0.0125745 -0.0092235 0)
(-0.0104738 -0.00878061 0)
(-0.00815793 -0.00700185 0)
(-0.00624983 -0.00398894 0)
(-0.00331645 -0.000911605 0)
(-0.00268112 0.00478727 0)
(-0.00819557 0.00577088 0)
(-0.012513 0.00590044 0)
(-0.0154971 0.00581957 0)
(-0.0173269 0.00585857 0)
(-0.0183804 0.00582377 0)
(-0.018847 0.00550494 0)
(-0.0188802 0.0047452 0)
(-0.0185774 0.003463 0)
(-0.018002 0.00166359 0)
(-0.0171923 -0.000561048 0)
(-0.0161669 -0.00303414 0)
(-0.0149254 -0.005517 0)
(-0.0134703 -0.00771792 0)
(-0.0117927 -0.00934299 0)
(-0.00990566 -0.0100849 0)
(-0.00784661 -0.00970856 0)
(-0.005479 -0.00796526 0)
(-0.00340434 -0.00500171 0)
(-0.000171598 -0.00163337 0)
(-0.00180098 0.00688032 0)
(-0.00583495 0.00756344 0)
(-0.00853292 0.00722544 0)
(-0.010592 0.00668825 0)
(-0.0118297 0.00637991 0)
(-0.0125232 0.0060893 0)
(-0.0127792 0.0055804 0)
(-0.0127084 0.00467731 0)
(-0.0123865 0.00328288 0)
(-0.0118647 0.00139041 0)
(-0.0111723 -0.000918115 0)
(-0.0103197 -0.00347328 0)
(-0.00929302 -0.0060425 0)
(-0.0080797 -0.00833416 0)
(-0.00664191 -0.0100565 0)
(-0.00497074 -0.0108923 0)
(-0.00306099 -0.0106201 0)
(-0.000771757 -0.00894535 0)
(0.00139123 -0.00610516 0)
(0.00478406 -0.00240757 0)
(8.97245e-05 0.00807396 0)
(-0.00181485 0.00855518 0)
(-0.00241873 0.00793903 0)
(-0.00331739 0.00718679 0)
(-0.00382797 0.0066744 0)
(-0.004081 0.00621883 0)
(-0.00407739 0.00558037 0)
(-0.00387204 0.00457849 0)
(-0.00351288 0.00310807 0)
(-0.00303753 0.00115417 0)
(-0.00246728 -0.00120972 0)
(-0.00180816 -0.00382241 0)
(-0.00103566 -0.00645974 0)
(-0.000127448 -0.00883238 0)
(0.000983972 -0.0106518 0)
(0.00232545 -0.0115963 0)
(0.00396342 -0.0114583 0)
(0.00601246 -0.00989712 0)
(0.00814276 -0.00722472 0)
(0.0115486 -0.00326948 0)
(0.0041243 0.00724677 0)
(0.00483863 0.00848027 0)
(0.00637478 0.00793836 0)
(0.00667866 0.00726029 0)
(0.00689979 0.00671099 0)
(0.00709621 0.00619199 0)
(0.00736601 0.0054908 0)
(0.00771224 0.00443883 0)
(0.00811457 0.00293246 0)
(0.0085469 0.00095358 0)
(0.00899291 -0.00143313 0)
(0.00944525 -0.00407267 0)
(0.00993493 -0.00675127 0)
(0.0104863 -0.00918404 0)
(0.0111943 -0.011091 0)
(0.0120934 -0.012147 0)
(0.0133282 -0.0121617 0)
(0.0149671 -0.0107645 0)
(0.0169076 -0.00828933 0)
(0.0201403 -0.00416852 0)
(0.0143689 0.00460833 0)
(0.0181966 0.00702872 0)
(0.0212858 0.00713583 0)
(0.0226928 0.00685343 0)
(0.023584 0.0064531 0)
(0.0242021 0.00597171 0)
(0.0247187 0.00527075 0)
(0.0251887 0.00421455 0)
(0.025616 0.00271194 0)
(0.0259793 0.000747663 0)
(0.0262634 -0.001625 0)
(0.0264512 -0.00425432 0)
(0.0265761 -0.00694213 0)
(0.0266492 -0.00940928 0)
(0.0267992 -0.0113991 0)
(0.0270456 -0.0125759 0)
(0.0276464 -0.0127855 0)
(0.0285839 -0.011621 0)
(0.0300867 -0.00945001 0)
(0.0328291 -0.0052456 0)
(0.0444016 0.00231344 0)
(0.0461517 0.00483123 0)
(0.0482877 0.00569868 0)
(0.0494874 0.00597141 0)
(0.0502751 0.00588444 0)
(0.0508285 0.00555352 0)
(0.0512685 0.00493194 0)
(0.051636 0.00393523 0)
(0.0519287 0.00249542 0)
(0.0521023 0.000608542 0)
(0.0521313 -0.00167881 0)
(0.0519663 -0.00421887 0)
(0.0516374 -0.00683926 0)
(0.0511043 -0.00926601 0)
(0.0505405 -0.0112889 0)
(0.0498855 -0.0125559 0)
(0.0495686 -0.012987 0)
(0.0493803 -0.0121041 0)
(0.0500364 -0.0104208 0)
(0.0516675 -0.00632616 0)
(0.0900319 0.00322684 0)
(0.0872726 0.00457665 0)
(0.0862709 0.00527006 0)
(0.0855234 0.00561822 0)
(0.0849528 0.00563726 0)
(0.0845295 0.00536576 0)
(0.0842325 0.00477752 0)
(0.0840125 0.00381928 0)
(0.0838177 0.00243866 0)
(0.0835473 0.000644114 0)
(0.0831525 -0.00152341 0)
(0.0825206 -0.00391909 0)
(0.0816861 -0.0064036 0)
(0.0805124 -0.0087047 0)
(0.0792447 -0.0106744 0)
(0.0776496 -0.0119402 0)
(0.0763946 -0.0125342 0)
(0.0749099 -0.011868 0)
(0.0745466 -0.0107362 0)
(0.074521 -0.00696114 0)
(0.146483 0.00695521 0)
(0.13917 0.00699716 0)
(0.134141 0.00689327 0)
(0.13031 0.00673768 0)
(0.12733 0.00644894 0)
(0.125021 0.00596514 0)
(0.12324 0.00522644 0)
(0.121825 0.00418166 0)
(0.120662 0.00277674 0)
(0.119568 0.0010261 0)
(0.118471 -0.00104202 0)
(0.117164 -0.00328575 0)
(0.115712 -0.00560703 0)
(0.113829 -0.00772939 0)
(0.111889 -0.00957821 0)
(0.109374 -0.0107518 0)
(0.107299 -0.0114271 0)
(0.104509 -0.0108731 0)
(0.10321 -0.0102364 0)
(0.101155 -0.00693926 0)
(0.204769 0.0130876 0)
(0.194682 0.0118285 0)
(0.186603 0.010714 0)
(0.179981 0.00972603 0)
(0.174523 0.00878825 0)
(0.17005 0.00780413 0)
(0.166421 0.00668267 0)
(0.163423 0.00536793 0)
(0.160926 0.00379639 0)
(0.158672 0.00198328 0)
(0.156603 -6.62867e-05 0)
(0.154392 -0.00220562 0)
(0.152186 -0.00438544 0)
(0.149494 -0.00632533 0)
(0.146909 -0.00802976 0)
(0.143508 -0.00905855 0)
(0.140802 -0.00974475 0)
(0.136815 -0.00921608 0)
(0.134877 -0.00891796 0)
(0.130766 -0.00615967 0)
(0.254715 0.0199958 0)
(0.244457 0.0177749 0)
(0.235501 0.0158272 0)
(0.227675 0.0140613 0)
(0.220849 0.0124232 0)
(0.214929 0.0108374 0)
(0.209873 0.0092127 0)
(0.205498 0.00750308 0)
(0.201741 0.00564438 0)
(0.198302 0.00366091 0)
(0.195212 0.00153687 0)
(0.192019 -0.000582468 0)
(0.189024 -0.00267809 0)
(0.185487 -0.0044725 0)
(0.182316 -0.00605032 0)
(0.178094 -0.00693615 0)
(0.174962 -0.00759422 0)
(0.169961 -0.00706357 0)
(0.167727 -0.0069289 0)
(0.1619 -0.00467005 0)
(0.290247 0.0259903 0)
(0.281835 0.0232962 0)
(0.274011 0.0208826 0)
(0.266782 0.0186307 0)
(0.260149 0.0164955 0)
(0.254077 0.0144347 0)
(0.248628 0.012376 0)
(0.243664 0.0102956 0)
(0.239241 0.00814074 0)
(0.235043 0.0059543 0)
(0.231246 0.0037146 0)
(0.227289 0.00156733 0)
(0.223701 -0.000503463 0)
(0.219462 -0.00220956 0)
(0.215874 -0.00369514 0)
(0.210994 -0.00447683 0)
(0.207651 -0.00509527 0)
(0.201908 -0.00458453 0)
(0.199636 -0.00449971 0)
(0.192675 -0.00264019 0)
(0.311224 0.0302579 0)
(0.305412 0.0274658 0)
(0.299707 0.0249096 0)
(0.29416 0.0224737 0)
(0.288836 0.0201106 0)
(0.283699 0.017801 0)
(0.27888 0.0154929 0)
(0.274239 0.013184 0)
(0.269955 0.0108369 0)
(0.265673 0.00851253 0)
(0.261748 0.0061902 0)
(0.257499 0.00402537 0)
(0.253715 0.00197387 0)
(0.249128 0.000322365 0)
(0.245426 -0.00110185 0)
(0.240199 -0.00182313 0)
(0.236883 -0.0024045 0)
(0.230777 -0.00194111 0)
(0.228629 -0.00186623 0)
(0.221189 -0.000299055 0)
(0.321179 0.0328441 0)
(0.317708 0.0301397 0)
(0.314131 0.027622 0)
(0.310473 0.0251929 0)
(0.306819 0.0228005 0)
(0.303093 0.0204341 0)
(0.29946 0.0180576 0)
(0.295737 0.0156812 0)
(0.292193 0.013281 0)
(0.288415 0.0109258 0)
(0.284909 0.00860357 0)
(0.280885 0.00646596 0)
(0.277357 0.00447049 0)
(0.27286 0.00288225 0)
(0.269387 0.00152006 0)
(0.264223 0.000836079 0)
(0.261167 0.000283704 0)
(0.255143 0.000691231 0)
(0.253226 0.000754946 0)
(0.245923 0.00212019 0)
(0.324391 0.0342027 0)
(0.322567 0.0316274 0)
(0.320608 0.0292057 0)
(0.318491 0.0268582 0)
(0.316308 0.0245328 0)
(0.313932 0.0222175 0)
(0.311542 0.0198873 0)
(0.308897 0.0175559 0)
(0.306323 0.0152104 0)
(0.303345 0.0129181 0)
(0.300571 0.0106751 0)
(0.29713 0.00862405 0)
(0.294173 0.00672472 0)
(0.290138 0.00522458 0)
(0.287156 0.00394266 0)
(0.282429 0.00330125 0)
(0.27981 0.00277431 0)
(0.274277 0.00314034 0)
(0.272662 0.00318314 0)
(0.265987 0.00441884 0)
(0.324197 0.0348293 0)
(0.32334 0.0323548 0)
(0.322396 0.0300173 0)
(0.321306 0.0277529 0)
(0.320164 0.0255143 0)
(0.318805 0.0232849 0)
(0.317413 0.0210473 0)
(0.315704 0.0188134 0)
(0.314026 0.0165781 0)
(0.311867 0.0144025 0)
(0.309873 0.0122868 0)
(0.307151 0.0103633 0)
(0.304875 0.00858911 0)
(0.301509 0.00720103 0)
(0.299132 0.00600798 0)
(0.295089 0.00542683 0)
(0.292981 0.00492552 0)
(0.288217 0.0052767 0)
(0.286927 0.00529342 0)
(0.281197 0.00645606 0)
(0.322598 0.0350834 0)
(0.322235 0.0326693 0)
(0.321839 0.0303845 0)
(0.321332 0.0281771 0)
(0.320815 0.0260087 0)
(0.320104 0.0238585 0)
(0.319383 0.0217152 0)
(0.318348 0.0195872 0)
(0.317346 0.0174741 0)
(0.315864 0.0154309 0)
(0.314526 0.0134554 0)
(0.312486 0.0116747 0)
(0.310837 0.0100327 0)
(0.30818 0.00876849 0)
(0.306382 0.00766461 0)
(0.303113 0.00715657 0)
(0.301493 0.00667767 0)
(0.297612 0.00703667 0)
(0.296624 0.00702475 0)
(0.291963 0.00815634 0)
(0.320545 0.0351652 0)
(0.320417 0.0327853 0)
(0.320289 0.0305283 0)
(0.320078 0.0283527 0)
(0.319888 0.0262305 0)
(0.31954 0.0241397 0)
(0.31921 0.0220732 0)
(0.318604 0.020038 0)
(0.31804 0.0180341 0)
(0.31705 0.0161149 0)
(0.316184 0.0142682 0)
(0.314703 0.0126247 0)
(0.313544 0.0111036 0)
(0.311526 0.00996047 0)
(0.310207 0.00893574 0)
(0.307672 0.00850344 0)
(0.306461 0.00804105 0)
(0.303435 0.00842088 0)
(0.302696 0.00838021 0)
(0.299068 0.00950683 0)
(0.318389 0.0351638 0)
(0.318383 0.0328077 0)
(0.318385 0.0305668 0)
(0.31832 0.0284089 0)
(0.318288 0.0263153 0)
(0.31813 0.0242663 0)
(0.318003 0.0222568 0)
(0.31765 0.0202961 0)
(0.317341 0.0183798 0)
(0.316682 0.0165661 0)
(0.316123 0.0148261 0)
(0.315063 0.0133025 0)
(0.314252 0.0118816 0)
(0.312755 0.010846 0)
(0.311793 0.00988498 0)
(0.309885 0.00952206 0)
(0.308987 0.00906968 0)
(0.306703 0.00947377 0)
(0.306153 0.009406 0)
(0.303422 0.0105392 0)
(0.316221 0.0351113 0)
(0.316294 0.0327781 0)
(0.316372 0.0305512 0)
(0.316389 0.0284065 0)
(0.316436 0.0263325 0)
(0.316382 0.0243146 0)
(0.316357 0.0223468 0)
(0.316155 0.0204449 0)
(0.315987 0.0185957 0)
(0.315547 0.0168677 0)
(0.315178 0.0152111 0)
(0.314426 0.0137865 0)
(0.313849 0.0124438 0)
(0.312757 0.0114975 0)
(0.31205 0.0105847 0)
(0.310645 0.0102797 0)
(0.309976 0.00983208 0)
(0.308293 0.0102574 0)
(0.307881 0.0101656 0)
(0.305875 0.0113069 0)
(0.314044 0.035018 0)
(0.314186 0.0327097 0)
(0.314322 0.0304986 0)
(0.314401 0.0283682 0)
(0.314497 0.0263107 0)
(0.314512 0.0243187 0)
(0.314545 0.0223832 0)
(0.314442 0.0205285 0)
(0.31436 0.0187305 0)
(0.314073 0.017071 0)
(0.313829 0.015478 0)
(0.313304 0.0141323 0)
(0.312893 0.0128489 0)
(0.312112 0.0119732 0)
(0.311594 0.011096 0)
(0.31058 0.0108361 0)
(0.310084 0.0103904 0)
(0.30887 0.0108312 0)
(0.308562 0.0107198 0)
(0.307117 0.0118664 0)
(0.311855 0.0348886 0)
(0.312059 0.0326069 0)
(0.312249 0.0304142 0)
(0.312386 0.0283003 0)
(0.312527 0.0262592 0)
(0.312602 0.0242909 0)
(0.312681 0.0223819 0)
(0.312659 0.020566 0)
(0.312641 0.0188078 0)
(0.312476 0.0172025 0)
(0.312329 0.0156578 0)
(0.311984 0.0143735 0)
(0.311706 0.0131346 0)
(0.31117 0.0123131 0)
(0.310806 0.0114622 0)
(0.3101 0.0112358 0)
(0.309746 0.0107911 0)
(0.308895 0.0112423 0)
(0.308674 0.0111159 0)
(0.307659 0.0122655 0)
(0.309657 0.0347273 0)
(0.309925 0.0324722 0)
(0.310171 0.0302991 0)
(0.310371 0.0282033 0)
(0.310562 0.0261787 0)
(0.3107 0.0242323 0)
(0.310832 0.0223459 0)
(0.310889 0.0205618 0)
(0.310939 0.018835 0)
(0.310885 0.0172718 0)
(0.310833 0.015764 0)
(0.310645 0.0145261 0)
(0.31049 0.0133211 0)
(0.310161 0.0125399 0)
(0.309937 0.0117098 0)
(0.30948 0.0115084 0)
(0.309254 0.0110661 0)
(0.308689 0.0115251 0)
(0.308545 0.0113891 0)
(0.30786 0.0125402 0)
(0.307519 0.0345168 0)
(0.307862 0.0322865 0)
(0.308179 0.0301328 0)
(0.308454 0.0280556 0)
(0.308713 0.0260477 0)
(0.308929 0.0241217 0)
(0.30913 0.0222556 0)
(0.309276 0.0204983 0)
(0.309407 0.0187974 0)
(0.309466 0.0172675 0)
(0.309516 0.0157896 0)
(0.309472 0.0145876 0)
(0.309441 0.0134111 0)
(0.309288 0.0126619 0)
(0.309196 0.0118526 0)
(0.30894 0.0116727 0)
(0.308828 0.0112396 0)
(0.30848 0.0117079 0)
(0.308403 0.0115722 0)
(0.307962 0.0127243 0)
(0.305799 0.0341941 0)
(0.306236 0.0319938 0)
(0.306642 0.029867 0)
(0.307006 0.0278154 0)
(0.307347 0.0258312 0)
(0.307646 0.0239299 0)
(0.307925 0.0220877 0)
(0.308157 0.0203571 0)
(0.308371 0.0186824 0)
(0.308527 0.017182 0)
(0.30867 0.0157323 0)
(0.308739 0.0145608 0)
(0.308808 0.0134119 0)
(0.308781 0.0126901 0)
(0.308788 0.0119042 0)
(0.308663 0.0117456 0)
(0.30863 0.0113299 0)
(0.308414 0.0118121 0)
(0.308376 0.0116878 0)
(0.308077 0.0128481 0)
(0.159651 0.0544342 0)
(0.0179485 0.0148117 0)
(0.0271089 -0.00341223 0)
(0.0110529 -0.00055536 0)
(0.0128631 -0.0010391 0)
(0.0109655 -0.000410762 0)
(0.0106261 -0.000310884 0)
(0.0103961 -0.000253836 0)
(0.0104133 -0.000283158 0)
(0.0100095 -0.000735408 0)
(0.291364 0.084092 0)
(0.170923 0.049526 0)
(0.135086 0.0126611 0)
(0.0934115 0.00667795 0)
(0.0764692 0.00211488 0)
(0.0644952 0.00125292 0)
(0.057138 0.000744805 0)
(0.0522589 0.000444287 0)
(0.0485798 0.00027484 0)
(0.0455837 -0.000933511 0)
(0.3446 0.116251 0)
(0.279103 0.0849614 0)
(0.242076 0.0463117 0)
(0.197641 0.0283111 0)
(0.166108 0.0164749 0)
(0.142588 0.0100984 0)
(0.125468 0.00659904 0)
(0.113119 0.00451752 0)
(0.103531 0.00341509 0)
(0.0961875 0.00200741 0)
(0.350476 0.117282 0)
(0.329143 0.0978871 0)
(0.308781 0.0683179 0)
(0.27896 0.0486147 0)
(0.249678 0.0343219 0)
(0.223686 0.0243397 0)
(0.201589 0.0175695 0)
(0.183647 0.0128961 0)
(0.168671 0.00992331 0)
(0.156707 0.00746092 0)
(0.337227 0.106965 0)
(0.340529 0.0965005 0)
(0.33608 0.0778245 0)
(0.322642 0.0613868 0)
(0.304237 0.0481255 0)
(0.284502 0.0376495 0)
(0.2651 0.0295789 0)
(0.24735 0.0233244 0)
(0.231139 0.0187687 0)
(0.217067 0.0151366 0)
(0.323234 0.0964786 0)
(0.335195 0.0898658 0)
(0.339654 0.0787067 0)
(0.337476 0.0666198 0)
(0.329649 0.055807 0)
(0.318513 0.0465583 0)
(0.305604 0.038847 0)
(0.292282 0.0323993 0)
(0.27895 0.0272651 0)
(0.266311 0.0230224 0)
(0.314728 0.0882903 0)
(0.327265 0.0829125 0)
(0.334263 0.0756898 0)
(0.337389 0.0670376 0)
(0.336293 0.0586382 0)
(0.33191 0.0510521 0)
(0.32523 0.0444013 0)
(0.317223 0.0385524 0)
(0.308363 0.0336045 0)
(0.299191 0.0293596 0)
(0.310547 0.0820893 0)
(0.321517 0.0772149 0)
(0.328094 0.0718444 0)
(0.332547 0.0653904 0)
(0.334439 0.0587686 0)
(0.333889 0.052571 0)
(0.331392 0.046987 0)
(0.327522 0.0419369 0)
(0.32263 0.037491 0)
(0.317052 0.0335655 0)
(0.308352 0.0770005 0)
(0.317778 0.072834 0)
(0.323494 0.0684322 0)
(0.327647 0.0633073 0)
(0.330296 0.0578587 0)
(0.331342 0.052615 0)
(0.330999 0.0478186 0)
(0.32959 0.0434339 0)
(0.327348 0.0394863 0)
(0.324453 0.0359371 0)
(0.306949 0.0725014 0)
(0.315044 0.0693489 0)
(0.320173 0.0656252 0)
(0.323778 0.0613559 0)
(0.326332 0.0567173 0)
(0.327813 0.052123 0)
(0.328333 0.0478496 0)
(0.328098 0.0439202 0)
(0.327285 0.0403404 0)
(0.325995 0.0370877 0)
(0.305962 0.0685415 0)
(0.312799 0.0664011 0)
(0.317486 0.0632597 0)
(0.320694 0.059614 0)
(0.323002 0.0555935 0)
(0.324509 0.0514951 0)
(0.3253 0.0475922 0)
(0.325533 0.0439651 0)
(0.325368 0.0406277 0)
(0.324885 0.0375691 0)
(0.30523 0.0651734 0)
(0.310872 0.0638122 0)
(0.315102 0.0611974 0)
(0.31803 0.0580484 0)
(0.320136 0.0545285 0)
(0.321581 0.0508468 0)
(0.322448 0.047245 0)
(0.322857 0.043841 0)
(0.322965 0.0406702 0)
(0.322844 0.0377346 0)
(0.304618 0.0623686 0)
(0.309193 0.0615288 0)
(0.312918 0.0593796 0)
(0.315596 0.056638 0)
(0.317537 0.0535249 0)
(0.318912 0.0501998 0)
(0.319805 0.0468631 0)
(0.3203 0.0436467 0)
(0.320537 0.0406075 0)
(0.320584 0.0377597 0)
(0.30402 0.0600695 0)
(0.307699 0.0595451 0)
(0.310901 0.0577834 0)
(0.313314 0.0553767 0)
(0.315096 0.0525888 0)
(0.316397 0.0495618 0)
(0.317296 0.0464594 0)
(0.317848 0.0434104 0)
(0.318169 0.0404872 0)
(0.318317 0.0377137 0)
(0.303378 0.0582116 0)
(0.306326 0.0578583 0)
(0.309019 0.0563948 0)
(0.311148 0.0542601 0)
(0.312764 0.051729 0)
(0.313978 0.0489435 0)
(0.314864 0.046042 0)
(0.315455 0.0431421 0)
(0.315843 0.0403241 0)
(0.316069 0.0376196 0)
(0.302672 0.0567297 0)
(0.305017 0.0564548 0)
(0.307235 0.0552038 0)
(0.30907 0.0532833 0)
(0.310511 0.0509523 0)
(0.311626 0.0483568 0)
(0.31248 0.045621 0)
(0.313093 0.0428498 0)
(0.313533 0.0401257 0)
(0.313826 0.0374853 0)
(0.3019 0.0555681 0)
(0.303733 0.0553157 0)
(0.305514 0.0542035 0)
(0.307054 0.0524427 0)
(0.308312 0.0502627 0)
(0.30932 0.0478116 0)
(0.310128 0.0452069 0)
(0.310747 0.0425421 0)
(0.311225 0.0398988 0)
(0.311576 0.0373165 0)
(0.301061 0.0546834 0)
(0.302441 0.0544214 0)
(0.303824 0.0533885 0)
(0.305074 0.0517364 0)
(0.306145 0.0496636 0)
(0.307042 0.0473167 0)
(0.307796 0.04481 0)
(0.308412 0.0422288 0)
(0.308918 0.0396516 0)
(0.309321 0.0371193 0)
(0.300145 0.0540365 0)
(0.301117 0.053742 0)
(0.302135 0.0527388 0)
(0.303111 0.0511464 0)
(0.304001 0.0491393 0)
(0.304793 0.0468595 0)
(0.305499 0.0444194 0)
(0.306114 0.0418983 0)
(0.306654 0.0393709 0)
(0.307117 0.0368783 0)
(0.299179 0.0535844 0)
(0.299807 0.0532202 0)
(0.300526 0.0521853 0)
(0.301285 0.05059 0)
(0.302047 0.0485971 0)
(0.302784 0.0463445 0)
(0.303488 0.0439414 0)
(0.304143 0.0414616 0)
(0.304751 0.038975 0)
(0.305303 0.0365214 0)
(0.300199 0.000195095 0)
(0.29946 0.000731691 0)
(0.299528 0.00110026 0)
(0.297871 0.001759 0)
(0.297737 0.00211083 0)
(0.294938 0.00301371 0)
(0.294765 0.00334797 0)
(0.290326 0.00471453 0)
(0.290394 0.00500312 0)
(0.283458 0.00724659 0)
(0.284306 0.00742846 0)
(0.273312 0.0114091 0)
(0.276032 0.0114024 0)
(0.257976 0.019076 0)
(0.265041 0.0189542 0)
(0.233773 0.0352583 0)
(0.251639 0.0365171 0)
(0.195349 0.0761154 0)
(0.240081 0.0872387 0)
(0.20259 0.23745 0)
(0.300207 0.000257411 0)
(0.299452 0.000958876 0)
(0.299571 0.00144015 0)
(0.297888 0.00229039 0)
(0.29786 0.00275672 0)
(0.295007 0.00389996 0)
(0.295043 0.0043529 0)
(0.290485 0.00603882 0)
(0.290962 0.00645913 0)
(0.283774 0.00914643 0)
(0.285436 0.00949267 0)
(0.273935 0.0141033 0)
(0.278308 0.0143414 0)
(0.25938 0.0228913 0)
(0.269729 0.0231383 0)
(0.23801 0.0406224 0)
(0.260793 0.0411298 0)
(0.214341 0.0847038 0)
(0.251997 0.0708791 0)
(0.263887 0.231504 0)
(0.300203 0.000320433 0)
(0.299462 0.0011755 0)
(0.299595 0.00177421 0)
(0.297947 0.0027989 0)
(0.297955 0.00338841 0)
(0.295163 0.00474459 0)
(0.295269 0.00533067 0)
(0.290819 0.00729037 0)
(0.291416 0.0078619 0)
(0.284446 0.0109176 0)
(0.286278 0.011438 0)
(0.275323 0.0165653 0)
(0.279794 0.0169588 0)
(0.262555 0.0263063 0)
(0.272062 0.026252 0)
(0.246479 0.0455004 0)
(0.263121 0.0418761 0)
(0.23822 0.0914081 0)
(0.253294 0.0568343 0)
(0.28037 0.197642 0)
(0.300187 0.000382468 0)
(0.299494 0.00138143 0)
(0.299597 0.00209852 0)
(0.298052 0.0032846 0)
(0.298014 0.00399759 0)
(0.295412 0.00554928 0)
(0.295427 0.00626427 0)
(0.291336 0.00847746 0)
(0.291726 0.00917549 0)
(0.285475 0.0125881 0)
(0.2868 0.0131854 0)
(0.27741 0.0188785 0)
(0.280544 0.0190882 0)
(0.267027 0.0295309 0)
(0.27286 0.028115 0)
(0.256425 0.0500268 0)
(0.263848 0.0405955 0)
(0.256597 0.094046 0)
(0.261371 0.0527251 0)
(0.277342 0.159695 0)
(0.30016 0.00044156 0)
(0.299544 0.00157847 0)
(0.29958 0.00240785 0)
(0.298196 0.00374976 0)
(0.298045 0.00457455 0)
(0.295735 0.00631856 0)
(0.295537 0.00713699 0)
(0.291989 0.00960956 0)
(0.291947 0.0103729 0)
(0.286737 0.0141754 0)
(0.287156 0.0147007 0)
(0.279841 0.0210605 0)
(0.28105 0.0207497 0)
(0.271732 0.032477 0)
(0.273675 0.0292282 0)
(0.26499 0.0533564 0)
(0.266579 0.0400266 0)
(0.266781 0.0913493 0)
(0.27343 0.0546611 0)
(0.27439 0.129719 0)
(0.300127 0.000496726 0)
(0.299605 0.00176687 0)
(0.299555 0.00269945 0)
(0.298361 0.0041938 0)
(0.298066 0.00511515 0)
(0.296098 0.00705058 0)
(0.295639 0.00794474 0)
(0.292701 0.0106808 0)
(0.29217 0.0114573 0)
(0.288057 0.0156586 0)
(0.287562 0.0160243 0)
(0.282218 0.0230321 0)
(0.281802 0.0221369 0)
(0.275835 0.034858 0)
(0.275391 0.0302968 0)
(0.271164 0.0548534 0)
(0.271327 0.0409103 0)
(0.271844 0.0855018 0)
(0.28304 0.0579043 0)
(0.277739 0.109647 0)
(0.300092 0.00054787 0)
(0.299667 0.00194538 0)
(0.299531 0.002973 0)
(0.29853 0.00461334 0)
(0.2981 0.00562031 0)
(0.296465 0.00773776 0)
(0.295774 0.00869385 0)
(0.293402 0.0116736 0)
(0.292472 0.0124527 0)
(0.289302 0.0169944 0)
(0.288152 0.0172325 0)
(0.284312 0.0246869 0)
(0.282977 0.0234601 0)
(0.279111 0.0364679 0)
(0.277887 0.0316482 0)
(0.275419 0.054674 0)
(0.276475 0.0426149 0)
(0.275468 0.0790008 0)
(0.288502 0.0602697 0)
(0.284141 0.0959403 0)
(0.30006 0.000595597 0)
(0.299723 0.0021119 0)
(0.299517 0.00322973 0)
(0.298689 0.00500362 0)
(0.298158 0.0060936 0)
(0.296812 0.0083705 0)
(0.295963 0.00939466 0)
(0.294052 0.0125688 0)
(0.292881 0.0133861 0)
(0.290415 0.0181465 0)
(0.288945 0.0183861 0)
(0.286091 0.0259721 0)
(0.284474 0.0248029 0)
(0.281715 0.0373492 0)
(0.280657 0.0331742 0)
(0.278668 0.0535475 0)
(0.280855 0.0444541 0)
(0.279178 0.0730989 0)
(0.291301 0.0613941 0)
(0.289947 0.0857774 0)
(0.300035 0.000640789 0)
(0.29977 0.00226424 0)
(0.299518 0.00347116 0)
(0.298833 0.00536029 0)
(0.298247 0.00653852 0)
(0.29713 0.00894124 0)
(0.296208 0.0100552 0)
(0.294643 0.0133551 0)
(0.293386 0.0142729 0)
(0.291404 0.0191047 0)
(0.289875 0.0195015 0)
(0.287625 0.0269146 0)
(0.286102 0.0261341 0)
(0.283906 0.0377105 0)
(0.283294 0.0346911 0)
(0.281513 0.0520556 0)
(0.284253 0.0460346 0)
(0.282916 0.068086 0)
(0.292998 0.0615854 0)
(0.294086 0.0778751 0)
(0.300017 0.000684169 0)
(0.299806 0.00240085 0)
(0.299533 0.00369822 0)
(0.29896 0.00568068 0)
(0.298362 0.00695667 0)
(0.29742 0.00944689 0)
(0.296497 0.0106778 0)
(0.295183 0.0140324 0)
(0.293952 0.0151131 0)
(0.292301 0.0198852 0)
(0.290867 0.0205635 0)
(0.288999 0.0275875 0)
(0.287709 0.0273964 0)
(0.285866 0.0377585 0)
(0.285635 0.0360725 0)
(0.284144 0.0505079 0)
(0.286899 0.04722 0)
(0.286293 0.0638871 0)
(0.294292 0.0611456 0)
(0.296828 0.0717481 0)
(0.300005 0.000726045 0)
(0.299834 0.00252112 0)
(0.29956 0.00391074 0)
(0.299075 0.00596421 0)
(0.298496 0.00734727 0)
(0.29769 0.00988879 0)
(0.296814 0.0112597 0)
(0.295689 0.0146091 0)
(0.294547 0.0158984 0)
(0.293137 0.0205168 0)
(0.291861 0.0215507 0)
(0.290271 0.0280658 0)
(0.289223 0.0285458 0)
(0.287673 0.0376376 0)
(0.287673 0.0372512 0)
(0.286548 0.04905 0)
(0.28904 0.0480037 0)
(0.289123 0.0604159 0)
(0.295361 0.0602764 0)
(0.298601 0.0670897 0)
(0.299997 0.000766275 0)
(0.299856 0.00262534 0)
(0.299595 0.00410768 0)
(0.299181 0.00621198 0)
(0.298644 0.00770797 0)
(0.297947 0.010271 0)
(0.297145 0.0117962 0)
(0.296172 0.0150972 0)
(0.295149 0.0166192 0)
(0.293933 0.0210288 0)
(0.292827 0.0224458 0)
(0.291468 0.0284099 0)
(0.290624 0.0295563 0)
(0.289346 0.0374404 0)
(0.289457 0.038203 0)
(0.28869 0.0477538 0)
(0.290821 0.0484285 0)
(0.291413 0.0576132 0)
(0.296235 0.059129 0)
(0.299694 0.0635781 0)
(0.299994 0.000804374 0)
(0.299875 0.00271437 0)
(0.299637 0.00428752 0)
(0.299281 0.00642594 0)
(0.298798 0.00803591 0)
(0.298195 0.0105987 0)
(0.297482 0.0122823 0)
(0.29664 0.0155086 0)
(0.295745 0.0172677 0)
(0.294696 0.0214462 0)
(0.293754 0.0232381 0)
(0.292599 0.0286646 0)
(0.291916 0.030417 0)
(0.290884 0.0372272 0)
(0.29103 0.0389312 0)
(0.290565 0.0466584 0)
(0.29232 0.0485562 0)
(0.293231 0.0554137 0)
(0.296944 0.0578352 0)
(0.300293 0.0609172 0)
(0.299992 0.000839682 0)
(0.299892 0.00278933 0)
(0.299681 0.00444865 0)
(0.299378 0.00660833 0)
(0.298955 0.00832837 0)
(0.298438 0.0108769 0)
(0.297819 0.012714 0)
(0.297096 0.015854 0)
(0.296329 0.0178388 0)
(0.295433 0.0217893 0)
(0.294638 0.0239227 0)
(0.293668 0.0288623 0)
(0.29311 0.0311286 0)
(0.29229 0.0370363 0)
(0.292427 0.039457 0)
(0.29219 0.0457781 0)
(0.293589 0.0484607 0)
(0.294649 0.0537289 0)
(0.297511 0.0565173 0)
(0.300541 0.0588631 0)
(0.299992 0.000871493 0)
(0.299908 0.00285136 0)
(0.299728 0.00458959 0)
(0.299473 0.00676128 0)
(0.299114 0.00858311 0)
(0.298677 0.0111099 0)
(0.298154 0.0130884 0)
(0.297543 0.0161418 0)
(0.296898 0.01833 0)
(0.296144 0.0220729 0)
(0.295482 0.0245002 0)
(0.294678 0.0290252 0)
(0.294218 0.0317004 0)
(0.293574 0.0368895 0)
(0.293675 0.0398139 0)
(0.29359 0.0451051 0)
(0.294671 0.0482225 0)
(0.295736 0.0524587 0)
(0.297948 0.0552814 0)
(0.300547 0.0572408 0)
(0.299993 0.000899145 0)
(0.299924 0.00290152 0)
(0.299776 0.00470911 0)
(0.299568 0.00688659 0)
(0.299274 0.00879844 0)
(0.298914 0.0113011 0)
(0.298486 0.0134039 0)
(0.297983 0.0163783 0)
(0.297455 0.0187409 0)
(0.296834 0.0223075 0)
(0.296291 0.0249747 0)
(0.295635 0.0291668 0)
(0.295251 0.0321484 0)
(0.294748 0.0367953 0)
(0.294799 0.0400426 0)
(0.294795 0.0446164 0)
(0.295598 0.0479206 0)
(0.296558 0.0515109 0)
(0.298258 0.0542045 0)
(0.300386 0.0559439 0)
(0.299994 0.000922068 0)
(0.29994 0.00294069 0)
(0.299825 0.00480628 0)
(0.299662 0.00698576 0)
(0.299432 0.00897321 0)
(0.299149 0.0114532 0)
(0.298814 0.0136598 0)
(0.298415 0.0165681 0)
(0.297998 0.0190729 0)
(0.297502 0.0224998 0)
(0.297067 0.0253532 0)
(0.296543 0.0292941 0)
(0.296219 0.032492 0)
(0.295823 0.0367522 0)
(0.295819 0.0401857 0)
(0.295835 0.0442828 0)
(0.296393 0.0476224 0)
(0.297174 0.0508151 0)
(0.298445 0.0533273 0)
(0.300104 0.0549174 0)
(0.299996 0.000939773 0)
(0.299956 0.0029696 0)
(0.299874 0.00488041 0)
(0.299756 0.00706011 0)
(0.29959 0.00910706 0)
(0.299382 0.0115688 0)
(0.299136 0.0138569 0)
(0.298837 0.0167152 0)
(0.298526 0.0193296 0)
(0.298147 0.0226548 0)
(0.297811 0.0256451 0)
(0.297402 0.0294102 0)
(0.297128 0.0327521 0)
(0.296808 0.0367542 0)
(0.296746 0.0402821 0)
(0.296733 0.0440774 0)
(0.297071 0.0473779 0)
(0.297626 0.0503243 0)
(0.298514 0.0526615 0)
(0.29972 0.0541334 0)
(0.299998 0.000951843 0)
(0.299973 0.00298859 0)
(0.299923 0.00493119 0)
(0.299848 0.00711102 0)
(0.299743 0.00920105 0)
(0.299605 0.0116513 0)
(0.299443 0.013999 0)
(0.299237 0.0168258 0)
(0.299021 0.0195193 0)
(0.298748 0.0227807 0)
(0.298497 0.025866 0)
(0.298187 0.0295225 0)
(0.297952 0.0329551 0)
(0.297683 0.0368015 0)
(0.297561 0.0403701 0)
(0.297485 0.0439858 0)
(0.297618 0.0472237 0)
(0.297925 0.0500139 0)
(0.298457 0.052204 0)
(0.299233 0.0535717 0)
(0.3 0.000958156 0)
(0.299989 0.00299788 0)
(0.299966 0.00495878 0)
(0.299926 0.00713922 0)
(0.29987 0.00925586 0)
(0.299787 0.0117019 0)
(0.299689 0.0140877 0)
(0.299552 0.0169009 0)
(0.299408 0.0196458 0)
(0.299214 0.0228781 0)
(0.299026 0.0260244 0)
(0.298785 0.0296304 0)
(0.298576 0.0331184 0)
(0.298333 0.0368909 0)
(0.298155 0.0404771 0)
(0.298003 0.044002 0)
(0.297956 0.0471852 0)
(0.298027 0.0498761 0)
(0.298244 0.0519493 0)
(0.298641 0.0532139 0)
(0.300184 -0.000270988 0)
(0.299487 -0.000949842 0)
(0.299481 -0.00147326 0)
(0.297911 -0.00225882 0)
(0.297628 -0.0027689 0)
(0.294993 -0.00376805 0)
(0.29452 -0.00426174 0)
(0.290398 -0.00565789 0)
(0.289868 -0.00610173 0)
(0.283549 -0.0082404 0)
(0.28319 -0.00856399 0)
(0.273418 -0.0121729 0)
(0.273621 -0.0122796 0)
(0.258059 -0.0190603 0)
(0.259507 -0.0189973 0)
(0.233516 -0.0334563 0)
(0.237456 -0.0346128 0)
(0.190623 -0.0703197 0)
(0.198177 -0.0878194 0)
(0.0858308 -0.181258 0)
(0.300172 -0.000224765 0)
(0.299503 -0.000789869 0)
(0.299444 -0.00122261 0)
(0.297924 -0.00187531 0)
(0.297538 -0.00229379 0)
(0.294998 -0.00312154 0)
(0.294329 -0.00351973 0)
(0.290392 -0.00467282 0)
(0.289487 -0.0050176 0)
(0.283539 -0.00678048 0)
(0.282434 -0.00700568 0)
(0.273406 -0.00997927 0)
(0.272048 -0.0100005 0)
(0.257999 -0.0155935 0)
(0.255905 -0.0154965 0)
(0.233065 -0.0274494 0)
(0.227806 -0.0286625 0)
(0.188166 -0.0582603 0)
(0.165977 -0.0699132 0)
(0.0889975 -0.136872 0)
(0.300162 -0.000179222 0)
(0.299517 -0.000626134 0)
(0.299413 -0.000971028 0)
(0.297937 -0.00148343 0)
(0.297464 -0.00181672 0)
(0.295006 -0.00245945 0)
(0.294174 -0.00277508 0)
(0.290397 -0.00365896 0)
(0.289183 -0.0039299 0)
(0.283544 -0.00526475 0)
(0.281837 -0.00543899 0)
(0.27341 -0.00766782 0)
(0.270818 -0.00768651 0)
(0.257928 -0.0118461 0)
(0.253138 -0.0118274 0)
(0.232423 -0.0206461 0)
(0.220759 -0.0219611 0)
(0.184401 -0.0431513 0)
(0.146882 -0.0536538 0)
(0.0714873 -0.092586 0)
(0.300154 -0.000134495 0)
(0.299528 -0.000458824 0)
(0.299391 -0.000719809 0)
(0.297946 -0.00108434 0)
(0.297413 -0.0013398 0)
(0.295012 -0.00178418 0)
(0.294068 -0.00203093 0)
(0.2904 -0.00262148 0)
(0.288975 -0.00284311 0)
(0.283547 -0.00370504 0)
(0.281431 -0.0038699 0)
(0.273406 -0.00526859 0)
(0.269992 -0.00534418 0)
(0.257843 -0.0079043 0)
(0.251303 -0.00798816 0)
(0.231819 -0.013356 0)
(0.216199 -0.0143919 0)
(0.181359 -0.0271081 0)
(0.135596 -0.0338463 0)
(0.063836 -0.054442 0)
(0.300151 -9.01434e-05 0)
(0.299532 -0.00028943 0)
(0.299381 -0.000468591 0)
(0.297949 -0.000680939 0)
(0.297387 -0.000862565 0)
(0.295011 -0.00110115 0)
(0.294015 -0.00128653 0)
(0.290396 -0.00157026 0)
(0.288872 -0.00175587 0)
(0.28354 -0.00212008 0)
(0.281233 -0.00229707 0)
(0.273391 -0.00281956 0)
(0.269592 -0.00297824 0)
(0.257775 -0.00385281 0)
(0.250414 -0.004027 0)
(0.231457 -0.00578812 0)
(0.213994 -0.0062972 0)
(0.179714 -0.0104445 0)
(0.130412 -0.0128717 0)
(0.0601564 -0.0191025 0)
(0.300151 -4.57454e-05 0)
(0.29953 -0.000119482 0)
(0.299382 -0.000216927 0)
(0.297944 -0.000276261 0)
(0.297389 -0.000384529 0)
(0.295002 -0.000415896 0)
(0.294017 -0.000541086 0)
(0.290382 -0.000515175 0)
(0.288879 -0.000667205 0)
(0.283519 -0.000528226 0)
(0.281248 -0.000721254 0)
(0.273365 -0.000356365 0)
(0.269623 -0.000602392 0)
(0.257747 0.000231751 0)
(0.250468 -2.25205e-05 0)
(0.23144 0.00186746 0)
(0.214072 0.00197289 0)
(0.179731 0.00640942 0)
(0.130474 0.00847443 0)
(0.0601931 0.0151572 0)
(0.300157 -9.09641e-07 0)
(0.299522 4.95631e-05 0)
(0.299395 3.55634e-05 0)
(0.297933 0.000126739 0)
(0.297417 9.46782e-05 0)
(0.294986 0.000266124 0)
(0.294075 0.000205955 0)
(0.290358 0.000533783 0)
(0.288995 0.000423188 0)
(0.283486 0.00105246 0)
(0.281477 0.000854764 0)
(0.273328 0.00208582 0)
(0.270087 0.00176538 0)
(0.257756 0.00427423 0)
(0.25147 0.00393541 0)
(0.231761 0.00942707 0)
(0.216442 0.0100555 0)
(0.181406 0.0230761 0)
(0.135791 0.029479 0)
(0.0639467 0.0504868 0)
(0.300165 4.47441e-05 0)
(0.299509 0.000216165 0)
(0.299418 0.000289354 0)
(0.297916 0.000525039 0)
(0.297469 0.000575613 0)
(0.294964 0.00093931 0)
(0.294184 0.000955514 0)
(0.290329 0.00156649 0)
(0.289213 0.00151658 0)
(0.283445 0.00260315 0)
(0.281911 0.00243081 0)
(0.273279 0.00447014 0)
(0.270975 0.00411261 0)
(0.257778 0.00819538 0)
(0.253424 0.00776963 0)
(0.232305 0.0166964 0)
(0.221193 0.0175984 0)
(0.18446 0.039129 0)
(0.147257 0.0492945 0)
(0.0717346 0.0887664 0)
(0.300176 9.16474e-05 0)
(0.299492 0.000378831 0)
(0.299449 0.000544818 0)
(0.297897 0.000915778 0)
(0.297541 0.00105877 0)
(0.294943 0.00159828 0)
(0.294337 0.00170851 0)
(0.290303 0.00257313 0)
(0.28952 0.00261495 0)
(0.283407 0.00410464 0)
(0.282528 0.00401004 0)
(0.273228 0.00675739 0)
(0.272261 0.00643814 0)
(0.257782 0.0119077 0)
(0.256313 0.0114379 0)
(0.23286 0.0234637 0)
(0.228469 0.0242575 0)
(0.188173 0.0542855 0)
(0.166696 0.0653379 0)
(0.0891713 0.132939 0)
(0.300187 0.000139398 0)
(0.299476 0.000538027 0)
(0.299485 0.000799881 0)
(0.297881 0.00129873 0)
(0.297627 0.00154084 0)
(0.294931 0.00224216 0)
(0.294522 0.00245987 0)
(0.290294 0.00355076 0)
(0.289895 0.00371087 0)
(0.283396 0.00554832 0)
(0.283289 0.00558248 0)
(0.273208 0.0089212 0)
(0.27387 0.00873184 0)
(0.257788 0.0153261 0)
(0.260022 0.0149417 0)
(0.233213 0.0294061 0)
(0.238367 0.030179 0)
(0.190476 0.0662474 0)
(0.199119 0.0840644 0)
(0.0858873 0.178104 0)
)
;

boundaryField
{
    inlet
    {
        type            fixedValue;
        value           uniform (0.3 0 0);
    }
    outlet
    {
        type            zeroGradient;
    }
    upAndBottom
    {
        type            empty;
    }
    obstacle
    {
        type            noSlip;
    }
}


// ************************************************************************* //
