/*--------------------------------*- C++ -*----------------------------------*\
| =========                 |                                                 |
| \\      /  F ield         | OpenFOAM: The Open Source CFD Toolbox           |
|  \\    /   O peration     | Version:  v1806                                 |
|   \\  /    A nd           | Web:      www.OpenFOAM.com                      |
|    \\/     M anipulation  |                                                 |
\*---------------------------------------------------------------------------*/
FoamFile
{
    version     2.0;
    format      ascii;
    class       volScalarField;
    location    "130";
    object      p;
}
// * * * * * * * * * * * * * * * * * * * * * * * * * * * * * * * * * * * * * //

dimensions      [0 2 -2 0 0 0 0];


internalField   nonuniform List<scalar> 
4400
(
0.00859115
0.00993178
0.00707297
0.00491125
0.0038695
0.00335233
0.00306975
0.00289016
0.00273746
0.00257625
0.00239492
0.00219197
0.00196944
0.00173054
0.00147865
0.00121701
0.000948588
0.000676207
0.000401301
0.00012383
0.0283258
0.0193815
0.0133987
0.00959068
0.00737405
0.00602722
0.00513366
0.00449282
0.00399381
0.003572
0.00319154
0.00283315
0.00248649
0.00214603
0.00180897
0.00147402
0.00114087
0.000809629
0.000479571
0.000151287
0.0304194
0.022655
0.0171305
0.0131359
0.0103813
0.00846115
0.00707295
0.00603376
0.00522269
0.00455805
0.00398721
0.00347735
0.00300799
0.00256614
0.00214345
0.00173452
0.00133584
0.000944979
0.000559453
0.000178762
0.0308165
0.0244951
0.0193431
0.0153466
0.0123781
0.0101948
0.00855262
0.00728051
0.00626376
0.0054232
0.00470428
0.00407003
0.00349555
0.00296385
0.00246322
0.00198547
0.00152476
0.00107678
0.000637593
0.000205468
0.0289821
0.0242552
0.0200465
0.0165447
0.0137339
0.0115132
0.00975156
0.00833351
0.00717041
0.0061948
0.00535598
0.00461688
0.00395087
0.00333886
0.00276705
0.00222533
0.00170619
0.00120384
0.000713146
0.000231225
0.0271467
0.0236381
0.0202069
0.0171454
0.0145401
0.012381
0.0106039
0.00913044
0.00789205
0.00683386
0.00591278
0.00509562
0.00435722
0.00367867
0.00304567
0.00244737
0.00187537
0.00132298
0.000784277
0.000255547
0.0252055
0.0225613
0.0198185
0.0172415
0.014937
0.0129332
0.0112141
0.00974109
0.0084709
0.00736416
0.00638718
0.00551216
0.0047168
0.00398347
0.00329833
0.00265047
0.00203117
0.00143327
0.000850374
0.000278186
0.0235041
0.0214812
0.0192747
0.0170977
0.0150659
0.0132307
0.0116032
0.0101694
0.00890426
0.00778069
0.00677364
0.00586118
0.00502479
0.00424911
0.00352156
0.00283185
0.00217146
0.0015332
0.000910535
0.000298854
0.0219681
0.0203838
0.0185958
0.0167666
0.0149979
0.0133451
0.0118322
0.0104618
0.00922436
0.00810438
0.00708505
0.00615024
0.00528536
0.00447765
0.00371618
0.00299164
0.00229605
0.00162248
0.000964529
0.000317444
0.0206543
0.019386
0.0179171
0.0163666
0.0148206
0.0133338
0.0119363
0.01064
0.00944486
0.00834378
0.00732664
0.00638236
0.00550008
0.00466975
0.00388229
0.00312964
0.00240463
0.00170081
0.00101213
0.00033388
0.0195119
0.0184745
0.01725
0.0159262
0.0145727
0.0132381
0.0119534
0.0107351
0.0095896
0.00851632
0.00751062
0.00656581
0.0056744
0.00482889
0.00402205
0.00324714
0.00249792
0.00176856
0.0010535
0.000348197
0.0185432
0.0176761
0.016638
0.0154936
0.0142982
0.0130941
0.0119112
0.0107679
0.00967418
0.00863358
0.00764548
0.0067067
0.00581262
0.00495802
0.00413741
0.00334538
0.00257667
0.00182616
0.00108884
0.000360465
0.0177178
0.0169788
0.0160839
0.0150821
0.0140172
0.012925
0.0118326
0.0107588
0.00971554
0.008709
0.00774153
0.00681271
0.00592034
0.00506111
0.00423115
0.00342627
0.00264214
0.00187438
0.00111857
0.000370813
0.0170287
0.0163856
0.0156004
0.0147102
0.0137502
0.0127505
0.0117354
0.0107232
0.00972629
0.00875275
0.00780683
0.00689013
0.00600232
0.00514174
0.00430587
0.00349163
0.00269557
0.00191401
0.00114312
0.000379386
0.0164581
0.0158876
0.0151864
0.0143834
0.0135071
0.0125831
0.0116329
0.0106736
0.0097178
0.00877449
0.00784927
0.00694521
0.00606343
0.00520359
0.00436431
0.00354345
0.00273834
0.00194596
0.00116301
0.00038635
0.015999
0.0154826
0.0148446
0.0141083
0.0132973
0.0124333
0.0115354
0.0106198
0.00969879
0.00878175
0.00787516
0.00698311
0.00610779
0.00524988
0.0044089
0.00358352
0.00277173
0.00197106
0.00117872
0.000391867
0.0156417
0.0151649
0.0145737
0.0138874
0.0131256
0.0123077
0.0114507
0.0105696
0.0096765
0.00878099
0.00789002
0.00700839
0.00613906
0.00528347
0.00444185
0.00361349
0.00279691
0.00199011
0.00119069
0.000396088
0.0153821
0.0149331
0.0143748
0.0137235
0.0129969
0.0122119
0.0113845
0.0105287
0.00965635
0.00877703
0.007898
0.00702451
0.00616005
0.0053066
0.00446487
0.00363462
0.00281478
0.0020037
0.00119927
0.000399129
0.0152161
0.0147848
0.0142469
0.0136177
0.0129131
0.012149
0.0113405
0.0105009
0.00964204
0.00877325
0.00790205
0.00703398
0.00617282
0.00532089
0.00447923
0.00364787
0.00282604
0.00201228
0.00120472
0.000401069
0.0151405
0.0147163
0.0141876
0.0135684
0.0128739
0.0121195
0.0113197
0.0104877
0.00963503
0.00877118
0.00790367
0.00703816
0.00617858
0.0053274
0.0044858
0.00365397
0.00283122
0.00201625
0.00120723
0.000401967
0.0335154
0.040951
0.0464098
0.050619
0.0538906
0.0563919
0.0582507
0.0595622
0.060393
0.0607862
0.0607656
0.0603385
0.0594953
0.0582099
0.0564362
0.054105
0.0511248
0.0473752
0.0425946
0.0360989
0.0433872
0.0458609
0.0479195
0.0496503
0.0510971
0.0522758
0.0531951
0.0538621
0.0542819
0.0544575
0.05439
0.0540789
0.053522
0.0527155
0.0516532
0.0503259
0.0487278
0.0468713
0.0447259
0.0418828
0.0387934
0.0404079
0.0418896
0.0432085
0.0443497
0.0453044
0.0460666
0.0466328
0.047001
0.0471701
0.0471392
0.0469078
0.0464753
0.0458412
0.0450052
0.0439672
0.0427305
0.0413046
0.0396859
0.0377915
0.036525
0.0374214
0.0382398
0.0389687
0.0395992
0.0401244
0.0405391
0.0408389
0.0410208
0.0410826
0.0410229
0.040841
0.0405368
0.0401111
0.0395651
0.0389012
0.0381238
0.0372406
0.0362514
0.0351154
0.0326233
0.0332137
0.0337555
0.0342409
0.0346631
0.0350164
0.0352958
0.0354975
0.0356186
0.0356569
0.0356111
0.0354809
0.0352666
0.0349695
0.0345916
0.0341359
0.0336066
0.0330094
0.0323489
0.031622
0.029985
0.0303631
0.0307043
0.031005
0.0312619
0.0314722
0.0316334
0.0317436
0.0318012
0.0318051
0.0317547
0.0316498
0.0314907
0.0312784
0.031014
0.0306993
0.0303368
0.0299303
0.0294814
0.0289824
0.0272377
0.0274975
0.0277306
0.0279349
0.0281084
0.0282491
0.0283556
0.0284265
0.0284609
0.0284581
0.0284177
0.0283395
0.028224
0.0280717
0.0278834
0.0276605
0.0274045
0.0271175
0.0268014
0.0264562
0.0251918
0.0253723
0.025532
0.0256698
0.0257845
0.0258752
0.025941
0.0259813
0.0259956
0.0259835
0.0259448
0.0258796
0.025788
0.0256705
0.0255275
0.0253597
0.0251681
0.0249542
0.0247185
0.0244582
0.0232861
0.0234166
0.0235313
0.0236294
0.0237102
0.023773
0.0238175
0.0238431
0.0238495
0.0238366
0.0238042
0.0237524
0.0236813
0.0235911
0.0234821
0.0233549
0.02321
0.0230482
0.0228701
0.0226756
0.0217883
0.0218849
0.0219688
0.0220394
0.0220965
0.0221395
0.0221684
0.0221827
0.0221824
0.0221673
0.0221374
0.0220927
0.0220333
0.0219594
0.0218711
0.0217687
0.0216527
0.0215236
0.0213816
0.0212255
0.020453
0.0205265
0.0205899
0.0206427
0.0206848
0.0207158
0.0207357
0.0207442
0.0207413
0.0207268
0.0207008
0.0206633
0.0206143
0.020554
0.0204825
0.0203999
0.0203065
0.0202027
0.0200888
0.0199644
0.0193741
0.0194316
0.0194805
0.0195207
0.0195521
0.0195745
0.0195877
0.0195917
0.0195865
0.0195719
0.019548
0.0195147
0.0194722
0.0194206
0.0193598
0.01929
0.0192115
0.0191245
0.019029
0.0189245
0.0184394
0.0184854
0.0185243
0.0185559
0.0185801
0.0185968
0.0186061
0.0186077
0.0186016
0.0185879
0.0185665
0.0185374
0.0185007
0.0184564
0.0184046
0.0183454
0.0182789
0.0182053
0.0181247
0.0180368
0.0176814
0.0177192
0.0177508
0.0177762
0.0177952
0.0178079
0.0178141
0.0178138
0.017807
0.0177937
0.0177738
0.0177474
0.0177146
0.0176753
0.0176296
0.0175776
0.0175193
0.017455
0.0173846
0.0173078
0.0170468
0.0170787
0.0171051
0.0171261
0.0171416
0.0171515
0.0171558
0.0171545
0.0171476
0.0171349
0.0171167
0.0170928
0.0170632
0.0170281
0.0169875
0.0169413
0.0168898
0.0168329
0.0167707
0.0167032
0.016546
0.0165736
0.0165964
0.0166142
0.0166271
0.016635
0.0166379
0.0166358
0.0166286
0.0166164
0.0165992
0.0165769
0.0165497
0.0165175
0.0164803
0.0164382
0.0163913
0.0163396
0.0162832
0.0162218
0.016153
0.0161776
0.0161977
0.0162133
0.0162245
0.0162311
0.0162331
0.0162305
0.0162234
0.0162117
0.0161954
0.0161746
0.0161492
0.0161193
0.0160848
0.0160459
0.0160026
0.0159549
0.0159029
0.0158464
0.0158716
0.0158941
0.0159124
0.0159266
0.0159365
0.0159422
0.0159436
0.0159407
0.0159335
0.0159221
0.0159064
0.0158864
0.0158622
0.0158337
0.015801
0.0157641
0.0157231
0.015678
0.0156288
0.0155754
0.015686
0.0157072
0.0157245
0.0157377
0.0157469
0.0157521
0.0157532
0.0157502
0.0157431
0.015732
0.0157168
0.0156975
0.0156742
0.0156469
0.0156155
0.0155802
0.0155409
0.0154978
0.0154508
0.0154
0.0156098
0.0156305
0.0156473
0.0156601
0.015669
0.0156739
0.0156748
0.0156717
0.0156646
0.0156535
0.0156383
0.0156192
0.0155961
0.015569
0.015538
0.015503
0.0154641
0.0154214
0.0153748
0.0153242
0.012651
0.0130356
0.0134038
0.0137558
0.0140875
0.0143871
0.0146394
0.0148285
0.0149392
0.0149616
0.0148952
0.0147551
0.014578
0.0144321
0.0144265
0.014701
0.0153741
0.016555
0.0187755
0.0238483
0.0146719
0.0149933
0.0153823
0.0158207
0.0163145
0.0168763
0.0175203
0.0182624
0.0191206
0.0201141
0.0212616
0.02258
0.0240834
0.0257825
0.0276838
0.0297896
0.0321019
0.034642
0.0374568
0.0405
0.0180481
0.0185993
0.019165
0.0197595
0.0203868
0.0210495
0.0217515
0.0224972
0.0232915
0.0241398
0.0250483
0.0260241
0.0270751
0.0282105
0.0294395
0.0307702
0.0322081
0.0337543
0.0353981
0.0371013
0.0192113
0.019759
0.0203484
0.0209721
0.0216315
0.022329
0.0230661
0.0238439
0.0246628
0.0255224
0.0264218
0.0273591
0.0283313
0.0293341
0.0303621
0.0314081
0.0324634
0.0335174
0.0345566
0.0355648
0.0199816
0.0204864
0.0210054
0.0215414
0.0220949
0.0226659
0.0232543
0.0238602
0.0244833
0.0251233
0.0257794
0.0264504
0.0271348
0.0278302
0.0285335
0.0292408
0.0299471
0.0306461
0.0313307
0.0319926
0.0200498
0.0205027
0.0209674
0.0214435
0.0219307
0.0224283
0.0229356
0.0234515
0.0239747
0.0245038
0.0250369
0.025572
0.0261067
0.0266382
0.0271636
0.0276795
0.0281823
0.0286684
0.0291336
0.0295738
0.0197533
0.020133
0.0205172
0.0209059
0.0212988
0.0216951
0.022094
0.0224949
0.0228966
0.0232982
0.0236983
0.0240957
0.0244887
0.0248756
0.0252546
0.0256235
0.0259803
0.0263225
0.0266478
0.0269537
0.019283
0.0196101
0.0199378
0.0202669
0.0205968
0.0209268
0.0212561
0.0215838
0.0219091
0.022231
0.0225484
0.0228601
0.0231649
0.0234616
0.0237487
0.024025
0.0242888
0.0245389
0.0247737
0.0249918
0.0186719
0.0189436
0.0192144
0.0194843
0.0197527
0.0200192
0.020283
0.0205437
0.0208005
0.0210527
0.0212995
0.0215402
0.021774
0.0219999
0.0222171
0.0224248
0.0226218
0.0228074
0.0229806
0.0231404
0.0180561
0.018289
0.0185192
0.0187471
0.0189724
0.0191948
0.0194135
0.0196283
0.0198384
0.0200434
0.0202427
0.0204357
0.0206218
0.0208003
0.0209708
0.0211325
0.0212848
0.0214272
0.0215589
0.0216795
0.0174265
0.0176232
0.0178169
0.0180078
0.0181956
0.0183799
0.0185603
0.0187365
0.018908
0.0190744
0.0192354
0.0193906
0.0195394
0.0196815
0.0198165
0.0199439
0.0200633
0.0201743
0.0202765
0.0203695
0.0168479
0.0170186
0.0171857
0.0173497
0.0175103
0.0176672
0.0178202
0.0179688
0.0181129
0.018252
0.018386
0.0185145
0.0186372
0.0187538
0.018864
0.0189674
0.0190639
0.019153
0.0192346
0.0193084
0.0163096
0.0164576
0.0166022
0.0167436
0.0168816
0.0170159
0.0171463
0.0172726
0.0173946
0.017512
0.0176246
0.0177322
0.0178345
0.0179314
0.0180226
0.018108
0.0181872
0.0182602
0.0183266
0.0183864
0.0158393
0.0159708
0.0160987
0.0162234
0.0163447
0.0164625
0.0165764
0.0166864
0.0167923
0.0168939
0.016991
0.0170835
0.0171712
0.0172539
0.0173315
0.0174039
0.0174708
0.0175321
0.0175878
0.0176376
0.0154296
0.0155473
0.0156617
0.0157729
0.0158808
0.0159852
0.016086
0.0161831
0.0162763
0.0163655
0.0164505
0.0165313
0.0166077
0.0166796
0.0167468
0.0168093
0.016867
0.0169196
0.0169672
0.0170097
0.0150916
0.0151993
0.0153037
0.015405
0.0155031
0.0155978
0.0156891
0.0157768
0.0158608
0.0159411
0.0160174
0.0160897
0.016158
0.0162221
0.0162819
0.0163373
0.0163882
0.0164347
0.0164765
0.0165136
0.0148206
0.0149205
0.0150173
0.015111
0.0152016
0.015289
0.015373
0.0154536
0.0155307
0.0156042
0.015674
0.0157401
0.0158023
0.0158606
0.0159149
0.0159651
0.0160112
0.0160531
0.0160907
0.016124
0.0146212
0.0147159
0.0148076
0.0148962
0.0149817
0.0150641
0.0151433
0.0152191
0.0152916
0.0153605
0.015426
0.0154878
0.0155459
0.0156003
0.0156509
0.0156977
0.0157405
0.0157793
0.0158142
0.0158449
0.0144902
0.0145812
0.0146692
0.0147543
0.0148364
0.0149155
0.0149913
0.015064
0.0151333
0.0151993
0.0152618
0.0153208
0.0153763
0.0154282
0.0154764
0.0155209
0.0155616
0.0155986
0.0156316
0.0156608
0.0144335
0.0145235
0.0146105
0.0146944
0.0147754
0.0148532
0.0149279
0.0149994
0.0150676
0.0151325
0.015194
0.015252
0.0153065
0.0153574
0.0154046
0.0154483
0.0154882
0.0155243
0.0155566
0.0155851
0.00777363
0.00952051
0.0103364
0.0108431
0.011168
0.0113435
0.0114092
0.0114015
0.0113465
0.0112626
0.0111632
0.0110585
0.010956
0.0108614
0.0107793
0.0107128
0.0106623
0.0106308
0.0106229
0.0106401
0.00824712
0.00895432
0.00935228
0.00963663
0.00984813
0.00999432
0.0100873
0.0101401
0.0101632
0.0101648
0.0101511
0.0101272
0.0100971
0.0100635
0.0100284
0.00999334
0.00996129
0.00993154
0.00990144
0.00987038
0.00842026
0.00885504
0.00917396
0.00941599
0.00959639
0.00972303
0.00980457
0.00984992
0.00986706
0.00986288
0.00984314
0.00981261
0.00977511
0.0097336
0.00969033
0.00964695
0.00960477
0.00956428
0.00952352
0.0094808
0.00841692
0.00864652
0.00882525
0.00896354
0.00906661
0.00913828
0.00918283
0.0092048
0.00920853
0.00919795
0.00917659
0.00914744
0.00911304
0.00907544
0.00903625
0.00899678
0.00895814
0.00892071
0.00888245
0.00884179
0.00808149
0.0082245
0.00834497
0.00844052
0.0085125
0.00856309
0.00859461
0.00860954
0.00861045
0.00859989
0.00858026
0.00855375
0.00852233
0.00848764
0.0084511
0.00841389
0.00837706
0.008341
0.00830408
0.00826545
0.00764325
0.00773455
0.00781215
0.00787195
0.00791472
0.00794214
0.00795583
0.00795747
0.00794883
0.00793172
0.00790789
0.00787896
0.00784643
0.00781159
0.00777559
0.00773939
0.00770392
0.00766952
0.00763455
0.00759795
0.00708195
0.00714253
0.00719621
0.00723619
0.00726274
0.00727736
0.00728124
0.00727557
0.00726168
0.00724092
0.00721466
0.00718422
0.0071508
0.00711551
0.00707929
0.00704302
0.00700752
0.00697309
0.00693806
0.00690148
0.00646756
0.00650639
0.00654186
0.00656593
0.00657874
0.00658168
0.00657575
0.00656189
0.00654119
0.00651481
0.00648391
0.00644966
0.00641311
0.00637527
0.00633698
0.00629906
0.00626229
0.00622692
0.00619126
0.00615428
0.00579566
0.00581629
0.00583692
0.00584789
0.00584915
0.00584205
0.0058274
0.00580597
0.00577868
0.00574654
0.00571061
0.00567192
0.00563147
0.00559019
0.0055489
0.00550837
0.00546938
0.00543215
0.00539495
0.00535674
0.00508841
0.00509121
0.00509638
0.00509321
0.00508162
0.00506288
0.00503772
0.00500677
0.00497083
0.00493084
0.00488778
0.00484262
0.00479634
0.00474982
0.00470388
0.0046593
0.00461686
0.00457679
0.00453731
0.00449729
0.00434985
0.00433231
0.00431888
0.00429839
0.0042708
0.00423737
0.00419872
0.0041554
0.00410812
0.00405774
0.00400515
0.00395129
0.00389708
0.00384338
0.003791
0.00374072
0.00369335
0.00364914
0.00360619
0.00356339
0.003595
0.00355079
0.00351129
0.00346612
0.00341541
0.00336043
0.00330179
0.00324001
0.00317576
0.0031098
0.00304296
0.00297609
0.00291008
0.00284574
0.00278388
0.00272528
0.0026708
0.0026207
0.00257295
0.00252624
0.00285064
0.002771
0.0026948
0.00261452
0.00253072
0.00244469
0.00235715
0.0022687
0.00217999
0.00209169
0.00200451
0.00191916
0.00183636
0.00175685
0.00168133
0.00161056
0.00154539
0.00148608
0.00143041
0.00137719
0.00214392
0.00201173
0.0018789
0.00174353
0.00160682
0.00147018
0.00133475
0.00120148
0.00107124
0.000944758
0.000822725
0.000705763
0.000594482
0.00048949
0.000391424
0.000301034
0.000219268
0.000146471
8.00761e-05
1.80831e-05
0.00156997
0.00137309
0.00116691
0.000958695
0.000750718
0.000544729
0.000342716
0.000146499
-4.24528e-05
-0.00022303
-0.000394454
-0.000556226
-0.000708043
-0.000849703
-0.000980994
-0.0011015
-0.00121051
-0.00130792
-0.00139666
-0.00147751
0.00116774
0.000869248
0.000548466
0.000222436
-0.000105981
-0.000434453
-0.000759393
-0.0010771
-0.00138422
-0.0016779
-0.00195586
-0.00221643
-0.00245851
-0.00268142
-0.00288468
-0.00306757
-0.0032287
-0.00336703
-0.00348618
-0.00359076
0.00128077
0.000907428
0.000490901
5.88997e-05
-0.000384633
-0.000836716
-0.00129186
-0.00174373
-0.00218596
-0.00261261
-0.00301852
-0.00339978
-0.00375403
-0.00408053
-0.00437991
-0.00465342
-0.00490208
-0.0051278
-0.00533636
-0.0055245
0.00171261
0.00117437
0.00057334
-6.65337e-05
-0.000745683
-0.00146322
-0.00221418
-0.00299115
-0.00378475
-0.00458387
-0.00537615
-0.00614872
-0.00688917
-0.00758653
-0.00823217
-0.00881957
-0.00934271
-0.00979704
-0.0101893
-0.0105281
0.00394874
0.00357472
0.00311038
0.00258015
0.00198396
0.00131883
0.000584993
-0.000214236
-0.00107247
-0.00198005
-0.00292408
-0.00388915
-0.00485867
-0.00581712
-0.0067519
-0.00765334
-0.00851697
-0.00936972
-0.0103216
-0.0114426
0.00555129
0.00490889
0.00419743
0.00338098
0.00243824
0.00135045
9.72039e-05
-0.00134249
-0.00298897
-0.00486067
-0.00697275
-0.00933558
-0.0119537
-0.0148247
-0.0179359
-0.0212566
-0.0247419
-0.028407
-0.0324476
-0.0367818
0.000253183
0.000773967
0.00129881
0.00182781
0.00236204
0.00290211
0.00344852
0.00400172
0.00456205
0.00512975
0.00570492
0.00628749
0.0068773
0.00747415
0.00807816
0.00869042
0.00931543
0.00996783
0.0106856
0.0115976
0.000268775
0.000819347
0.00137449
0.00193467
0.00250142
0.00307597
0.00365959
0.00425372
0.00485999
0.00548035
0.00611726
0.00677391
0.00745462
0.00816545
0.0089147
0.00971336
0.010576
0.0115265
0.012617
0.0139042
0.000283729
0.00086285
0.00144695
0.00203689
0.00263461
0.0032419
0.00386071
0.00449333
0.0051425
0.00581161
0.00650501
0.00722845
0.00798974
0.00879986
0.00967469
0.0106381
0.0117272
0.0129975
0.0145211
0.0164207
0.000297851
0.000903899
0.00151523
0.00213304
0.00275961
0.0033972
0.0040483
0.00471586
0.00540347
0.00611555
0.00685777
0.00763747
0.00846441
0.00935168
0.0103171
0.0113853
0.0125908
0.0139838
0.0156463
0.0177029
0.00031097
0.000941998
0.00157847
0.00222188
0.00287475
0.00353966
0.00421951
0.00491767
0.00563825
0.0063863
0.00716817
0.007992
0.00886844
0.00981159
0.0108403
0.0119801
0.0132648
0.0147389
0.0164602
0.0185019
0.000322957
0.000976764
0.00163604
0.00230248
0.00297878
0.00366769
0.00437233
0.00509628
0.00584387
0.00662032
0.00743209
0.00828725
0.009196
0.0101713
0.0112295
0.0123916
0.0136841
0.0151415
0.0168075
0.0187264
0.00033372
0.00100794
0.0016875
0.00237426
0.00307094
0.00378036
0.00450566
0.00525047
0.00601902
0.00681638
0.00764867
0.00852336
0.00944966
0.0104388
0.0115047
0.0126636
0.013935
0.0153408
0.0169016
0.0186258
0.000343215
0.00103539
0.00173267
0.00243697
0.00315095
0.00387737
0.00461929
0.00538014
0.00616387
0.00697512
0.0078193
0.00870282
0.00963326
0.0106194
0.0116715
0.0128007
0.0140196
0.0153403
0.0167697
0.0183031
0.00035144
0.00105913
0.00177157
0.00249068
0.00321897
0.00395906
0.00471376
0.00548621
0.00627992
0.00709889
0.00794768
0.00883145
0.00975607
0.010728
0.0117541
0.0128412
0.0139953
0.0152199
0.0165111
0.0178527
0.000358433
0.00107926
0.00180443
0.00253576
0.00327556
0.00402622
0.00479025
0.00557038
0.00636958
0.00719111
0.00803855
0.00891573
0.00982673
0.0107757
0.0117664
0.012802
0.0138838
0.0150097
0.016171
0.0173488
0.000364265
0.00109601
0.00183162
0.00257279
0.00332157
0.00408006
0.00485043
0.00563494
0.00643598
0.00725604
0.0080977
0.00896357
0.00985612
0.0107775
0.011729
0.0127107
0.0137205
0.0147524
0.0157947
0.0168271
0.000369031
0.00110966
0.00185365
0.00260253
0.00335808
0.00412208
0.0048963
0.00568255
0.0064826
0.00729821
0.00813103
0.00898249
0.00985367
0.010745
0.0116559
0.0125842
0.0135255
0.0144722
0.0154115
0.0163248
0.000372844
0.00112055
0.00187111
0.00262586
0.00338631
0.0041539
0.00493003
0.00571603
0.00651311
0.00732233
0.00814452
0.00898011
0.00982901
0.0106903
0.011562
0.0124403
0.0133196
0.014191
0.0150419
0.0158549
0.000375828
0.00112903
0.00188461
0.00264371
0.00340754
0.00417723
0.00495382
0.0057382
0.00653106
0.00733286
0.00814368
0.00896314
0.0097902
0.0106229
0.0114582
0.0122915
0.0131163
0.0139235
0.0147012
0.0154339
0.000378108
0.00113549
0.00189481
0.002657
0.00342303
0.00419373
0.0049698
0.00575175
0.00653982
0.00733394
0.00813359
0.00893773
0.00974458
0.0105515
0.0113546
0.0121487
0.012927
0.0136806
0.0143983
0.0150661
0.000379805
0.00114027
0.00190229
0.00266661
0.00343397
0.00420495
0.00497995
0.00575915
0.00654243
0.00732925
0.00811865
0.00890904
0.00969811
0.0104827
0.0112584
0.0120198
0.0127599
0.0134702
0.0141403
0.014758
0.000381028
0.0011437
0.00190759
0.00267333
0.00344142
0.00421226
0.00498601
0.00576258
0.00654153
0.00732201
0.00810267
0.00888154
0.00965591
0.0104222
0.0111759
0.0119112
0.0126212
0.0132978
0.0139312
0.0145107
0.000381867
0.00114603
0.00191118
0.0026778
0.00344627
0.00421682
0.00498944
0.00576381
0.0065393
0.00731481
0.00808871
0.00885876
0.00962199
0.0103746
0.0111118
0.0118278
0.0125159
0.0131679
0.013775
0.0143272
0.000382385
0.00114747
0.00191336
0.00268049
0.00344915
0.00421944
0.00499124
0.00576413
0.00653729
0.00730949
0.00807893
0.0088432
0.00959916
0.0103429
0.0110694
0.0117731
0.012447
0.0130834
0.0136737
0.0142082
0.000382619
0.00114812
0.00191435
0.00268171
0.00345043
0.00422059
0.00499199
0.00576416
0.00653622
0.00730685
0.00807419
0.00883575
0.00958831
0.0103278
0.0110495
0.0117474
0.0124148
0.0130441
0.0136268
0.0141539
-5.90438e-05
-0.000129247
-0.000209698
-0.000295369
-0.000388442
-0.000491611
-0.000607603
-0.000739513
-0.000890869
-0.00106563
-0.00126793
-0.00150125
-0.00176694
-0.00206196
-0.00237153
-0.00263935
-0.00268892
-0.00220118
-0.00123853
-0.00184976
-4.28513e-05
-8.52892e-05
-0.00013404
-0.000186612
-0.00024371
-0.000306801
-0.000377123
-0.000455694
-0.00054313
-0.000639225
-0.000742093
-0.000846632
-0.000942053
-0.00100694
-0.000995518
-0.000803008
-0.000219483
0.000987798
0.00277255
0.00482488
-2.66912e-05
-3.91681e-05
-5.57825e-05
-7.41727e-05
-9.43474e-05
-0.000116589
-0.000140666
-0.00016562
-0.000189324
-0.000207746
-0.000213766
-0.000195465
-0.000133661
2.94953e-06
0.000269716
0.000767255
0.00164268
0.00299047
0.00474146
0.00678922
-1.05147e-05
7.93876e-06
2.37186e-05
3.95018e-05
5.58991e-05
7.34498e-05
9.34409e-05
0.000118165
0.000151454
0.00019949
0.000271999
0.00038391
0.000557959
0.000829826
0.00125762
0.00192897
0.00293472
0.00429513
0.0059151
0.00758772
5.62023e-06
5.51079e-05
0.000103109
0.000152537
0.0002045
0.000260132
0.000321452
0.000391648
0.000475614
0.000580713
0.000717754
0.000902257
0.00115636
0.00151233
0.00201738
0.00273185
0.003704
0.00492759
0.00630347
0.00760253
2.1626e-05
0.000101768
0.000181387
0.000263417
0.000349271
0.00044037
0.000539031
0.000648714
0.000774502
0.000923725
0.00110675
0.00133801
0.00163755
0.00203326
0.00256208
0.0032636
0.00415874
0.00522166
0.0063507
0.00734501
3.73669e-05
0.000147564
0.000257964
0.000371374
0.000489316
0.000613271
0.000745543
0.000889467
0.00104978
0.00123309
0.00144838
0.00170768
0.00202692
0.00242686
0.00293253
0.00356752
0.00433991
0.00522236
0.0061301
0.00690133
5.27921e-05
0.000192342
0.000332586
0.000476058
0.000624204
0.000778327
0.000940414
0.00111328
0.00130082
0.00150837
0.00174299
0.00201396
0.00233317
0.00271523
0.00317605
0.00372786
0.00437006
0.00507664
0.00578347
0.00636834
6.79038e-05
0.000236149
0.000405385
0.000577763
0.000754524
0.000936633
0.00112557
0.0013234
0.00153293
0.00175788
0.00200308
0.0022746
0.00257991
0.0029276
0.00332594
0.0037797
0.00428524
0.00482313
0.00534871
0.00576781
8.27615e-05
0.000279172
0.000476713
0.000677074
0.000881186
0.00108956
0.00130302
0.00152272
0.00175021
0.00198749
0.00223706
0.00250198
0.0027858
0.00309205
0.00342293
0.00377747
0.00414991
0.00452658
0.00487681
0.0051273
9.74639e-05
0.000321727
0.000547162
0.000774955
0.00100568
0.00123935
0.00147607
0.00171606
0.00195954
0.00220674
0.00245787
0.00271299
0.00297186
0.00323341
0.00349477
0.00375066
0.00399436
0.00421617
0.00439136
0.00445986
0.00011213
0.000364175
0.000617388
0.000872442
0.00112955
0.0013882
0.00164784
0.00190771
0.00216678
0.00242364
0.00267633
0.00292217
0.00315752
0.00337716
0.00357354
0.0037372
0.00385944
0.00393037
0.00392303
0.00378714
0.000126886
0.000406903
0.00068809
0.000970643
0.00125444
0.00153854
0.00182173
0.00210244
0.00237849
0.00264697
0.00290396
0.00314425
0.00336104
0.00354518
0.00368469
0.00376578
0.00377609
0.00370064
0.00350196
0.00313794
0.000141843
0.000450245
0.00075987
0.0010705
0.00138176
0.00169235
0.00200058
0.00230417
0.00260003
0.002884
0.0031505
0.00339218
0.00359937
0.0037593
0.00385556
0.00386933
0.00378206
0.00356856
0.0031737
0.00255466
0.000157084
0.000494454
0.000833186
0.00117275
0.00151261
0.00185127
0.00218671
0.0025162
0.00283601
0.00314106
0.00342451
0.00367726
0.0038872
0.00403832
0.00411001
0.00407787
0.00391481
0.00358079
0.00299714
0.00211415
0.00017265
0.000539651
0.000908257
0.00127774
0.00164756
0.00201615
0.00238142
0.00274046
0.00308927
0.00342231
0.00373206
0.00400827
0.0042371
0.00439989
0.00447224
0.00442392
0.0042177
0.00379607
0.0030549
0.00192244
0.00018853
0.000585806
0.000985042
0.00138545
0.00178659
0.00218707
0.00258493
0.00297741
0.00336067
0.00372932
0.00407588
0.00438994
0.00465706
0.00485722
0.00496332
0.0049398
0.00473921
0.00428761
0.00346004
0.00216298
0.000204661
0.000632724
0.0010632
0.00149537
0.00192905
0.00236316
0.00279612
0.00322568
0.00364857
0.0040602
0.00445403
0.00482082
0.00514734
0.00541466
0.00559583
0.0056527
0.0055299
0.00514146
0.00435191
0.00298508
0.000220926
0.000680059
0.00114214
0.00160662
0.00207368
0.00254272
0.00301274
0.00348224
0.00394896
0.00440961
0.00485947
0.00529173
0.00569651
0.0060594
0.00635897
0.00656223
0.00661515
0.00642585
0.00585035
0.00476735
0.000237164
0.000727331
0.001221
0.00171793
0.00221871
0.00272333
0.00323151
0.00374268
0.00425584
0.0047694
0.00528096
0.00578696
0.00628229
0.00675959
0.00720816
0.00761081
0.00793541
0.00811646
0.0080203
0.00728669
0.000381999
0.000537135
0.000620583
0.00061511
0.000508021
0.000325168
9.6257e-05
-0.000150597
-0.000390015
-0.000603349
-0.000779562
-0.000916302
-0.00101631
-0.00108612
-0.0011337
-0.0011662
-0.00118827
-0.00120187
-0.00120459
-0.00115042
0.000196884
0.000303887
0.000340211
0.000310502
0.000210187
4.59401e-05
-0.000163316
-0.00039464
-0.000624679
-0.000833131
-0.0010058
-0.00113631
-0.0012247
-0.00127647
-0.00129933
-0.00130127
-0.00128874
-0.00126663
-0.0012374
-0.00116734
0.000105469
0.000156029
0.000164154
0.000128276
4.3551e-05
-8.87016e-05
-0.00026003
-0.000455726
-0.000657727
-0.000847785
-0.00101076
-0.00113725
-0.00122431
-0.00127408
-0.00129226
-0.00128843
-0.00127025
-0.00124541
-0.00122012
-0.00118686
5.11761e-05
7.25181e-05
6.65197e-05
3.46718e-05
-2.84361e-05
-0.000124707
-0.000251517
-0.000401467
-0.000563157
-0.000723095
-0.00086821
-0.000988357
-0.00107807
-0.00113667
-0.00116772
-0.00117778
-0.0011742
-0.00116212
-0.00115151
-0.00114336
2.26492e-05
3.37273e-05
2.81175e-05
7.26061e-06
-3.26508e-05
-9.45854e-05
-0.000179102
-0.000283711
-0.000402676
-0.000527649
-0.000649103
-0.000758202
-0.000848559
-0.00091731
-0.00096494
-0.000994778
-0.00101172
-0.00102079
-0.00102624
-0.00103393
8.73148e-06
1.35294e-05
1.02053e-05
-6.62037e-07
-2.16422e-05
-5.57609e-05
-0.000105299
-0.000171047
-0.00025166
-0.000343388
-0.000440485
-0.000536274
-0.000624556
-0.000700879
-0.000763195
-0.000811662
-0.000848082
-0.000874737
-0.000893478
-0.000909578
-1.37763e-06
-3.94503e-06
-9.13143e-06
-1.64594e-05
-2.7614e-05
-4.51516e-05
-7.19209e-05
-0.000110535
-0.000162629
-0.000228118
-0.000304737
-0.000388202
-0.000473063
-0.000553934
-0.000626621
-0.000688676
-0.000739176
-0.000778
-0.000805402
-0.000824532
-9.76917e-06
-2.15041e-05
-3.35067e-05
-4.5119e-05
-5.70487e-05
-7.10704e-05
-8.9684e-05
-0.000115963
-0.000153035
-0.000203205
-0.000267005
-0.000342527
-0.000425466
-0.000510037
-0.000590395
-0.000661886
-0.000721538
-0.000767759
-0.000800114
-0.000820515
-2.01843e-05
-4.72722e-05
-7.29748e-05
-9.68623e-05
-0.000118984
-0.00014044
-0.000163139
-0.000189865
-0.000224071
-0.000269236
-0.000327785
-0.000399944
-0.000483018
-0.000571578
-0.000658773
-0.000738168
-0.000805125
-0.000857088
-0.00089351
-0.000916981
-3.12484e-05
-7.79279e-05
-0.00012289
-0.000165705
-0.000206006
-0.000244284
-0.000281704
-0.00032029
-0.000362964
-0.000413225
-0.000474346
-0.000548131
-0.000633746
-0.00072713
-0.000821597
-0.000909671
-0.000985218
-0.00104458
-0.001087
-0.00111723
-4.5016e-05
-0.000115789
-0.000185066
-0.000252481
-0.000317388
-0.000379881
-0.000440491
-0.000500389
-0.000561542
-0.000626677
-0.000698847
-0.000780522
-0.000872352
-0.000972179
-0.00107477
-0.00117289
-0.00125941
-0.0013292
-0.00138074
-0.00142138
-5.98089e-05
-0.000158218
-0.000255673
-0.000352121
-0.000446833
-0.000539702
-0.00063084
-0.0007207
-0.000810246
-0.000901042
-0.000995122
-0.0010945
-0.00120028
-0.00131171
-0.0014255
-0.00153593
-0.00163601
-0.00171921
-0.00178283
-0.00183684
-7.56097e-05
-0.000203862
-0.000332145
-0.000460678
-0.000588883
-0.00071671
-0.000844162
-0.000971318
-0.00109843
-0.00122599
-0.0013547
-0.00148525
-0.00161789
-0.00175183
-0.00188482
-0.00201291
-0.00213046
-0.00223057
-0.0023094
-0.00238013
-9.17057e-05
-0.00025028
-0.000410224
-0.000572147
-0.000735784
-0.000901393
-0.00106918
-0.00123925
-0.00141163
-0.00158618
-0.00176253
-0.00193987
-0.00211668
-0.00229048
-0.00245796
-0.00261547
-0.00275874
-0.0028818
-0.00298062
-0.00307341
-0.000106757
-0.000293782
-0.000483811
-0.000678069
-0.000876856
-0.00108101
-0.00129127
-0.00150819
-0.00173206
-0.00196266
-0.00219912
-0.00243946
-0.00268024
-0.00291624
-0.00314103
-0.00334849
-0.00353392
-0.00369245
-0.00382085
-0.00394554
-0.00011874
-0.000328244
-0.000542601
-0.000763886
-0.000993293
-0.00123263
-0.00148369
-0.00174812
-0.00202724
-0.00232175
-0.00263124
-0.00295343
-0.00328317
-0.00361149
-0.003926
-0.00421389
-0.00446622
-0.00467897
-0.0048534
-0.00503694
-0.0001248
-0.000345098
-0.000571874
-0.000808175
-0.00105627
-0.00131915
-0.00160009
-0.00190249
-0.00222982
-0.00258542
-0.00297191
-0.00339011
-0.00383682
-0.0043017
-0.00476502
-0.00519941
-0.00557705
-0.00587802
-0.00609999
-0.00636241
-0.000121483
-0.000334467
-0.000554901
-0.000786667
-0.00103306
-0.00129809
-0.00158624
-0.00190247
-0.00225228
-0.00264182
-0.00307785
-0.00356695
-0.00411341
-0.00471614
-0.00536689
-0.00605017
-0.00673808
-0.00736914
-0.00786953
-0.00846967
-0.000105804
-0.000287718
-0.000477077
-0.000677976
-0.000894594
-0.00113177
-0.00139509
-0.001691
-0.00202706
-0.00241199
-0.00285563
-0.00336805
-0.00395723
-0.0046255
-0.00536638
-0.00616225
-0.00697261
-0.0076876
-0.00816879
-0.00896393
-7.99151e-05
-0.00020478
-0.000337288
-0.000478646
-0.000632701
-0.000804024
-0.000998185
-0.00122237
-0.00148608
-0.00180227
-0.00218884
-0.00267069
-0.00328235
-0.00407316
-0.00511896
-0.00653298
-0.00841064
-0.0106915
-0.013123
-0.0180077
0.000143954
-0.000202329
-3.78436e-05
-6.77175e-05
-3.73946e-05
-3.15815e-05
-2.46207e-05
-2.07938e-05
-1.87771e-05
-1.80985e-05
-1.83034e-05
-1.88717e-05
-1.92112e-05
-1.86194e-05
-1.6299e-05
-1.14573e-05
-3.50267e-06
8.356e-06
2.45707e-05
4.57476e-05
0.000784529
0.000100026
0.000375241
0.000241679
0.000234566
0.000187597
0.000150657
0.000115752
8.46125e-05
5.73642e-05
3.39619e-05
1.44094e-05
-1.20577e-06
-1.26294e-05
-1.94286e-05
-2.10617e-05
-1.70646e-05
-7.14886e-06
8.18478e-06
2.61632e-05
0.00122532
0.000344838
0.000716533
0.000516365
0.000479605
0.000390704
0.000315876
0.000246485
0.000184998
0.000131613
8.61029e-05
4.81376e-05
1.73758e-05
-6.42211e-06
-2.33683e-05
-3.34985e-05
-3.69256e-05
-3.39953e-05
-2.57238e-05
-1.49684e-05
0.0015254
0.000541498
0.000990488
0.00074766
0.00068592
0.000562149
0.000454094
0.00035423
0.000265639
0.000188851
0.000123489
6.89289e-05
2.44635e-05
-1.05445e-05
-3.66146e-05
-5.4189e-05
-6.37799e-05
-6.60967e-05
-6.2432e-05
-5.54192e-05
0.00171686
0.000701605
0.00120757
0.000942859
0.000860506
0.000708161
0.000570984
0.000443844
0.000330724
0.000232603
0.000149058
7.92143e-05
2.20324e-05
-2.3483e-05
-5.81936e-05
-8.28419e-05
-9.81948e-05
-0.000105146
-0.000105173
-0.000101065
0.00182027
0.000828002
0.0013713
0.0011022
0.00100347
0.000828648
0.000666539
0.00051543
0.000380441
0.000263129
0.000163134
7.93769e-05
1.05057e-05
-4.48111e-05
-8.77446e-05
-0.000119281
-0.000140356
-0.000151922
-0.000155556
-0.000154143
0.00185388
0.000923843
0.00148653
0.00122674
0.00111543
0.000923653
0.000740624
0.000568761
0.000414524
0.000280173
0.000165499
6.92551e-05
-1.02072e-05
-7.4547e-05
-0.000125225
-0.000163427
-0.000190182
-0.00020638
-0.000213599
-0.000214627
0.00183406
0.000992333
0.001559
0.00131839
0.0011979
0.000993982
0.000793751
0.000604172
0.000433196
0.000283888
0.000156282
4.89904e-05
-3.99293e-05
-0.000112467
-0.000170367
-0.000214985
-0.000247383
-0.000268255
-0.000279096
-0.000282368
0.00177534
0.00103658
0.00159474
0.00137962
0.00125293
0.00104095
0.000826883
0.000622398
0.000437026
0.000274737
0.000135886
1.89687e-05
-7.82577e-05
-0.000158132
-0.000222692
-0.000273458
-0.000311479
-0.00033713
-0.000351751
-0.000357163
0.00169014
0.00105956
0.00159974
0.00141331
0.00128299
0.00106624
0.000841339
0.000624503
0.000426874
0.000253432
0.000104931
-2.02335e-05
-0.000124617
-0.000210935
-0.000281556
-0.000338175
-0.000381813
-0.000412405
-0.000431107
-0.000438629
0.00158863
0.00106408
0.00157959
0.00142257
0.00129075
0.00107187
0.000838739
0.000611808
0.000403849
0.000220913
6.42368e-05
-6.78615e-05
-0.000178268
-0.00027012
-0.000346157
-0.000408299
-0.000457548
-0.000493293
-0.000516536
-0.000526187
0.00147869
0.00105279
0.00153933
0.00141062
0.001279
0.00106004
0.000820976
0.000585801
0.000369254
0.000178322
1.48092e-05
-0.000122996
-0.000238327
-0.000334782
-0.000415544
-0.000482829
-0.000537665
-0.00057881
-0.00060725
-0.000619062
0.00136608
0.00102821
0.00148337
0.00138068
0.00125051
0.00103306
0.000789969
0.000548207
0.000324549
0.00012696
-4.21911e-05
-0.000184577
-0.000303773
-0.000403892
-0.00048863
-0.000560602
-0.000620955
-0.000667767
-0.000702309
-0.000716256
0.00125479
0.000992748
0.00141548
0.0013358
0.00120788
0.000993152
0.00074759
0.000500807
0.000271307
6.82314e-05
-0.000105492
-0.000251428
-0.000373479
-0.000476303
-0.000564195
-0.000640296
-0.000706004
-0.000758736
-0.000800599
-0.000816476
0.00114774
0.00094862
0.00133893
0.00127899
0.00115367
0.000942484
0.000695765
0.000445335
0.000211148
3.60158e-06
-0.000173755
-0.000322303
-0.000446235
-0.000550774
-0.00064089
-0.000720401
-0.000791127
-0.000849933
-0.00090073
-0.000918067
0.00104754
0.000897438
0.00125656
0.00121337
0.00109057
0.000883446
0.000636669
0.000383701
0.000145797
-6.53579e-05
-0.000245554
-0.000395885
-0.000520775
-0.000626017
-0.000717311
-0.000799302
-0.000874406
-0.000939192
-0.00100106
-0.00101897
0.000955924
0.000839989
0.00117025
0.00114188
0.00102137
0.000818691
0.000572849
0.000318275
7.73445e-05
-0.00013676
-0.000319224
-0.000470718
-0.0005958
-0.000700804
-0.000792205
-0.00087561
-0.000954163
-0.00102463
-0.00110057
-0.00111593
0.000868954
0.000778735
0.00107972
0.00106568
0.000947598
0.000749869
0.0005062
0.000251007
7.90719e-06
-0.000208658
-0.000393005
-0.000545276
-0.000670004
-0.000774
-0.000864537
-0.000948289
-0.00102927
-0.00110557
-0.00119979
-0.00119999
0.000770946
0.000723932
0.000982667
0.000982882
0.000867802
0.000675163
0.000435148
0.000180869
-6.3057e-05
-0.000281053
-0.000466443
-0.000618747
-0.000742244
-0.000844077
-0.000932254
-0.00101448
-0.00109589
-0.00117808
-0.00129248
-0.00124905
0.000652335
0.000687228
0.000882291
0.000892835
0.000780427
0.000591277
0.000355145
0.000103023
-0.00014006
-0.000357627
-0.000541939
-0.000692033
-0.000811772
-0.000908334
-0.000990134
-0.00106536
-0.00114002
-0.00122042
-0.00133686
-0.00124086
7.59505e-05
9.08939e-05
0.000101629
0.000111163
0.000119782
0.000127224
0.000133311
0.000137901
0.000140873
0.000142126
0.000141607
0.000139303
0.00013525
0.000129525
0.000122241
0.000113533
0.00010359
9.27067e-05
8.0508e-05
6.35655e-05
3.71388e-05
4.24417e-05
4.8116e-05
5.35312e-05
5.8263e-05
6.20814e-05
6.48506e-05
6.64734e-05
6.68785e-05
6.60184e-05
6.38714e-05
6.04393e-05
5.57506e-05
4.98628e-05
4.28649e-05
3.48773e-05
2.60689e-05
1.67228e-05
7.32985e-06
-1.52013e-06
-7.98093e-06
-4.13692e-06
-3.66702e-07
2.94057e-06
5.55942e-06
7.34464e-06
8.17426e-06
7.94802e-06
6.59287e-06
4.06601e-06
3.55839e-07
-4.51707e-06
-1.04997e-05
-1.75066e-05
-2.54216e-05
-3.41023e-05
-4.33854e-05
-5.30752e-05
-6.28864e-05
-7.25052e-05
-4.84678e-05
-4.50018e-05
-4.21049e-05
-3.97705e-05
-3.81644e-05
-3.74541e-05
-3.77774e-05
-3.9245e-05
-4.19367e-05
-4.58969e-05
-5.11321e-05
-5.76091e-05
-6.52557e-05
-7.39616e-05
-8.35816e-05
-9.39426e-05
-0.000104847
-0.000116058
-0.000127349
-0.000138817
-9.5617e-05
-9.3143e-05
-9.12082e-05
-8.98078e-05
-8.91567e-05
-8.94573e-05
-9.08676e-05
-9.35121e-05
-9.74796e-05
-0.000102817
-0.000109529
-0.00011757
-0.000126852
-0.000137241
-0.000148562
-0.00016061
-0.000173147
-0.000185887
-0.000198536
-0.0002112
-0.000150048
-0.000148322
-0.000147105
-0.000146421
-0.000146522
-0.000147639
-0.000149955
-0.000153616
-0.000158726
-0.00016534
-0.000173462
-0.000183038
-0.000193963
-0.000206077
-0.000219172
-0.000233004
-0.000247294
-0.000261708
-0.000275901
-0.000289957
-0.000211409
-0.000210169
-0.000209425
-0.000209208
-0.000209808
-0.000211496
-0.00021449
-0.000218968
-0.000225055
-0.000232823
-0.000242279
-0.000253363
-0.00026595
-0.000279852
-0.000294821
-0.000310566
-0.000326757
-0.000343002
-0.000358898
-0.000374536
-0.000279718
-0.000278793
-0.000278326
-0.000278351
-0.000279208
-0.000281225
-0.000284668
-0.000289755
-0.000296647
-0.000305435
-0.000316136
-0.000328686
-0.00034294
-0.000358673
-0.000375593
-0.000393352
-0.000411557
-0.000429743
-0.000447437
-0.000464742
-0.000354837
-0.000354083
-0.000353706
-0.000353746
-0.000354613
-0.000356702
-0.000360345
-0.000365814
-0.000373317
-0.000382977
-0.000394825
-0.000408793
-0.000424713
-0.000442321
-0.000461268
-0.000481137
-0.000501458
-0.00052168
-0.000541243
-0.000560262
-0.000436435
-0.000435724
-0.00043525
-0.000435059
-0.000435652
-0.000437516
-0.000441067
-0.000446654
-0.000454547
-0.000464912
-0.000477801
-0.000493144
-0.000510747
-0.0005303
-0.00055138
-0.000573485
-0.000596049
-0.000618412
-0.000639903
-0.000660654
-0.000524025
-0.000523259
-0.000522481
-0.000521763
-0.000521728
-0.00052299
-0.000526083
-0.000531462
-0.000539479
-0.000550359
-0.000564183
-0.000580883
-0.000600233
-0.000621861
-0.000645256
-0.000669801
-0.000694803
-0.000719459
-0.00074295
-0.000765411
-0.000617012
-0.000616133
-0.000614798
-0.000613151
-0.000612002
-0.000612152
-0.000614298
-0.000619042
-0.000626851
-0.000638027
-0.000652691
-0.000670777
-0.000692021
-0.000715972
-0.000742004
-0.000769344
-0.000797125
-0.000824342
-0.000849954
-0.000874043
-0.000714772
-0.000713797
-0.000711551
-0.000708379
-0.000705406
-0.000703707
-0.000704224
-0.000707762
-0.000714938
-0.000726154
-0.000741582
-0.00076116
-0.000784577
-0.000811289
-0.000840519
-0.000871277
-0.000902441
-0.000932708
-0.000960677
-0.000986207
-0.000816803
-0.000815895
-0.000812178
-0.000806543
-0.000800661
-0.000796032
-0.000793956
-0.000795511
-0.000801506
-0.000812461
-0.000828608
-0.000849886
-0.000875952
-0.000906138
-0.000939481
-0.000974711
-0.00101032
-0.00104454
-0.00107535
-0.00110195
-0.000923171
-0.000922705
-0.000916491
-0.000906812
-0.000896321
-0.000887165
-0.000881136
-0.000879663
-0.000883769
-0.000894107
-0.000910958
-0.000934271
-0.000963734
-0.000998476
-0.00103736
-0.00107877
-0.00112064
-0.00116053
-0.00119527
-0.00122236
-0.00103569
-0.00103632
-0.00102543
-0.00100882
-0.000990928
-0.000974824
-0.000962924
-0.000957035
-0.000958368
-0.000967687
-0.00098527
-0.00101108
-0.0010449
-0.00108581
-0.0011324
-0.00118272
-0.00123408
-0.00128302
-0.00132433
-0.00135116
-0.00115858
-0.00116138
-0.00114144
-0.00111281
-0.00108303
-0.00105638
-0.00103599
-0.00102403
-0.00102162
-0.00102942
-0.00104782
-0.00107685
-0.00111606
-0.001165
-0.0012224
-0.00128591
-0.00135217
-0.00141639
-0.00146991
-0.00149571
-0.00129864
-0.00130174
-0.0012645
-0.00121665
-0.00116926
-0.00112809
-0.00109658
-0.00107674
-0.00106954
-0.00107542
-0.00109459
-0.00112716
-0.00117308
-0.00123208
-0.00130347
-0.00138499
-0.00147325
-0.00156198
-0.00163833
-0.00166717
-0.0015109
-0.00148033
-0.00139868
-0.00131691
-0.00124318
-0.00118367
-0.00113851
-0.00110963
-0.00109716
-0.00110087
-0.00112072
-0.0011569
-0.00120985
-0.00128025
-0.00136825
-0.00147216
-0.0015921
-0.0017248
-0.00185602
-0.00193877
-0.00208017
-0.00185544
-0.00162747
-0.00145251
-0.00131791
-0.00121793
-0.001151
-0.00110963
-0.00109016
-0.00109092
-0.00111116
-0.00115114
-0.00121227
-0.00129729
-0.00141119
-0.00156304
-0.00175678
-0.00200179
-0.00230988
-0.0026846
2.7645e-05
2.41837e-06
-1.56824e-05
-2.72089e-05
-3.35414e-05
-3.61755e-05
-3.66388e-05
-3.63202e-05
-3.62344e-05
-3.70616e-05
-3.91796e-05
-4.26837e-05
-4.76425e-05
-5.29889e-05
-6.22041e-05
-6.21543e-05
-9.68845e-05
-4.57314e-05
-0.000215803
0.000105846
-2.11588e-05
-4.85841e-05
-6.92567e-05
-8.06588e-05
-8.37354e-05
-8.01763e-05
-7.14297e-05
-5.86501e-05
-4.24537e-05
-2.30604e-05
-3.72426e-07
2.58943e-05
5.55663e-05
9.05045e-05
0.000122919
0.000174274
0.000164774
0.00030709
3.48082e-05
0.000642717
-9.13874e-05
-0.000115221
-0.000131944
-0.000139003
-0.000136695
-0.000126177
-0.000108265
-8.36142e-05
-5.24106e-05
-1.45558e-05
3.02392e-05
8.22499e-05
0.000141075
0.000207274
0.000271829
0.000356939
0.000364206
0.00055183
0.00019674
0.000938795
-0.00016149
-0.000185378
-0.000200324
-0.000204285
-0.000197311
-0.000180421
-0.000154068
-0.000118577
-7.37553e-05
-1.91462e-05
4.5825e-05
0.000121534
0.000207374
0.000302765
0.000397732
0.00051188
0.000538962
0.000750161
0.000345925
0.0011262
-0.000236254
-0.000261225
-0.00027512
-0.000276275
-0.000264721
-0.000241632
-0.000207252
-0.000161641
-0.000104228
-3.41748e-05
4.93939e-05
0.000146922
0.00025745
0.000379131
0.000501
0.000637901
0.000682555
0.000898175
0.000465137
0.00122032
-0.000317488
-0.000343703
-0.000356441
-0.000354638
-0.000338396
-0.000309234
-0.000267245
-0.000212249
-0.000143277
-5.90847e-05
4.15121e-05
0.000158986
0.000291892
0.000437111
0.000582474
0.000737033
0.000796862
0.00100417
0.000559175
0.00125202
-0.000404955
-0.000432564
-0.000443934
-0.000438989
-0.000417948
-0.00038286
-0.000333703
-0.000270059
-0.000190537
-9.34522e-05
2.26936e-05
0.000158343
0.000311443
0.000477706
0.000643286
0.000811209
0.000883521
0.00107415
0.000629798
0.00124012
-0.000498286
-0.000527396
-0.0005371
-0.000528806
-0.000502845
-0.00046199
-0.000406115
-0.000334554
-0.000245453
-0.000136655
-6.34756e-06
0.000145819
0.000317197
0.000501904
0.000684776
0.000862523
0.000944698
0.00111388
0.000679486
0.00119935
-0.000597089
-0.00062774
-0.000635337
-0.000623444
-0.000592426
-0.000545977
-0.000483848
-0.000405089
-0.00030734
-0.000187938
-4.47674e-05
0.000122368
0.00031015
0.000511028
0.000708442
0.000893137
0.000982786
0.00112848
0.000710569
0.0011403
-0.000700853
-0.000733058
-0.00073793
-0.000722151
-0.000685929
-0.000634073
-0.000566164
-0.000480916
-0.000375408
-0.000246442
-9.16137e-05
8.90548e-05
0.000291494
0.000506418
0.000715901
0.000905244
0.00100031
0.00112249
0.000725352
0.00107058
-0.000808946
-0.000842742
-0.000844056
-0.000824071
-0.00078249
-0.000725437
-0.000652238
-0.000561198
-0.000448775
-0.000311213
-0.000145843
4.70287e-05
0.000262482
0.000489518
0.00070885
0.000901021
0.000999829
0.00109983
0.000726062
0.000995557
-0.000920623
-0.000956143
-0.000952784
-0.000928245
-0.000881155
-0.000819145
-0.000741166
-0.000645018
-0.000526481
-0.000381219
-0.000206336
-2.50036e-06
0.000224415
0.0004618
0.000689011
0.000882577
0.000983842
0.00106383
0.000714825
0.000918859
-0.001035
-0.0010726
-0.00106308
-0.00103361
-0.000980877
-0.000914191
-0.000831972
-0.000731393
-0.0006075
-0.000455376
-0.000271945
-5.83331e-05
0.00017862
0.000424703
0.000658037
0.000851875
0.000954689
0.00101728
0.000693658
0.000842879
-0.00115101
-0.00119143
-0.00117374
-0.00113895
-0.0010805
-0.00100949
-0.000923616
-0.000819292
-0.000690781
-0.000532593
-0.000341552
-0.000119342
0.000126395
0.000379607
0.000617497
0.000810763
0.000914596
0.000962594
0.000664468
0.000769183
-0.00126737
-0.00131182
-0.0012833
-0.00124283
-0.00117874
-0.00110386
-0.00101501
-0.000907661
-0.000775262
-0.000611783
-0.000414038
-0.000184242
6.8926e-05
0.000327987
0.000569106
0.000761232
0.000865912
0.000901965
0.000628913
0.000698985
-0.00138259
-0.001433
-0.00139007
-0.00134374
-0.00127428
-0.00119614
-0.00110507
-0.000995415
-0.000859805
-0.00069171
-0.000488032
-0.000251574
7.96344e-06
0.000271812
0.00051508
0.000705701
0.000811237
0.000837295
0.00058809
0.000633423
-0.00149361
-0.00155545
-0.00149305
-0.00144066
-0.00136627
-0.00128544
-0.00119279
-0.0010814
-0.000943038
-0.000770752
-0.000561668
-0.000319294
-5.43358e-05
0.000213318
0.000457637
0.000646318
0.000752546
0.000769423
0.00054268
0.000572784
-0.00159059
-0.00168171
-0.00159271
-0.00153304
-0.00145408
-0.00137097
-0.00127722
-0.00116447
-0.00102364
-0.00084749
-0.000633651
-0.000386279
-0.000117234
0.000152686
0.000396463
0.000582606
0.000689017
0.000697161
0.00049502
0.000513713
-0.0016531
-0.00180537
-0.00168519
-0.00161623
-0.00153434
-0.0014504
-0.00135687
-0.00124397
-0.00110181
-0.000923132
-0.000706326
-0.000455777
-0.000184968
8.49113e-05
0.000326433
0.000510224
0.00061664
0.000618733
0.000452064
0.000447402
-0.00167515
-0.0018785
-0.0017469
-0.00167386
-0.0015967
-0.00151782
-0.00142925
-0.00132019
-0.00118023
-0.00100236
-0.000785458
-0.000534425
-0.000263745
4.93128e-06
0.000244539
0.0004283
0.000536006
0.000539643
0.000418237
0.000372812
-0.00178223
-0.00181154
-0.00180258
-0.00178857
-0.0017698
-0.00174122
-0.00169361
-0.00161553
-0.00149653
-0.0013306
-0.00111778
-0.000866955
-0.000595417
-0.000327109
-8.77658e-05
0.000100413
0.000219217
0.000263009
0.000246923
0.000143203
-0.00171795
-0.0017786
-0.00181445
-0.00184731
-0.00187059
-0.00187525
-0.00185143
-0.00178857
-0.00167675
-0.00151421
-0.0013055
-0.00106411
-0.000810174
-0.00056624
-0.000352534
-0.00018363
-6.5929e-05
5.91738e-06
3.53684e-05
2.01221e-05
-0.00153836
-0.00155759
-0.00157982
-0.00160438
-0.00162297
-0.00162064
-0.00159036
-0.00152344
-0.00141532
-0.00126743
-0.00108802
-0.000891438
-0.000694554
-0.000512944
-0.000357882
-0.000234743
-0.000142534
-7.74606e-05
-3.43522e-05
-5.26211e-06
-0.00119075
-0.00118224
-0.00118254
-0.00118076
-0.00117123
-0.00114661
-0.00110046
-0.00102908
-0.000932909
-0.000816577
-0.000688696
-0.000559638
-0.000438966
-0.000333422
-0.000246052
-0.000176412
-0.000122031
-7.93415e-05
-4.39512e-05
-1.57717e-05
-0.000741223
-0.000718406
-0.000698474
-0.000671732
-0.000636595
-0.000590846
-0.000533393
-0.00046551
-0.000390944
-0.000315352
-0.000244729
-0.000183819
-0.000135106
-9.86765e-05
-7.28123e-05
-5.48955e-05
-4.21377e-05
-3.18139e-05
-2.27777e-05
-1.41947e-05
-0.000335152
-0.000309163
-0.00027755
-0.000235383
-0.000183968
-0.000125716
-6.43181e-05
-5.03951e-06
4.61951e-05
8.44445e-05
0.000107165
0.000114694
0.000109667
9.59659e-05
7.75607e-05
5.77174e-05
3.87882e-05
2.20628e-05
7.48613e-06
-3.2705e-06
-6.22855e-05
-3.71684e-05
-2.0552e-06
4.53692e-05
0.000102343
0.000163572
0.000221985
0.000269615
0.000299724
0.000308938
0.000297968
0.000270882
0.000233499
0.00019158
0.000149681
0.000110796
7.64884e-05
4.71375e-05
2.23475e-05
2.60537e-06
5.73575e-05
8.38355e-05
0.000120073
0.000169061
0.000227611
0.000288659
0.000342862
0.000380841
0.000396416
0.000388409
0.000360201
0.000318114
0.000268991
0.000218496
0.000170468
0.000127014
8.89344e-05
5.62475e-05
2.81436e-05
4.07908e-06
4.20418e-05
7.47417e-05
0.000114558
0.000166834
0.000227528
0.000287701
0.000336614
0.000365333
0.000370011
0.000352168
0.000317422
0.000272913
0.000225043
0.000178414
0.000135754
9.83184e-05
6.6433e-05
3.98042e-05
1.71111e-05
-1.19213e-06
-8.91647e-05
-4.7317e-05
-9.9762e-07
5.7067e-05
0.000121002
0.000179938
0.000223302
0.000244771
0.00024382
0.000224607
0.000193832
0.00015809
0.000122393
8.98686e-05
6.20729e-05
3.9512e-05
2.20813e-05
9.19555e-06
-2.2652e-07
-5.2509e-06
-0.000342342
-0.000290845
-0.000237028
-0.00017246
-0.000105091
-4.67172e-05
-5.76321e-06
1.50929e-05
1.81645e-05
9.04795e-06
-6.03493e-06
-2.20555e-05
-3.57499e-05
-4.54141e-05
-5.04256e-05
-5.0795e-05
-4.68586e-05
-3.91342e-05
-2.85722e-05
-1.49405e-05
-0.000735057
-0.000673498
-0.000611449
-0.00053905
-0.000465623
-0.00040219
-0.000354024
-0.000321066
-0.000299652
-0.000284657
-0.000271513
-0.000257101
-0.00023974
-0.00021878
-0.00019418
-0.000166191
-0.000135141
-0.000101445
-6.62301e-05
-2.86607e-05
-0.00128569
-0.0012126
-0.00113952
-0.00105465
-0.000967879
-0.000888119
-0.000817894
-0.000756011
-0.000699456
-0.000645063
-0.000590518
-0.000534607
-0.00047696
-0.000417679
-0.000357042
-0.000295324
-0.000232708
-0.000169458
-0.000106333
-4.1547e-05
-0.0020168
-0.00192542
-0.00183416
-0.00172939
-0.0016188
-0.00150605
-0.00139195
-0.0012773
-0.00116312
-0.00105018
-0.000939029
-0.000830167
-0.000724002
-0.000620776
-0.000520521
-0.000423058
-0.000328044
-0.000235144
-0.00014436
-5.37385e-05
-0.00294266
-0.00283541
-0.00273473
-0.00260488
-0.00244499
-0.00225843
-0.00205548
-0.00184902
-0.00164839
-0.00145827
-0.0012801
-0.00111365
-0.000957955
-0.000811807
-0.000673933
-0.000543078
-0.000418003
-0.000297571
-0.000181318
-6.69971e-05
-0.00440703
-0.00423433
-0.00401119
-0.00372403
-0.00339649
-0.00305421
-0.00271937
-0.00240393
-0.00211201
-0.00184453
-0.00160033
-0.00137717
-0.00117251
-0.000983879
-0.000809132
-0.000646338
-0.000493626
-0.000349191
-0.00021188
-7.79824e-05
-0.00508288
-0.00486989
-0.0047532
-0.00453463
-0.00421933
-0.00382667
-0.00339798
-0.00297158
-0.00256704
-0.00219159
-0.00184892
-0.00154104
-0.00126811
-0.00102849
-0.000819106
-0.000635837
-0.000474132
-0.000329474
-0.000197937
-7.2894e-05
-0.0109083
-0.0100601
-0.00911426
-0.00776305
-0.00642059
-0.00519268
-0.00412836
-0.00324304
-0.00252645
-0.00195344
-0.00149853
-0.00114027
-0.000860518
-0.000643552
-0.000475909
-0.000346272
-0.000245092
-0.000164509
-9.84489e-05
-3.93288e-05
-0.00551239
-0.00463878
-0.00415659
-0.00321473
-0.00241207
-0.00175008
-0.00120586
-0.000780443
-0.00046577
-0.000240388
-8.2234e-05
2.50565e-05
9.30325e-05
0.000130279
0.000143478
0.000137972
0.000118196
8.79458e-05
5.03249e-05
1.02706e-05
-0.0422081
-0.0250227
-0.0183924
-0.0116893
-0.00715162
-0.00428982
-0.00239833
-0.00114139
-0.000315838
0.000213231
0.000535969
0.000713292
0.000786925
0.000785936
0.000731023
0.0006373
0.000516129
0.000376392
0.000224873
6.82317e-05
)
;

boundaryField
{
    inlet
    {
        type            zeroGradient;
    }
    outlet
    {
        type            fixedValue;
        value           uniform 0;
    }
    upAndBottom
    {
        type            empty;
    }
    obstacle
    {
        type            zeroGradient;
    }
}


// ************************************************************************* //
