/*--------------------------------*- C++ -*----------------------------------*\
| =========                 |                                                 |
| \\      /  F ield         | OpenFOAM: The Open Source CFD Toolbox           |
|  \\    /   O peration     | Version:  v1806                                 |
|   \\  /    A nd           | Web:      www.OpenFOAM.com                      |
|    \\/     M anipulation  |                                                 |
\*---------------------------------------------------------------------------*/
FoamFile
{
    version     2.0;
    format      ascii;
    class       surfaceScalarField;
    location    "1";
    object      phi;
}
// * * * * * * * * * * * * * * * * * * * * * * * * * * * * * * * * * * * * * //

dimensions      [0 3 -1 0 0 0 0];
oriented        oriented;


internalField   nonuniform List<scalar> 
4680
(
0.748574
-0.0203026
0.752971
-0.00111165
0.754294
-0.0186073
0.744596
-0.115147
0.736455
-0.169768
0.742785
-0.115278
0.755141
-0.0397137
0.756747
-0.0625131
0.738808
-0.206406
0.702977
-0.40134
0.655754
-0.56756
0.603707
-0.671143
0.55121
-0.719067
0.500377
-0.731846
0.452054
-0.726235
0.406689
-0.711649
0.364546
-0.69215
0.325856
-0.66958
0.290524
-0.644606
-0.618197
0.258757
0.748486
-0.0187881
0.751848
-0.00447382
0.752625
-0.0193842
0.744406
-0.106928
0.739397
-0.164759
0.742037
-0.117918
0.743811
-0.0414881
0.739283
-0.0579845
0.726513
-0.193635
0.699625
-0.374453
0.66074
-0.528675
0.617284
-0.627687
0.574275
-0.676058
0.533072
-0.690642
0.493405
-0.686568
0.455071
-0.673315
0.418142
-0.655221
0.382996
-0.634433
0.349944
-0.611554
-0.587256
0.319002
0.748698
-0.0174857
0.75311
-0.00888644
0.752147
-0.0184209
0.742185
-0.0969666
0.734405
-0.156978
0.734875
-0.118388
0.741142
-0.0477551
0.743301
-0.0601439
0.727508
-0.177842
0.692223
-0.339168
0.645933
-0.482385
0.599595
-0.581349
0.556292
-0.632755
0.515711
-0.650061
0.476933
-0.64779
0.439717
-0.636098
0.404059
-0.619564
0.37027
-0.600644
0.338494
-0.579778
-0.557905
0.309143
0.750054
-0.01754
0.751416
-0.0102478
0.749595
-0.0166007
0.743811
-0.0911817
0.736376
-0.149544
0.732672
-0.114684
0.732518
-0.0476005
0.726295
-0.0539206
0.706792
-0.15834
0.67993
-0.312306
0.652448
-0.454902
0.624225
-0.553127
0.593608
-0.602138
0.561089
-0.617542
0.527967
-0.614668
0.495206
-0.603338
0.462959
-0.587316
0.431517
-0.569202
0.400767
-0.549028
-0.528218
0.371079
0.749063
-0.0166035
0.748076
-0.00926042
0.750033
-0.0185581
0.746086
-0.0872344
0.735983
-0.139441
0.733089
-0.11179
0.737097
-0.051608
0.733357
-0.050181
0.720835
-0.145818
0.702351
-0.293822
0.675154
-0.427705
0.636697
-0.51467
0.59183
-0.557271
0.547076
-0.572789
0.505475
-0.573067
0.468209
-0.566072
0.434792
-0.5539
0.405025
-0.539434
0.377961
-0.521965
-0.503359
0.353103
0.748305
-0.014908
0.751069
-0.0120247
0.751507
-0.0189964
0.742251
-0.077978
0.733948
-0.131138
0.734255
-0.112097
0.736354
-0.0537074
0.736217
-0.0500438
0.73174
-0.141341
0.71796
-0.280042
0.691688
-0.401433
0.660048
-0.48303
0.629402
-0.526625
0.599867
-0.543254
0.569256
-0.542456
0.537459
-0.534276
0.504247
-0.520688
0.471258
-0.506444
0.438742
-0.489449
-0.472715
0.408098
0.749997
-0.0149051
0.749857
-0.0118851
0.74752
-0.0166586
0.744581
-0.0750391
0.739696
-0.126254
0.731726
-0.104126
0.726587
-0.0485687
0.721997
-0.0454544
0.700977
-0.12032
0.660752
-0.239818
0.617486
-0.358167
0.581905
-0.447449
0.553667
-0.498387
0.529534
-0.519122
0.50673
-0.519652
0.485491
-0.513037
0.464031
-0.499228
0.443338
-0.485751
0.422137
-0.468249
-0.451556
0.400979
0.748813
-0.0137184
0.748812
-0.0118842
0.749966
-0.0178124
0.745058
-0.0701308
0.735205
-0.116401
0.733155
-0.102076
0.740627
-0.0560407
0.744428
-0.0492557
0.740631
-0.116522
0.735947
-0.235134
0.729222
-0.351442
0.712513
-0.43074
0.681696
-0.467569
0.643146
-0.480572
0.601582
-0.478088
0.562749
-0.474204
0.525662
-0.462141
0.493185
-0.453274
0.462655
-0.437719
-0.424368
0.435467
0.749288
-0.0130062
0.749804
-0.0124003
0.748863
-0.0168715
0.743826
-0.0650934
0.7387
-0.111275
0.734687
-0.098064
0.728535
-0.0498879
0.720644
-0.0413647
0.709408
-0.105287
0.686938
-0.212663
0.651768
-0.316272
0.61417
-0.393142
0.582833
-0.436232
0.560898
-0.458637
0.541137
-0.458327
0.524239
-0.457305
0.504007
-0.441909
0.485389
-0.434656
0.464271
-0.416602
-0.40394
0.443844
0.749265
-0.0122712
0.748944
-0.0120793
0.748662
-0.0165894
0.745125
-0.0615564
0.737592
-0.103742
0.732335
-0.0928072
0.734515
-0.0520681
0.738525
-0.0453745
0.733706
-0.100467
0.718433
-0.19739
0.698459
-0.296299
0.677569
-0.372251
0.652176
-0.41084
0.624492
-0.430953
0.59232
-0.426155
0.565123
-0.430109
0.534879
-0.411664
0.511639
-0.411416
0.486643
-0.391606
-0.382526
0.465229
0.749203
-0.0114743
0.749081
-0.0119574
0.748665
-0.0161737
0.744504
-0.0573953
0.738342
-0.0975795
0.734608
-0.0890731
0.73245
-0.0499102
0.727595
-0.04052
0.718538
-0.0914095
0.705446
-0.184299
0.685978
-0.27683
0.661199
-0.347472
0.632698
-0.382339
0.607967
-0.406222
0.580504
-0.398692
0.561944
-0.411549
0.535742
-0.385462
0.519769
-0.395443
0.497956
-0.369794
-0.364959
0.480389
0.749254
-0.0107278
0.748931
-0.0116344
0.748432
-0.015675
0.744838
-0.0538016
0.738327
-0.0910681
0.732728
-0.0834748
0.731114
-0.0482962
0.731495
-0.0409007
0.727463
-0.0873774
0.714428
-0.171264
0.693221
-0.255623
0.66922
-0.323471
0.642982
-0.356101
0.620804
-0.384043
0.592362
-0.37025
0.576509
-0.395696
0.546938
-0.355891
0.535289
-0.383793
0.513111
-0.347617
-0.350211
0.498364
0.749246
-0.00997333
0.748845
-0.0112341
0.748269
-0.0150987
0.744494
-0.0500271
0.738017
-0.0845908
0.733187
-0.0786451
0.731785
-0.046894
0.729908
-0.0390235
0.7233
-0.0807693
0.710699
-0.158663
0.693007
-0.237931
0.671672
-0.302136
0.646609
-0.331038
0.625218
-0.362653
0.595767
-0.340799
0.584409
-0.384338
0.551637
-0.323118
0.547742
-0.379898
0.525795
-0.325669
-0.340354
0.515938
0.749246
-0.00921899
0.748722
-0.0107102
0.748019
-0.0143959
0.744348
-0.0463559
0.737999
-0.0782422
0.732627
-0.0732726
0.73032
-0.0445868
0.728717
-0.0374207
0.724052
-0.076105
0.712506
-0.147117
0.6948
-0.220225
0.672373
-0.279709
0.647967
-0.306632
0.627371
-0.342057
0.598502
-0.31193
0.591762
-0.377599
0.555229
-0.286585
0.560359
-0.385029
0.536978
-0.302288
-0.337935
0.534559
0.749233
-0.0084522
0.748605
-0.0100817
0.747818
-0.0136097
0.74408
-0.0426179
0.737583
-0.0717449
0.731969
-0.0676585
0.729599
-0.0422168
0.72776
-0.0355821
0.722688
-0.0710321
0.710685
-0.135114
0.693882
-0.203422
0.671886
-0.257714
0.649156
-0.283901
0.628067
-0.320968
0.600829
-0.284692
0.595736
-0.372506
0.557742
-0.248591
0.571062
-0.398348
0.543676
-0.274903
-0.347931
0.553673
0.749223
-0.00767502
0.748491
-0.00934963
0.747571
-0.0126904
0.743743
-0.0387889
0.737163
-0.0651653
0.731338
-0.0618336
0.728538
-0.0394168
0.72626
-0.0333038
0.721075
-0.0658475
0.709235
-0.123275
0.692336
-0.186522
0.669815
-0.235192
0.6474
-0.261486
0.624564
-0.298132
0.601243
-0.261371
0.592121
-0.363384
0.560801
-0.217272
0.576696
-0.414243
0.544161
-0.242367
-0.377416
0.573646
0.749209
-0.00688373
0.748379
-0.00851945
0.747335
-0.0116469
0.743387
-0.0348407
0.736642
-0.0584206
0.730609
-0.0558003
0.727364
-0.0361721
0.724798
-0.0307378
0.718925
-0.0599747
0.707176
-0.111525
0.689095
-0.168441
0.666846
-0.212944
0.643183
-0.237824
0.617388
-0.272337
0.600055
-0.244037
0.577133
-0.340461
0.565596
-0.205736
0.570902
-0.419549
0.539565
-0.21103
-0.435627
0.597776
0.749179
-0.00606295
0.748281
-0.00762098
0.747122
-0.0104879
0.743029
-0.0307475
0.736095
-0.0514874
0.729902
-0.0496066
0.72612
-0.0323904
0.72328
-0.0278982
0.716426
-0.0531207
0.704939
-0.100038
0.684873
-0.148375
0.663473
-0.191544
0.636358
-0.210708
0.609965
-0.245944
0.593329
-0.227401
0.554713
-0.301846
0.569635
-0.220658
0.548144
-0.398058
0.536022
-0.198908
-0.5307
0.631095
0.749137
-0.00520021
0.748184
-0.00666799
0.746905
-0.00920829
0.742658
-0.0265011
0.735629
-0.0444587
0.729236
-0.043213
0.724913
-0.0280677
0.721643
-0.0246284
0.714122
-0.0455991
0.702083
-0.0879988
0.680936
-0.127228
0.65832
-0.168928
0.628753
-0.181141
0.600722
-0.217914
0.577357
-0.204035
0.538277
-0.262766
0.54942
-0.231801
0.501742
-0.35038
0.557808
-0.254974
-0.579316
0.606423
0.749135
-0.00433515
0.748155
-0.00568804
0.746643
-0.00769653
0.742235
-0.0220925
0.735225
-0.0374487
0.728558
-0.036546
0.723934
-0.0234441
0.719882
-0.0205765
0.712602
-0.0383194
0.698419
-0.0738153
0.678637
-0.107446
0.65067
-0.140961
0.62388
-0.154352
0.586974
-0.181007
0.559327
-0.176388
0.51756
-0.220999
0.493927
-0.208168
0.448636
-0.305088
0.517124
-0.323463
0.505664
-0.567855
0.204306
-1.15276
0.159685
-1.03872
0.123645
-0.927166
0.0948903
-0.821236
0.0722982
-0.723083
0.0548436
-0.633809
0.0415526
-0.55381
0.0315453
-0.483018
0.0240576
-0.421054
-0.367196
0.0185133
0.264062
-1.09782
0.217208
-0.991864
0.177229
-0.887188
0.14333
-0.787337
0.114908
-0.694661
0.0914617
-0.610362
0.07245
-0.534798
0.0572709
-0.467839
0.0452995
-0.409082
-0.357858
0.0359609
0.257105
-1.04578
0.213478
-0.948238
0.177107
-0.850817
0.146752
-0.756981
0.121318
-0.669227
0.0999788
-0.589023
0.082134
-0.516954
0.0673107
-0.453016
0.0551045
-0.396876
-0.347883
0.0451301
0.314863
-0.989563
0.264264
-0.897638
0.219829
-0.806382
0.181707
-0.718859
0.149631
-0.637152
0.122983
-0.562375
0.101015
-0.494985
0.0829902
-0.434992
0.0682595
-0.382146
-0.335884
0.0562598
0.307896
-0.944356
0.266888
-0.85663
0.229298
-0.768792
0.195088
-0.684649
0.164583
-0.606646
0.137951
-0.535743
0.115113
-0.472147
0.095799
-0.415678
0.0796459
-0.365992
-0.322483
0.0662459
0.351409
-0.887668
0.301112
-0.806333
0.256708
-0.724388
0.21768
-0.645621
0.183726
-0.572693
0.154479
-0.506496
0.129508
-0.447176
0.108358
-0.394528
0.0905847
-0.348219
-0.307648
0.0757489
0.357665
-0.844354
0.314781
-0.763449
0.273379
-0.682986
0.234708
-0.606949
0.199839
-0.537824
0.169172
-0.475828
0.14264
-0.420644
0.119953
-0.371842
0.10074
-0.329006
-0.291501
0.0845937
0.384723
-0.79361
0.337694
-0.71642
0.293416
-0.638708
0.252393
-0.565927
0.21551
-0.500941
0.18305
-0.443367
0.154887
-0.392481
0.130706
-0.347661
0.110133
-0.308434
-0.27413
0.0927623
0.399956
-0.749723
0.355563
-0.672027
0.311034
-0.594178
0.268527
-0.52342
0.229924
-0.462338
0.19581
-0.409254
0.166125
-0.362796
0.140554
-0.322089
0.118721
-0.286601
-0.255622
0.100213
0.420091
-0.704585
0.375101
-0.627037
0.328665
-0.547742
0.283892
-0.478647
0.243298
-0.421743
0.207492
-0.373448
0.176342
-0.331645
0.14947
-0.295218
0.12647
-0.263601
-0.236059
0.106907
0.437997
-0.662193
0.394134
-0.583174
0.3456
-0.499209
0.298211
-0.431257
0.255504
-0.379037
0.218022
-0.335966
0.18549
-0.299113
0.15742
-0.267149
0.13335
-0.239531
-0.215516
0.112808
0.457153
-0.620983
0.414113
-0.540134
0.362143
-0.447238
0.31146
-0.380575
0.266469
-0.334045
0.227331
-0.296828
0.193522
-0.265304
0.164372
-0.237999
0.139333
-0.214491
-0.194064
0.11788
0.476869
-0.581914
0.435009
-0.498275
0.377908
-0.390137
0.323413
-0.32608
0.276038
-0.28667
0.235319
-0.256109
0.200385
-0.23037
0.170298
-0.207911
0.144395
-0.188588
-0.171758
0.122089
0.498165
-0.545519
0.456822
-0.456932
0.392401
-0.325716
0.333738
-0.267417
0.283986
-0.236918
0.24186
-0.213983
0.206027
-0.194537
0.175176
-0.177061
0.148523
-0.161935
-0.148637
0.125403
0.521125
-0.512972
0.478777
-0.414584
0.404547
-0.251485
0.341891
-0.204761
0.289942
-0.184969
0.246793
-0.170834
0.210402
-0.158147
0.179004
-0.145663
0.15172
-0.134651
-0.124717
0.1278
0.544438
-0.483765
0.498533
-0.368678
0.412681
-0.165634
0.3471
-0.13918
0.293451
-0.13132
0.24997
-0.127353
0.213494
-0.121671
0.181798
-0.113967
0.153998
-0.10685
-0.0999754
0.129256
0.56317
-0.449159
0.506185
-0.311693
0.41302
-0.0724691
0.348003
-0.0741633
0.294099
-0.0774156
0.251258
-0.0845116
0.215284
-0.085697
0.183576
-0.0822586
0.155357
-0.0786316
-0.0743262
0.129708
0.563273
-0.381337
0.477413
-0.225833
0.382649
0.022295
0.329999
-0.0215128
0.286118
-0.0335345
0.248892
-0.0472861
0.215124
-0.0519286
0.184014
-0.0511489
0.155571
-0.0501889
-0.0476023
0.128847
0.486183
-0.261097
0.398536
-0.138186
0.344061
0.0767699
0.309487
0.0130606
0.27476
0.0011931
0.241643
-0.0141691
0.20987
-0.0201563
0.179992
-0.02127
0.151949
-0.022146
-0.0208837
0.12523
0.244567
0.106382
0.183151
0.196212
0.197405
0.183236
0.16308
0.14181
0.119664
0.0987799
0.0126156
-0.477952
0.00880941
-0.390502
0.0063398
-0.320665
0.00469251
-0.264639
0.00356047
-0.219115
0.00275665
-0.181759
0.00216866
-0.15085
0.00172757
-0.125129
0.0013901
-0.103641
0.00112814
-0.0856399
0.00092282
-0.0705252
0.000760998
-0.0577995
0.000633283
-0.0470451
0.000532818
-0.0379073
0.00045451
-0.0300804
0.000394582
-0.0233002
0.000350236
-0.0173338
0.000319508
-0.011974
0.00030117
-0.00703176
-0.00237241
0.0255305
-0.467522
0.0184658
-0.383437
0.013677
-0.315876
0.0103681
-0.26133
0.00802476
-0.216772
0.00631741
-0.180052
0.00504
-0.149573
0.00406256
-0.124151
0.00330167
-0.10288
0.00270212
-0.0850403
0.0022261
-0.0700492
0.00184682
-0.0574202
0.00154477
-0.0467431
0.0013054
-0.0376679
0.00111776
-0.0298928
0.000973593
-0.023156
0.000866724
-0.0172269
0.000792796
-0.0119
0.000749113
-0.00698808
-0.00235762
0.0334274
-0.455819
0.0250992
-0.375109
0.0191884
-0.309965
0.0149414
-0.257083
0.0118289
-0.21366
0.00949143
-0.177714
0.00769492
-0.147776
0.00628723
-0.122743
0.0051684
-0.101761
0.00427086
-0.0841428
0.00354726
-0.0693256
0.00296327
-0.0568362
0.00249319
-0.046273
0.00211746
-0.0372922
0.00182097
-0.0295963
0.00159212
-0.0229272
0.00142212
-0.0170569
0.00130472
-0.0117826
0.00123598
-0.00691934
-0.0023346
0.0421329
-0.441692
0.0320202
-0.364997
0.0247742
-0.302719
0.0195084
-0.251817
0.0156006
-0.209752
0.0126284
-0.174742
0.010316
-0.145464
0.00848341
-0.120911
0.00701215
-0.10029
0.00582148
-0.0829521
0.00485433
-0.0683584
0.00406883
-0.0560507
0.00343323
-0.0456374
0.00292305
-0.036782
0.00251914
-0.0291924
0.00220668
-0.0226147
0.00197434
-0.0168246
0.00181397
-0.0116223
0.00172036
-0.00682573
-0.00230337
0.0501979
-0.425644
0.0385591
-0.353358
0.0301205
-0.29428
0.0239204
-0.245617
0.0192689
-0.2051
0.015694
-0.171167
0.0128857
-0.142655
0.0106413
-0.118666
0.00882628
-0.0984746
0.00734859
-0.0814744
0.00614234
-0.0671522
0.00515869
-0.0550671
0.00436017
-0.0448389
0.00371756
-0.0361394
0.00320781
-0.0286826
0.00281293
-0.0222198
0.0025191
-0.0165308
0.0023163
-0.0114195
0.002198
-0.00670743
-0.0022639
0.0578377
-0.407733
0.0447707
-0.340291
0.0352313
-0.284741
0.0281675
-0.238553
0.0228221
-0.199755
0.0186777
-0.167023
0.0153954
-0.139373
0.0127536
-0.116025
0.0106048
-0.0963258
0.00884715
-0.0797167
0.00740699
-0.065712
0.00622915
-0.0538892
0.00527078
-0.0438805
0.00449815
-0.0353668
0.00388445
-0.0280689
0.0034086
-0.021744
0.00305433
-0.0161765
0.00280977
-0.0111749
0.00266705
-0.0065647
-0.00221624
0.0649703
-0.388109
0.05061
-0.32593
0.0400784
-0.27421
0.032231
-0.230705
0.0262468
-0.193771
0.0215695
-0.162346
0.0178371
-0.135641
0.0148139
-0.113001
0.0123422
-0.0938542
0.0103123
-0.0776869
0.00864413
-0.0640438
0.00727661
-0.0525217
0.00616194
-0.0427658
0.00526211
-0.0344669
0.00454667
-0.0273535
0.00399154
-0.0211889
0.00357808
-0.015763
0.00329257
-0.0108894
0.00312581
-0.00639795
-0.00216047
0.0715602
-0.366907
0.0560464
-0.310417
0.0446396
-0.262803
0.0360951
-0.222161
0.0295316
-0.187207
0.0243604
-0.157174
0.0202035
-0.131484
0.0168158
-0.109614
0.014033
-0.0910714
0.0117396
-0.0753934
0.00984975
-0.062154
0.00829758
-0.0509695
0.00703062
-0.0414989
0.00600677
-0.0334431
0.00519211
-0.0265388
0.00455965
-0.0205564
0.00408843
-0.0152918
0.00376292
-0.0105639
0.00357262
-0.00620765
-0.00209674
0.0775655
-0.34426
0.0610501
-0.293901
0.0488953
-0.250648
0.0397469
-0.213013
0.0326671
-0.180127
0.0270431
-0.15155
0.0224883
-0.126929
0.0187539
-0.105879
0.0156724
-0.0879899
0.0131244
-0.0728455
0.01102
-0.0600496
0.0092887
-0.0492382
0.00787386
-0.040084
0.00672953
-0.0322988
0.00581847
-0.0256277
0.00511088
-0.0198488
0.00458352
-0.0147644
0.00421911
-0.0101995
0.00400586
-0.0059944
-0.00202522
0.0829449
-0.320298
0.0655936
-0.27655
0.0528289
-0.237883
0.0431764
-0.20336
0.0356465
-0.172597
0.0296118
-0.145516
0.0246861
-0.122003
0.0206231
-0.101816
0.0172557
-0.0846225
0.0144628
-0.0700525
0.0121512
-0.057738
0.0102467
-0.0473338
0.0086888
-0.0385261
0.00742789
-0.0310379
0.00642355
-0.0246234
0.00564325
-0.0190685
0.00506156
-0.0141828
0.00465947
-0.00979738
0.00442396
-0.00575889
-0.00194613
0.0876547
-0.295145
0.0696514
-0.258546
0.0564279
-0.22466
0.0463773
-0.193309
0.0384653
-0.164685
0.0320623
-0.139113
0.0267927
-0.116734
0.0224191
-0.0974428
0.0187788
-0.0809821
0.0157507
-0.0670245
0.0132398
-0.055227
0.0111684
-0.0452624
0.00947267
-0.0368304
0.00809941
-0.0296646
0.0070052
-0.0235292
0.00615484
-0.0182181
0.0055208
-0.0135487
0.0050824
-0.00935898
0.00482539
-0.00550188
-0.00185971
0.0916477
-0.268912
0.0732007
-0.240099
0.0596832
-0.211142
0.0493469
-0.182973
0.0411219
-0.156461
0.0343921
-0.132383
0.0288046
-0.111146
0.0241381
-0.0927763
0.0202376
-0.0770816
0.0169845
-0.0637714
0.0142824
-0.0525249
0.0120509
-0.0430309
0.0102228
-0.0350023
0.00874175
-0.0281835
0.00756132
-0.0223488
0.00664379
-0.0173006
0.00595956
-0.0128645
0.00548633
-0.00888575
0.00520868
-0.00522423
-0.00176624
0.0948717
-0.241695
0.0762219
-0.22145
0.0625912
-0.197512
0.0520869
-0.172469
0.0436176
-0.147991
0.0366005
-0.125366
0.0307194
-0.105265
0.0257767
-0.0878336
0.0216287
-0.0729337
0.0181607
-0.0603034
0.0152758
-0.0496399
0.0128912
-0.0406464
0.0109367
-0.0330478
0.00935264
-0.0265995
0.00808995
-0.0210861
0.00710833
-0.016319
0.00637624
-0.0121324
0.00586979
-0.00837931
0.00557244
-0.00492687
-0.00166604
0.0972664
-0.213559
0.078701
-0.202884
0.0651539
-0.183965
0.0546042
-0.161919
0.0459568
-0.139344
0.0386883
-0.118097
0.0325356
-0.0991126
0.027332
-0.08263
0.0229488
-0.0685505
0.019276
-0.0566306
0.0162169
-0.0465808
0.0136866
-0.038116
0.0116118
-0.030973
0.00992994
-0.0249177
0.00858916
-0.0197453
0.00754677
-0.0152766
0.00676931
-0.0113549
0.00623137
-0.00784137
0.00591533
-0.00461083
-0.00155943
0.0987608
-0.18452
0.0806355
-0.184759
0.06738
-0.170709
0.0569118
-0.151451
0.0481475
-0.130579
0.0406583
-0.110608
0.0342524
-0.0927066
0.0288018
-0.0771794
0.0241948
-0.0639435
0.0203273
-0.0527631
0.0171028
-0.0433564
0.0144343
-0.0354475
0.0122458
-0.0287845
0.0104716
-0.0231434
0.00905716
-0.0183308
0.00795749
-0.0141769
0.0071373
-0.0105347
0.00656972
-0.00727379
0.00623607
-0.00427717
-0.0014468
0.0992693
-0.154533
0.0820265
-0.167516
0.0692858
-0.157968
0.0590292
-0.141194
0.0502011
-0.121751
0.0425145
-0.102921
0.0358696
-0.0860617
0.0301836
-0.0714935
0.0253637
-0.0591235
0.0213115
-0.0487109
0.0179307
-0.0399756
0.015132
-0.0326488
0.0128366
-0.026489
0.0109756
-0.0212825
0.00949222
-0.0168474
0.00833898
-0.0130237
0.00747886
-0.00967463
0.00688359
-0.00667852
0.00653348
-0.00392707
-0.00132852
0.0986823
-0.123508
0.0828328
-0.151667
0.0708975
-0.146033
0.0609845
-0.131281
0.0521329
-0.1129
0.0442622
-0.0950507
0.0373873
-0.0791867
0.0314756
-0.0655818
0.0264527
-0.0541007
0.0222257
-0.0444839
0.0186978
-0.0364477
0.0157771
-0.0297281
0.0133819
-0.0240938
0.0114402
-0.0193408
0.00989273
-0.0153
0.0086898
-0.0118208
0.0077927
-0.00877753
0.00717179
-0.00605761
0.00680646
-0.00356173
-0.00120501
0.0967776
-0.0914385
0.0829663
-0.137856
0.0722572
-0.135324
0.0628172
-0.121841
0.0539616
-0.104044
0.0459075
-0.0869966
0.0388058
-0.072085
0.0326755
-0.0594515
0.0274591
-0.0488843
0.0230672
-0.040092
0.0194016
-0.0327822
0.0163674
-0.0266938
0.0138797
-0.0216061
0.0118636
-0.0173247
0.0102572
-0.0136935
0.00900864
-0.0105722
0.00807763
-0.00784652
0.00743324
-0.00541323
0.00705396
-0.00318245
-0.00107671
0.0923178
-0.058526
0.0821502
-0.127688
0.073428
-0.126602
0.0645835
-0.112997
0.0557086
-0.0951693
0.0474563
-0.0787443
0.0401248
-0.0647535
0.033781
-0.0531076
0.0283799
-0.0434832
0.023833
-0.0355452
0.0200395
-0.0289888
0.0169006
-0.0235549
0.0143283
-0.0190338
0.0122442
-0.0152406
0.0105842
-0.0120335
0.00929425
-0.0092823
0.00833255
-0.00688482
0.00766694
-0.00474762
0.00727506
-0.00279056
-0.000944079
0.0802277
-0.0399739
0.0802924
-0.127753
0.074499
-0.120808
0.0663613
-0.104859
0.0574013
-0.0862093
0.0489177
-0.0702607
0.0413465
-0.0571823
0.0347918
-0.0465528
0.0292141
-0.0379055
0.0245221
-0.0308532
0.0206104
-0.0250771
0.0173759
-0.0203203
0.0147265
-0.0163845
0.0125811
-0.0130952
0.0108729
-0.0103253
0.00954595
-0.00795532
0.00855685
-0.00589572
0.0078723
-0.00406308
0.00746922
-0.00238748
-0.000807566
0.0220709
-0.0620448
0.0307055
-0.136387
0.0300936
-0.120196
0.0270528
-0.101818
0.0234328
-0.0825893
0.0199618
-0.0667897
0.0168615
-0.054082
0.01418
-0.0438713
0.0119008
-0.0356264
0.00998539
-0.0289377
0.00838958
-0.0234813
0.00707093
-0.0190017
0.0059912
-0.0153047
0.00511733
-0.0122213
0.00442167
-0.00962968
0.00388143
-0.00741508
0.00347885
-0.00549314
0.00320022
-0.00378445
0.00303615
-0.00222341
-0.000752025
0.0201259
-0.0821706
0.0305999
-0.146861
0.0303702
-0.119967
0.0273608
-0.0988088
0.0236978
-0.0789263
0.0201772
-0.0632691
0.0170352
-0.0509401
0.0143204
-0.0411566
0.012015
-0.033321
0.0100787
-0.0270014
0.00846617
-0.0218688
0.00713428
-0.0176698
0.00604396
-0.0142144
0.00516177
-0.0113391
0.00445959
-0.00892749
0.00391437
-0.00686987
0.00350814
-0.00508691
0.00322698
-0.00350329
0.00306142
-0.00205785
-0.000695992
0.0194182
-0.101589
0.0306894
-0.158132
0.0307183
-0.119995
0.027686
-0.0957765
0.0239611
-0.0752014
0.0203852
-0.0596932
0.0172002
-0.0477551
0.0144524
-0.0384087
0.0121214
-0.03099
0.010165
-0.025045
0.00853675
-0.0202405
0.0071924
-0.0163254
0.00609222
-0.0131142
0.0052023
-0.0104492
0.00449409
-0.00821929
0.00394429
-0.00632007
0.00353469
-0.0046773
0.00325121
-0.00321981
0.00308429
-0.00189093
-0.000639485
0.0191127
-0.120702
0.0309324
-0.169952
0.0311383
-0.120201
0.0280282
-0.0926664
0.024224
-0.0713972
0.0205874
-0.0560567
0.0173582
-0.0445258
0.0145775
-0.0356281
0.0122216
-0.028634
0.0102459
-0.0230693
0.00860258
-0.0185972
0.00724642
-0.0149693
0.00613696
-0.0120048
0.00523978
-0.00955202
0.00452595
-0.00750545
0.00397188
-0.005766
0.00355914
-0.00426456
0.00327351
-0.00293418
0.00310531
-0.00172274
-0.00058254
0.0191015
-0.139803
0.0313314
-0.182182
0.0316343
-0.120504
0.0283879
-0.08942
0.0244861
-0.0674954
0.0207835
-0.052354
0.0175089
-0.0412512
0.0146956
-0.0328148
0.0123154
-0.0262538
0.0103212
-0.0210752
0.0086636
-0.0169395
0.00729631
-0.013602
0.00617814
-0.0108866
0.00527421
-0.00864808
0.00455513
-0.00678638
0.00399711
-0.00520798
0.00358146
-0.00384891
0.00329384
-0.00264657
0.00312447
-0.00155337
-0.000525195
0.019688
-0.159491
0.0319252
-0.194419
0.0322125
-0.120792
0.0287657
-0.0859732
0.0247471
-0.0634768
0.0209731
-0.04858
0.0176521
-0.0379303
0.0148066
-0.0299693
0.0124028
-0.02385
0.0103909
-0.0190633
0.00871977
-0.0152684
0.00734203
-0.0122242
0.00621575
-0.00976031
0.00530553
-0.00773787
0.00458162
-0.00606246
0.00401995
-0.00464631
0.00360163
-0.00343059
0.0033122
-0.00235714
0.00314176
-0.00138292
-0.000467484
0.0216744
-0.181165
0.0328194
-0.205564
0.0328833
-0.120855
0.0291615
-0.0822514
0.0250062
-0.0593215
0.0211557
-0.0447295
0.0177876
-0.0345622
0.0149102
-0.0270919
0.0124837
-0.0214234
0.010455
-0.0170346
0.00877103
-0.0135844
0.00738354
-0.0108368
0.00624973
-0.00862649
0.00533374
-0.00682188
0.00460539
-0.00533412
0.0040404
-0.00408132
0.00361965
-0.00300984
0.00332857
-0.00206605
0.00315714
-0.0012115
-0.000409445
0.0264119
-0.207577
0.034234
-0.213386
0.0336647
-0.120286
0.0295753
-0.078162
0.0252625
-0.0550087
0.0213309
-0.040798
0.0179151
-0.0311463
0.0150064
-0.0241833
0.0125579
-0.018975
0.0105132
-0.0149899
0.00881734
-0.0118886
0.0074208
-0.00944022
0.00628007
-0.00748576
0.0053588
-0.00590061
0.00462643
-0.00460175
0.00405844
-0.00351333
0.0036355
-0.0025869
0.00334293
-0.00177349
0.00317064
-0.0010392
-0.000351112
0.0350778
-0.242655
0.0364992
-0.214808
0.0345887
-0.118376
0.0300083
-0.0735816
0.0255149
-0.0505153
0.0214982
-0.0367812
0.0180343
-0.0276824
0.015095
-0.021244
0.0126255
-0.0165054
0.0105657
-0.0129301
0.00885864
-0.0101816
0.00745377
-0.00803535
0.00630674
-0.00633873
0.00538071
-0.00497458
0.00464473
-0.00386576
0.00407406
-0.00294266
0.00364918
-0.00216201
0.0033553
-0.00147962
0.00318223
-0.000866125
-0.000292524
0.0469492
-0.289604
0.0399187
-0.207777
0.0356692
-0.114126
0.0304697
-0.0683822
0.025757
-0.0458025
0.0216518
-0.0326761
0.0181406
-0.0241712
0.0151722
-0.0182756
0.0126831
-0.0140163
0.0106096
-0.0108566
0.00889271
-0.00846467
0.00748057
-0.00662321
0.00632815
-0.00518632
0.0053981
-0.00404452
0.00465911
-0.00312677
0.00408625
-0.0023698
0.00365976
-0.00173552
0.00336483
-0.00118469
0.00319113
-0.000692428
-0.000233697
0.247246
-0.215981
-0.320869
0.16492
-0.125452
0.12839
-0.0775961
0.105435
-0.0454263
0.0879809
-0.0283489
0.0735742
-0.0182694
0.061472
-0.012069
0.0513231
-0.00812667
0.0428507
-0.00554397
0.0358124
-0.00381832
0.0299961
-0.0026483
0.0252185
-0.00184562
0.021324
-0.00129179
0.0181833
-0.000903841
0.0156893
-0.000632807
0.013757
-0.000437471
0.0123187
-0.000297208
0.0113244
-0.000190395
0.0107388
-0.000106854
-3.52257e-05
0.223569
-0.120316
-0.319233
0.165695
-0.0675781
0.132154
-0.0440551
0.108581
-0.0218537
0.0899818
-0.00974941
0.0748036
-0.00309117
0.0622461
0.000488583
0.051826
0.00229335
0.0431849
0.00309715
0.0360381
0.00332853
0.0301502
0.00323955
0.0253247
0.00297991
0.0213979
0.00263504
0.0182351
0.00225892
0.0157262
0.00187609
0.0137837
0.00150501
0.0123387
0.00114783
0.0113401
0.000808136
0.0107522
0.000481106
0.000163974
0.222808
-0.0402909
-0.302834
0.172132
-0.0169012
0.136728
-0.00865142
0.111078
0.00379616
0.0913476
0.00998104
0.0755345
0.0127219
0.0626229
0.0134002
0.0519977
0.0129185
0.0432399
0.0118549
0.0360281
0.0105404
0.0301052
0.00916238
0.0252625
0.00782268
0.0213285
0.00656896
0.0181644
0.00542308
0.015657
0.00438349
0.0137172
0.00344479
0.0122751
0.00258997
0.011279
0.00180422
0.0106927
0.00106742
0.00036254
0.221902
0.0276877
-0.28988
0.174101
0.0308997
0.138416
0.0270332
0.112234
0.0299787
0.0919159
0.0302988
0.0757008
0.028937
0.0625567
0.0265444
0.0518125
0.0236628
0.0430019
0.0206655
0.0357747
0.0177675
0.0298569
0.0150802
0.0250293
0.0126503
0.0211145
0.0104837
0.0179701
0.00856749
0.0154811
0.00687256
0.013557
0.0053688
0.0121276
0.00401943
0.0111407
0.00279108
0.0105601
0.00164804
0.000559089
0.217842
0.0877664
-0.277921
0.173722
0.07502
0.138699
0.062056
0.112294
0.056384
0.0916864
0.0509061
0.075276
0.0453474
0.0620333
0.039787
0.0512612
0.0344349
0.0424651
0.0294616
0.0352748
0.0249578
0.0294035
0.0209515
0.0246243
0.0174295
0.0207556
0.0143524
0.0176525
0.0116706
0.0151989
0.00932621
0.0133038
0.00726384
0.0118968
0.00542641
0.010926
0.0037619
0.0103552
0.0022189
0.000752234
0.212907
0.141794
-0.266935
0.171252
0.116675
0.137387
0.095921
0.111228
0.0825428
0.0906474
0.0714871
0.0742452
0.0617497
0.0610405
0.0529917
0.0503361
0.0451393
0.0416253
0.0381725
0.0345263
0.0320568
0.0287444
0.0267334
0.0240478
0.022126
0.0202526
0.0181476
0.0172126
0.0147106
0.0148116
0.0117273
0.0129587
0.00911668
0.0115841
0.00680107
0.0106361
0.0047099
0.010079
0.00277597
0.000940594
0.206692
0.191251
-0.256149
0.167147
0.15622
0.134697
0.12837
0.109103
0.108137
0.0888103
0.0917802
0.0726053
0.0779548
0.0595729
0.0660241
0.0490337
0.0556784
0.040481
0.0467252
0.0335293
0.0390085
0.0278806
0.0323821
0.0233016
0.0267051
0.0196075
0.0218417
0.0166524
0.0176656
0.0143211
0.0140586
0.0125236
0.0109142
0.011191
0.0081337
0.0102725
0.00562835
0.00973323
0.00331527
0.00112281
0.199277
0.237028
-0.245053
0.161724
0.193773
0.130764
0.15933
0.105981
0.13292
0.0861974
0.111563
0.0703628
0.0937894
0.0576324
0.0787545
0.0473553
0.0659555
0.0390341
0.0550464
0.0322863
0.0457562
0.0268152
0.0378532
0.0223885
0.0311319
0.0188231
0.0254071
0.0159748
0.0205139
0.0137301
0.0163033
0.012001
0.0126433
0.01072
0.00941471
0.00983765
0.00651068
0.00932
0.00383293
0.00129755
0.190706
0.279696
-0.233374
0.155139
0.22934
0.125702
0.188768
0.101922
0.1567
0.0828388
0.130646
0.0675324
0.109096
0.0552274
0.0910595
0.0453069
0.075876
0.0372899
0.0630634
0.0308024
0.0522437
0.0255529
0.0431027
0.0213131
0.0353717
0.0179036
0.0288167
0.0151834
0.0232341
0.0130421
0.0184446
0.011394
0.0142914
0.0101739
0.0106348
0.00933412
0.00735047
0.00884188
0.00432516
0.00146355
0.181016
0.31965
-0.22097
0.147446
0.26291
0.119601
0.216612
0.0969852
0.179316
0.0787693
0.148862
0.0641351
0.12373
0.0523715
0.102823
0.0428987
0.0853488
0.0352568
0.0707054
0.0290847
0.0584158
0.0241
0.0480875
0.0200811
0.0393906
0.0168541
0.0320436
0.014283
0.0258052
0.0122611
0.0204665
0.0107064
0.0158461
0.00955626
0.0117849
0.00876516
0.00814157
0.00830195
0.00478838
0.00161958
0.170245
0.357129
-0.207724
0.138702
0.294453
0.112538
0.242776
0.0912279
0.200626
0.074027
0.166063
0.0601965
0.13756
0.049083
0.113937
0.0401446
0.0942872
0.032946
0.077904
0.0271429
0.0642188
0.0224649
0.0527655
0.0186997
0.0431558
0.0156811
0.0350622
0.013279
0.0282073
0.0113922
0.0223533
0.00994257
0.0172958
0.00887101
0.0128565
0.00813447
0.00887811
0.00770369
0.00521916
0.00176448
0.158423
0.39222
-0.193515
0.128965
0.323911
0.104579
0.267162
0.0847042
0.220501
0.0686522
0.182115
0.0557461
0.150466
0.045384
0.124299
0.0370619
0.102609
0.0303717
0.0845942
0.0249887
0.0696018
0.0206575
0.0570968
0.0171774
0.0466358
0.0143917
0.0378479
0.0121779
0.0304211
0.0104409
0.0240903
0.00910754
0.0186292
0.00812266
0.0138414
0.0074462
0.00955456
0.00705105
0.00561431
0.00189721
0.145578
0.42491
-0.178267
0.118288
0.351201
0.0957825
0.289668
0.0774673
0.238816
0.0626875
0.196895
0.050817
0.162337
0.0413004
0.133815
0.0336713
0.110238
0.0275505
0.090715
0.022636
0.0745163
0.0186894
0.0610433
0.0155242
0.049801
0.0129946
0.0403776
0.010987
0.0324286
0.00941355
0.0256637
0.00820685
0.0198359
0.00731622
0.014732
0.00670496
0.0101658
0.00634836
0.00597091
0.00201679
0.131737
0.455113
-0.16194
0.106721
0.376218
0.0862077
0.310181
0.06957
0.255454
0.0561774
0.210287
0.0454452
0.173069
0.036861
0.142399
0.029996
0.117103
0.0245017
0.0962093
0.0201005
0.0789175
0.0165739
0.0645699
0.0137511
0.0526238
0.0114989
0.0426297
0.00971418
0.0342134
0.00831705
0.0270609
0.0072466
0.0209063
0.00645715
0.0155215
0.00591574
0.0107072
0.00560034
0.00628631
0.00212236
0.116933
0.4827
-0.14452
0.0943139
0.398837
0.0759107
0.328584
0.0610661
0.270298
0.0491682
0.222185
0.0396692
0.182568
0.0320976
0.149971
0.0260621
0.123139
0.0212464
0.101025
0.0173998
0.0827642
0.0143255
0.0676442
0.0118702
0.0550791
0.00991511
0.0445848
0.00836826
0.0357602
0.00715897
0.0282702
0.0062334
0.0218319
0.00555134
0.0162035
0.00508394
0.0111746
0.00481205
0.0065582
0.00221319
0.101188
0.507479
-0.125966
0.0811153
0.418909
0.064948
0.344751
0.0520102
0.283236
0.0417087
0.232487
0.0335307
0.190746
0.0270447
0.156457
0.021898
0.128286
0.0178082
0.105115
0.0145533
0.0860191
0.0119602
0.0702373
0.00989493
0.0571443
0.00825424
0.0462255
0.00695867
0.0370558
0.00594738
0.0292815
0.00517429
0.022605
0.00460508
0.0167727
0.00421529
0.0115644
0.00398885
0.00678464
0.00228869
0.0846314
0.529388
-0.106541
0.0672088
0.436332
0.0533882
0.358572
0.0424623
0.294162
0.0338509
0.241098
0.0270738
0.197523
0.0217394
0.161791
0.0175344
0.132491
0.0142123
0.108437
0.0115817
0.0886497
0.00949514
0.0723239
0.00783947
0.0588
0.00652823
0.0475367
0.00549543
0.0380886
0.00469088
0.030086
0.00407673
0.0232191
0.003625
0.0172245
0.00331583
0.0118736
0.00313638
0.00696409
0.00234843
0.0667509
0.547564
-0.084926
0.0524321
0.450651
0.0412091
0.369795
0.0324511
0.30292
0.0256377
0.247911
0.0203414
0.20282
0.0162197
0.165913
0.0130036
0.135707
0.0104856
0.110955
0.00850732
0.0906279
0.00694867
0.0738826
0.00571893
0.0600297
0.00474964
0.048506
0.00398912
0.0388491
0.00339846
0.0306767
0.00294857
0.023669
0.00261806
0.017555
0.0023919
0.0120997
0.00226056
0.00709543
0.00239216
0.0506675
0.564084
-0.0671883
0.0383532
0.462965
0.029199
0.378949
0.0223788
0.30974
0.0172811
0.253009
0.0134515
0.206649
0.0105561
0.168809
0.00835144
0.137911
0.00666038
0.112646
0.00535443
0.0919339
0.00434014
0.0748969
0.00354932
0.0608205
0.00293201
0.0491233
0.00245141
0.0393297
0.00208038
0.0310477
0.00179898
0.0239504
0.00159269
0.0177613
0.00145145
0.012241
0.00136898
0.00717789
0.0024198
0.0237237
-0.032806
0.0172996
0.0127575
0.00951716
0.00718466
0.0054878
0.00423947
0.00331062
0.00261189
0.00208102
0.00167428
0.00136072
0.00111821
0.000930805
0.00078696
0.000678296
0.000598794
0.000544304
0.000512261
0.547411
0.149507
-0.696918
0.430284
0.117127
0.415357
0.014927
0.404557
0.0108001
0.385346
0.0192105
0.361966
0.0233797
0.339486
0.0224806
0.320828
0.0186581
0.317017
0.0038111
-0.00385285
0.667138
0.177654
-0.695286
0.632692
0.151574
0.568399
0.0792196
0.511182
0.0680174
0.462854
0.0675383
0.422387
0.0638463
0.389282
0.0555855
0.360126
0.0478149
0.336825
0.0271113
0.0137395
0.673998
0.230466
-0.726811
0.623317
0.202256
0.556572
0.145965
0.503275
0.121315
0.459633
0.11118
0.421342
0.102137
0.387258
0.0896696
0.357408
0.077665
0.331265
0.0532541
0.042171
0.657584
0.272867
-0.699985
0.617245
0.242595
0.560409
0.202801
0.50584
0.175883
0.458485
0.158535
0.417504
0.143118
0.381182
0.125992
0.34922
0.109627
0.317287
0.085187
0.0695778
0.645799
0.320599
-0.693531
0.599712
0.288682
0.547138
0.255375
0.496191
0.22683
0.450544
0.204183
0.409816
0.183845
0.372902
0.162906
0.339808
0.142721
0.307354
0.117641
0.099011
0.633351
0.369647
-0.682399
0.584982
0.337052
0.534888
0.305468
0.486061
0.275656
0.441143
0.249102
0.40046
0.224528
0.363276
0.20009
0.329546
0.176451
0.296784
0.150403
0.128861
0.621344
0.419558
-0.671255
0.571276
0.38712
0.521891
0.354853
0.474285
0.323262
0.429999
0.293387
0.389501
0.265027
0.352339
0.237252
0.318365
0.210425
0.28589
0.182878
0.158601
0.608428
0.4714
-0.660271
0.557252
0.438297
0.507886
0.404218
0.460939
0.370209
0.417208
0.337118
0.377028
0.305207
0.340116
0.274164
0.306267
0.244274
0.274375
0.21477
0.187923
0.594432
0.525366
-0.648397
0.542326
0.490403
0.49276
0.453784
0.446142
0.416827
0.402863
0.380397
0.363092
0.344978
0.326608
0.310648
0.29317
0.277712
0.262026
0.245913
0.216575
0.579214
0.581299
-0.635148
0.526167
0.543449
0.476301
0.503651
0.429847
0.46328
0.38697
0.423274
0.34769
0.384258
0.311785
0.346553
0.278982
0.310515
0.248727
0.276168
0.244332
0.56268
0.639132
-0.620513
0.508583
0.597547
0.458321
0.553913
0.411957
0.509644
0.369481
0.46575
0.330782
0.422957
0.295598
0.381737
0.26362
0.342493
0.234389
0.305399
0.270997
0.543798
0.698055
-0.602721
0.489015
0.652329
0.438504
0.604424
0.392297
0.555851
0.350298
0.50775
0.312299
0.460955
0.277987
0.41605
0.247008
0.373471
0.218938
0.33347
0.29642
0.524951
0.760798
-0.587695
0.468236
0.709044
0.417008
0.655652
0.370839
0.60202
0.329355
0.549234
0.292176
0.498134
0.25889
0.449336
0.229081
0.403281
0.202313
0.360237
0.320466
0.497688
0.819371
-0.556261
0.442721
0.764011
0.392372
0.706001
0.346955
0.647437
0.306363
0.589826
0.270263
0.534234
0.238219
0.48138
0.209773
0.431726
0.18447
0.385541
0.342997
0.483553
0.892108
-0.556289
0.421565
0.825998
0.368245
0.759322
0.32204
0.693643
0.281822
0.630043
0.246719
0.569337
0.216009
0.51209
0.189079
0.458655
0.165394
0.409225
0.36387
0.431989
0.947024
-0.486905
0.380409
0.877579
0.333162
0.806568
0.290762
0.736042
0.253267
0.667539
0.220405
0.6022
0.191733
0.540762
0.166755
0.483633
0.144979
0.431002
0.382883
0.440411
1.0271
-0.520488
0.372254
0.945736
0.315218
0.863604
0.267753
0.783508
0.228223
0.707069
0.195155
0.635267
0.167333
0.568584
0.143781
0.507186
0.123719
0.451064
0.40006
0.348646
1.08983
-0.411376
0.296695
0.997686
0.253124
0.907175
0.216295
0.820337
0.184994
0.738371
0.158297
0.661964
0.135485
0.591395
0.11597
0.526701
0.099259
0.467775
0.414393
0.370452
1.16283
-0.443453
0.30774
1.0604
0.254596
0.960319
0.210165
0.864768
0.173339
0.775196
0.142996
0.692307
0.118083
0.616308
0.0976595
0.547125
0.0809149
0.484519
0.42812
0.26664
-0.337918
0.209422
0.164356
0.129145
0.101726
0.0804034
0.0638083
0.0508654
0.0407338
1.00382
0.000133798
0.00104331
1.00232
0.000548524
0.000951789
1.00016
0.00111682
0.00104533
0.994022
0.00112176
0.00501629
0.984374
0.00132537
0.00832263
0.9752
0.00219165
0.00698267
0.968542
0.00307631
0.00358217
0.962265
0.00346825
0.00280794
0.951389
0.00466176
0.0062144
0.93252
0.00561109
0.0132585
0.903668
0.00782862
0.0210233
0.868315
0.0104092
0.0249429
0.826317
0.0131208
0.0288778
0.782374
0.0249765
0.0189666
0.737186
0.0189615
0.0262259
0.685329
0.0641965
-0.0123393
0.657899
0.0211824
0.00624794
0.599927
0.147414
-0.0894424
0.654033
0.0450847
-0.0991901
0.275962
-0.318847
1.00385
0.001282
1.00235
0.00204771
1.00036
0.00310687
0.994516
0.00696786
0.984954
0.0108882
0.975914
0.0112313
0.96989
0.0091007
0.96429
0.00906799
0.954532
0.0144197
0.936432
0.0237107
0.910043
0.0342182
0.876468
0.0439837
0.838684
0.0509051
0.800319
0.0633417
0.758322
0.0609579
0.725243
0.0972754
0.684434
0.061992
0.67134
0.160507
0.639079
0.0773465
0.219755
1.0039
0.0023772
1.00247
0.00347907
1.00059
0.00499145
0.995025
0.0125313
0.985758
0.0201554
0.976962
0.0200274
0.971415
0.0146473
0.966653
0.0138302
0.957897
0.0231759
0.94105
0.0405581
0.916419
0.0588492
0.884811
0.0755912
0.850583
0.0851339
0.814965
0.0989589
0.778971
0.0969517
0.752143
0.124104
0.713774
0.100361
0.715473
0.158809
0.681958
0.110861
0.174903
1.00394
0.00343798
1.00261
0.00480976
1.00088
0.00671951
0.99558
0.017832
0.986613
0.0291217
0.97817
0.0284706
0.973112
0.0197057
0.969155
0.0177869
0.961245
0.0310865
0.945696
0.0561063
0.922093
0.0824528
0.892677
0.105007
0.859606
0.118205
0.827364
0.131201
0.792881
0.131434
0.768865
0.148119
0.733881
0.135345
0.726916
0.165773
0.69684
0.140937
0.171758
1.00397
0.00447136
1.00276
0.0060186
1.00121
0.00827003
0.996107
0.022932
0.987395
0.037834
0.979319
0.0365461
0.974753
0.0242718
0.971453
0.0210869
0.964264
0.0382764
0.949558
0.0708114
0.92678
0.105231
0.898424
0.133362
0.866391
0.150238
0.835236
0.162357
0.802002
0.164668
0.776436
0.173685
0.743859
0.167923
0.72902
0.180612
0.700567
0.16939
0.178794
1.00399
0.0054805
1.0029
0.0071063
1.00152
0.00965295
0.996593
0.0278596
0.988075
0.0463518
0.980305
0.0443161
0.976187
0.0283898
0.973403
0.0238712
0.966685
0.0449941
0.952385
0.0851113
0.92999
0.127626
0.90198
0.161373
0.870423
0.181794
0.839012
0.193768
0.806532
0.197148
0.778651
0.201566
0.748174
0.198399
0.726603
0.202183
0.700305
0.195688
0.1967
1.00401
0.00647326
1.00303
0.00808146
1.00181
0.0108716
0.997
0.0326731
0.988619
0.0547326
0.981108
0.0518273
0.977347
0.0321508
0.974881
0.0263375
0.968359
0.0515153
0.954099
0.0993722
0.931646
0.150078
0.903373
0.189646
0.871666
0.213502
0.839594
0.22584
0.807183
0.22956
0.777495
0.231254
0.747356
0.228539
0.721627
0.227912
0.694599
0.222717
0.220044
1.00402
0.00745389
1.00315
0.00895006
1.00207
0.011953
0.997308
0.0374348
0.988956
0.0630842
0.981659
0.0591243
0.978267
0.0355425
0.976008
0.0285966
0.969251
0.0582726
0.95439
0.114233
0.931383
0.173084
0.902623
0.218407
0.870588
0.245537
0.837806
0.258622
0.804945
0.26242
0.773721
0.262478
0.742932
0.259327
0.714568
0.256277
0.686368
0.250917
0.246141
1.00402
0.00843457
1.00327
0.00970116
1.0023
0.0129163
0.997546
0.0421939
0.989185
0.0714451
0.981906
0.0664027
0.978571
0.0388777
0.97644
0.030728
0.969824
0.0648883
0.954647
0.129411
0.930499
0.197232
0.900111
0.248795
0.866708
0.278939
0.832821
0.292509
0.799306
0.295935
0.767025
0.294759
0.735507
0.290845
0.705539
0.286244
0.676268
0.280188
0.274013
1.00399
0.00944121
1.00332
0.0103772
1.00248
0.0137581
0.997626
0.0470432
0.989256
0.0798155
0.982474
0.0731847
0.979457
0.0418945
0.976334
0.0338511
0.967487
0.0737351
0.950772
0.146126
0.926911
0.221094
0.897385
0.278321
0.864016
0.312309
0.828987
0.327537
0.793839
0.331083
0.759675
0.328923
0.726603
0.323918
0.694985
0.317861
0.664439
0.310735
0.303304
1.00402
0.0104188
1.00339
0.0110056
1.00245
0.0147007
0.997532
0.0519629
0.988901
0.0884457
0.981897
0.080189
0.979836
0.0439559
0.979094
0.0345926
0.972127
0.0807028
0.953004
0.165249
0.922654
0.251444
0.886992
0.313983
0.850893
0.348407
0.815904
0.362527
0.781692
0.365295
0.748019
0.362597
0.714834
0.357103
0.682459
0.350236
0.650937
0.342256
0.333728
1.00399
0.011424
1.00384
0.0111615
1.00313
0.0154104
0.997301
0.0577909
0.988111
0.0976364
0.981091
0.0872082
0.976446
0.0486011
0.969209
0.04183
0.95747
0.0924411
0.942266
0.180453
0.920745
0.272964
0.88989
0.344838
0.851741
0.386556
0.811194
0.403074
0.771771
0.404718
0.734606
0.399761
0.699457
0.392251
0.665969
0.383724
0.633784
0.374442
0.364792
1.00381
0.0126167
1.00317
0.0117953
1.00298
0.0155997
0.998464
0.0623112
0.989517
0.106583
0.984377
0.0923485
0.98826
0.0447183
0.992485
0.0376051
0.982368
0.102558
0.953699
0.209122
0.916465
0.310199
0.88052
0.380782
0.846724
0.420353
0.811597
0.438201
0.77353
0.442785
0.734176
0.439115
0.695215
0.431213
0.657581
0.421357
0.621635
0.410388
0.398732
1.00424
0.0133745
1.00474
0.0112939
1.0024
0.0179408
0.994852
0.0698616
0.986335
0.1151
0.97748
0.101204
0.964409
0.057789
0.949868
0.0521462
0.936016
0.11641
0.913184
0.231954
0.873649
0.349734
0.823547
0.430884
0.774579
0.469321
0.734439
0.478341
0.702039
0.475185
0.672894
0.46826
0.644357
0.459749
0.615442
0.450273
0.586083
0.439746
0.428555
1.00297
0.0154044
1.00361
0.0106537
1.00595
0.0156059
0.998234
0.0775733
0.985768
0.127565
0.987946
0.0990253
1.00374
0.0419975
1.01128
0.0446024
1.0032
0.124494
0.990714
0.244438
0.977992
0.362456
0.956803
0.452073
0.919527
0.506597
0.867268
0.5306
0.808568
0.533884
0.750023
0.526806
0.694824
0.514948
0.644119
0.500977
0.597899
0.485967
0.470164
1.00532
0.0150806
1.00367
0.0123092
1.00021
0.0190621
0.997826
0.0799589
0.989291
0.136101
0.972799
0.115518
0.960745
0.0540507
0.950617
0.0547308
0.916669
0.158442
0.852956
0.30815
0.78184
0.433572
0.724071
0.509842
0.682443
0.548225
0.651021
0.562022
0.623346
0.561559
0.596565
0.553586
0.569656
0.541857
0.542384
0.52825
0.514892
0.513459
0.498151
1.00317
0.0169124
1.00825
0.00723002
1.00653
0.0207775
0.992
0.0944913
0.982602
0.145498
0.983761
0.114359
0.983976
0.0538352
0.981114
0.0575936
0.97676
0.162796
0.962251
0.322659
0.931576
0.464247
0.88901
0.552408
0.843924
0.593311
0.798971
0.606975
0.753419
0.607112
0.706638
0.600367
0.658901
0.589595
0.611192
0.575959
0.56461
0.560041
0.542273
1.0024
0.0195093
1.00395
0.00568069
1.00844
0.0162928
0.998538
0.10439
0.982481
0.161555
0.984111
0.112728
0.997767
0.0401798
0.998217
0.0571435
0.979924
0.181089
0.948659
0.353924
0.903971
0.508935
0.844374
0.612006
0.776465
0.661219
0.708275
0.675165
0.644423
0.670964
0.586575
0.658215
0.534904
0.641266
0.488956
0.621907
0.448038
0.600958
0.578935
1.0044
0.0201068
1.0056
0.00447832
1.00535
0.0165516
1.00027
0.109463
0.99225
0.169579
0.986429
0.118549
0.982144
0.0444647
0.969044
0.0702431
0.940154
0.209979
0.899683
0.394395
0.854464
0.554153
0.808768
0.657702
0.761692
0.708296
0.713334
0.723523
0.664799
0.719499
0.617041
0.705973
0.570695
0.687612
0.526163
0.666439
0.483749
0.643372
0.619231
1.00345
1.01068
1.01098
0.995587
0.981794
0.98608
1.0024
1.00724
0.981836
0.927411
0.858402
0.786972
0.718052
0.652528
0.590363
0.531704
0.476856
0.426152
0.379695
0.299665
-0.00400038
0.299209
-0.00523148
0.298613
-0.00710093
0.296935
-0.0204148
0.29402
-0.034533
0.29113
-0.0336567
0.289339
-0.0216526
0.287651
-0.0188884
0.284726
-0.0353946
0.27858
-0.0676696
0.270624
-0.0994902
0.2587
-0.129037
0.247742
-0.143393
0.231035
-0.164301
0.219283
-0.164635
0.196408
-0.198124
0.183257
-0.195017
0.147642
-0.269474
0.107157
-0.282978
-0.460698
0.299674
-0.00367439
0.299207
-0.00476481
0.298579
-0.00647272
0.296903
-0.0187388
0.294004
-0.0316338
0.291067
-0.03072
0.289166
-0.0197515
0.287458
-0.01718
0.284388
-0.0323244
0.278367
-0.0616495
0.269972
-0.0910948
0.258342
-0.117407
0.246347
-0.131399
0.230025
-0.147979
0.216361
-0.150971
0.192878
-0.174641
0.176297
-0.178437
0.136418
-0.229595
0.110405
-0.256964
-0.350293
0.299675
-0.00334911
0.299211
-0.00430134
0.298551
-0.00581224
0.296853
-0.017041
0.293965
-0.0287459
0.291013
-0.0277682
0.28906
-0.0177988
0.287283
-0.0154025
0.284192
-0.0292338
0.278041
-0.0554985
0.269656
-0.0827093
0.257684
-0.105436
0.245683
-0.119398
0.228721
-0.131016
0.214314
-0.136564
0.190433
-0.15076
0.169374
-0.157377
0.13051
-0.190731
0.0807662
-0.207221
-0.269527
0.299671
-0.00302023
0.299211
-0.00384081
0.298535
-0.00513633
0.296816
-0.0153226
0.293927
-0.0258562
0.290969
-0.0248105
0.288972
-0.015802
0.287161
-0.0135916
0.283994
-0.0260667
0.277858
-0.0493625
0.269259
-0.0741097
0.257418
-0.0935947
0.244836
-0.106816
0.228182
-0.114363
0.21249
-0.120872
0.188367
-0.126637
0.165624
-0.134634
0.124011
-0.149118
0.0832845
-0.166494
-0.186243
0.299669
-0.00268891
0.299209
-0.00338111
0.298522
-0.00444897
0.29679
-0.0135911
0.293897
-0.0229626
0.290933
-0.0218468
0.288902
-0.0137715
0.287074
-0.0117633
0.283849
-0.0228414
0.27772
-0.0432336
0.268997
-0.0653869
0.257204
-0.0818017
0.24435
-0.0939617
0.227792
-0.0978053
0.211445
-0.104525
0.187475
-0.102667
0.162791
-0.109951
0.122217
-0.108543
0.0707296
-0.115007
-0.115513
0.299669
-0.0023582
0.299204
-0.00291551
0.298509
-0.00375396
0.296777
-0.0118598
0.293877
-0.020062
0.290902
-0.0188722
0.288852
-0.0117217
0.287021
-0.00993236
0.283756
-0.0195755
0.277635
-0.0371126
0.268847
-0.0565998
0.257089
-0.0700431
0.244154
-0.0810269
0.227617
-0.0812678
0.211244
-0.088152
0.187092
-0.0785146
0.162423
-0.0852822
0.121596
-0.0677165
0.0731843
-0.0665949
-0.0423287
0.299672
-0.00203034
0.299195
-0.00243799
0.298498
-0.00305714
0.296777
-0.0101391
0.293865
-0.0171501
0.29088
-0.0158871
0.288823
-0.00966486
0.287008
-0.00811722
0.283705
-0.0162725
0.277623
-0.0310302
0.268774
-0.0477515
0.257135
-0.0584042
0.244144
-0.0680357
0.227783
-0.0649066
0.211652
-0.072021
0.187636
-0.0544988
0.163934
-0.06158
0.123316
-0.0270987
0.0751366
-0.0184153
0.0328079
0.299675
-0.00170565
0.299184
-0.00194698
0.298493
-0.0023659
0.296787
-0.00843334
0.29386
-0.0142223
0.290868
-0.0128956
0.288821
-0.00761768
0.287034
-0.00632985
0.283698
-0.0129374
0.277676
-0.0250073
0.268783
-0.0388594
0.257332
-0.0469531
0.244331
-0.0550347
0.228278
-0.0488527
0.212693
-0.0564364
0.189046
-0.0308518
0.167624
-0.040158
0.126039
0.0144858
0.0798914
0.0277326
0.112699
0.299674
-0.00137993
0.299169
-0.00144172
0.2985
-0.00169666
0.296812
-0.0067455
0.293856
-0.0112664
0.290865
-0.00990439
0.288848
-0.00560078
0.2871
-0.00458233
0.283733
-0.00957015
0.277793
-0.0190668
0.268857
-0.0299242
0.257706
-0.0358019
0.244642
-0.0419703
0.229222
-0.0334334
0.214141
-0.0413554
0.191392
-0.00810206
0.173555
-0.0223218
0.134817
0.053224
0.099011
0.0635389
0.21171
0.299663
0.299173
0.298522
0.296793
0.293849
0.290927
0.288909
0.287134
0.283779
0.27797
0.26907
0.258211
0.245118
0.230651
0.215522
0.19508
0.179007
0.142788
0.107137
)
;

boundaryField
{
    inlet
    {
        type            calculated;
        value           nonuniform List<scalar> 
50
(
-0.75
-0.75
-0.75
-0.75
-0.75
-0.75
-0.75
-0.75
-0.75
-0.75
-0.75
-0.75
-0.75
-0.75
-0.75
-0.75
-0.75
-0.75
-0.75
-0.75
-0.3
-0.3
-0.3
-0.3
-0.3
-0.3
-0.3
-0.3
-0.3
-0.3
-1.005
-1.005
-1.005
-1.005
-1.005
-1.005
-1.005
-1.005
-1.005
-1.005
-1.005
-1.005
-1.005
-1.005
-1.005
-1.005
-1.005
-1.005
-1.005
-1.005
)
;
    }
    outlet
    {
        type            calculated;
        value           nonuniform List<scalar> 
150
(
0.000294889
0.00073432
0.00121296
0.00168913
0.00215853
0.00261938
0.00307004
0.00350889
0.00393434
0.00434487
0.00473897
0.00511522
0.00547224
0.00580872
0.00612343
0.0064152
0.00668295
0.00692566
0.00714242
0.0073327
0.00298061
0.00300538
0.00302778
0.00304837
0.00306713
0.00308404
0.0030991
0.0031123
0.00312364
0.0031323
0.0105403
0.010553
0.0104941
0.0103636
0.010162
0.00989064
0.00955102
0.00914525
0.00867589
0.00814592
0.00755878
0.00691832
0.00622879
0.00549477
0.00472122
0.00391335
0.00307664
0.00221683
0.00134135
0.000501437
0.0216577
-0.00274921
0.0162525
0.124852
0.183372
0.114264
0.0281482
0.0654029
0.235379
0.44882
0.623162
0.729133
0.777215
0.789047
0.781663
0.764632
0.74246
0.717143
0.689828
0.661009
1.23411
1.11762
1.00538
0.899979
0.802615
0.71363
0.632903
0.560067
0.494651
0.436048
0.573167
0.469389
0.383491
0.31298
0.255342
0.208346
0.170057
0.13884
0.113345
0.0924648
0.0753036
0.0611341
0.0493658
0.0395171
0.0311915
0.0240591
0.0178408
0.0122955
0.00720993
0.00243062
0.0217288
-0.00328556
0.0172846
0.124845
0.177909
0.108948
0.0273583
0.0609071
0.224344
0.437171
0.614784
0.72319
0.771564
0.782679
0.774558
0.757015
0.734292
0.70827
0.679938
0.649964
1.20721
1.08334
0.963206
0.84999
0.745675
0.651264
0.567101
0.493026
0.428541
0.372741
0.48385
0.394308
0.323134
0.266286
0.220247
0.182563
0.151438
0.12557
0.103978
0.0859019
0.0707305
0.0579613
0.0471728
0.0380078
0.0301587
0.0233601
0.0173781
0.0120047
0.0070501
0.00237869
)
;
    }
    upAndBottom
    {
        type            empty;
        value           nonuniform 0();
    }
    obstacle
    {
        type            calculated;
        value           uniform 0;
    }
}


// ************************************************************************* //
