/*--------------------------------*- C++ -*----------------------------------*\
| =========                 |                                                 |
| \\      /  F ield         | OpenFOAM: The Open Source CFD Toolbox           |
|  \\    /   O peration     | Version:  v1806                                 |
|   \\  /    A nd           | Web:      www.OpenFOAM.com                      |
|    \\/     M anipulation  |                                                 |
\*---------------------------------------------------------------------------*/
FoamFile
{
    version     2.0;
    format      ascii;
    class       volVectorField;
    location    "410";
    object      U;
}
// * * * * * * * * * * * * * * * * * * * * * * * * * * * * * * * * * * * * * //

dimensions      [0 1 -1 0 0 0 0];


internalField   nonuniform List<vector> 
2400
(
(0.299999 -0.00132635 0)
(0.299991 -0.00403597 0)
(0.299967 -0.00673238 0)
(0.29993 -0.0095608 0)
(0.299873 -0.0124016 0)
(0.299796 -0.015453 0)
(0.2997 -0.018523 0)
(0.299579 -0.0218681 0)
(0.299445 -0.0252123 0)
(0.299285 -0.0288581 0)
(0.29913 -0.0324522 0)
(0.298955 -0.0362945 0)
(0.298819 -0.0399972 0)
(0.298693 -0.0437683 0)
(0.298654 -0.047267 0)
(0.298688 -0.0505166 0)
(0.298861 -0.053301 0)
(0.299188 -0.0554651 0)
(0.299695 -0.0569191 0)
(0.3004 -0.0574998 0)
(0.299998 -0.00132116 0)
(0.299976 -0.00402421 0)
(0.299927 -0.00670652 0)
(0.299856 -0.00952878 0)
(0.299754 -0.0123499 0)
(0.299629 -0.0153981 0)
(0.299477 -0.0184414 0)
(0.2993 -0.0217914 0)
(0.29911 -0.0251026 0)
(0.298898 -0.0287695 0)
(0.298708 -0.0323299 0)
(0.298509 -0.0362189 0)
(0.298394 -0.0399032 0)
(0.298309 -0.043753 0)
(0.29839 -0.0472766 0)
(0.29858 -0.0506346 0)
(0.299006 -0.0535123 0)
(0.299643 -0.055803 0)
(0.300526 -0.0573995 0)
(0.301655 -0.0581025 0)
(0.299997 -0.00131095 0)
(0.299961 -0.00400083 0)
(0.29988 -0.00665861 0)
(0.299769 -0.00947161 0)
(0.29961 -0.0122619 0)
(0.299422 -0.0153096 0)
(0.299194 -0.0183139 0)
(0.298942 -0.0216813 0)
(0.298674 -0.0249453 0)
(0.298389 -0.0286616 0)
(0.298144 -0.032173 0)
(0.297902 -0.036159 0)
(0.297796 -0.0398116 0)
(0.29774 -0.0438123 0)
(0.297948 -0.0473577 0)
(0.298295 -0.0509003 0)
(0.299003 -0.0538863 0)
(0.299974 -0.0563467 0)
(0.301285 -0.0581054 0)
(0.302901 -0.0589173 0)
(0.299996 -0.00129582 0)
(0.299945 -0.00396559 0)
(0.299833 -0.00658844 0)
(0.299678 -0.0093885 0)
(0.299458 -0.0121371 0)
(0.299202 -0.0151863 0)
(0.298893 -0.0181386 0)
(0.298556 -0.0215357 0)
(0.298198 -0.0247361 0)
(0.297829 -0.0285319 0)
(0.297514 -0.0319719 0)
(0.297212 -0.0361125 0)
(0.297102 -0.0397049 0)
(0.297051 -0.0439461 0)
(0.29738 -0.0474863 0)
(0.297857 -0.0513197 0)
(0.29886 -0.0544093 0)
(0.300153 -0.0571161 0)
(0.30192 -0.0590641 0)
(0.304051 -0.0599957 0)
(0.299995 -0.00127596 0)
(0.29993 -0.0039182 0)
(0.299786 -0.00649584 0)
(0.299586 -0.00927781 0)
(0.299304 -0.0119733 0)
(0.298977 -0.0150238 0)
(0.298579 -0.0179104 0)
(0.298153 -0.0213474 0)
(0.297696 -0.0244648 0)
(0.297231 -0.0283706 0)
(0.296832 -0.0317097 0)
(0.296453 -0.0360702 0)
(0.296321 -0.0395569 0)
(0.296247 -0.044153 0)
(0.296689 -0.0476288 0)
(0.297256 -0.0519073 0)
(0.298571 -0.0550565 0)
(0.300154 -0.0581407 0)
(0.302423 -0.0602911 0)
(0.305093 -0.0613715 0)
(0.299994 -0.00125156 0)
(0.299914 -0.00385805 0)
(0.299738 -0.00638077 0)
(0.299492 -0.00913799 0)
(0.299145 -0.0117698 0)
(0.298744 -0.014819 0)
(0.298255 -0.0176266 0)
(0.297733 -0.0211106 0)
(0.297167 -0.0241257 0)
(0.296596 -0.0281702 0)
(0.296094 -0.0313741 0)
(0.295618 -0.0360262 0)
(0.295443 -0.0393441 0)
(0.295312 -0.0444366 0)
(0.295853 -0.0477469 0)
(0.296458 -0.0526883 0)
(0.298113 -0.0557867 0)
(0.299935 -0.0594656 0)
(0.302783 -0.0617844 0)
(0.306007 -0.063079 0)
(0.299994 -0.00122282 0)
(0.299897 -0.00378441 0)
(0.29969 -0.00624329 0)
(0.299394 -0.00896735 0)
(0.298984 -0.011526 0)
(0.298502 -0.0145683 0)
(0.297919 -0.0172857 0)
(0.297291 -0.0208194 0)
(0.296608 -0.023714 0)
(0.295916 -0.0279215 0)
(0.295293 -0.0309541 0)
(0.294698 -0.0359707 0)
(0.294449 -0.0390425 0)
(0.294225 -0.0447973 0)
(0.294844 -0.0477953 0)
(0.295426 -0.0536933 0)
(0.297454 -0.0565381 0)
(0.299435 -0.0611621 0)
(0.302988 -0.063519 0)
(0.306753 -0.0651801 0)
(0.299995 -0.00118991 0)
(0.299879 -0.00369644 0)
(0.299643 -0.00608352 0)
(0.299292 -0.00876399 0)
(0.29882 -0.011242 0)
(0.29825 -0.0142677 0)
(0.297573 -0.0168864 0)
(0.296826 -0.0204655 0)
(0.296018 -0.0232263 0)
(0.295185 -0.0276109 0)
(0.294422 -0.0304403 0)
(0.293679 -0.0358866 0)
(0.293323 -0.03863 0)
(0.292964 -0.0452261 0)
(0.29363 -0.0477264 0)
(0.294117 -0.0549519 0)
(0.296555 -0.0572313 0)
(0.298581 -0.0633311 0)
(0.303025 -0.065436 0)
(0.30727 -0.0677896 0)
(0.299998 -0.00115302 0)
(0.299858 -0.00359334 0)
(0.299597 -0.00590164 0)
(0.299184 -0.00852584 0)
(0.298655 -0.0109176 0)
(0.297984 -0.0139123 0)
(0.297217 -0.0164284 0)
(0.296332 -0.0200388 0)
(0.295398 -0.0226605 0)
(0.294396 -0.0272198 0)
(0.293478 -0.0298267 0)
(0.292552 -0.0357468 0)
(0.292048 -0.0380902 0)
(0.291512 -0.0457004 0)
(0.292175 -0.0474972 0)
(0.29249 -0.0564825 0)
(0.29537 -0.0577771 0)
(0.297286 -0.0660924 0)
(0.302877 -0.0674398 0)
(0.307467 -0.0710984 0)
(0.300003 -0.0011122 0)
(0.299835 -0.00347443 0)
(0.299554 -0.00569774 0)
(0.299069 -0.00825094 0)
(0.298493 -0.0105529 0)
(0.297702 -0.013497 0)
(0.296858 -0.0159112 0)
(0.295803 -0.0195275 0)
(0.294756 -0.022016 0)
(0.29354 -0.0267242 0)
(0.292464 -0.029112 0)
(0.291301 -0.0355121 0)
(0.290614 -0.0374165 0)
(0.28985 -0.0461766 0)
(0.290434 -0.0470773 0)
(0.290514 -0.0582825 0)
(0.293836 -0.0580864 0)
(0.295447 -0.0695642 0)
(0.302527 -0.0694086 0)
(0.307212 -0.0753805 0)
(0.30001 -0.0010674 0)
(0.299807 -0.00333933 0)
(0.299516 -0.00547172 0)
(0.298944 -0.00793783 0)
(0.298336 -0.0101476 0)
(0.297401 -0.0130172 0)
(0.296503 -0.0153347 0)
(0.295234 -0.0189194 0)
(0.294104 -0.0212933 0)
(0.292602 -0.0260962 0)
(0.291397 -0.0282992 0)
(0.289904 -0.0351283 0)
(0.289021 -0.0366151 0)
(0.287958 -0.0465821 0)
(0.288358 -0.0464592 0)
(0.288179 -0.0603191 0)
(0.291854 -0.0580797 0)
(0.292963 -0.0738512 0)
(0.301973 -0.0712049 0)
(0.306289 -0.0809689 0)
(0.30002 -0.00101837 0)
(0.299775 -0.00318808 0)
(0.299483 -0.00522312 0)
(0.298811 -0.00758593 0)
(0.298188 -0.00970068 0)
(0.297079 -0.01247 0)
(0.296159 -0.0146974 0)
(0.294617 -0.0182043 0)
(0.29346 -0.0204919 0)
(0.291565 -0.0253064 0)
(0.290308 -0.0273939 0)
(0.288322 -0.0345263 0)
(0.287303 -0.0357064 0)
(0.28578 -0.0467999 0)
(0.285913 -0.0456739 0)
(0.285491 -0.0625073 0)
(0.289241 -0.0577048 0)
(0.289829 -0.079068 0)
(0.301195 -0.0726638 0)
(0.304298 -0.0881938 0)
(0.300032 -0.000964727 0)
(0.299739 -0.00302122 0)
(0.299455 -0.00495113 0)
(0.298669 -0.00719579 0)
(0.29805 -0.00921027 0)
(0.296737 -0.0118547 0)
(0.295834 -0.0139953 0)
(0.293951 -0.0173765 0)
(0.292843 -0.019607 0)
(0.290412 -0.0243316 0)
(0.289243 -0.0263977 0)
(0.286499 -0.033631 0)
(0.285541 -0.0347212 0)
(0.283196 -0.0466549 0)
(0.283147 -0.0448064 0)
(0.282375 -0.0646483 0)
(0.285738 -0.0569925 0)
(0.286267 -0.0853634 0)
(0.299926 -0.0735391 0)
(0.300684 -0.0973824 0)
(0.300045 -0.000906063 0)
(0.299701 -0.00283964 0)
(0.29943 -0.00465477 0)
(0.298523 -0.00676901 0)
(0.297921 -0.00867366 0)
(0.296383 -0.0111735 0)
(0.295527 -0.013222 0)
(0.293246 -0.0164373 0)
(0.292262 -0.0186254 0)
(0.289147 -0.0231637 0)
(0.288242 -0.0252962 0)
(0.28439 -0.0323875 0)
(0.283852 -0.0336795 0)
(0.280019 -0.04593 0)
(0.280267 -0.0439965 0)
(0.278496 -0.0663277 0)
(0.281219 -0.0561738 0)
(0.282617 -0.0927864 0)
(0.297217 -0.0734587 0)
(0.295324 -0.109247 0)
(0.300057 -0.000842139 0)
(0.299665 -0.00264431 0)
(0.299406 -0.00433338 0)
(0.298381 -0.00630771 0)
(0.297795 -0.00808836 0)
(0.296031 -0.0104304 0)
(0.29523 -0.0123693 0)
(0.292527 -0.0153936 0)
(0.291706 -0.017526 0)
(0.287804 -0.0218129 0)
(0.287306 -0.0240458 0)
(0.282012 -0.0307917 0)
(0.282325 -0.0325388 0)
(0.276091 -0.0444743 0)
(0.27761 -0.0433747 0)
(0.273159 -0.0668723 0)
(0.276134 -0.0558026 0)
(0.278543 -0.100796 0)
(0.291372 -0.072193 0)
(0.289997 -0.125642 0)
(0.300066 -0.000773066 0)
(0.299634 -0.00243598 0)
(0.299377 -0.00398717 0)
(0.29825 -0.00581376 0)
(0.297665 -0.00745346 0)
(0.295701 -0.00962931 0)
(0.294926 -0.0114314 0)
(0.291838 -0.0142542 0)
(0.291139 -0.0162872 0)
(0.28647 -0.0203006 0)
(0.28637 -0.0225813 0)
(0.279497 -0.0288916 0)
(0.280896 -0.0311519 0)
(0.271475 -0.0423178 0)
(0.275394 -0.0428548 0)
(0.265665 -0.0656889 0)
(0.271648 -0.0566427 0)
(0.271856 -0.107678 0)
(0.281537 -0.0706091 0)
(0.288719 -0.149891 0)
(0.300071 -0.000699395 0)
(0.299611 -0.00221498 0)
(0.299341 -0.00361758 0)
(0.29814 -0.00528822 0)
(0.297524 -0.00677082 0)
(0.295413 -0.00877213 0)
(0.2946 -0.0104083 0)
(0.291225 -0.0130237 0)
(0.29052 -0.014898 0)
(0.285256 -0.0186421 0)
(0.285319 -0.0208481 0)
(0.277102 -0.0267459 0)
(0.279295 -0.0293148 0)
(0.266635 -0.0396469 0)
(0.273271 -0.0419271 0)
(0.256144 -0.0628554 0)
(0.268572 -0.0589868 0)
(0.258892 -0.110736 0)
(0.270538 -0.0718849 0)
(0.292741 -0.184207 0)
(0.30007 -0.000622045 0)
(0.299599 -0.00198124 0)
(0.299297 -0.00322728 0)
(0.298056 -0.00473134 0)
(0.297369 -0.00604533 0)
(0.295179 -0.00785862 0)
(0.294244 -0.0093073 0)
(0.290723 -0.0116996 0)
(0.289824 -0.0133657 0)
(0.284257 -0.0168324 0)
(0.284062 -0.0188359 0)
(0.275104 -0.0243632 0)
(0.277182 -0.0269 0)
(0.262354 -0.036609 0)
(0.27021 -0.0399034 0)
(0.24615 -0.0590486 0)
(0.265478 -0.061302 0)
(0.238153 -0.108641 0)
(0.263991 -0.0815376 0)
(0.292288 -0.223508 0)
(0.300064 -0.000542166 0)
(0.299596 -0.00173471 0)
(0.299246 -0.00281977 0)
(0.297995 -0.0041434 0)
(0.297207 -0.00528398 0)
(0.295002 -0.0068879 0)
(0.293872 -0.00814116 0)
(0.290339 -0.0102761 0)
(0.289071 -0.0117139 0)
(0.283505 -0.0148501 0)
(0.282612 -0.0165852 0)
(0.273636 -0.0216842 0)
(0.274438 -0.0239431 0)
(0.259241 -0.0331136 0)
(0.265264 -0.0364765 0)
(0.238179 -0.0546975 0)
(0.258408 -0.0606548 0)
(0.214103 -0.103077 0)
(0.259797 -0.101491 0)
(0.267037 -0.254543 0)
(0.300056 -0.000460672 0)
(0.299599 -0.00147646 0)
(0.299194 -0.00239823 0)
(0.297955 -0.00352682 0)
(0.297049 -0.00449314 0)
(0.294873 -0.00586324 0)
(0.29351 -0.006922 0)
(0.290055 -0.00875472 0)
(0.288324 -0.00996696 0)
(0.282959 -0.0126851 0)
(0.281108 -0.014151 0)
(0.272618 -0.0186463 0)
(0.271345 -0.0205811 0)
(0.25725 -0.0289043 0)
(0.258655 -0.0319139 0)
(0.233431 -0.0491697 0)
(0.244467 -0.0557724 0)
(0.195581 -0.0956696 0)
(0.238297 -0.119805 0)
(0.196114 -0.255602 0)
(0.30133 -0.0571704 0)
(0.302491 -0.0557388 0)
(0.303769 -0.0533166 0)
(0.305069 -0.0501325 0)
(0.306329 -0.0464505 0)
(0.30751 -0.0424679 0)
(0.308599 -0.0383357 0)
(0.309575 -0.0341599 0)
(0.310447 -0.0300353 0)
(0.311209 -0.0260006 0)
(0.303031 -0.0578943 0)
(0.304628 -0.0565402 0)
(0.306251 -0.0541378 0)
(0.30776 -0.0509341 0)
(0.309104 -0.0472055 0)
(0.310275 -0.0431569 0)
(0.311284 -0.0389494 0)
(0.312132 -0.0346979 0)
(0.312843 -0.0305014 0)
(0.313428 -0.0264026 0)
(0.3048 -0.0588085 0)
(0.306937 -0.0574716 0)
(0.309007 -0.0550072 0)
(0.310822 -0.0517116 0)
(0.312343 -0.0478819 0)
(0.313592 -0.0437289 0)
(0.314601 -0.0394226 0)
(0.315387 -0.0350852 0)
(0.315995 -0.0308162 0)
(0.316449 -0.0266564 0)
(0.306511 -0.0599977 0)
(0.309243 -0.0586339 0)
(0.311801 -0.0560411 0)
(0.313943 -0.0525931 0)
(0.315661 -0.0486091 0)
(0.317008 -0.0443058 0)
(0.318039 -0.0398652 0)
(0.31879 -0.0354165 0)
(0.319324 -0.0310575 0)
(0.319681 -0.0268267 0)
(0.308161 -0.0615101 0)
(0.311561 -0.0600645 0)
(0.314638 -0.0572715 0)
(0.317112 -0.0536097 0)
(0.319024 -0.0494166 0)
(0.320465 -0.0449171 0)
(0.321511 -0.040309 0)
(0.322223 -0.0357268 0)
(0.322686 -0.0312632 0)
(0.322954 -0.0269528 0)
(0.309757 -0.0633858 0)
(0.313923 -0.0617783 0)
(0.317547 -0.0587037 0)
(0.320349 -0.0547612 0)
(0.322448 -0.0502978 0)
(0.323971 -0.0455532 0)
(0.325017 -0.0407458 0)
(0.325679 -0.0360102 0)
(0.326062 -0.0314299 0)
(0.326232 -0.0270331 0)
(0.311313 -0.0656744 0)
(0.316369 -0.0637893 0)
(0.320561 -0.0603451 0)
(0.323682 -0.0560478 0)
(0.325958 -0.051245 0)
(0.327549 -0.0462047 0)
(0.32858 -0.041168 0)
(0.329177 -0.0362599 0)
(0.329461 -0.0315503 0)
(0.329509 -0.0270592 0)
(0.312862 -0.068433 0)
(0.318947 -0.0661076 0)
(0.323707 -0.062206 0)
(0.327143 -0.0574701 0)
(0.329596 -0.0522516 0)
(0.331246 -0.0468647 0)
(0.332241 -0.0415692 0)
(0.332742 -0.0364661 0)
(0.332879 -0.0316097 0)
(0.332737 -0.0270104 0)
(0.314465 -0.0717163 0)
(0.321702 -0.0687414 0)
(0.327023 -0.0643021 0)
(0.3308 -0.0590313 0)
(0.33345 -0.0533138 0)
(0.335139 -0.0475262 0)
(0.336041 -0.0419349 0)
(0.336352 -0.0366005 0)
(0.336202 -0.031567 0)
(0.335703 -0.0268323 0)
(0.316212 -0.075558 0)
(0.324682 -0.0717193 0)
(0.330593 -0.0666703 0)
(0.334806 -0.0607435 0)
(0.337661 -0.0544269 0)
(0.339289 -0.0481645 0)
(0.339908 -0.0422121 0)
(0.339761 -0.0365799 0)
(0.339004 -0.0313165 0)
(0.3378 -0.0264028 0)
(0.31821 -0.0799427 0)
(0.328004 -0.0751489 0)
(0.334664 -0.0693981 0)
(0.339418 -0.0626219 0)
(0.342319 -0.0555494 0)
(0.343515 -0.0486776 0)
(0.34334 -0.042241 0)
(0.342148 -0.0362015 0)
(0.340174 -0.0306374 0)
(0.337681 -0.0254954 0)
(0.32068 -0.0848427 0)
(0.332035 -0.0792973 0)
(0.3397 -0.0726035 0)
(0.3448 -0.0646047 0)
(0.347038 -0.0564869 0)
(0.346842 -0.0487612 0)
(0.344823 -0.0416496 0)
(0.341571 -0.0350742 0)
(0.337472 -0.0291582 0)
(0.332929 -0.0237738 0)
(0.324342 -0.0905049 0)
(0.337517 -0.0845647 0)
(0.346011 -0.0762145 0)
(0.350225 -0.0663139 0)
(0.350017 -0.0566673 0)
(0.346628 -0.0477509 0)
(0.34114 -0.0397798 0)
(0.334519 -0.0326163 0)
(0.327309 -0.0264059 0)
(0.320058 -0.0208722 0)
(0.330954 -0.0976306 0)
(0.345001 -0.0911553 0)
(0.352363 -0.0794576 0)
(0.352558 -0.0666605 0)
(0.34684 -0.0549305 0)
(0.337822 -0.0445913 0)
(0.327122 -0.0357868 0)
(0.316098 -0.0282284 0)
(0.305286 -0.0220059 0)
(0.295306 -0.0165963 0)
(0.342684 -0.106899 0)
(0.352378 -0.0982403 0)
(0.353684 -0.0802381 0)
(0.344756 -0.0636723 0)
(0.329998 -0.0496715 0)
(0.313394 -0.0381722 0)
(0.296775 -0.0290489 0)
(0.281606 -0.0216962 0)
(0.268008 -0.0160391 0)
(0.256492 -0.0112085 0)
(0.358346 -0.117705 0)
(0.351189 -0.10272 0)
(0.339674 -0.075055 0)
(0.316228 -0.0550636 0)
(0.290809 -0.0396053 0)
(0.267201 -0.0281293 0)
(0.246577 -0.0198649 0)
(0.229783 -0.0137289 0)
(0.215987 -0.00940911 0)
(0.205341 -0.00563533 0)
(0.368029 -0.125471 0)
(0.325634 -0.0988885 0)
(0.297131 -0.0604933 0)
(0.257307 -0.0398657 0)
(0.225174 -0.0251724 0)
(0.199651 -0.0159599 0)
(0.180211 -0.0101704 0)
(0.166158 -0.00626106 0)
(0.15559 -0.00378776 0)
(0.148194 -0.00119163 0)
(0.352105 -0.118202 0)
(0.257992 -0.0796741 0)
(0.218248 -0.0358215 0)
(0.169216 -0.0205822 0)
(0.141948 -0.0101663 0)
(0.122701 -0.00556326 0)
(0.110179 -0.00303736 0)
(0.102208 -0.00142114 0)
(0.0967549 -0.00049803 0)
(0.0932813 0.00139376 0)
(0.287471 -0.0802166 0)
(0.141418 -0.0425865 0)
(0.114326 -0.00665712 0)
(0.0744881 -0.00452516 0)
(0.0640344 -0.000706349 0)
(0.0552239 -0.000404144 0)
(0.0509107 4.4633e-05 0)
(0.048646 0.000335781 0)
(0.0474963 0.000539632 0)
(0.0468268 0.00225596 0)
(0.152548 -0.0495464 0)
(0.00528925 -0.0119562 0)
(0.0234254 0.00367712 0)
(0.00766167 0.000233599 0)
(0.0111661 0.000847576 0)
(0.00974662 0.000319105 0)
(0.0101748 0.000302738 0)
(0.0106417 0.000266436 0)
(0.0114059 0.000311853 0)
(0.0118217 0.00105653 0)
(0.31193 -0.0218151 0)
(0.312581 -0.0175107 0)
(0.31314 -0.0134291 0)
(0.31361 -0.00951207 0)
(0.314008 -0.00581037 0)
(0.314339 -0.00225029 0)
(0.3146 0.00109314 0)
(0.314809 0.00427766 0)
(0.314954 0.00723267 0)
(0.315064 0.0099728 0)
(0.315096 0.0124569 0)
(0.315105 0.0145893 0)
(0.315035 0.0164625 0)
(0.314956 0.0177774 0)
(0.314813 0.0189338 0)
(0.314671 0.0192717 0)
(0.314508 0.0197502 0)
(0.314334 0.0190884 0)
(0.314217 0.0191335 0)
(0.314031 0.0175937 0)
(0.313957 -0.0221546 0)
(0.314405 -0.0177925 0)
(0.314771 -0.0136634 0)
(0.315059 -0.00970692 0)
(0.315289 -0.00597299 0)
(0.315461 -0.00238804 0)
(0.315577 0.00097853 0)
(0.315649 0.00420111 0)
(0.315655 0.00718893 0)
(0.315629 0.00995734 0)
(0.315528 0.0124643 0)
(0.315409 0.0146169 0)
(0.315216 0.016507 0)
(0.315027 0.0178346 0)
(0.314786 0.0190014 0)
(0.314566 0.0193412 0)
(0.314343 0.0198225 0)
(0.314132 0.0191507 0)
(0.313998 0.0191948 0)
(0.313807 0.0176363 0)
(0.31682 -0.0223554 0)
(0.317086 -0.0179494 0)
(0.317268 -0.0137846 0)
(0.317373 -0.00979722 0)
(0.317421 -0.00603506 0)
(0.31741 -0.00242024 0)
(0.317344 0.000975544 0)
(0.317229 0.00421852 0)
(0.317043 0.00722674 0)
(0.316819 0.0100195 0)
(0.316512 0.0125485 0)
(0.316186 0.0147227 0)
(0.315783 0.0166288 0)
(0.315396 0.0179663 0)
(0.314965 0.0191369 0)
(0.314585 0.0194687 0)
(0.314225 0.0199413 0)
(0.313915 0.0192447 0)
(0.313719 0.0192765 0)
(0.313484 0.0176852 0)
(0.319933 -0.0224662 0)
(0.320061 -0.0180137 0)
(0.320102 -0.0138131 0)
(0.32006 -0.00979585 0)
(0.319961 -0.00600596 0)
(0.319794 -0.00236411 0)
(0.319563 0.00105695 0)
(0.319271 0.00432607 0)
(0.318897 0.00735984 0)
(0.318466 0.0101815 0)
(0.317937 0.0127357 0)
(0.317375 0.0149332 0)
(0.316722 0.0168535 0)
(0.316085 0.0181961 0)
(0.315408 0.0193609 0)
(0.314805 0.0196714 0)
(0.314251 0.0201193 0)
(0.313779 0.0193794 0)
(0.313481 0.0193834 0)
(0.313143 0.0177457 0)
(0.323098 -0.0225268 0)
(0.323104 -0.0180249 0)
(0.32302 -0.0137867 0)
(0.322853 -0.00973788 0)
(0.322625 -0.0059176 0)
(0.322321 -0.00224646 0)
(0.321945 0.00120411 0)
(0.321494 0.00450736 0)
(0.320945 0.00757567 0)
(0.320321 0.0104358 0)
(0.319575 0.0130237 0)
(0.318776 0.0152526 0)
(0.317866 0.0171911 0)
(0.316962 0.0185396 0)
(0.316016 0.0196942 0)
(0.315152 0.0199729 0)
(0.314372 0.0203829 0)
(0.313689 0.0195789 0)
(0.313266 0.0195408 0)
(0.312772 0.0178352 0)
(0.326259 -0.0225376 0)
(0.326132 -0.0179855 0)
(0.325911 -0.0137092 0)
(0.325605 -0.0096275 0)
(0.325233 -0.00577425 0)
(0.324781 -0.00207101 0)
(0.32425 0.00141427 0)
(0.323637 0.00475758 0)
(0.322914 0.00786804 0)
(0.322101 0.010776 0)
(0.321146 0.0134075 0)
(0.320116 0.0156781 0)
(0.318954 0.0176427 0)
(0.317781 0.0190018 0)
(0.316563 0.020146 0)
(0.315422 0.020385 0)
(0.314407 0.0207475 0)
(0.313483 0.0198577 0)
(0.312925 0.0197649 0)
(0.312238 0.0179648 0)
(0.329384 -0.0224881 0)
(0.329075 -0.0178833 0)
(0.328661 -0.0135668 0)
(0.32816 -0.00944989 0)
(0.327586 -0.00556121 0)
(0.326934 -0.00182455 0)
(0.326202 0.00169772 0)
(0.325394 0.00508305 0)
(0.324474 0.00823992 0)
(0.323461 0.0112023 0)
(0.322295 0.0138854 0)
(0.321037 0.0162072 0)
(0.319634 0.0182059 0)
(0.318196 0.0195813 0)
(0.316719 0.0207171 0)
(0.315298 0.0209103 0)
(0.314054 0.021218 0)
(0.312873 0.0202208 0)
(0.312185 0.0200622 0)
(0.311285 0.0181389 0)
(0.332364 -0.0223511 0)
(0.331759 -0.0176868 0)
(0.331029 -0.0133251 0)
(0.330214 -0.00916945 0)
(0.329324 -0.00524446 0)
(0.328373 -0.00147694 0)
(0.327359 0.00207866 0)
(0.326296 0.00550117 0)
(0.325139 0.00870245 0)
(0.323907 0.0117196 0)
(0.322527 0.0144579 0)
(0.32105 0.0168367 0)
(0.319424 0.0188759 0)
(0.31774 0.0202731 0)
(0.316028 0.0214028 0)
(0.31434 0.0215456 0)
(0.312887 0.021793 0)
(0.311455 0.0206675 0)
(0.310646 0.0204331 0)
(0.309539 0.0183565 0)
(0.334876 -0.0220625 0)
(0.333745 -0.0173281 0)
(0.33248 -0.0129156 0)
(0.331152 -0.0087207 0)
(0.329768 -0.00476577 0)
(0.32838 -0.000978917 0)
(0.326975 0.00259389 0)
(0.325592 0.00603664 0)
(0.324161 0.00926962 0)
(0.322707 0.0123321 0)
(0.321129 0.0151215 0)
(0.31947 0.0175577 0)
(0.317667 0.0196404 0)
(0.315786 0.0210637 0)
(0.313891 0.0221903 0)
(0.311978 0.0222801 0)
(0.310355 0.0224637 0)
(0.308701 0.0211906 0)
(0.307793 0.0208722 0)
(0.30651 0.0186105 0)
(0.336139 -0.021494 0)
(0.334105 -0.0166839 0)
(0.331976 -0.0122247 0)
(0.329864 -0.00800485 0)
(0.327775 -0.00404584 0)
(0.325798 -0.00026792 0)
(0.323908 0.00328351 0)
(0.322168 0.00671025 0)
(0.320469 0.00994578 0)
(0.318841 0.0130302 0)
(0.317138 0.0158568 0)
(0.315391 0.0183437 0)
(0.313512 0.0204696 0)
(0.311541 0.0219234 0)
(0.309558 0.0230511 0)
(0.30751 0.0230899 0)
(0.305789 0.0232094 0)
(0.303979 0.0217734 0)
(0.30301 0.0213657 0)
(0.301619 0.018885 0)
(0.33462 -0.0204343 0)
(0.331182 -0.0155724 0)
(0.327808 -0.0111014 0)
(0.32464 -0.0069057 0)
(0.32167 -0.00300168 0)
(0.319018 0.000693746 0)
(0.316626 0.00416249 0)
(0.314586 0.00751577 0)
(0.312719 0.0107053 0)
(0.311064 0.0137727 0)
(0.309398 0.0166121 0)
(0.307752 0.0191368 0)
(0.305978 0.0213041 0)
(0.304099 0.022795 0)
(0.302189 0.0239321 0)
(0.300156 0.02393 0)
(0.29845 0.0239912 0)
(0.296602 0.0223849 0)
(0.295628 0.0218872 0)
(0.294242 0.0191528 0)
(0.327828 -0.0186096 0)
(0.322514 -0.0137894 0)
(0.317621 -0.00940176 0)
(0.313272 -0.00533613 0)
(0.309412 -0.00159249 0)
(0.306173 0.0019049 0)
(0.303443 0.00519738 0)
(0.301316 0.00839477 0)
(0.299528 0.0114709 0)
(0.29812 0.0144696 0)
(0.29677 0.0172901 0)
(0.295513 0.0198375 0)
(0.294111 0.0220463 0)
(0.29259 0.0235874 0)
(0.290976 0.0247503 0)
(0.289177 0.0247304 0)
(0.287638 0.0247481 0)
(0.285919 0.0229773 0)
(0.285015 0.0223959 0)
(0.283796 0.0193735 0)
(0.312512 -0.0157816 0)
(0.305181 -0.0112066 0)
(0.298865 -0.00708061 0)
(0.293564 -0.00331547 0)
(0.289133 0.000101949 0)
(0.285676 0.00327078 0)
(0.283008 0.00626868 0)
(0.2812 0.00921188 0)
(0.279889 0.0120986 0)
(0.279122 0.0149749 0)
(0.278458 0.0177461 0)
(0.277952 0.020306 0)
(0.277247 0.0225644 0)
(0.276402 0.0241803 0)
(0.275342 0.0253972 0)
(0.274034 0.0254 0)
(0.272841 0.0254006 0)
(0.271452 0.0234892 0)
(0.270701 0.0228385 0)
(0.269847 0.0194942 0)
(0.285603 -0.011929 0)
(0.276815 -0.00791935 0)
(0.269794 -0.00430446 0)
(0.264272 -0.00105581 0)
(0.259988 0.00185427 0)
(0.256977 0.00456334 0)
(0.254978 0.00715668 0)
(0.254021 0.00975874 0)
(0.253669 0.0123924 0)
(0.253967 0.0151058 0)
(0.25437 0.01781 0)
(0.254966 0.0203856 0)
(0.255264 0.0227143 0)
(0.255394 0.0244437 0)
(0.25513 0.0257565 0)
(0.254562 0.0258409 0)
(0.253877 0.0258626 0)
(0.253022 0.0238552 0)
(0.252495 0.0231565 0)
(0.252217 0.0194551 0)
(0.245945 -0.00744957 0)
(0.237128 -0.00437597 0)
(0.230762 -0.00152662 0)
(0.226167 0.00101586 0)
(0.222994 0.00330152 0)
(0.221206 0.00546528 0)
(0.220502 0.00758888 0)
(0.220882 0.00980521 0)
(0.221884 0.0121565 0)
(0.223557 0.0146949 0)
(0.225292 0.0173347 0)
(0.227217 0.0199458 0)
(0.228718 0.0223784 0)
(0.230017 0.0242718 0)
(0.230708 0.0257329 0)
(0.231058 0.0259716 0)
(0.230991 0.0260603 0)
(0.230832 0.024021 0)
(0.230566 0.0232968 0)
(0.231072 0.0191959 0)
(0.196003 -0.00323815 0)
(0.189094 -0.00137082 0)
(0.184958 0.000598447 0)
(0.182418 0.00238292 0)
(0.181163 0.00404328 0)
(0.181141 0.00567066 0)
(0.182096 0.00733748 0)
(0.184032 0.00918472 0)
(0.186531 0.0112697 0)
(0.189643 0.013653 0)
(0.192757 0.0162502 0)
(0.196026 0.0189282 0)
(0.198756 0.0215035 0)
(0.201254 0.0236142 0)
(0.202937 0.0252781 0)
(0.204264 0.0257482 0)
(0.204853 0.0259494 0)
(0.205477 0.0239564 0)
(0.205475 0.0232175 0)
(0.206952 0.0186633 0)
(0.141865 -0.000319647 0)
(0.138498 0.000337417 0)
(0.137644 0.00153671 0)
(0.137665 0.00269863 0)
(0.138547 0.00386926 0)
(0.140317 0.00506326 0)
(0.142851 0.00635068 0)
(0.146189 0.00788678 0)
(0.150004 0.00974818 0)
(0.154343 0.012011 0)
(0.158643 0.0145935 0)
(0.163057 0.0173681 0)
(0.166868 0.0201182 0)
(0.170428 0.0224898 0)
(0.173017 0.0244031 0)
(0.175257 0.025172 0)
(0.176473 0.0255231 0)
(0.177883 0.0236572 0)
(0.178141 0.0228852 0)
(0.180755 0.0178139 0)
(0.0908748 0.00075174 0)
(0.0916849 0.0003961 0)
(0.0940677 0.00114649 0)
(0.0962306 0.00198066 0)
(0.0987669 0.00288143 0)
(0.101831 0.00378063 0)
(0.10547 0.00478062 0)
(0.109759 0.00606476 0)
(0.114473 0.00774091 0)
(0.119635 0.00990846 0)
(0.124769 0.0124932 0)
(0.129989 0.0153791 0)
(0.134614 0.0183192 0)
(0.138982 0.0209751 0)
(0.142312 0.0231675 0)
(0.145312 0.02428 0)
(0.147096 0.0248049 0)
(0.149235 0.0231319 0)
(0.149782 0.0222655 0)
(0.153663 0.0166192 0)
(0.0489663 -4.01732e-06 0)
(0.0532315 -0.00107423 0)
(0.0576343 -0.000241545 0)
(0.0607901 0.000606048 0)
(0.0640594 0.00142013 0)
(0.0676577 0.0021193 0)
(0.0717641 0.00288932 0)
(0.0764508 0.00395311 0)
(0.0815672 0.00546079 0)
(0.0871006 0.007537 0)
(0.0926676 0.0101213 0)
(0.0983163 0.0131119 0)
(0.10345 0.0162369 0)
(0.108339 0.0191756 0)
(0.11222 0.021655 0)
(0.115801 0.023124 0)
(0.118097 0.0238304 0)
(0.120893 0.0223803 0)
(0.121824 0.0213189 0)
(0.127016 0.0150721 0)
(0.019832 -0.00275073 0)
(0.0249105 -0.00339906 0)
(0.029421 -0.00193796 0)
(0.0322193 -0.000882149 0)
(0.0352884 -0.000107977 0)
(0.0387153 0.000396686 0)
(0.0427193 0.00093371 0)
(0.0473205 0.00177756 0)
(0.0524069 0.00311032 0)
(0.0579231 0.00507886 0)
(0.0635664 0.00764179 0)
(0.069318 0.0107103 0)
(0.0746838 0.0139959 0)
(0.0798403 0.0171925 0)
(0.0841044 0.0199434 0)
(0.0881181 0.0217495 0)
(0.0908969 0.0226266 0)
(0.0943038 0.0213838 0)
(0.0957458 0.020012 0)
(0.102167 0.0132058 0)
(0.00696582 -0.00615407 0)
(0.00817751 -0.00496133 0)
(0.0109348 -0.00303743 0)
(0.0124843 -0.00188732 0)
(0.0147925 -0.00125486 0)
(0.0176459 -0.000982878 0)
(0.0212228 -0.000689779 0)
(0.0254592 -7.57145e-05 0)
(0.0302474 0.00107207 0)
(0.0355034 0.00291712 0)
(0.0409809 0.00542869 0)
(0.0466148 0.00853007 0)
(0.0520026 0.0119217 0)
(0.0572391 0.0153098 0)
(0.0617436 0.0182692 0)
(0.0660652 0.0203381 0)
(0.0692777 0.0213399 0)
(0.0732282 0.0202489 0)
(0.0752093 0.0185068 0)
(0.0825342 0.0113332 0)
(0.000699757 -0.00753712 0)
(-0.00162812 -0.00522889 0)
(-0.00131447 -0.00341607 0)
(-0.00113207 -0.00238654 0)
(0.000322464 -0.0020186 0)
(0.00254113 -0.00201045 0)
(0.00562279 -0.00196801 0)
(0.00942684 -0.0015831 0)
(0.0138429 -0.000620535 0)
(0.018764 0.00109139 0)
(0.023984 0.00353312 0)
(0.0294133 0.00663254 0)
(0.0347249 0.0100832 0)
(0.0399549 0.0136015 0)
(0.0446213 0.0167072 0)
(0.0491824 0.0189679 0)
(0.0527874 0.0200483 0)
(0.0572219 0.0190627 0)
(0.0597045 0.0169555 0)
(0.067638 0.00958848 0)
(-0.0026508 -0.0062575 0)
(-0.00795425 -0.0043942 0)
(-0.0100064 -0.00312447 0)
(-0.0111028 -0.00248886 0)
(-0.0104894 -0.00251535 0)
(-0.00889901 -0.00283443 0)
(-0.00633063 -0.00307974 0)
(-0.00298824 -0.00293833 0)
(0.0010115 -0.00217515 0)
(0.00554941 -0.000616366 0)
(0.0104529 0.00173079 0)
(0.0156209 0.00479736 0)
(0.0207978 0.00827024 0)
(0.0259773 0.0118735 0)
(0.0307749 0.0150809 0)
(0.0355595 0.0174837 0)
(0.0395632 0.0186086 0)
(0.0444759 0.0176957 0)
(0.0474372 0.0152349 0)
(0.0557613 0.00778835 0)
(-0.0043717 -0.0037245 0)
(-0.0117299 -0.00275758 0)
(-0.0155499 -0.00225167 0)
(-0.0176236 -0.00225958 0)
(-0.0176828 -0.00277295 0)
(-0.0166194 -0.0034704 0)
(-0.0145083 -0.00402672 0)
(-0.0115984 -0.00414162 0)
(-0.00800829 -0.00358877 0)
(-0.00385964 -0.00219517 0)
(0.000707638 3.07035e-05 0)
(0.0055926 0.0030362 0)
(0.0106054 0.00649354 0)
(0.0157138 0.010134 0)
(0.0206251 0.0133952 0)
(0.0256243 0.0158866 0)
(0.0300239 0.0170225 0)
(0.035395 0.0161573 0)
(0.0387753 0.0133909 0)
(0.0472897 0.00596754 0)
(-0.00508818 -0.00058509 0)
(-0.0134481 -0.000605834 0)
(-0.018176 -0.00101205 0)
(-0.0207892 -0.0018004 0)
(-0.0212568 -0.00285595 0)
(-0.0205563 -0.00395583 0)
(-0.0187987 -0.00483152 0)
(-0.0162538 -0.00520629 0)
(-0.0130323 -0.00486813 0)
(-0.00925136 -0.00364816 0)
(-0.00501233 -0.00155916 0)
(-0.000409141 0.00135316 0)
(0.00442925 0.00475773 0)
(0.00945846 0.00838735 0)
(0.0144706 0.0116531 0)
(0.0196736 0.0141805 0)
(0.0244514 0.0152955 0)
(0.0302467 0.0144673 0)
(0.0339698 0.0114667 0)
(0.0425166 0.00415987 0)
(-0.0050408 0.00273147 0)
(-0.0133093 0.00170766 0)
(-0.017969 0.000352064 0)
(-0.0206172 -0.0012442 0)
(-0.0211839 -0.00284693 0)
(-0.0206515 -0.00434307 0)
(-0.0191205 -0.00552897 0)
(-0.0168542 -0.00615498 0)
(-0.0139435 -0.00602828 0)
(-0.0104923 -0.0049854 0)
(-0.00656124 -0.00304291 0)
(-0.00222974 -0.000253772 0)
(0.00243521 0.00306442 0)
(0.00737929 0.00663681 0)
(0.0124771 0.00985901 0)
(0.0178634 0.0123731 0)
(0.0229852 0.0134384 0)
(0.0291584 0.0126478 0)
(0.0331506 0.00949998 0)
(0.0416236 0.00238597 0)
(-0.00419771 0.00580642 0)
(-0.01127 0.00379672 0)
(-0.0148851 0.00158594 0)
(-0.0170654 -0.000734875 0)
(-0.0174223 -0.00283468 0)
(-0.0168624 -0.00468933 0)
(-0.0154304 -0.00615741 0)
(-0.0133562 -0.00701383 0)
(-0.0106974 -0.00708669 0)
(-0.00753811 -0.00621831 0)
(-0.00389275 -0.00443254 0)
(0.000177245 -0.00178205 0)
(0.00466896 0.00141397 0)
(0.00951478 0.00488693 0)
(0.0146744 0.00802056 0)
(0.0202093 0.0104771 0)
(0.0256231 0.0114676 0)
(0.0321183 0.0107189 0)
(0.0363166 0.00751927 0)
(0.0446595 0.000653409 0)
(-0.00223947 0.00819412 0)
(-0.00704246 0.0053112 0)
(-0.0087558 0.00244221 0)
(-0.0100347 -0.0004107 0)
(-0.00991863 -0.00290347 0)
(-0.00916486 -0.00504766 0)
(-0.00772477 -0.00675174 0)
(-0.00577313 -0.00780618 0)
(-0.00332087 -0.00805843 0)
(-0.000428108 -0.0073559 0)
(0.0029456 -0.00573031 0)
(0.00675123 -0.00323173 0)
(0.0110591 -0.000190972 0)
(0.0157814 0.00314619 0)
(0.020965 0.00615048 0)
(0.0265964 0.00851109 0)
(0.0322301 0.00940444 0)
(0.0389805 0.00870038 0)
(0.0433292 0.00554182 0)
(0.0515248 -0.00103315 0)
(0.00159146 0.00918522 0)
(-4.08319e-05 0.00597511 0)
(0.000720396 0.00270002 0)
(0.000637052 -0.000369279 0)
(0.0013945 -0.00311873 0)
(0.00244872 -0.00545798 0)
(0.003962 -0.00733706 0)
(0.00582796 -0.00854738 0)
(0.00809343 -0.00895161 0)
(0.0107218 -0.00840103 0)
(0.0138183 -0.0069355 0)
(0.0173367 -0.00460269 0)
(0.0214343 -0.00173709 0)
(0.0259882 0.00142948 0)
(0.0311396 0.00426784 0)
(0.0367963 0.00650078 0)
(0.042556 0.00727601 0)
(0.0494784 0.00661529 0)
(0.0539188 0.00357482 0)
(0.0619696 -0.00266649 0)
(0.00882089 0.00712698 0)
(0.0107679 0.00548224 0)
(0.013998 0.00229457 0)
(0.0151874 -0.000674232 0)
(0.0165944 -0.00351052 0)
(0.0179683 -0.00594309 0)
(0.0195574 -0.00792655 0)
(0.0213276 -0.00924376 0)
(0.0233903 -0.00976739 0)
(0.0257248 -0.00935014 0)
(0.0285137 -0.0080419 0)
(0.0316985 -0.0058831 0)
(0.0355375 -0.00321001 0)
(0.0398546 -0.000242272 0)
(0.0448972 0.00239749 0)
(0.0504891 0.00447604 0)
(0.056259 0.00511755 0)
(0.0632483 0.00448707 0)
(0.067705 0.00162849 0)
(0.0756097 -0.00424659 0)
(0.0248821 0.00266702 0)
(0.0305881 0.00346304 0)
(0.035477 0.00109722 0)
(0.0378564 -0.001481 0)
(0.0398368 -0.00419635 0)
(0.0414699 -0.00662224 0)
(0.0430581 -0.00864371 0)
(0.0446284 -0.010027 0)
(0.0463749 -0.010653 0)
(0.0482751 -0.0103704 0)
(0.0506215 -0.00924616 0)
(0.0533145 -0.00730369 0)
(0.056756 -0.00488846 0)
(0.0606789 -0.00218618 0)
(0.0654699 0.000180371 0)
(0.0708556 0.00204039 0)
(0.0764717 0.0025189 0)
(0.0833902 0.00187292 0)
(0.087739 -0.000660979 0)
(0.0954332 -0.00610029 0)
(0.0636813 -0.000321919 0)
(0.0671351 0.000701809 0)
(0.0711229 -0.000745736 0)
(0.0734449 -0.00276147 0)
(0.0752574 -0.0051394 0)
(0.0766392 -0.00741311 0)
(0.0778533 -0.00936999 0)
(0.0788941 -0.0107478 0)
(0.0800426 -0.0114393 0)
(0.0812166 -0.0112801 0)
(0.0828573 -0.0103654 0)
(0.0847631 -0.00868502 0)
(0.0875324 -0.00660659 0)
(0.0907611 -0.00424885 0)
(0.0949904 -0.00224657 0)
(0.0998803 -0.00067945 0)
(0.105 -0.000381422 0)
(0.111552 -0.00113022 0)
(0.115537 -0.00319335 0)
(0.122833 -0.00811305 0)
(0.117843 -0.000318144 0)
(0.116413 -0.000331282 0)
(0.117159 -0.00175099 0)
(0.117664 -0.00359124 0)
(0.118126 -0.00575585 0)
(0.118407 -0.00788622 0)
(0.118657 -0.00975838 0)
(0.118727 -0.0110993 0)
(0.11896 -0.0118281 0)
(0.119146 -0.0117712 0)
(0.119871 -0.0110585 0)
(0.120785 -0.00964393 0)
(0.122671 -0.00792304 0)
(0.124986 -0.00593522 0)
(0.128387 -0.00433325 0)
(0.132514 -0.00309228 0)
(0.136852 -0.00297927 0)
(0.142698 -0.00387036 0)
(0.146107 -0.00552819 0)
(0.152673 -0.00989245 0)
(0.179889 0.0022143 0)
(0.173733 0.000917901 0)
(0.170364 -0.00107318 0)
(0.167924 -0.00322448 0)
(0.166102 -0.00548735 0)
(0.164515 -0.00763955 0)
(0.163231 -0.00952079 0)
(0.161905 -0.010876 0)
(0.160923 -0.0116692 0)
(0.159905 -0.0117282 0)
(0.159557 -0.0112276 0)
(0.159354 -0.0100873 0)
(0.160218 -0.00873747 0)
(0.161482 -0.00713601 0)
(0.163868 -0.00594646 0)
(0.167003 -0.00506324 0)
(0.170373 -0.00513334 0)
(0.175173 -0.00618953 0)
(0.177876 -0.00753982 0)
(0.183302 -0.0113674 0)
(0.239006 0.00688705 0)
(0.230128 0.00421402 0)
(0.223722 0.00137821 0)
(0.218629 -0.00139343 0)
(0.214526 -0.00403023 0)
(0.210936 -0.00640648 0)
(0.207958 -0.00844472 0)
(0.20511 -0.00992243 0)
(0.202827 -0.0108577 0)
(0.200578 -0.0110842 0)
(0.199146 -0.0108285 0)
(0.197859 -0.00998118 0)
(0.197707 -0.00900861 0)
(0.19792 -0.00780197 0)
(0.199269 -0.00701148 0)
(0.201289 -0.00650268 0)
(0.203653 -0.00674563 0)
(0.207157 -0.00796963 0)
(0.209135 -0.00910974 0)
(0.213081 -0.0124611 0)
(0.285396 0.0120751 0)
(0.276434 0.0083861 0)
(0.269122 0.00482288 0)
(0.262847 0.00146 0)
(0.257476 -0.00163717 0)
(0.252574 -0.00432596 0)
(0.248375 -0.0066064 0)
(0.244368 -0.00828616 0)
(0.241063 -0.00943468 0)
(0.237848 -0.00988609 0)
(0.23555 -0.00991219 0)
(0.233405 -0.00938029 0)
(0.232427 -0.00877931 0)
(0.231748 -0.00796679 0)
(0.232216 -0.00753872 0)
(0.23316 -0.00739796 0)
(0.234636 -0.00779698 0)
(0.236772 -0.00916963 0)
(0.238105 -0.0101769 0)
(0.24044 -0.0131308 0)
(0.315336 0.0164072 0)
(0.308105 0.0121948 0)
(0.301687 0.00823102 0)
(0.29577 0.00451697 0)
(0.290425 0.00109469 0)
(0.285295 -0.00186301 0)
(0.280731 -0.00436954 0)
(0.276277 -0.0062542 0)
(0.272519 -0.00762947 0)
(0.268839 -0.00832599 0)
(0.266089 -0.00864335 0)
(0.263463 -0.00843431 0)
(0.261993 -0.00818029 0)
(0.260704 -0.00774531 0)
(0.260579 -0.00762778 0)
(0.260637 -0.00782266 0)
(0.261457 -0.00835271 0)
(0.262356 -0.00983632 0)
(0.263195 -0.0107588 0)
(0.264036 -0.0133931 0)
(0.331028 0.0194087 0)
(0.326044 0.0150499 0)
(0.3213 0.0109686 0)
(0.316609 0.00714066 0)
(0.312149 0.00359809 0)
(0.307627 0.000503662 0)
(0.303461 -0.00215055 0)
(0.299253 -0.00418977 0)
(0.295631 -0.00575452 0)
(0.292018 -0.00667351 0)
(0.289267 -0.00725289 0)
(0.286567 -0.00734656 0)
(0.284969 -0.00739422 0)
(0.283396 -0.00730011 0)
(0.282992 -0.00743501 0)
(0.282445 -0.00791055 0)
(0.282871 -0.00853762 0)
(0.282821 -0.010084 0)
(0.283334 -0.0109433 0)
(0.283003 -0.0133209 0)
(0.337117 0.021225 0)
(0.334037 0.01692 0)
(0.330908 0.0128831 0)
(0.327585 0.00910106 0)
(0.324273 0.00557334 0)
(0.320716 0.00247274 0)
(0.317333 -0.000236361 0)
(0.313781 -0.00236189 0)
(0.310679 -0.00405765 0)
(0.307499 -0.00515551 0)
(0.305076 -0.00594623 0)
(0.30261 -0.00630144 0)
(0.301163 -0.00659415 0)
(0.299577 -0.00678786 0)
(0.299141 -0.00711641 0)
(0.298278 -0.00780464 0)
(0.298527 -0.00849241 0)
(0.297869 -0.0100535 0)
(0.298203 -0.0108542 0)
(0.297106 -0.0130191 0)
(0.337884 0.0222333 0)
(0.336088 0.0180484 0)
(0.334148 0.0141173 0)
(0.331931 0.0104455 0)
(0.329629 0.00700615 0)
(0.327009 0.00396475 0)
(0.324454 0.00127303 0)
(0.321662 -0.000887534 0)
(0.319205 -0.00266026 0)
(0.316604 -0.00389091 0)
(0.314653 -0.00484073 0)
(0.312573 -0.00540924 0)
(0.311417 -0.00589154 0)
(0.309989 -0.00631368 0)
(0.30966 -0.00678323 0)
(0.308703 -0.00761815 0)
(0.308909 -0.0083362 0)
(0.307947 -0.00987228 0)
(0.3082 -0.0106131 0)
(0.306717 -0.0125939 0)
(0.336181 0.0227789 0)
(0.335134 0.0187155 0)
(0.333936 0.0148945 0)
(0.332468 0.0113405 0)
(0.330895 0.00800776 0)
(0.32901 0.00504772 0)
(0.327139 0.00240528 0)
(0.325017 0.000243176 0)
(0.323156 -0.0015708 0)
(0.321115 -0.00289918 0)
(0.319629 -0.00396568 0)
(0.317959 -0.0047023 0)
(0.317111 -0.00532814 0)
(0.31591 -0.00592389 0)
(0.315725 -0.0064943 0)
(0.31481 -0.00742194 0)
(0.315029 -0.00814882 0)
(0.313982 -0.00963246 0)
(0.314205 -0.0103129 0)
(0.31262 -0.0121296 0)
(0.333515 0.0230839 0)
(0.332877 0.0191262 0)
(0.332104 0.0154008 0)
(0.331097 0.0119487 0)
(0.329997 0.00871364 0)
(0.328625 0.00583259 0)
(0.327253 0.00324199 0)
(0.325647 0.0010946 0)
(0.324254 -0.000741846 0)
(0.322676 -0.00214359 0)
(0.321571 -0.00329661 0)
(0.32026 -0.00416398 0)
(0.319668 -0.00489927 0)
(0.318695 -0.0056241 0)
(0.318629 -0.00626735 0)
(0.317819 -0.00724844 0)
(0.318056 -0.00797141 0)
(0.317052 -0.00938808 0)
(0.317261 -0.0100111 0)
(0.31575 -0.0116812 0)
(0.330535 0.0232605 0)
(0.330133 0.0193953 0)
(0.329606 0.0157515 0)
(0.328883 0.0123828 0)
(0.32808 0.00922947 0)
(0.327052 0.00641472 0)
(0.326024 0.0038716 0)
(0.324794 0.00173655 0)
(0.323741 -0.000111907 0)
(0.322519 -0.00156912 0)
(0.321696 -0.00278885 0)
(0.320671 -0.00375808 0)
(0.320261 -0.00457876 0)
(0.319483 -0.00539898 0)
(0.319491 -0.00609622 0)
(0.318803 -0.00710513 0)
(0.319038 -0.00781826 0)
(0.318141 -0.00916443 0)
(0.318333 -0.00973631 0)
(0.316987 -0.0112779 0)
(0.327466 0.0233564 0)
(0.327223 0.0195758 0)
(0.32686 0.0160044 0)
(0.326328 0.0127053 0)
(0.325726 0.0096196 0)
(0.32494 0.00685895 0)
(0.324153 0.00435548 0)
(0.323198 0.00223009 0)
(0.32239 0.000374597 0)
(0.321436 -0.00112667 0)
(0.320814 -0.00240008 0)
(0.320011 -0.00344884 0)
(0.31972 -0.00433755 0)
(0.319102 -0.00522843 0)
(0.319143 -0.00596698 0)
(0.318574 -0.00698865 0)
(0.318786 -0.00769043 0)
(0.318022 -0.00897052 0)
(0.318189 -0.00949921 0)
(0.317045 -0.0109318 0)
(0.324366 0.0233898 0)
(0.324252 0.0196889 0)
(0.32402 0.0161844 0)
(0.323639 0.0129458 0)
(0.323191 0.00991733 0)
(0.322593 0.0072017 0)
(0.32199 0.00473106 0)
(0.32125 0.00261432 0)
(0.320628 0.000752623 0)
(0.319886 -0.000783399 0)
(0.319411 -0.00209989 0)
(0.318786 -0.00321018 0)
(0.318576 -0.00415363 0)
(0.318092 -0.00509704 0)
(0.318141 -0.00586806 0)
(0.317686 -0.00689451 0)
(0.317865 -0.00758599 0)
(0.317244 -0.00880905 0)
(0.317382 -0.00930293 0)
(0.316455 -0.0106464 0)
(0.321247 0.0233686 0)
(0.321249 0.0197425 0)
(0.321136 0.0163006 0)
(0.32089 0.0131165 0)
(0.32058 0.0101378 0)
(0.320145 0.00746075 0)
(0.319701 0.00501805 0)
(0.319146 0.00290945 0)
(0.318681 0.00104231 0)
(0.318122 -0.00051984 0)
(0.317772 -0.0018707 0)
(0.317303 -0.00302805 0)
(0.317157 -0.00401543 0)
(0.316796 -0.00499764 0)
(0.316849 -0.00579455 0)
(0.316508 -0.00682184 0)
(0.316657 -0.00750542 0)
(0.316187 -0.00868215 0)
(0.316299 -0.00914934 0)
(0.315597 -0.010423 0)
(0.318116 0.0232983 0)
(0.318229 0.0197411 0)
(0.318233 0.016357 0)
(0.318122 0.013222 0)
(0.31795 0.0102869 0)
(0.317674 0.00764321 0)
(0.317386 0.0052244 0)
(0.31701 0.00312391 0)
(0.316699 0.0012529 0)
(0.316315 -0.00032935 0)
(0.316088 -0.00170702 0)
(0.315771 -0.00289915 0)
(0.315693 -0.003921 0)
(0.315457 -0.00493097 0)
(0.315523 -0.00574833 0)
(0.315303 -0.00677432 0)
(0.315434 -0.00745275 0)
(0.315121 -0.00859325 0)
(0.315216 -0.00904117 0)
(0.314741 -0.0102621 0)
(0.31501 0.0231824 0)
(0.31524 0.0196852 0)
(0.315376 0.0163518 0)
(0.315413 0.0132594 0)
(0.315395 0.0103612 0)
(0.315293 0.0077456 0)
(0.315176 0.00534702 0)
(0.314989 0.00325427 0)
(0.314845 0.00138384 0)
(0.314643 -0.000213272 0)
(0.314551 -0.00161091 0)
(0.314388 -0.00282749 0)
(0.314393 -0.00387481 0)
(0.314281 -0.00490325 0)
(0.314378 -0.00573594 0)
(0.314277 -0.00675899 0)
(0.314408 -0.0074346 0)
(0.314248 -0.00854693 0)
(0.314338 -0.00898195 0)
(0.314078 -0.0101625 0)
(0.312086 0.0229907 0)
(0.312467 0.019543 0)
(0.312768 0.0162529 0)
(0.312986 0.0131974 0)
(0.313154 0.0103317 0)
(0.313249 0.00774203 0)
(0.313324 0.00536298 0)
(0.313336 0.00328221 0)
(0.313369 0.00141651 0)
(0.313345 -0.000177183 0)
(0.313392 -0.0015852 0)
(0.313371 -0.00281861 0)
(0.313461 -0.00388294 0)
(0.313459 -0.0049219 0)
(0.313593 -0.00576439 0)
(0.313592 -0.00678261 0)
(0.313734 -0.00745667 0)
(0.313699 -0.00854606 0)
(0.313794 -0.00897353 0)
(0.313706 -0.0101193 0)
(0.309915 0.0226496 0)
(0.310478 0.0192576 0)
(0.310966 0.0160175 0)
(0.31137 0.0130051 0)
(0.311718 0.0101777 0)
(0.31199 0.00761924 0)
(0.312232 0.00526636 0)
(0.312402 0.00320257 0)
(0.312577 0.00134529 0)
(0.312681 -0.00024595 0)
(0.312819 -0.00164921 0)
(0.312887 -0.00287596 0)
(0.313034 -0.00393829 0)
(0.313096 -0.00497533 0)
(0.313254 -0.00581923 0)
(0.313308 -0.00682994 0)
(0.313459 -0.00750224 0)
(0.313493 -0.00857375 0)
(0.313596 -0.00899794 0)
(0.313604 -0.0101163 0)
(0.175994 0.0621819 0)
(0.0145777 0.0167803 0)
(0.0305164 -0.00472487 0)
(0.012343 -0.000798136 0)
(0.0162092 -0.00136243 0)
(0.0146462 -0.000498179 0)
(0.0150097 -0.000408537 0)
(0.0154307 -0.000363795 0)
(0.0161686 -0.000421888 0)
(0.0163375 -0.00134907 0)
(0.311798 0.0885443 0)
(0.182679 0.0531721 0)
(0.149145 0.0119842 0)
(0.104232 0.00638171 0)
(0.088222 0.0013036 0)
(0.0767263 0.000602398 0)
(0.0703095 9.7836e-05 0)
(0.0666633 -0.000261695 0)
(0.0643938 -0.000459508 0)
(0.0628029 -0.00240027 0)
(0.360789 0.120087 0)
(0.294951 0.0887267 0)
(0.261254 0.046858 0)
(0.216288 0.0284897 0)
(0.185568 0.0158601 0)
(0.162862 0.00905874 0)
(0.146762 0.00529987 0)
(0.135799 0.00293908 0)
(0.127845 0.00162921 0)
(0.122383 -0.000464155 0)
(0.361335 0.1172 0)
(0.343005 0.0988114 0)
(0.32653 0.0675574 0)
(0.298567 0.0476201 0)
(0.271252 0.0329506 0)
(0.247222 0.0225984 0)
(0.227039 0.0155135 0)
(0.211101 0.0104373 0)
(0.198244 0.00705536 0)
(0.1885 0.00387734 0)
(0.34602 0.105166 0)
(0.352088 0.0951604 0)
(0.350707 0.0755501 0)
(0.339498 0.0588169 0)
(0.323374 0.0452641 0)
(0.306142 0.0344698 0)
(0.28936 0.0261154 0)
(0.274275 0.0194831 0)
(0.26083 0.0144835 0)
(0.249468 0.0101529 0)
(0.332824 0.0946602 0)
(0.34625 0.0875587 0)
(0.35248 0.075474 0)
(0.35175 0.0627988 0)
(0.345567 0.0515383 0)
(0.336487 0.0418566 0)
(0.325998 0.0337593 0)
(0.315282 0.0268756 0)
(0.304779 0.0212489 0)
(0.294991 0.0163354 0)
(0.325423 0.0865865 0)
(0.338751 0.080384 0)
(0.346749 0.0721134 0)
(0.3505 0.0625765 0)
(0.35018 0.0534818 0)
(0.346994 0.0452578 0)
(0.341957 0.0380241 0)
(0.335886 0.0315847 0)
(0.32926 0.0260127 0)
(0.322475 0.021042 0)
(0.321531 0.080083 0)
(0.333101 0.074616 0)
(0.340578 0.068189 0)
(0.345341 0.0607081 0)
(0.347472 0.0532125 0)
(0.347421 0.0461984 0)
(0.345779 0.0398347 0)
(0.343035 0.0340159 0)
(0.339543 0.0287852 0)
(0.335557 0.0240295 0)
(0.319096 0.0744043 0)
(0.328938 0.0700433 0)
(0.335611 0.0646891 0)
(0.340145 0.0585323 0)
(0.342908 0.0521486 0)
(0.344126 0.0460023 0)
(0.344146 0.0403039 0)
(0.343263 0.0350185 0)
(0.341724 0.0301569 0)
(0.339668 0.0256771 0)
(0.317269 0.0693965 0)
(0.325571 0.0662225 0)
(0.331558 0.0616948 0)
(0.335682 0.056457 0)
(0.338432 0.0508988 0)
(0.340032 0.0453975 0)
(0.340721 0.0401868 0)
(0.340705 0.0352999 0)
(0.340177 0.0307399 0)
(0.339217 0.0264988 0)
(0.31573 0.0651263 0)
(0.322645 0.0628805 0)
(0.328 0.0590737 0)
(0.331775 0.0545433 0)
(0.33438 0.0496427 0)
(0.336048 0.0446683 0)
(0.336978 0.0398472 0)
(0.337329 0.0352663 0)
(0.33727 0.0309413 0)
(0.336861 0.0268869 0)
(0.314305 0.061556 0)
(0.320018 0.059927 0)
(0.32474 0.0567426 0)
(0.328201 0.0527887 0)
(0.330649 0.0484273 0)
(0.332299 0.0439038 0)
(0.33332 0.0394209 0)
(0.333836 0.035097 0)
(0.333997 0.0309666 0)
(0.333862 0.0270634 0)
(0.312888 0.0585955 0)
(0.317603 0.0573454 0)
(0.321702 0.0546689 0)
(0.324841 0.0511905 0)
(0.327126 0.0472722 0)
(0.328726 0.0431344 0)
(0.329781 0.0389526 0)
(0.330389 0.0348577 0)
(0.330675 0.0308999 0)
(0.330696 0.0271293 0)
(0.311432 0.0561485 0)
(0.315329 0.0551226 0)
(0.318838 0.0528374 0)
(0.321641 0.049748 0)
(0.323746 0.0461918 0)
(0.325271 0.0423782 0)
(0.326329 0.0384613 0)
(0.326996 0.0345728 0)
(0.327368 0.0307727 0)
(0.327499 0.0271238 0)
(0.309924 0.0541322 0)
(0.313137 0.0532353 0)
(0.316105 0.0512378 0)
(0.318564 0.0484598 0)
(0.320472 0.0451966 0)
(0.321902 0.0416506 0)
(0.322937 0.0379611 0)
(0.323638 0.0342559 0)
(0.324076 0.0305989 0)
(0.324296 0.0270625 0)
(0.308361 0.0524821 0)
(0.310988 0.051656 0)
(0.313462 0.0498608 0)
(0.315581 0.047324 0)
(0.317281 0.0442939 0)
(0.318597 0.0409641 0)
(0.31959 0.0374645 0)
(0.320305 0.0339176 0)
(0.320791 0.0303877 0)
(0.321085 0.0269535 0)
(0.306744 0.0511514 0)
(0.308854 0.0503589 0)
(0.310876 0.0486983 0)
(0.312664 0.0463393 0)
(0.314149 0.0434887 0)
(0.315341 0.0403287 0)
(0.316277 0.0369825 0)
(0.31699 0.033568 0)
(0.317512 0.0301477 0)
(0.31787 0.0268037 0)
(0.305075 0.0501069 0)
(0.306714 0.0493221 0)
(0.308321 0.0477428 0)
(0.309791 0.0455057 0)
(0.31106 0.0427857 0)
(0.312123 0.0397529 0)
(0.312997 0.0365253 0)
(0.313701 0.0332167 0)
(0.314254 0.0298868 0)
(0.314674 0.0266192 0)
(0.30336 0.0493104 0)
(0.304567 0.0485092 0)
(0.305793 0.0469653 0)
(0.306967 0.0447985 0)
(0.308037 0.0421618 0)
(0.308985 0.039215 0)
(0.309811 0.0360709 0)
(0.310523 0.03284 0)
(0.311127 0.0295788 0)
(0.311633 0.0263718 0)
(0.301729 0.0486921 0)
(0.302579 0.0478335 0)
(0.303506 0.0462661 0)
(0.304464 0.0441065 0)
(0.305411 0.0414984 0)
(0.306317 0.0385948 0)
(0.307167 0.0355037 0)
(0.307951 0.03233 0)
(0.308664 0.0291268 0)
(0.309303 0.0259742 0)
(0.300057 0.0003169 0)
(0.299596 0.00103769 0)
(0.299201 0.00167448 0)
(0.297955 0.00250806 0)
(0.297071 0.00319567 0)
(0.294878 0.00427222 0)
(0.293565 0.00506424 0)
(0.290074 0.00660968 0)
(0.288447 0.0075766 0)
(0.283001 0.0100222 0)
(0.281366 0.0112762 0)
(0.272689 0.0155289 0)
(0.271873 0.0172976 0)
(0.257343 0.0254322 0)
(0.259756 0.028334 0)
(0.233564 0.0454678 0)
(0.246803 0.0520583 0)
(0.196958 0.0921827 0)
(0.242726 0.113702 0)
(0.20882 0.255623 0)
(0.300064 0.000408783 0)
(0.299596 0.00133094 0)
(0.299257 0.00215081 0)
(0.298008 0.00320629 0)
(0.297247 0.0040879 0)
(0.295042 0.00542987 0)
(0.293972 0.00643627 0)
(0.290432 0.00832299 0)
(0.289291 0.00953602 0)
(0.283694 0.0124497 0)
(0.283059 0.013995 0)
(0.274003 0.0189124 0)
(0.275307 0.0210273 0)
(0.259989 0.0300708 0)
(0.266844 0.0332779 0)
(0.24015 0.0515314 0)
(0.26066 0.0563957 0)
(0.221128 0.100675 0)
(0.261078 0.0898918 0)
(0.274925 0.242919 0)
(0.300067 0.000498326 0)
(0.299605 0.00160906 0)
(0.299309 0.00260797 0)
(0.29809 0.00386743 0)
(0.297421 0.00493944 0)
(0.295274 0.00651776 0)
(0.294376 0.00773379 0)
(0.290935 0.00991105 0)
(0.290104 0.0113586 0)
(0.284695 0.0146489 0)
(0.284594 0.0164426 0)
(0.275996 0.0218694 0)
(0.278089 0.0241382 0)
(0.264272 0.0339397 0)
(0.271475 0.0364986 0)
(0.250687 0.0565053 0)
(0.26659 0.0554661 0)
(0.247776 0.105699 0)
(0.267277 0.0719629 0)
(0.290905 0.200974 0)
(0.300064 0.000583972 0)
(0.299627 0.00187091 0)
(0.299351 0.00304106 0)
(0.298204 0.00448882 0)
(0.297581 0.0057404 0)
(0.295577 0.0075328 0)
(0.29475 0.00893792 0)
(0.291588 0.0113746 0)
(0.29083 0.0130072 0)
(0.285999 0.0166391 0)
(0.285871 0.0185428 0)
(0.278593 0.0244835 0)
(0.28015 0.0264922 0)
(0.269642 0.0372765 0)
(0.274404 0.0380483 0)
(0.261937 0.0604046 0)
(0.270439 0.0528175 0)
(0.266428 0.104729 0)
(0.277829 0.0670964 0)
(0.289284 0.158318 0)
(0.300055 0.000664267 0)
(0.29966 0.00211652 0)
(0.299384 0.00344581 0)
(0.298345 0.00506985 0)
(0.297728 0.00648263 0)
(0.295938 0.00847499 0)
(0.295096 0.0100353 0)
(0.292348 0.0127169 0)
(0.291487 0.0144637 0)
(0.287486 0.0184302 0)
(0.286987 0.0202902 0)
(0.281434 0.0267601 0)
(0.281902 0.0282174 0)
(0.274991 0.0399368 0)
(0.2771 0.0388382 0)
(0.271178 0.0622493 0)
(0.275407 0.0516507 0)
(0.276412 0.0978054 0)
(0.289157 0.0680559 0)
(0.290006 0.127438 0)
(0.300042 0.000738462 0)
(0.299699 0.00234536 0)
(0.299411 0.00382015 0)
(0.298501 0.00560873 0)
(0.297869 0.00716331 0)
(0.296326 0.00934082 0)
(0.295433 0.0110256 0)
(0.293148 0.0139302 0)
(0.292131 0.0157423 0)
(0.288995 0.0199991 0)
(0.288094 0.0217584 0)
(0.284145 0.0286176 0)
(0.283731 0.0295985 0)
(0.279577 0.0416631 0)
(0.28023 0.0396485 0)
(0.277786 0.0618222 0)
(0.281106 0.0519701 0)
(0.28217 0.0888364 0)
(0.296451 0.0692876 0)
(0.295644 0.107183 0)
(0.300028 0.000806496 0)
(0.29974 0.00255624 0)
(0.299439 0.00416404 0)
(0.29866 0.00610255 0)
(0.298015 0.00778412 0)
(0.296716 0.0101242 0)
(0.295783 0.0119174 0)
(0.293929 0.0150014 0)
(0.292804 0.0168736 0)
(0.290411 0.0213155 0)
(0.289271 0.0230374 0)
(0.286535 0.0299929 0)
(0.285722 0.0308374 0)
(0.283272 0.0424191 0)
(0.283553 0.0406335 0)
(0.282541 0.0598699 0)
(0.286193 0.0528111 0)
(0.286876 0.0804137 0)
(0.300056 0.0692634 0)
(0.301677 0.0930809 0)
(0.300016 0.000868784 0)
(0.299777 0.00274785 0)
(0.299472 0.00447861 0)
(0.298812 0.00654859 0)
(0.298171 0.00834871 0)
(0.297086 0.0108204 0)
(0.296154 0.0127216 0)
(0.294658 0.0159226 0)
(0.293514 0.0178839 0)
(0.291687 0.0223721 0)
(0.290504 0.0241767 0)
(0.288586 0.0309112 0)
(0.287751 0.0319694 0)
(0.286257 0.042446 0)
(0.286674 0.0415984 0)
(0.286291 0.0573559 0)
(0.290131 0.0534578 0)
(0.291159 0.0733339 0)
(0.301912 0.0681114 0)
(0.305775 0.0825734 0)
(0.300007 0.000925872 0)
(0.29981 0.00291935 0)
(0.29951 0.00476516 0)
(0.298953 0.00694567 0)
(0.298337 0.00886036 0)
(0.29743 0.0114286 0)
(0.296539 0.0134452 0)
(0.295324 0.0166978 0)
(0.29424 0.0187853 0)
(0.292822 0.0231922 0)
(0.291734 0.0251838 0)
(0.29035 0.0314686 0)
(0.289676 0.0329557 0)
(0.288743 0.0420549 0)
(0.28938 0.0423745 0)
(0.289433 0.0548257 0)
(0.293074 0.0536394 0)
(0.294737 0.067565 0)
(0.303101 0.0662227 0)
(0.308025 0.0746258 0)
(0.3 0.00097816 0)
(0.299837 0.00307072 0)
(0.299553 0.00502459 0)
(0.299081 0.00729462 0)
(0.298509 0.00932098 0)
(0.297746 0.011953 0)
(0.296928 0.0140913 0)
(0.295929 0.0173408 0)
(0.294955 0.0195801 0)
(0.293834 0.0238173 0)
(0.292905 0.0260515 0)
(0.291883 0.0317764 0)
(0.291414 0.0337594 0)
(0.290858 0.0414731 0)
(0.291639 0.0428786 0)
(0.292061 0.0525158 0)
(0.295299 0.0533346 0)
(0.297459 0.0629294 0)
(0.303934 0.0638942 0)
(0.309048 0.068684 0)
(0.299997 0.0010258 0)
(0.29986 0.00320273 0)
(0.2996 0.00525732 0)
(0.299198 0.00759801 0)
(0.298682 0.00973147 0)
(0.298037 0.0124008 0)
(0.29731 0.0146613 0)
(0.29648 0.0178704 0)
(0.295638 0.0202682 0)
(0.294739 0.024292 0)
(0.293982 0.0267747 0)
(0.293224 0.0319264 0)
(0.292937 0.0343657 0)
(0.29266 0.0408405 0)
(0.293495 0.0430954 0)
(0.2942 0.0505154 0)
(0.296991 0.052627 0)
(0.299398 0.0592646 0)
(0.304476 0.0613723 0)
(0.309313 0.0642237 0)
(0.299995 0.00106876 0)
(0.299879 0.00331671 0)
(0.299648 0.00546358 0)
(0.299306 0.00785938 0)
(0.298851 0.0100925 0)
(0.298304 0.0127806 0)
(0.297674 0.0151562 0)
(0.296984 0.0183056 0)
(0.296274 0.0208512 0)
(0.295551 0.0246546 0)
(0.294952 0.0273558 0)
(0.294396 0.0319845 0)
(0.294249 0.034781 0)
(0.294178 0.0402359 0)
(0.295004 0.0430566 0)
(0.295886 0.0488438 0)
(0.298261 0.0516433 0)
(0.300697 0.0563977 0)
(0.304762 0.0588715 0)
(0.309099 0.060782 0)
(0.299994 0.00110689 0)
(0.299897 0.00341418 0)
(0.299695 0.00564369 0)
(0.299405 0.00808257 0)
(0.299014 0.0104052 0)
(0.298552 0.0131008 0)
(0.298017 0.0155784 0)
(0.297443 0.0186631 0)
(0.296858 0.021334 0)
(0.296278 0.0249354 0)
(0.295814 0.0278052 0)
(0.295414 0.0319943 0)
(0.295365 0.035029 0)
(0.295438 0.0396979 0)
(0.296215 0.0428237 0)
(0.297176 0.0474766 0)
(0.299187 0.0505235 0)
(0.301493 0.0541419 0)
(0.304814 0.0565564 0)
(0.308574 0.0580232 0)
(0.299995 0.00114008 0)
(0.299913 0.00349665 0)
(0.299742 0.00579817 0)
(0.299497 0.00827118 0)
(0.299168 0.0106711 0)
(0.298781 0.0133688 0)
(0.298336 0.0159317 0)
(0.297863 0.0189567 0)
(0.297388 0.021725 0)
(0.296927 0.0251559 0)
(0.296573 0.0281397 0)
(0.296293 0.0319823 0)
(0.296305 0.0351452 0)
(0.296468 0.0392389 0)
(0.297173 0.0424702 0)
(0.298128 0.0463667 0)
(0.299825 0.049392 0)
(0.301905 0.0523348 0)
(0.304652 0.0545204 0)
(0.307835 0.0557492 0)
(0.299996 0.00116827 0)
(0.299927 0.00356542 0)
(0.299786 0.00592785 0)
(0.299584 0.00842832 0)
(0.299313 0.0108925 0)
(0.298995 0.0135907 0)
(0.298632 0.0162213 0)
(0.298248 0.0191967 0)
(0.297868 0.0220346 0)
(0.297505 0.025331 0)
(0.297238 0.0283804 0)
(0.297046 0.0319631 0)
(0.297093 0.0351693 0)
(0.297298 0.0388573 0)
(0.297915 0.0420659 0)
(0.298802 0.0454653 0)
(0.300221 0.0483392 0)
(0.302023 0.0508641 0)
(0.304294 0.0527916 0)
(0.306939 0.0538586 0)
(0.299997 0.00119151 0)
(0.299941 0.00362157 0)
(0.299828 0.00603378 0)
(0.299666 0.00855648 0)
(0.299449 0.0110722 0)
(0.299194 0.013771 0)
(0.298906 0.016453 0)
(0.2986 0.0193905 0)
(0.298303 0.0222744 0)
(0.298022 0.0254705 0)
(0.297821 0.0285489 0)
(0.297691 0.0319442 0)
(0.297749 0.0351393 0)
(0.297958 0.0385467 0)
(0.298477 0.0416672 0)
(0.29925 0.0447359 0)
(0.300413 0.0474191 0)
(0.301915 0.0496649 0)
(0.303767 0.0513622 0)
(0.30592 0.0522986 0)
(0.299997 0.00120989 0)
(0.299955 0.00366588 0)
(0.299868 0.00611711 0)
(0.299743 0.00865762 0)
(0.299577 0.0112129 0)
(0.299381 0.0139134 0)
(0.29916 0.0166326 0)
(0.298926 0.0195435 0)
(0.298699 0.0224557 0)
(0.298486 0.0255808 0)
(0.298334 0.0286652 0)
(0.298244 0.0319301 0)
(0.298295 0.0350867 0)
(0.298477 0.0383021 0)
(0.298888 0.041314 0)
(0.299517 0.0441568 0)
(0.300433 0.0466586 0)
(0.30163 0.0487035 0)
(0.303095 0.0502137 0)
(0.304798 0.0510378 0)
(0.299998 0.00122355 0)
(0.299968 0.0036989 0)
(0.299906 0.006179 0)
(0.299817 0.00873328 0)
(0.299699 0.0113175 0)
(0.299557 0.0140206 0)
(0.299399 0.0167659 0)
(0.299228 0.0196601 0)
(0.299061 0.0225889 0)
(0.298904 0.0256673 0)
(0.298789 0.0287466 0)
(0.29872 0.0319244 0)
(0.298748 0.035036 0)
(0.29888 0.0381218 0)
(0.299173 0.0410321 0)
(0.299637 0.0437177 0)
(0.300311 0.046068 0)
(0.301202 0.0479622 0)
(0.302301 0.0493264 0)
(0.303586 0.0500536 0)
(0.299999 0.00123258 0)
(0.299981 0.00372084 0)
(0.299943 0.00622037 0)
(0.299888 0.00878477 0)
(0.299814 0.0113891 0)
(0.299723 0.0140961 0)
(0.299619 0.0168597 0)
(0.299503 0.0197462 0)
(0.299388 0.0226858 0)
(0.299274 0.0257374 0)
(0.299183 0.02881 0)
(0.299119 0.0319347 0)
(0.299114 0.035008 0)
(0.299177 0.0380101 0)
(0.299345 0.040839 0)
(0.299633 0.0434153 0)
(0.300065 0.045648 0)
(0.300656 0.0474265 0)
(0.301402 0.0486757 0)
(0.302296 0.0493167 0)
(0.3 0.00123709 0)
(0.299993 0.00373189 0)
(0.299976 0.00624206 0)
(0.299949 0.00881292 0)
(0.299909 0.0114297 0)
(0.299857 0.0141415 0)
(0.299794 0.0169177 0)
(0.299719 0.0198041 0)
(0.299638 0.0227528 0)
(0.299551 0.025795 0)
(0.29947 0.0288661 0)
(0.299398 0.0319658 0)
(0.299352 0.0350165 0)
(0.299342 0.037972 0)
(0.299389 0.0407465 0)
(0.299509 0.0432503 0)
(0.299719 0.045396 0)
(0.300038 0.0470812 0)
(0.300473 0.0482307 0)
(0.301027 0.0487797 0)
(0.300047 -0.000385375 0)
(0.299605 -0.00123668 0)
(0.299151 -0.00200679 0)
(0.297932 -0.00295207 0)
(0.296923 -0.00375626 0)
(0.294789 -0.00490306 0)
(0.293222 -0.00577984 0)
(0.289867 -0.00731486 0)
(0.287724 -0.00831446 0)
(0.282594 -0.0105981 0)
(0.279878 -0.0118101 0)
(0.271939 -0.0156124 0)
(0.268726 -0.0172522 0)
(0.255959 -0.0243842 0)
(0.252588 -0.0270958 0)
(0.230789 -0.0422793 0)
(0.228473 -0.048512 0)
(0.187111 -0.085075 0)
(0.188643 -0.113168 0)
(0.0712528 -0.191257 0)
(0.30004 -0.000316877 0)
(0.299611 -0.00101871 0)
(0.299118 -0.00165073 0)
(0.297918 -0.00242856 0)
(0.296828 -0.00308498 0)
(0.294733 -0.00402569 0)
(0.293005 -0.00473548 0)
(0.289737 -0.00599031 0)
(0.287274 -0.00679243 0)
(0.282335 -0.00865437 0)
(0.278957 -0.0096252 0)
(0.271435 -0.0127212 0)
(0.266767 -0.0140684 0)
(0.254909 -0.0198716 0)
(0.248072 -0.0222799 0)
(0.2283 -0.0346173 0)
(0.216663 -0.0405802 0)
(0.180853 -0.0701641 0)
(0.15244 -0.088749 0)
(0.0763465 -0.142657 0)
(0.300034 -0.000248041 0)
(0.299616 -0.000795999 0)
(0.299091 -0.00129 0)
(0.297909 -0.00189368 0)
(0.296754 -0.00240381 0)
(0.294692 -0.0031266 0)
(0.292838 -0.00367295 0)
(0.289639 -0.0046252 0)
(0.286928 -0.00523599 0)
(0.282135 -0.00663167 0)
(0.278252 -0.00736761 0)
(0.271024 -0.00966363 0)
(0.265278 -0.0107049 0)
(0.253979 -0.01497 0)
(0.244694 -0.0169418 0)
(0.225845 -0.0259058 0)
(0.208348 -0.0310653 0)
(0.173638 -0.0516482 0)
(0.132043 -0.0678161 0)
(0.0564286 -0.0947236 0)
(0.30003 -0.000179133 0)
(0.29962 -0.000569637 0)
(0.299073 -0.000926412 0)
(0.297903 -0.00135033 0)
(0.296704 -0.00171625 0)
(0.294664 -0.00221143 0)
(0.292725 -0.00259826 0)
(0.289573 -0.00323041 0)
(0.286697 -0.00365536 0)
(0.281997 -0.00455232 0)
(0.277782 -0.00505506 0)
(0.270729 -0.00649051 0)
(0.26429 -0.00719429 0)
(0.25328 -0.0098093 0)
(0.242467 -0.0111473 0)
(0.223957 -0.016571 0)
(0.202988 -0.0200497 0)
(0.16839 -0.0322562 0)
(0.120119 -0.0422004 0)
(0.0483908 -0.0552705 0)
(0.300028 -0.000110121 0)
(0.299622 -0.000341137 0)
(0.299065 -0.000560994 0)
(0.297899 -0.000802039 0)
(0.296679 -0.00102464 0)
(0.29465 -0.00128691 0)
(0.292671 -0.00151578 0)
(0.289539 -0.00181856 0)
(0.286585 -0.00205894 0)
(0.281925 -0.00244073 0)
(0.277555 -0.00270586 0)
(0.270574 -0.00325197 0)
(0.26381 -0.00358473 0)
(0.252907 -0.00450124 0)
(0.24138 -0.00505359 0)
(0.222947 -0.00687464 0)
(0.200383 -0.00816974 0)
(0.165682 -0.0121913 0)
(0.114715 -0.0156183 0)
(0.0445948 -0.0192853 0)
(0.300029 -4.10003e-05 0)
(0.299621 -0.000111983 0)
(0.299066 -0.000194801 0)
(0.297898 -0.000252268 0)
(0.296681 -0.000331426 0)
(0.294649 -0.000359676 0)
(0.292675 -0.000430442 0)
(0.289538 -0.000401801 0)
(0.286594 -0.000456884 0)
(0.281925 -0.000319702 0)
(0.277571 -0.000343767 0)
(0.270576 6.37663e-06 0)
(0.263838 5.9339e-05 0)
(0.252913 0.000853212 0)
(0.241423 0.00114315 0)
(0.222963 0.00293713 0)
(0.200438 0.004003 0)
(0.165708 0.00806932 0)
(0.114746 0.0112245 0)
(0.0446057 0.0154485 0)
(0.300031 2.81807e-05 0)
(0.299618 0.000116175 0)
(0.299076 0.000170861 0)
(0.2979 0.000295354 0)
(0.296709 0.000360486 0)
(0.294661 0.000563515 0)
(0.292738 0.000652315 0)
(0.28957 0.00100769 0)
(0.286724 0.00113968 0)
(0.281995 0.0017881 0)
(0.277832 0.00200513 0)
(0.270732 0.00323949 0)
(0.264376 0.0036673 0)
(0.253295 0.00615472 0)
(0.2426 0.00723257 0)
(0.224 0.0126286 0)
(0.20316 0.0158799 0)
(0.168469 0.0281413 0)
(0.120216 0.037851 0)
(0.0484247 0.0513949 0)
(0.300036 9.7406e-05 0)
(0.299614 0.000341792 0)
(0.299095 0.000534909 0)
(0.297905 0.000837294 0)
(0.296763 0.00104862 0)
(0.294687 0.00147592 0)
(0.292859 0.00172765 0)
(0.289634 0.0023975 0)
(0.286972 0.00272087 0)
(0.282133 0.00385923 0)
(0.278336 0.00431767 0)
(0.271027 0.00640036 0)
(0.265424 0.00717561 0)
(0.253997 0.0112995 0)
(0.244926 0.0130191 0)
(0.225904 0.0219503 0)
(0.208658 0.0268871 0)
(0.173775 0.0475492 0)
(0.132212 0.063546 0)
(0.0565337 0.0909956 0)
(0.300042 0.000166745 0)
(0.299608 0.000563476 0)
(0.299122 0.000896463 0)
(0.297914 0.00137016 0)
(0.296839 0.00173095 0)
(0.294727 0.00237084 0)
(0.293033 0.00279158 0)
(0.289731 0.0037548 0)
(0.287334 0.0042791 0)
(0.282332 0.00586857 0)
(0.279074 0.00657742 0)
(0.271435 0.00943701 0)
(0.266977 0.01054 0)
(0.25492 0.0161726 0)
(0.24842 0.0183506 0)
(0.228348 0.0306384 0)
(0.217157 0.0363802 0)
(0.18102 0.0661522 0)
(0.152866 0.0841851 0)
(0.0762582 0.138606 0)
(0.300049 0.000235791 0)
(0.299602 0.000780286 0)
(0.299155 0.00125329 0)
(0.297928 0.00189123 0)
(0.296936 0.00240321 0)
(0.294784 0.00324305 0)
(0.293253 0.00383698 0)
(0.289863 0.00506931 0)
(0.287795 0.00580255 0)
(0.282593 0.00779427 0)
(0.280022 0.00876467 0)
(0.271939 0.0122982 0)
(0.268998 0.0137267 0)
(0.255954 0.0206393 0)
(0.253068 0.0231615 0)
(0.230788 0.0382449 0)
(0.229239 0.0443096 0)
(0.187123 0.0809953 0)
(0.189127 0.109944 0)
(0.0709376 0.188151 0)
)
;

boundaryField
{
    inlet
    {
        type            fixedValue;
        value           uniform (0.3 0 0);
    }
    outlet
    {
        type            zeroGradient;
    }
    upAndBottom
    {
        type            empty;
    }
    obstacle
    {
        type            noSlip;
    }
}


// ************************************************************************* //
