/*--------------------------------*- C++ -*----------------------------------*\
| =========                 |                                                 |
| \\      /  F ield         | OpenFOAM: The Open Source CFD Toolbox           |
|  \\    /   O peration     | Version:  v1806                                 |
|   \\  /    A nd           | Web:      www.OpenFOAM.com                      |
|    \\/     M anipulation  |                                                 |
\*---------------------------------------------------------------------------*/
FoamFile
{
    version     2.0;
    format      ascii;
    class       volScalarField;
    location    "180";
    object      p;
}
// * * * * * * * * * * * * * * * * * * * * * * * * * * * * * * * * * * * * * //

dimensions      [0 2 -2 0 0 0 0];


internalField   nonuniform List<scalar> 
4916
(
-0.0038009
-0.00379857
-0.00379857
-0.0038009
-0.00374957
-0.00374801
-0.00374801
-0.00374957
-0.00389449
-0.00389309
-0.00389309
-0.00389449
-0.00390373
-0.00390125
-0.00390125
-0.00390373
-0.00389787
-0.00389625
-0.00389625
-0.00389787
-0.00384949
-0.00384792
-0.00384792
-0.00384949
0.0386343
0.0386345
0.0386345
0.0386343
0.0421589
0.0421628
0.0421628
0.0421589
0.0366907
0.0366933
0.0366933
0.0366907
0.0403081
0.0403086
0.0403086
0.0403081
0.0322233
0.0322267
0.0322267
0.0322233
0.033194
0.0331977
0.0331977
0.033194
-0.00431703
-0.00431547
-0.00431547
-0.00431703
-0.00472425
-0.00472211
-0.00472211
-0.00472425
-0.00439638
-0.0043947
-0.0043947
-0.00439638
-0.00479204
-0.00478882
-0.00478882
-0.00479204
-0.00425464
-0.00425341
-0.00425341
-0.00425465
0.0407736
0.0408088
0.0408088
0.0407736
0.0421451
0.0421577
0.0421577
0.0421451
0.0515323
0.0515576
0.0515576
0.0515323
0.0508489
0.0508482
0.0508482
0.0508489
0.0297726
0.0297687
0.0297687
0.0297726
0.0309705
0.0309686
0.0309686
0.0309705
-0.00420026
-0.00419848
-0.00419848
-0.00420026
-0.00410529
-0.00410452
-0.00410452
-0.00410529
-0.00374839
-0.00374612
-0.00374612
-0.00374839
-0.003748
-0.00374562
-0.00374562
-0.003748
-0.00384654
-0.00384484
-0.00384484
-0.00384654
-0.00369422
-0.00369304
-0.00369304
-0.00369422
-0.00393621
-0.00393312
-0.00393312
-0.00393621
-0.00395544
-0.00395406
-0.00395406
-0.00395544
-0.00407565
-0.00407423
-0.00407423
-0.00407564
-0.00419344
-0.00419204
-0.00419204
-0.00419344
-0.00430626
-0.00430504
-0.00430504
-0.00430626
-0.00430232
-0.00430105
-0.00430105
-0.00430232
-0.00439351
-0.00439219
-0.00439219
-0.00439351
-0.00439421
-0.00439297
-0.00439297
-0.00439421
0.0518343
0.0518442
0.0518442
0.0518343
0.0478754
0.0478785
0.0478785
0.0478754
0.0526719
0.0526755
0.0526755
0.0526719
0.0492036
0.0492146
0.0492146
0.0492036
0.0441343
0.0441399
0.0441399
0.0441343
0.0446065
0.044614
0.044614
0.0446065
0.0406509
0.0406545
0.0406545
0.0406509
0.0370005
0.0370036
0.0370036
0.0370005
0.0334143
0.0334199
0.0334199
0.0334143
0.0299976
0.0300026
0.0300026
0.0299976
0.029899
0.0299059
0.0299059
0.029899
-0.00415257
-0.00415232
-0.00415232
-0.00415257
0.0354136
0.0354147
0.0354147
0.0354136
0.0290965
0.0291035
0.0291035
0.0290965
-0.0042327
-0.00423093
-0.00423093
-0.0042327
-0.00434419
-0.0043433
-0.0043433
-0.00434419
-0.00443933
-0.00443813
-0.00443813
-0.00443933
-0.00445075
-0.00444966
-0.00444966
-0.00445075
-0.00444561
-0.0044444
-0.0044444
-0.00444561
-0.00449968
-0.00449815
-0.00449815
-0.00449968
-0.00396323
-0.00396139
-0.00396139
-0.00396323
-0.0040881
-0.00408659
-0.00408659
-0.0040881
-0.00421807
-0.00421673
-0.00421673
-0.00421807
-0.00433775
-0.00433628
-0.00433628
-0.00433775
-0.00444244
-0.00444108
-0.00444108
-0.00444244
-0.00451574
-0.0045147
-0.0045147
-0.00451574
-0.00368087
-0.00367932
-0.00367932
-0.00368087
-0.00395616
-0.00395614
-0.00395614
-0.00395616
-0.00379123
-0.00378864
-0.00378864
-0.00379123
0.0550491
0.0550485
0.0550485
0.0550491
0.0547412
0.054747
0.054747
0.0547412
0.0459445
0.0459517
0.0459517
0.0459445
0.0493827
0.0493888
0.0493888
0.0493827
0.0467629
0.0467648
0.0467648
0.0467629
0.043081
0.043092
0.043092
0.043081
0.0395578
0.0395573
0.0395573
0.0395578
0.0363557
0.0363604
0.0363604
0.0363557
0.0329073
0.0329142
0.0329142
0.0329073
0.0295156
0.0295211
0.0295211
0.0295156
0.0264453
0.0264523
0.0264523
0.0264453
0.0268866
0.0268932
0.0268932
0.0268866
0.0268346
0.0268404
0.0268404
0.0268346
0.0262618
0.0262688
0.0262688
0.0262618
0.039316
0.0393117
0.0393117
0.039316
0.0362733
0.0362686
0.0362686
0.0362733
0.0334237
0.0334239
0.0334239
0.0334237
0.0306518
0.0306569
0.0306569
0.0306518
0.0279189
0.0279268
0.0279268
0.0279189
0.0252569
0.0252657
0.0252657
0.0252569
0.0422379
0.0422385
0.0422385
0.0422379
0.0448419
0.0448468
0.0448468
0.0448419
0.0518695
0.0518706
0.0518706
0.0518695
-0.00374615
-0.00374585
-0.00374585
-0.00374615
-0.00400887
-0.00400705
-0.00400705
-0.00400887
-0.0041436
-0.00414211
-0.00414211
-0.0041436
-0.00428247
-0.00428115
-0.00428115
-0.00428247
-0.0044203
-0.00441877
-0.00441877
-0.0044203
-0.00454443
-0.00454309
-0.00454309
-0.00454443
-0.00464322
-0.00464204
-0.00464204
-0.00464323
-0.00469597
-0.00469497
-0.00469497
-0.00469597
-0.00453364
-0.00453284
-0.00453284
-0.00453364
-0.00444949
-0.00444877
-0.00444877
-0.00444949
-0.00444052
-0.0044397
-0.0044397
-0.00444052
-0.0045124
-0.00451158
-0.00451158
-0.0045124
-0.00465763
-0.00465654
-0.00465654
-0.00465763
-0.00460544
-0.00460396
-0.00460396
-0.00460544
-0.00453829
-0.00453692
-0.00453692
-0.00453829
-0.00441675
-0.00441566
-0.00441566
-0.00441675
-0.00427972
-0.00427838
-0.00427838
-0.00427972
-0.00412003
-0.00411783
-0.00411783
-0.00412003
-0.00398562
-0.00398358
-0.00398358
-0.00398562
-0.00386828
-0.00386563
-0.00386563
-0.00386828
0.0439023
0.0438952
0.0438952
0.0439023
0.0410751
0.0410928
0.0410928
0.0410751
0.0374371
0.0374399
0.0374399
0.0374371
0.0345015
0.034512
0.034512
0.0345015
0.0314644
0.0314687
0.0314687
0.0314644
0.0283898
0.0283956
0.0283956
0.0283898
0.0254921
0.0254975
0.0254975
0.0254921
0.0229573
0.0229616
0.0229616
0.0229573
0.0237794
0.0237854
0.0237854
0.0237794
0.0241968
0.0242026
0.0242026
0.0241968
0.0241883
0.0241941
0.0241941
0.0241883
0.0237598
0.0237665
0.0237665
0.0237598
0.0228546
0.0228626
0.0228626
0.0228546
0.0355041
0.0355021
0.0355021
0.0355041
0.0333181
0.0333129
0.0333129
0.0333181
0.0309876
0.0309846
0.0309846
0.0309876
0.0285586
0.0285643
0.0285643
0.0285586
0.0261293
0.0261389
0.0261389
0.0261293
0.023927
0.0239371
0.0239371
0.023927
0.0217042
0.0217128
0.0217128
0.0217042
-0.00377714
-0.0037749
-0.0037749
-0.00377714
-0.00487631
-0.00487522
-0.00487522
-0.00487631
-0.00480344
-0.0048017
-0.0048017
-0.00480344
-0.00466782
-0.00466658
-0.00466658
-0.00466782
-0.00453116
-0.00453037
-0.00453037
-0.00453116
-0.00437502
-0.00437396
-0.00437396
-0.00437502
-0.00423077
-0.00422978
-0.00422978
-0.00423078
-0.00410219
-0.0041014
-0.0041014
-0.00410219
-0.00401344
-0.00401193
-0.00401193
-0.00401344
-0.00466035
-0.00465976
-0.00465976
-0.00466035
-0.00446825
-0.00446775
-0.00446775
-0.00446825
-0.00436602
-0.00436573
-0.00436574
-0.00436602
-0.00435333
-0.00435315
-0.00435315
-0.00435333
-0.00443338
-0.00443327
-0.00443327
-0.00443338
-0.00461137
-0.00461095
-0.00461095
-0.00461137
-0.00488035
-0.00487988
-0.00487988
-0.00488035
-0.00398888
-0.00398728
-0.00398728
-0.00398887
-0.00409437
-0.00409273
-0.00409273
-0.00409437
-0.00422756
-0.00422609
-0.00422609
-0.00422756
-0.004385
-0.00438381
-0.00438381
-0.004385
-0.00454856
-0.00454698
-0.00454699
-0.00454857
-0.00470673
-0.00470536
-0.00470536
-0.00470673
-0.00484815
-0.00484713
-0.00484713
-0.00484815
-0.00493256
-0.00493156
-0.00493156
-0.00493256
-0.00495271
-0.00495206
-0.00495206
-0.00495271
0.0375148
0.0375197
0.0375197
0.0375148
0.0459914
0.0459995
0.0459995
0.0459914
0.0385773
0.0385758
0.0385758
0.0385773
0.0363809
0.0363785
0.0363785
0.0363809
0.0411893
0.0412076
0.0412076
0.0411893
0.0372452
0.0372545
0.0372545
0.0372452
0.0341955
0.034202
0.034202
0.0341955
0.0316305
0.0316324
0.0316324
0.0316305
0.0291662
0.0291663
0.0291663
0.0291662
0.0266724
0.0266765
0.0266765
0.0266724
0.0240815
0.0240862
0.0240862
0.0240815
0.0217858
0.0217901
0.0217901
0.0217858
0.0197624
0.019766
0.019766
0.0197624
0.0208122
0.0208163
0.0208163
0.0208122
0.021552
0.0215568
0.0215568
0.021552
0.0219298
0.0219338
0.0219338
0.0219298
0.021926
0.0219298
0.0219298
0.021926
0.0215477
0.021552
0.021552
0.0215477
0.0207731
0.020778
0.020778
0.0207731
0.0196917
0.0196977
0.0196977
0.0196917
0.0280257
0.0280238
0.0280238
0.0280257
0.0259793
0.0259819
0.0259819
0.0259793
0.0239366
0.0239451
0.0239451
0.0239366
0.0219651
0.0219775
0.0219775
0.0219651
0.020134
0.0201433
0.0201433
0.020134
0.0183924
0.0183988
0.0183988
0.0183924
0.0313988
0.0313926
0.0313926
0.0313988
0.0287658
0.028758
0.028758
0.0287658
0.0202825
0.0202677
0.0202677
0.0202825
0.0180013
0.0180045
0.0180045
0.0180013
0.0189614
0.0189649
0.0189649
0.0189614
0.0196328
0.0196358
0.0196358
0.0196328
0.0199723
0.0199754
0.0199754
0.0199723
0.0199681
0.0199714
0.0199714
0.0199681
0.0196318
0.0196351
0.0196351
0.0196318
0.0189563
0.0189605
0.0189605
0.0189563
0.0179773
0.017983
0.017983
0.0179773
0.016768
0.0167736
0.0167736
0.016768
0.0235762
0.0235789
0.0235789
0.0235762
0.0304186
0.0304208
0.0304208
0.0304186
0.0322472
0.0322454
0.0322454
0.0322472
0.0316205
0.0316243
0.0316243
0.0316205
0.0300395
0.0300384
0.0300384
0.0300395
0.0283539
0.0283487
0.0283487
0.0283539
0.0264421
0.0264412
0.0264412
0.0264421
0.0243523
0.0243585
0.0243585
0.0243523
0.0222255
0.0222307
0.0222307
0.0222255
0.0202503
0.0202538
0.0202538
0.0202503
0.0184707
0.0184735
0.0184735
0.0184707
0.016841
0.0168441
0.0168441
0.016841
-0.00407384
-0.00407225
-0.00407225
-0.00407383
-0.00403498
-0.00403257
-0.00403257
-0.00403498
-0.00409293
-0.00409144
-0.00409144
-0.00409293
-0.00418975
-0.00418825
-0.00418825
-0.00418975
-0.00432863
-0.00432717
-0.00432717
-0.00432863
-0.00450971
-0.00450885
-0.00450885
-0.00450971
-0.00471166
-0.00471022
-0.00471023
-0.00471166
-0.0049223
-0.00492114
-0.00492114
-0.0049223
-0.00511638
-0.00511545
-0.00511545
-0.00511638
-0.00527008
-0.00526916
-0.00526916
-0.00527008
-0.00536126
-0.00536054
-0.00536054
-0.00536126
-0.00535118
-0.00535099
-0.00535099
-0.00535118
-0.00486526
-0.00486519
-0.0048652
-0.00486527
-0.00451946
-0.00451947
-0.00451947
-0.00451947
-0.00429787
-0.00429798
-0.00429798
-0.00429787
-0.00418094
-0.00418122
-0.00418122
-0.00418094
-0.00416379
-0.0041641
-0.0041641
-0.0041638
-0.00424758
-0.00424773
-0.00424774
-0.00424758
-0.00443701
-0.00443696
-0.00443696
-0.00443701
-0.00474117
-0.00474106
-0.00474106
-0.00474117
-0.00517638
-0.0051762
-0.0051762
-0.00517638
-0.00525557
-0.00525499
-0.00525499
-0.00525557
-0.00520936
-0.00520851
-0.00520851
-0.00520936
-0.00506784
-0.00506649
-0.00506649
-0.00506784
-0.00488755
-0.00488645
-0.00488645
-0.00488755
-0.00469576
-0.0046947
-0.0046947
-0.00469576
-0.00450149
-0.00450017
-0.00450017
-0.00450149
-0.00432904
-0.00432752
-0.00432752
-0.00432904
-0.00419118
-0.00418926
-0.00418926
-0.00419118
-0.00408764
-0.00408494
-0.00408494
-0.00408764
-0.00403051
-0.00403077
-0.00403077
-0.00403051
-0.00403743
-0.00403487
-0.00403487
-0.00403743
-0.00404007
-0.00403747
-0.00403747
-0.00404007
-0.00425048
-0.00425012
-0.00425012
-0.00425048
-0.00414708
-0.00414551
-0.00414551
-0.00414708
-0.00417847
-0.00417731
-0.00417731
-0.00417847
-0.00428002
-0.00427892
-0.00427892
-0.00428002
-0.0044348
-0.00443378
-0.00443378
-0.0044348
-0.00463817
-0.00463713
-0.00463713
-0.00463817
-0.00488631
-0.00488546
-0.00488546
-0.00488631
-0.00514823
-0.00514732
-0.00514732
-0.00514823
-0.00540626
-0.00540542
-0.00540542
-0.00540626
-0.00563393
-0.00563354
-0.00563354
-0.00563393
-0.00576828
-0.0057681
-0.0057681
-0.00576828
-0.00576862
-0.00576898
-0.00576898
-0.00576862
-0.00515279
-0.00515327
-0.00515327
-0.0051528
-0.00461772
-0.00461834
-0.00461834
-0.00461772
-0.00424331
-0.00424407
-0.00424407
-0.00424331
-0.00400884
-0.00400961
-0.00400961
-0.00400884
-0.00388439
-0.00388509
-0.0038851
-0.00388439
-0.00386226
-0.00386295
-0.00386295
-0.00386226
-0.00394284
-0.00394349
-0.00394349
-0.00394284
-0.00413286
-0.00413358
-0.00413359
-0.00413287
-0.00445158
-0.00445225
-0.00445225
-0.00445158
-0.00493332
-0.00493392
-0.00493392
-0.00493332
-0.00557724
-0.00557807
-0.00557807
-0.00557724
0.0230023
0.0230219
0.0230219
0.0230023
0.025022
0.0250204
0.0250204
0.025022
0.0260804
0.026087
0.026087
0.0260804
0.0254016
0.025396
0.025396
0.0254016
0.0245144
0.0245091
0.0245091
0.0245144
0.023293
0.0232885
0.0232885
0.023293
0.0217526
0.0217549
0.0217549
0.0217526
0.0200252
0.020028
0.020028
0.0200252
0.0184111
0.0184145
0.0184145
0.0184111
0.0168604
0.0168634
0.0168634
0.0168604
0.015435
0.0154378
0.0154378
0.015435
0.0141615
0.0141628
0.0141628
0.0141615
0.0154138
0.0154149
0.0154149
0.0154138
0.0165074
0.0165076
0.0165076
0.0165074
0.017367
0.0173678
0.0173678
0.017367
0.0179714
0.0179727
0.0179727
0.0179714
0.0182705
0.0182722
0.0182722
0.0182705
0.0182625
0.0182644
0.0182644
0.0182625
0.0179539
0.0179559
0.0179559
0.0179539
0.0173556
0.0173584
0.0173584
0.0173556
0.0164608
0.016465
0.016465
0.0164608
0.015375
0.0153796
0.0153796
0.015375
0.0141018
0.0141081
0.0141081
0.0141018
0.015437
0.0154429
0.0154429
0.015437
0.0168004
0.0168062
0.0168062
0.0168004
0.0182213
0.0182292
0.0182292
0.0182213
0.0197902
0.0198012
0.0198012
0.0197902
0.0214319
0.0214407
0.0214407
0.0214319
0.0230456
0.0230471
0.0230471
0.0230456
0.0245815
0.0245797
0.0245797
0.0245815
0.0255854
0.025579
0.025579
0.0255854
-0.00413756
-0.00413524
-0.00413524
-0.00413755
-0.0041659
-0.0041644
-0.0041644
-0.0041659
-0.00426395
-0.00426275
-0.00426275
-0.00426395
-0.00441448
-0.00441306
-0.00441307
-0.00441448
-0.00463844
-0.00463781
-0.00463781
-0.00463845
-0.00488908
-0.00488778
-0.00488778
-0.00488908
-0.00517228
-0.00517129
-0.00517129
-0.00517228
-0.00545585
-0.0054551
-0.0054551
-0.00545585
-0.00570755
-0.005707
-0.005707
-0.00570755
-0.00589651
-0.00589636
-0.00589636
-0.00589651
-0.00596792
-0.00596837
-0.00596837
-0.00596793
-0.00583512
-0.00583597
-0.00583597
-0.00583512
0.0260886
0.0260832
0.0260832
0.0260886
0.0248316
0.0248086
0.0248086
0.0248316
0.0219667
0.0219685
0.0219685
0.0219667
0.0109892
0.0109606
0.0109606
0.0109892
0.0136979
0.0136724
0.0136724
0.0136979
-7.03289e-05
-7.30203e-05
-7.30204e-05
-7.03288e-05
-0.000920888
-0.000881529
-0.000881529
-0.000920888
-0.0116328
-0.0116242
-0.0116242
-0.0116328
-0.012098
-0.0120833
-0.0120833
-0.012098
-0.0108073
-0.0108059
-0.0108059
-0.0108073
-0.00873665
-0.00873004
-0.00873004
-0.00873665
-0.00760262
-0.00760175
-0.00760175
-0.00760262
-0.00643459
-0.00643151
-0.00643151
-0.00643459
-0.00552869
-0.00552588
-0.00552588
-0.00552869
-0.00493468
-0.00493147
-0.00493147
-0.00493468
-0.00453168
-0.00452908
-0.00452908
-0.00453168
-0.00427645
-0.00427438
-0.00427438
-0.00427645
-0.00414566
-0.00414422
-0.00414422
-0.00414566
-0.00418058
-0.00417954
-0.00417954
-0.00418058
-0.00430839
-0.00430752
-0.00430752
-0.00430839
-0.0045011
-0.00450032
-0.00450032
-0.0045011
-0.00475099
-0.00474995
-0.00474995
-0.00475099
-0.00507159
-0.00507084
-0.00507084
-0.00507159
-0.00542168
-0.00542092
-0.00542092
-0.00542168
-0.00577968
-0.00577901
-0.00577901
-0.00577968
-0.00612955
-0.00612931
-0.00612931
-0.00612955
-0.00637179
-0.00637191
-0.00637191
-0.00637179
-0.00646135
-0.00646214
-0.00646214
-0.00646135
-0.00631564
-0.00631681
-0.0063168
-0.00631563
-0.00543597
-0.00543753
-0.00543753
-0.00543597
-0.00473203
-0.00473335
-0.00473335
-0.00473203
-0.00419909
-0.00420039
-0.00420039
-0.00419909
-0.00383099
-0.00383212
-0.00383212
-0.00383099
-0.00359984
-0.00360081
-0.00360081
-0.00359985
-0.0034781
-0.00347891
-0.00347891
-0.0034781
-0.00345142
-0.00345223
-0.00345223
-0.00345142
-0.003521
-0.00352184
-0.00352184
-0.003521
-0.00369538
-0.00369637
-0.00369637
-0.00369538
-0.00399502
-0.0039962
-0.0039962
-0.00399502
-0.00446495
-0.0044662
-0.0044662
-0.00446495
-0.00510366
-0.00510479
-0.00510478
-0.00510366
-0.00585193
-0.00585377
-0.00585377
-0.00585192
-0.00752315
-0.00754951
-0.00754951
-0.00752315
0.00107308
0.00104177
0.00104177
0.00107308
0.0104529
0.0104629
0.0104629
0.0104529
0.0166781
0.016678
0.016678
0.0166781
0.0195214
0.0195234
0.0195234
0.0195214
0.0210724
0.0210823
0.0210823
0.0210724
0.0211314
0.0211239
0.0211239
0.0211314
0.020821
0.0208177
0.0208177
0.020821
0.0199421
0.0199381
0.0199381
0.0199421
0.018847
0.0188504
0.0188504
0.018847
0.0175603
0.0175619
0.0175619
0.0175603
0.0162681
0.0162718
0.0162718
0.0162681
0.0149872
0.01499
0.01499
0.0149872
0.0137846
0.0137874
0.0137874
0.0137846
0.0126811
0.0126828
0.0126828
0.0126811
0.0117138
0.0117145
0.0117145
0.0117138
0.0130605
0.0130611
0.0130611
0.0130605
0.014243
0.014243
0.014243
0.014243
0.0152475
0.0152467
0.0152467
0.0152475
0.0160223
0.0160211
0.0160211
0.0160223
0.0165443
0.0165438
0.0165438
0.0165443
0.0168102
0.0168109
0.0168109
0.0168102
0.016804
0.0168048
0.0168048
0.016804
0.0165275
0.0165282
0.0165282
0.0165275
0.015988
0.0159893
0.0159893
0.015988
0.0151899
0.0151923
0.0151923
0.0151899
0.0141795
0.0141823
0.0141823
0.0141795
0.0129952
0.0129988
0.0129988
0.0129952
0.0116674
0.0116706
0.0116706
0.0116674
0.0126535
0.0126595
0.0126595
0.0126535
0.0137712
0.0137786
0.0137786
0.0137712
0.0149512
0.0149567
0.0149567
0.0149512
0.0161741
0.0161798
0.0161798
0.0161741
0.0174219
0.0174278
0.0174278
0.0174219
0.0186752
0.018682
0.018682
0.0186752
0.0198724
0.0198751
0.0198751
0.0198724
0.0209242
0.0209237
0.0209237
0.0209242
0.0214078
0.0214006
0.0214006
0.0214078
0.0211378
0.0211294
0.0211294
0.0211378
0.0194674
0.019458
0.019458
0.0194674
0.0162285
0.0162396
0.0162396
0.0162285
0.0106792
0.0107155
0.0107155
0.0106792
0.0003616
0.00032842
0.00032842
0.0003616
-0.0125434
-0.0125759
-0.0125759
-0.0125434
-0.00788128
-0.00792911
-0.00792911
-0.00788128
-0.0109237
-0.0109131
-0.0109131
-0.0109237
-0.0130576
-0.0130446
-0.0130446
-0.0130576
-0.0110402
-0.011037
-0.011037
-0.0110402
-0.00930427
-0.0092982
-0.0092982
-0.00930428
-0.00813185
-0.00812834
-0.00812834
-0.00813185
-0.006792
-0.00678825
-0.00678825
-0.006792
-0.00578703
-0.00578377
-0.00578376
-0.00578702
-0.00499667
-0.00499168
-0.00499168
-0.00499667
-0.00456679
-0.00456435
-0.00456436
-0.00456683
-0.00428472
-0.00428242
-0.00428242
-0.00428474
-0.00413942
-0.00413809
-0.00413809
-0.00413942
-0.00415374
-0.00415278
-0.00415278
-0.00415374
-0.00428222
-0.00428178
-0.00428178
-0.00428222
-0.00446222
-0.00446101
-0.00446101
-0.00446223
-0.00473752
-0.00473685
-0.00473685
-0.00473752
-0.0050558
-0.00505466
-0.00505466
-0.00505581
-0.00542626
-0.00542554
-0.00542554
-0.00542626
-0.00581546
-0.00581485
-0.00581485
-0.00581547
-0.00619008
-0.00618979
-0.00618979
-0.00619008
-0.00649301
-0.00649313
-0.00649313
-0.006493
-0.00666308
-0.00666395
-0.00666395
-0.00666308
-0.00659615
-0.00659725
-0.00659725
-0.00659615
-0.00621915
-0.00622135
-0.00622135
-0.00621915
0.0108858
0.0108848
0.0108848
0.0108858
0.0121381
0.0121368
0.0121368
0.0121381
0.0132441
0.0132422
0.0132422
0.0132441
0.0141695
0.0141672
0.0141672
0.0141695
0.0148769
0.014875
0.014875
0.0148769
0.0153493
0.0153481
0.0153481
0.0153493
0.0155852
0.0155848
0.0155848
0.0155852
0.0155804
0.0155804
0.0155804
0.0155804
0.0153307
0.0153306
0.0153306
0.0153307
0.0148402
0.0148397
0.0148397
0.0148402
0.014122
0.0141216
0.0141216
0.014122
0.0132003
0.0132004
0.0132004
0.0132003
0.0120974
0.0120984
0.0120984
0.0120974
0.0108493
0.0108501
0.0108501
0.0108493
0.00946783
0.00946825
0.00946825
0.00946783
0.0101716
0.0101744
0.0101744
0.0101716
0.0109818
0.0109864
0.0109864
0.0109818
0.011902
0.0119076
0.0119076
0.011902
0.0128747
0.0128791
0.0128791
0.0128747
0.013866
0.0138705
0.0138705
0.013866
0.0148614
0.0148641
0.0148641
0.0148614
0.015809
0.0158109
0.0158109
0.015809
0.0166328
0.0166338
0.0166338
0.0166328
0.0172761
0.0172761
0.0172761
0.0172761
0.0173529
0.0173462
0.0173462
0.0173529
0.0167059
0.0167007
0.0167007
0.0167059
0.0150447
0.0150458
0.0150458
0.0150447
0.0123268
0.0123344
0.0123344
0.0123268
0.00832489
0.00832459
0.00832459
0.00832489
0.00196121
0.00192767
0.00192767
0.00196121
-0.00486007
-0.00488093
-0.00488093
-0.00486007
-0.00766073
-0.00764616
-0.00764616
-0.00766073
-0.0094503
-0.00944775
-0.00944775
-0.00945029
-0.00949871
-0.0095036
-0.0095036
-0.00949871
-0.0084235
-0.00842047
-0.00842047
-0.0084235
-0.00707095
-0.00706347
-0.00706347
-0.00707094
-0.00603118
-0.00602375
-0.00602375
-0.00603116
-0.00540555
-0.00540467
-0.00540468
-0.00540554
-0.00478523
-0.00478218
-0.00478219
-0.00478524
-0.00431885
-0.00431744
-0.00431744
-0.00431886
-0.0039575
-0.00395372
-0.00395372
-0.0039575
-0.00392017
-0.00391739
-0.00391738
-0.00392017
-0.00402071
-0.00401797
-0.00401796
-0.00402071
-0.00422484
-0.00422355
-0.00422355
-0.00422484
-0.00444648
-0.00444499
-0.004445
-0.00444648
-0.00478905
-0.00478904
-0.00478904
-0.00478905
-0.00517223
-0.00517152
-0.00517152
-0.00517223
-0.00563816
-0.00563814
-0.00563814
-0.00563816
-0.00612664
-0.0061266
-0.0061266
-0.00612664
-0.00662155
-0.00662189
-0.00662189
-0.00662155
-0.00703057
-0.00703126
-0.00703125
-0.00703057
-0.00728437
-0.00728587
-0.00728587
-0.00728437
-0.00726278
-0.00726401
-0.00726401
-0.00726278
-0.00690374
-0.0069065
-0.0069065
-0.00690374
-0.00609909
-0.0061007
-0.0061007
-0.00609909
-0.00548146
-0.00548256
-0.00548256
-0.00548146
-0.00474404
-0.00474536
-0.00474536
-0.00474404
-0.00409606
-0.004097
-0.004097
-0.00409605
-0.0036128
-0.0036138
-0.0036138
-0.00361279
-0.00328966
-0.00329053
-0.00329053
-0.00328966
-0.00308545
-0.00308622
-0.00308623
-0.00308545
-0.00297622
-0.00297691
-0.00297691
-0.00297623
-0.00294739
-0.00294809
-0.00294808
-0.00294739
-0.00299869
-0.0029994
-0.0029994
-0.00299869
-0.00313754
-0.00313835
-0.00313835
-0.00313754
-0.00338887
-0.00338976
-0.00338976
-0.00338887
-0.00379201
-0.00379284
-0.00379284
-0.00379201
-0.00436173
-0.00436232
-0.00436232
-0.00436172
-0.00504299
-0.00504364
-0.00504363
-0.00504299
-0.00560776
-0.00560904
-0.00560904
-0.00560776
-0.00649843
-0.00650062
-0.00650062
-0.00649843
-0.00698885
-0.00699012
-0.00699012
-0.00698885
-0.00711158
-0.00711296
-0.00711296
-0.00711158
-0.00694449
-0.00694522
-0.00694522
-0.00694449
-0.0065829
-0.00658326
-0.00658326
-0.00658289
-0.00612616
-0.0061262
-0.0061262
-0.00612616
-0.00565712
-0.00565719
-0.00565719
-0.00565712
-0.00522043
-0.0052206
-0.0052206
-0.00522043
-0.00481573
-0.00481515
-0.00481515
-0.00481573
-0.00450773
-0.00450715
-0.00450715
-0.00450773
-0.0042658
-0.00426463
-0.00426463
-0.0042658
-0.00409264
-0.00409083
-0.00409083
-0.00409264
-0.00398441
-0.0039821
-0.0039821
-0.00398441
-0.00403967
-0.00403709
-0.00403709
-0.00403967
-0.00433347
-0.00433284
-0.00433284
-0.00433347
-0.00484952
-0.00484917
-0.00484917
-0.00484952
-0.00538546
-0.00538459
-0.00538459
-0.00538546
-0.00604995
-0.00604902
-0.00604902
-0.00604995
-0.00687892
-0.00687655
-0.00687655
-0.00687892
-0.00812814
-0.00812558
-0.00812558
-0.00812814
-0.00980186
-0.00980467
-0.00980467
-0.00980186
-0.0100889
-0.0101006
-0.0101006
-0.0100889
-0.00799137
-0.00801101
-0.00801101
-0.00799137
-0.00362094
-0.00361269
-0.00361269
-0.00362094
0.0018783
0.00185007
0.00185007
0.0018783
0.00898545
0.00901339
0.00901339
0.00898545
0.0123047
0.0123014
0.0123014
0.0123047
0.0151907
0.0152045
0.0152045
0.0151907
0.0166578
0.0166628
0.0166628
0.0166578
0.0171645
0.0171584
0.0171584
0.0171645
0.017213
0.017209
0.017209
0.017213
0.0166695
0.0166655
0.0166655
0.0166695
0.0158751
0.0158785
0.0158785
0.0158751
0.0149064
0.014908
0.014908
0.0149064
0.0139201
0.0139229
0.0139229
0.0139201
0.0129079
0.0129092
0.0129092
0.0129079
0.011955
0.011958
0.011958
0.011955
0.0110173
0.0110196
0.0110196
0.0110173
0.0102011
0.0102023
0.0102023
0.0102011
0.00948598
0.00948521
0.00948521
0.00948598
0.00795993
0.00796029
0.00796029
0.00795993
0.00852544
0.00852744
0.00852744
0.00852544
0.00917584
0.00917829
0.00917829
0.00917584
0.00989123
0.009894
0.009894
0.00989123
0.0106489
0.0106508
0.0106508
0.0106489
0.0114236
0.0114253
0.0114253
0.0114236
0.0121938
0.012195
0.012195
0.0121938
0.0128865
0.012887
0.012887
0.0128865
0.0134139
0.0134143
0.0134143
0.0134139
0.0137318
0.0137336
0.0137336
0.0137318
0.0136086
0.0136079
0.0136079
0.0136086
0.0129525
0.0129515
0.0129515
0.0129525
0.0115002
0.0115013
0.0115013
0.0115002
0.0093418
0.00934557
0.00934557
0.0093418
0.00630689
0.00629697
0.00629697
0.00630689
0.00214038
0.00211833
0.00211833
0.00214038
-0.00244124
-0.00245743
-0.00245743
-0.00244124
-0.00501893
-0.00500844
-0.00500844
-0.00501893
-0.00656433
-0.00655741
-0.00655741
-0.00656433
-0.00705439
-0.00704771
-0.00704771
-0.00705439
-0.00669292
-0.00668373
-0.00668374
-0.00669292
-0.00606995
-0.00606509
-0.00606509
-0.00606995
-0.00540291
-0.00539867
-0.00539868
-0.0054029
-0.0047886
-0.00478457
-0.00478457
-0.00478859
-0.00417298
-0.00416558
-0.00416558
-0.00417298
-0.00388016
-0.00387707
-0.00387707
-0.00388016
-0.00379919
-0.00379704
-0.00379704
-0.00379918
-0.0038676
-0.00386787
-0.00386787
-0.0038676
-0.00395268
-0.00395129
-0.00395129
-0.00395268
-0.00413578
-0.00413455
-0.00413455
-0.00413578
-0.00439364
-0.00439148
-0.00439148
-0.00439364
-0.00476092
-0.00475942
-0.00475942
-0.00476093
-0.00519529
-0.00519362
-0.00519362
-0.0051953
-0.00571043
-0.00570933
-0.00570933
-0.00571043
-0.00626091
-0.00626025
-0.00626025
-0.00626091
-0.00680604
-0.00680585
-0.00680585
-0.00680603
-0.00726893
-0.00726926
-0.00726926
-0.00726892
-0.00755041
-0.00755162
-0.00755161
-0.00755041
-0.00751983
-0.00752129
-0.00752129
-0.00751983
-0.00715876
-0.00716337
-0.00716337
-0.00715876
-0.00625863
-0.00626006
-0.00626006
-0.00625864
-0.00512787
-0.00513198
-0.00513199
-0.00512788
-0.00498418
-0.00498613
-0.00498614
-0.00498418
-0.00446046
-0.00446111
-0.00446111
-0.00446045
-0.00382001
-0.0038205
-0.00382049
-0.00382
-0.00328755
-0.00328786
-0.00328786
-0.00328755
-0.00290236
-0.00290289
-0.00290289
-0.00290236
-0.00265174
-0.0026523
-0.0026523
-0.00265174
-0.00249596
-0.00249653
-0.00249653
-0.00249596
-0.00240989
-0.00241044
-0.00241044
-0.00240989
-0.00238066
-0.00238122
-0.00238122
-0.00238066
-0.00240699
-0.00240751
-0.00240751
-0.00240699
-0.00249641
-0.0024969
-0.0024969
-0.00249641
-0.00266956
-0.00266996
-0.00266996
-0.00266955
-0.00296541
-0.00296535
-0.00296534
-0.0029654
-0.00341129
-0.00341144
-0.00341144
-0.00341129
-0.00395495
-0.0039552
-0.0039552
-0.00395495
-0.00440016
-0.00440199
-0.00440199
-0.00440016
-0.00454085
-0.00454384
-0.00454384
-0.00454085
-0.00578529
-0.00578754
-0.00578754
-0.0057853
-0.00674981
-0.00675337
-0.00675337
-0.00674981
-0.00725981
-0.00726168
-0.00726168
-0.00725981
-0.00739191
-0.00739311
-0.00739311
-0.00739192
-0.00719499
-0.00719528
-0.00719528
-0.00719499
-0.00678342
-0.00678324
-0.00678324
-0.00678342
-0.00627842
-0.0062778
-0.0062778
-0.00627842
-0.00574923
-0.00574777
-0.00574777
-0.00574924
-0.00525856
-0.00525687
-0.00525687
-0.00525856
-0.00480369
-0.00480135
-0.00480135
-0.00480369
-0.00445025
-0.00444826
-0.00444826
-0.00445025
-0.00417452
-0.00417256
-0.00417256
-0.00417452
-0.0039745
-0.00397274
-0.00397274
-0.0039745
-0.00386404
-0.00386307
-0.00386307
-0.00386404
-0.00382678
-0.00382405
-0.00382405
-0.00382678
-0.00392349
-0.00392215
-0.00392215
-0.00392349
-0.00409622
-0.00409066
-0.00409066
-0.00409622
-0.00451942
-0.00451336
-0.00451336
-0.00451943
-0.00517842
-0.00517637
-0.00517637
-0.00517842
-0.00580983
-0.00580537
-0.00580537
-0.00580983
-0.00643716
-0.00642243
-0.00642243
-0.00643716
-0.00708636
-0.00706846
-0.00706846
-0.00708636
-0.00680492
-0.0067999
-0.0067999
-0.00680492
-0.00492273
-0.0049382
-0.0049382
-0.00492273
-0.00147478
-0.00147233
-0.00147233
-0.00147478
0.00207023
0.0020398
0.0020398
0.00207023
0.00691325
0.00692335
0.00692335
0.00691325
0.00936211
0.00935465
0.00935465
0.00936211
0.0117139
0.0117297
0.0117297
0.0117139
0.0128777
0.0128799
0.0128799
0.0128777
0.013592
0.0135923
0.0135923
0.013592
0.013757
0.0137542
0.0137542
0.013757
0.0134652
0.0134642
0.0134642
0.0134652
0.0129146
0.0129173
0.0129173
0.0129146
0.012217
0.0122176
0.0122176
0.012217
0.01148
0.0114809
0.0114809
0.01148
0.0107056
0.0107058
0.0107058
0.0107056
0.00994536
0.00994848
0.00994848
0.00994536
0.00920944
0.00921222
0.00921222
0.00920944
0.00854658
0.00854841
0.00854841
0.00854658
0.00796893
0.00796797
0.00796797
0.00796893
0.00748524
0.00748299
0.00748299
0.00748524
0.00890467
0.0089018
0.0089018
0.00890467
0.0102204
0.010217
0.010217
0.0102204
0.0114078
0.0114041
0.0114041
0.0114078
0.0124339
0.0124303
0.0124303
0.0124339
0.013281
0.0132778
0.0132778
0.013281
0.0139296
0.0139271
0.0139271
0.0139296
0.0143669
0.0143652
0.0143652
0.0143669
0.0145851
0.0145841
0.0145841
0.0145851
0.0145804
0.0145796
0.0145796
0.0145804
0.0143511
0.0143502
0.0143502
0.0143511
0.0139049
0.0139034
0.0139034
0.0139049
0.0132526
0.0132505
0.0132505
0.0132526
0.0124003
0.0123984
0.0123984
0.0124003
0.0113688
0.0113671
0.0113671
0.0113688
0.0101925
0.0101908
0.0101908
0.0101925
0.00888119
0.00887958
0.00887958
0.00888119
0.00747469
0.00747355
0.00747355
0.00747469
-0.00421349
-0.00421587
-0.00421587
-0.00421349
-0.00540915
-0.00540977
-0.00540978
-0.00540915
-0.00642039
-0.00642446
-0.00642447
-0.00642038
-0.00697257
-0.00697495
-0.00697496
-0.00697258
-0.0071831
-0.0071863
-0.0071863
-0.00718311
-0.00706889
-0.00707134
-0.00707134
-0.00706889
-0.00673263
-0.0067349
-0.0067349
-0.00673263
-0.00625101
-0.00625315
-0.00625315
-0.00625101
-0.00572634
-0.0057283
-0.0057283
-0.00572634
-0.00522192
-0.00522369
-0.00522369
-0.00522191
-0.00477217
-0.00477322
-0.00477322
-0.00477217
-0.00439935
-0.00439987
-0.00439987
-0.00439934
-0.00409694
-0.00409731
-0.00409731
-0.00409694
-0.00383473
-0.00383462
-0.00383462
-0.00383473
-0.00363849
-0.00363768
-0.00363768
-0.00363849
-0.00354684
-0.00354248
-0.00354248
-0.00354684
-0.00367833
-0.00367599
-0.00367599
-0.00367833
-0.00390588
-0.00390816
-0.00390816
-0.00390588
-0.00411478
-0.00411894
-0.00411894
-0.00411478
-0.00433706
-0.00434225
-0.00434224
-0.00433706
-0.00457984
-0.00457931
-0.00457931
-0.00457984
-0.004791
-0.00478081
-0.00478081
-0.004791
-0.00484703
-0.00483422
-0.00483422
-0.00484703
-0.00430214
-0.00429814
-0.00429814
-0.00430214
-0.0028695
-0.00287563
-0.00287563
-0.0028695
-0.000627737
-0.000630561
-0.000630561
-0.000627737
0.00191441
0.00189415
0.00189415
0.00191441
0.00500749
0.00501093
0.00501093
0.00500749
0.00690726
0.00689636
0.00689636
0.00690726
0.00875307
0.00876555
0.00876555
0.00875307
0.00963267
0.00963285
0.00963285
0.00963267
0.0102978
0.0103031
0.0103031
0.0102978
0.0104709
0.0104702
0.0104702
0.0104709
0.0103665
0.0103676
0.0103676
0.0103665
0.0100136
0.0100147
0.0100147
0.0100136
0.00953484
0.00953503
0.00953503
0.00953484
0.0089955
0.00899507
0.00899507
0.0089955
0.00841994
0.00841948
0.00841948
0.00841994
0.00784082
0.00784273
0.00784273
0.00784082
0.00727076
0.0072733
0.0072733
0.00727076
0.00676968
0.00677167
0.00677167
0.00676968
0.00632875
0.00632794
0.00632794
0.00632875
0.00597242
0.00597138
0.00597138
0.00597242
0.00563699
0.00563545
0.00563545
0.00563699
0.00708982
0.00708634
0.00708634
0.00708982
0.0084546
0.00844974
0.00844974
0.0084546
0.00970962
0.00970435
0.00970435
0.00970962
0.0108272
0.010822
0.010822
0.0108272
0.0117873
0.0117828
0.0117828
0.0117873
0.0125782
0.0125747
0.0125747
0.0125782
0.0131848
0.0131821
0.0131821
0.0131848
0.0135937
0.0135916
0.0135916
0.0135937
0.0137977
0.0137961
0.0137961
0.0137977
0.0137938
0.0137923
0.0137923
0.0137938
0.0135816
0.01358
0.01358
0.0135816
0.0131658
0.0131636
0.0131636
0.0131658
0.0125566
0.0125535
0.0125535
0.0125566
0.0117615
0.0117579
0.0117579
0.0117615
0.0107981
0.0107942
0.0107942
0.0107981
0.00968013
0.00967629
0.00967629
0.00968013
0.0084263
0.00842259
0.00842259
0.0084263
0.00707643
0.00707389
0.00707389
0.00707643
0.00562727
0.00562728
0.00562728
0.00562727
0.00593508
0.00593692
0.00593692
0.00593508
0.0063366
0.0063388
0.0063388
0.0063366
0.00678269
0.00678393
0.00678393
0.00678269
0.00726722
0.00726764
0.00726764
0.00726722
0.00780423
0.00780458
0.00780458
0.00780423
0.00837277
0.00837287
0.00837287
0.00837277
0.00894673
0.00894703
0.00894703
0.00894673
0.00949651
0.00949711
0.00949711
0.00949651
0.00997343
0.0099746
0.0099746
0.00997343
0.0102915
0.0102929
0.0102929
0.0102915
0.0104287
0.0104327
0.0104327
0.0104287
0.0102514
0.0102536
0.0102536
0.0102514
0.00962772
0.00963026
0.00963026
0.00962772
0.00851269
0.00851282
0.00851282
0.00851269
0.00689852
0.0068985
0.0068985
0.00689852
0.00461686
0.00460435
0.00460435
0.00461686
0.00189738
0.00188374
0.00188374
0.00189738
-0.00110941
-0.00112412
-0.00112412
-0.00110941
-0.00311984
-0.0031158
-0.0031158
-0.00311984
-0.00436973
-0.00436044
-0.00436044
-0.00436973
-0.00495314
-0.00494283
-0.00494283
-0.00495314
-0.00499453
-0.00498595
-0.00498595
-0.00499453
-0.00478477
-0.00478069
-0.00478069
-0.00478478
-0.00448282
-0.00448135
-0.00448135
-0.00448282
-0.00417012
-0.00417148
-0.00417148
-0.00417012
-0.00386835
-0.00386812
-0.00386812
-0.00386835
-0.00363013
-0.00362742
-0.00362742
-0.00363013
-0.00351934
-0.00351538
-0.00351538
-0.00351934
-0.0035922
-0.00359036
-0.00359036
-0.0035922
-0.00375996
-0.00375874
-0.00375873
-0.00375996
-0.00401633
-0.00401633
-0.00401633
-0.00401633
-0.00432886
-0.0043287
-0.0043287
-0.00432886
-0.00470555
-0.00470612
-0.00470612
-0.00470556
-0.00515364
-0.00515475
-0.00515475
-0.00515364
-0.00566721
-0.00566886
-0.00566886
-0.00566721
-0.00621161
-0.00621351
-0.00621351
-0.00621161
-0.00673138
-0.00673357
-0.00673356
-0.00673138
-0.00713411
-0.00713625
-0.00713625
-0.00713411
-0.00733291
-0.00733577
-0.00733576
-0.0073329
-0.00722428
-0.00722636
-0.00722636
-0.00722428
-0.00680473
-0.00680973
-0.00680973
-0.00680473
-0.00586393
-0.00586386
-0.00586386
-0.00586394
-0.00476907
-0.00477404
-0.00477404
-0.00476908
-0.00338371
-0.00338407
-0.00338407
-0.00338372
-0.00366181
-0.0036634
-0.0036634
-0.00366181
-0.00357854
-0.00357905
-0.00357905
-0.00357853
-0.00319488
-0.00319552
-0.00319551
-0.00319487
-0.00274583
-0.00274625
-0.00274625
-0.00274582
-0.00237535
-0.00237581
-0.0023758
-0.00237534
-0.00212354
-0.00212431
-0.00212432
-0.00212354
-0.00196707
-0.00196782
-0.00196782
-0.00196708
-0.00187021
-0.00187084
-0.00187084
-0.00187022
-0.00181318
-0.0018137
-0.0018137
-0.00181318
-0.00178615
-0.00178665
-0.00178665
-0.00178615
-0.00178694
-0.00178747
-0.00178747
-0.00178693
-0.00181997
-0.00182053
-0.00182053
-0.00181996
-0.00189893
-0.00189938
-0.00189938
-0.00189892
-0.00205355
-0.0020535
-0.0020535
-0.00205354
-0.00230618
-0.0023062
-0.00230619
-0.00230617
-0.00261476
-0.00261497
-0.00261497
-0.00261475
-0.00290709
-0.00290734
-0.00290734
-0.00290709
-0.00297185
-0.00297256
-0.00297256
-0.00297185
-0.00272941
-0.00272835
-0.00272835
-0.0027294
0.00409999
0.00410106
0.00410106
0.00409999
0.004327
0.0043285
0.0043285
0.004327
0.00457676
0.00457834
0.00457834
0.00457676
0.00490282
0.00490402
0.00490402
0.00490282
0.0052693
0.00526935
0.00526935
0.0052693
0.00565162
0.00565107
0.00565107
0.00565162
0.00604521
0.00604479
0.00604479
0.00604521
0.00643899
0.00643952
0.00643952
0.00643899
0.00680287
0.00680389
0.00680389
0.00680287
0.00711305
0.00711564
0.00711564
0.00711305
0.00730149
0.00730387
0.00730387
0.00730149
0.00734787
0.00735234
0.00735234
0.00734787
0.00715322
0.007156
0.007156
0.00715322
0.00668728
0.00669076
0.00669076
0.00668728
0.00585548
0.00585403
0.00585403
0.00585548
0.00471483
0.00471504
0.00471504
0.00471483
0.00315024
0.00314256
0.00314256
0.00315024
0.00145614
0.00145192
0.00145192
0.00145614
-0.000394709
-0.000403576
-0.000403576
-0.000394709
-0.00180055
-0.00180066
-0.00180066
-0.00180055
-0.00272248
-0.00271524
-0.00271524
-0.00272248
-0.00322788
-0.00322031
-0.00322031
-0.00322788
-0.00340241
-0.00339683
-0.00339683
-0.00340241
-0.00338819
-0.00338535
-0.00338535
-0.00338819
-0.00329651
-0.00329591
-0.00329591
-0.00329651
-0.00319735
-0.0031985
-0.0031985
-0.00319735
-0.00311109
-0.00311118
-0.00311118
-0.00311109
-0.00307422
-0.00307367
-0.00307367
-0.00307422
-0.00313066
-0.00313076
-0.00313076
-0.00313066
-0.00326903
-0.00326934
-0.00326934
-0.00326903
-0.00345047
-0.00344921
-0.00344921
-0.00345047
-0.00368682
-0.00368486
-0.00368486
-0.00368682
-0.00398713
-0.00398497
-0.00398497
-0.00398714
-0.00434644
-0.00434365
-0.00434365
-0.00434644
-0.00474345
-0.00474011
-0.00474011
-0.00474345
-0.00516287
-0.00515974
-0.00515974
-0.00516287
-0.00558196
-0.00557957
-0.00557957
-0.00558196
-0.00596515
-0.00596365
-0.00596365
-0.00596515
-0.00627969
-0.00628003
-0.00628003
-0.00627969
-0.00639425
-0.00639572
-0.00639572
-0.00639425
-0.00621617
-0.00621687
-0.00621687
-0.00621617
-0.00576955
-0.00577185
-0.00577185
-0.00576955
-0.00489663
-0.00489505
-0.00489506
-0.00489664
-0.00391202
-0.00391568
-0.00391569
-0.00391203
-0.0027765
-0.00277539
-0.00277539
-0.00277651
-0.00163314
-0.00163006
-0.00163007
-0.00163314
-0.00201089
-0.00200901
-0.00200901
-0.00201089
-0.00219006
-0.00218894
-0.00218894
-0.00219005
-0.00212733
-0.00212458
-0.00212458
-0.00212733
-0.00183849
-0.00183487
-0.00183487
-0.00183849
-0.00153399
-0.00153018
-0.00153018
-0.001534
-0.00136049
-0.00135793
-0.00135793
-0.00136049
-0.0012853
-0.00128303
-0.00128302
-0.00128529
-0.00125409
-0.0012521
-0.0012521
-0.00125408
-0.00123441
-0.00123263
-0.00123263
-0.00123441
-0.00121567
-0.00121402
-0.00121402
-0.00121567
-0.00119478
-0.00119314
-0.00119314
-0.00119478
-0.00116989
-0.00116819
-0.00116818
-0.00116988
-0.00114103
-0.00113918
-0.00113918
-0.00114102
-0.00111436
-0.00111225
-0.00111225
-0.00111436
-0.00111487
-0.00111241
-0.00111241
-0.00111487
-0.00118483
-0.00118142
-0.00118142
-0.00118483
-0.00137088
-0.00136801
-0.00136801
-0.00137089
-0.00155451
-0.0015529
-0.0015529
-0.00155452
-0.00160179
-0.00160245
-0.00160245
-0.0016018
-0.00145556
-0.00145644
-0.00145644
-0.00145557
-0.00117085
-0.00117134
-0.00117134
-0.00117086
-0.00222445
-0.00222197
-0.00222197
-0.00222444
-0.00344726
-0.00344844
-0.00344844
-0.00344725
-0.00447798
-0.0044761
-0.0044761
-0.00447798
-0.00543242
-0.00543407
-0.00543407
-0.00543242
-0.00598933
-0.00598941
-0.00598941
-0.00598934
-0.00625539
-0.00625691
-0.00625691
-0.0062554
-0.00621291
-0.00621339
-0.00621339
-0.00621291
-0.00595164
-0.00595055
-0.00595055
-0.00595164
-0.00558677
-0.00558426
-0.00558426
-0.00558677
-0.00518786
-0.0051846
-0.0051846
-0.00518786
-0.00478522
-0.0047816
-0.0047816
-0.00478522
-0.00439935
-0.00439544
-0.00439544
-0.00439935
-0.00405118
-0.00404766
-0.00404766
-0.00405118
-0.00375047
-0.003748
-0.00374801
-0.00375047
-0.00350656
-0.00350514
-0.00350514
-0.00350656
-0.00331512
-0.00331499
-0.00331499
-0.00331512
-0.00317193
-0.00317111
-0.00317111
-0.00317193
-0.00311634
-0.00311482
-0.00311482
-0.00311634
-0.00315016
-0.00314979
-0.00314979
-0.00315016
-0.00320458
-0.00320677
-0.00320677
-0.00320458
-0.00325136
-0.00325447
-0.00325447
-0.00325136
-0.0032932
-0.00329285
-0.00329285
-0.0032932
-0.00330799
-0.00330334
-0.00330334
-0.00330799
-0.00315825
-0.00315459
-0.00315459
-0.00315825
-0.00261039
-0.00261199
-0.00261199
-0.00261039
-0.00158753
-0.00159216
-0.00159216
-0.00158753
-0.000151909
-0.000156531
-0.000156531
-0.000151909
0.00152638
0.00151752
0.00151752
0.00152638
0.00339639
0.00340357
0.00340357
0.00339639
0.00474578
0.00473833
0.00473833
0.00474578
0.00604251
0.0060519
0.0060519
0.00604251
0.00670509
0.00670362
0.00670362
0.00670509
0.00724167
0.00724829
0.00724829
0.00724167
0.0073809
0.00738152
0.00738152
0.0073809
0.00736949
0.00737303
0.00737303
0.00736949
0.00715205
0.00715288
0.00715288
0.00715205
0.00685091
0.00685168
0.00685168
0.00685091
0.00647881
0.00647807
0.00647807
0.00647881
0.00608285
0.00608219
0.00608219
0.00608285
0.00567771
0.00567808
0.00567808
0.00567771
0.00527863
0.00528017
0.00528017
0.00527863
0.00490614
0.00490782
0.00490782
0.00490614
0.00459415
0.00459457
0.00459457
0.00459415
0.00433217
0.00433285
0.00433285
0.00433217
0.00411968
0.00411976
0.00411976
0.00411968
0.00392314
0.00392103
0.00392103
0.00392314
0.00539848
0.00539489
0.00539489
0.00539848
0.00680356
0.00679878
0.00679878
0.00680356
0.00812214
0.00811656
0.00811656
0.00812214
0.00932308
0.00931755
0.00931755
0.00932308
0.0103902
0.0103851
0.0103851
0.0103902
0.0113062
0.0113017
0.0113017
0.0113062
0.0120581
0.0120545
0.0120545
0.0120581
0.0126343
0.0126313
0.0126313
0.0126343
0.0130234
0.013021
0.013021
0.0130234
0.013218
0.013216
0.013216
0.013218
0.0132145
0.0132127
0.0132127
0.0132145
0.0130136
0.0130115
0.0130115
0.0130136
0.0126197
0.0126172
0.0126172
0.0126197
0.0120406
0.0120373
0.0120373
0.0120406
0.0112851
0.0112812
0.0112812
0.0112851
0.0103676
0.0103629
0.0103629
0.0103676
0.00930038
0.00929533
0.00929533
0.00930038
0.00810124
0.00809646
0.00809646
0.00810124
0.00679375
0.00679044
0.00679044
0.00679375
0.00538774
0.00538598
0.00538598
0.00538774
0.00392079
0.00392008
0.00392008
0.00392079
-0.000786612
-0.000786097
-0.000786096
-0.000786611
-0.00150998
-0.00150734
-0.00150734
-0.00150998
-0.00230494
-0.00230601
-0.00230601
-0.00230493
-0.00305705
-0.00305596
-0.00305596
-0.00305705
-0.00379123
-0.00379475
-0.00379475
-0.00379124
-0.00430034
-0.00430402
-0.00430402
-0.00430034
-0.00465682
-0.00466179
-0.00466179
-0.00465683
-0.00484854
-0.00485188
-0.00485188
-0.00484855
-0.00491192
-0.00491586
-0.00491587
-0.00491192
-0.00481975
-0.00482491
-0.00482491
-0.00481975
-0.00457591
-0.00458061
-0.00458061
-0.00457591
-0.0042424
-0.00424685
-0.00424685
-0.0042424
-0.00386398
-0.00386796
-0.00386796
-0.00386398
-0.00347806
-0.00348209
-0.00348209
-0.00347806
-0.00310139
-0.00310585
-0.00310585
-0.00310139
-0.00275056
-0.00275515
-0.00275515
-0.00275056
-0.00245124
-0.00245485
-0.00245485
-0.00245124
-0.0022272
-0.00222838
-0.00222838
-0.0022272
-0.00207952
-0.0020789
-0.0020789
-0.00207952
-0.0019955
-0.00199426
-0.00199426
-0.0019955
-0.00195829
-0.00195715
-0.00195715
-0.00195829
-0.0019476
-0.00194502
-0.00194502
-0.0019476
-0.00194572
-0.00194005
-0.00194005
-0.00194572
-0.00191904
-0.00191269
-0.00191269
-0.00191904
-0.00177147
-0.001769
-0.001769
-0.00177147
-0.00140016
-0.00140202
-0.00140202
-0.00140016
-0.000786701
-0.00079096
-0.00079096
-0.000786701
3.34461e-05
2.83697e-05
2.83697e-05
3.34461e-05
0.000987058
0.000983031
0.000983031
0.000987058
0.00198178
0.00198757
0.00198757
0.00198178
0.00277361
0.00277035
0.00277035
0.00277361
0.00354334
0.00354994
0.00354994
0.00354334
0.00396318
0.00396115
0.00396115
0.00396318
0.00432245
0.00432768
0.00432768
0.00432245
0.00441132
0.00441178
0.00441178
0.00441132
0.00443328
0.00443733
0.00443733
0.00443328
0.00430775
0.00430877
0.00430877
0.00430775
0.00414449
0.00414616
0.00414616
0.00414449
0.00392166
0.00392144
0.00392144
0.00392166
0.00368984
0.00368966
0.00368966
0.00368984
0.00344689
0.00344647
0.00344647
0.00344689
0.00321293
0.0032131
0.0032131
0.00321293
0.00299096
0.00299164
0.00299164
0.00299096
0.00279344
0.00279466
0.00279466
0.00279344
0.00262644
0.00262869
0.00262869
0.00262644
0.00247564
0.00247782
0.00247782
0.00247564
0.00237671
0.00237599
0.00237599
0.00237671
0.00231896
0.0023145
0.0023145
0.00231896
0.00381556
0.00381076
0.00381076
0.00381556
0.00525605
0.00525105
0.00525105
0.00525605
0.00662527
0.00661993
0.00661993
0.00662527
0.00790258
0.00789701
0.00789701
0.00790258
0.00906693
0.00906144
0.00906144
0.00906693
0.010101
0.010096
0.010096
0.010101
0.0109896
0.0109852
0.0109852
0.0109896
0.0117186
0.0117152
0.0117152
0.0117186
0.0122759
0.0122732
0.0122732
0.0122759
0.0126517
0.0126494
0.0126494
0.0126517
0.0128396
0.0128377
0.0128377
0.0128396
0.0128368
0.012835
0.012835
0.0128368
0.0126434
0.0126414
0.0126414
0.0126434
0.0122628
0.0122603
0.0122603
0.0122628
0.0117019
0.0116988
0.0116988
0.0117019
0.010971
0.0109671
0.0109671
0.010971
0.0100826
0.0100781
0.0100781
0.0100826
0.00904852
0.00904367
0.00904367
0.00904852
0.00788304
0.00787833
0.00787833
0.00788304
0.00660034
0.00659677
0.00659677
0.00660034
0.00524543
0.00524126
0.00524127
0.00524543
0.00381779
0.00381368
0.00381368
0.00381779
0.00232284
0.00231984
0.00231984
0.00232284
0.00238709
0.00238725
0.00238725
0.00238709
0.00248263
0.00248472
0.00248472
0.00248263
0.00261405
0.00261657
0.00261657
0.00261405
0.00278898
0.00279045
0.00279045
0.00278898
0.00298699
0.00298736
0.00298736
0.00298699
0.00320174
0.00320114
0.00320114
0.00320174
0.00343063
0.00343009
0.00343009
0.00343063
0.00366415
0.00366394
0.00366394
0.00366415
0.00389956
0.00390065
0.00390065
0.00389956
0.0041103
0.0041117
0.0041117
0.0041103
0.00428911
0.00429196
0.00429196
0.00428911
0.00438538
0.00438757
0.00438757
0.00438538
0.0043947
0.00439837
0.00439837
0.0043947
0.00424696
0.0042487
0.0042487
0.00424696
0.00395607
0.00395891
0.00395891
0.00395607
0.00343015
0.00342856
0.00342856
0.00343015
0.002752
0.00275283
0.00275283
0.002752
0.00185021
0.00184607
0.00184607
0.00185021
0.000913722
0.000911558
0.000911558
0.000913722
-8.53462e-05
-9.18861e-05
-9.18861e-05
-8.53462e-05
-0.000912424
-0.000915085
-0.000915085
-0.000912424
-0.0014737
-0.00146976
-0.00146976
-0.0014737
-0.00180072
-0.00179493
-0.00179493
-0.00180072
-0.00194818
-0.00194263
-0.00194263
-0.00194818
-0.00198198
-0.00197746
-0.00197746
-0.00198198
-0.00196676
-0.00196389
-0.00196388
-0.00196676
-0.00195544
-0.0019544
-0.0019544
-0.00195543
-0.00197231
-0.00197153
-0.00197153
-0.0019723
-0.00203968
-0.00203927
-0.00203927
-0.00203968
-0.00217133
-0.00217238
-0.00217238
-0.00217133
-0.00237222
-0.0023753
-0.0023753
-0.00237222
-0.00264581
-0.00264977
-0.00264977
-0.00264581
-0.00297942
-0.00298365
-0.00298365
-0.00297942
-0.00334994
-0.00335391
-0.00335391
-0.00334994
-0.003737
-0.00374073
-0.00374074
-0.00373701
-0.00412241
-0.0041262
-0.0041262
-0.00412241
-0.00447935
-0.00448346
-0.00448346
-0.00447935
-0.00476752
-0.00477216
-0.00477216
-0.00476752
-0.00492999
-0.0049347
-0.0049347
-0.00492999
-0.00491286
-0.00491556
-0.00491556
-0.00491286
-0.00477639
-0.00478087
-0.00478087
-0.00477639
-0.00447339
-0.00447703
-0.00447703
-0.00447339
-0.00404165
-0.00404612
-0.00404612
-0.00404165
-0.00337367
-0.00337339
-0.00337339
-0.00337368
-0.00262349
-0.00262574
-0.00262575
-0.0026235
-0.00187106
-0.0018697
-0.0018697
-0.00187107
-0.00110033
-0.00109659
-0.00109659
-0.00110033
-0.000517202
-0.000515936
-0.000515936
-0.0005172
-0.000750182
-0.000749028
-0.000749028
-0.000750182
-0.000887521
-0.000886395
-0.000886393
-0.000887517
-0.000923896
-0.00092455
-0.000924547
-0.000923889
-0.000883972
-0.000886984
-0.000886981
-0.000883968
-0.000830515
-0.00083341
-0.000833408
-0.000830515
-0.000812844
-0.000816283
-0.000816281
-0.000812837
-0.000814626
-0.000818463
-0.000818459
-0.000814619
-0.000781598
-0.000784306
-0.000784306
-0.000781597
-0.000760178
-0.000762839
-0.000762842
-0.000760182
-0.000741523
-0.000744109
-0.000744112
-0.000741529
-0.000724538
-0.000727044
-0.000727045
-0.000724539
-0.000708742
-0.000711175
-0.000711174
-0.000708738
-0.000691832
-0.000694232
-0.000694232
-0.000691828
-0.000671238
-0.000673592
-0.000673593
-0.000671237
-0.000642835
-0.000645186
-0.000645189
-0.000642837
-0.0006067
-0.000609617
-0.000609621
-0.000606704
-0.000534101
-0.000536852
-0.000536856
-0.000534105
-0.000467813
-0.000470042
-0.000470045
-0.000467816
-0.00045333
-0.000455187
-0.00045519
-0.000453333
-0.000461362
-0.000461291
-0.000461293
-0.000461363
-0.000456606
-0.000454386
-0.000454386
-0.000456603
-0.000412593
-0.000410912
-0.000410911
-0.000412588
-0.000304159
-0.00030404
-0.000304038
-0.000304155
0.00229972
0.00229458
0.00229458
0.00229972
0.00377389
0.00376839
0.00376839
0.00377389
0.00519118
0.00518593
0.00518593
0.00519118
0.00653916
0.006534
0.006534
0.00653916
0.0077969
0.0077918
0.0077918
0.0077969
0.00894464
0.00893976
0.00893976
0.00894464
0.00996367
0.00995926
0.00995926
0.00996367
0.010838
0.0108343
0.0108343
0.010838
0.0115544
0.0115514
0.0115514
0.0115544
0.0121021
0.0120998
0.0120998
0.0121021
0.0124719
0.0124701
0.0124701
0.0124719
0.0126571
0.0126556
0.0126556
0.0126571
0.0126544
0.012653
0.012653
0.0126544
0.0124643
0.0124627
0.0124627
0.0124643
0.0120906
0.0120885
0.0120885
0.0120906
0.0115397
0.011537
0.011537
0.0115397
0.0108204
0.010817
0.010817
0.0108204
0.00994379
0.00993975
0.00993975
0.00994379
0.00892376
0.00891935
0.00891935
0.00892376
0.00777544
0.00777114
0.00777114
0.00777544
0.00651682
0.00651296
0.00651296
0.00651682
0.00518007
0.00517521
0.00517521
0.00518007
0.00377176
0.00376608
0.00376608
0.00377176
0.00229946
0.00229443
0.00229443
0.00229946
0.000770808
0.000769083
0.000769083
0.000770808
0.000781481
0.000780565
0.000780565
0.000781481
0.000797846
0.000798442
0.000798442
0.000797846
0.000833654
0.000835118
0.000835118
0.000833654
0.000883357
0.000884607
0.000884607
0.000883357
0.000943041
0.000943569
0.000943569
0.000943041
0.00100999
0.00101011
0.00101011
0.00100999
0.00108168
0.00108166
0.00108166
0.00108168
0.00115988
0.00116033
0.00116033
0.00115988
0.00123923
0.00124017
0.00124017
0.00123923
0.00132105
0.00132292
0.00132292
0.00132105
0.00139284
0.001395
0.001395
0.00139284
0.00145554
0.00145854
0.00145854
0.00145554
0.0014871
0.0014899
0.0014899
0.0014871
0.00149138
0.00149489
0.00149489
0.00149138
0.00143734
0.00144004
0.00144004
0.00143734
0.0013396
0.00134271
0.00134271
0.0013396
0.00115433
0.00115547
0.00115547
0.00115433
0.000927255
0.000929033
0.000929033
0.000927255
0.000623356
0.000622568
0.000622568
0.000623356
0.000313857
0.000312631
0.000312631
0.000313857
-1.6743e-05
-2.04055e-05
-2.04055e-05
-1.6743e-05
-0.000302495
-0.000305293
-0.000305293
-0.000302495
-0.000497074
-0.000497635
-0.000497635
-0.000497074
-0.000610696
-0.000610662
-0.000610662
-0.000610696
-0.000661839
-0.000661968
-0.000661968
-0.000661839
-0.000672661
-0.000672979
-0.000672979
-0.000672661
-0.00066507
-0.000665263
-0.000665263
-0.00066507
-0.000658402
-0.000658087
-0.000658087
-0.000658402
-0.000658174
-0.000656807
-0.000656807
-0.000658174
-0.000669553
-0.000666857
-0.000666857
-0.000669553
-0.000698005
-0.000694254
-0.000694254
-0.000698004
-0.000750939
-0.000746576
-0.000746576
-0.000750939
-0.000826988
-0.000821926
-0.000821926
-0.000826988
-0.00091759
-0.000911853
-0.000911853
-0.00091759
-0.00101479
-0.00100872
-0.00100872
-0.00101479
-0.00111615
-0.00111038
-0.00111038
-0.00111615
-0.00122266
-0.00121759
-0.0012176
-0.00122266
-0.00133768
-0.00133348
-0.00133348
-0.00133768
-0.00146186
-0.0014587
-0.0014587
-0.00146186
-0.00159852
-0.00159795
-0.00159795
-0.00159852
-0.00171207
-0.00171378
-0.00171378
-0.00171207
-0.00174127
-0.00174373
-0.00174373
-0.00174127
-0.00165349
-0.00165382
-0.00165382
-0.00165349
-0.00148723
-0.00148836
-0.00148836
-0.00148723
-0.00124635
-0.00124608
-0.00124608
-0.00124635
-0.000951238
-0.000952335
-0.000952337
-0.000951243
-0.000684708
-0.000684888
-0.000684889
-0.000684711
-0.000420024
-0.000418689
-0.00041869
-0.000420023
-0.000208837
-0.000207958
-0.000207958
-0.000208837
-4.30479e-05
-4.08537e-05
-4.08537e-05
-4.30477e-05
-5.31909e-05
-4.75753e-05
-4.75752e-05
-5.31897e-05
1.21079e-05
2.12277e-05
2.1228e-05
1.21109e-05
0.000147969
0.000158472
0.000158473
0.000147974
0.00030798
0.000317651
0.000317652
0.000307983
0.000444266
0.000452514
0.000452515
0.000444266
0.000520806
0.000527459
0.00052746
0.000520806
0.000510447
0.000515446
0.000515447
0.000510451
0.000424955
0.000429714
0.000429717
0.000424959
0.000244593
0.000248045
0.000248046
0.000244596
0.000108934
0.000112029
0.000112028
0.000108932
2.70259e-05
3.02504e-05
3.02488e-05
2.7024e-05
-1.16115e-05
-8.48071e-06
-8.48148e-06
-1.16107e-05
-1.16766e-05
-8.59336e-06
-8.59358e-06
-1.1674e-05
2.6278e-05
2.93526e-05
2.9352e-05
2.62803e-05
0.000106125
0.000108957
0.000108955
0.000106126
0.000238417
0.000241513
0.00024151
0.000238417
0.000401038
0.00040494
0.000404938
0.000401037
0.000512254
0.000516758
0.000516756
0.000512254
0.000572509
0.000578498
0.000578496
0.00057251
0.000554027
0.000561691
0.000561689
0.000554029
0.000460655
0.00046976
0.00046976
0.000460657
0.00031416
0.000324451
0.000324451
0.000314162
0.000148951
0.000158175
0.000158176
0.000148954
3.20844e-05
3.74725e-05
3.74733e-05
3.20862e-05
-5.64945e-06
-2.96593e-06
-2.96587e-06
-5.64891e-06
-0.000126709
-0.000125626
-0.000125625
-0.000126708
-0.0003043
-0.000303377
-0.000303375
-0.000304297
-0.000561502
-0.00056089
-0.000560888
-0.000561498
-0.000827016
-0.000828113
-0.000828112
-0.000827015
-0.00112344
-0.00112267
-0.00112268
-0.00112344
-0.00139284
-0.0013934
-0.0013934
-0.00139284
-0.00158476
-0.00158487
-0.00158487
-0.00158477
-0.00169975
-0.0017018
-0.0017018
-0.00169976
-0.0017038
-0.00170562
-0.00170562
-0.0017038
-0.00161597
-0.0016162
-0.0016162
-0.00161597
-0.00146512
-0.00146186
-0.00146186
-0.00146512
-0.001335
-0.00133052
-0.00133052
-0.001335
-0.00122449
-0.0012192
-0.0012192
-0.00122449
-0.00112668
-0.00112056
-0.00112056
-0.00112668
-0.00103508
-0.00102859
-0.00102859
-0.00103508
-0.00094386
-0.000937683
-0.000937684
-0.00094386
-0.000853614
-0.000848242
-0.000848242
-0.000853614
-0.000772714
-0.000768102
-0.000768102
-0.000772714
-0.000713344
-0.00070932
-0.00070932
-0.000713344
-0.000679178
-0.000676144
-0.000676144
-0.000679178
-0.000661842
-0.000660051
-0.000660051
-0.000661842
-0.000655496
-0.000654832
-0.000654832
-0.000655497
-0.000656538
-0.000656234
-0.000656234
-0.000656538
-0.000661161
-0.000660286
-0.000660286
-0.000661161
-0.000654552
-0.000653792
-0.000653792
-0.000654552
-0.000601819
-0.000602643
-0.000602643
-0.000601819
-0.000470775
-0.000473157
-0.000473157
-0.000470775
-0.000258315
-0.000261547
-0.000261547
-0.000258315
2.32739e-05
1.98063e-05
1.98063e-05
2.32739e-05
0.000346595
0.000344643
0.000344643
0.000346595
0.000669755
0.000672434
0.000672434
0.000669755
0.000933322
0.000933864
0.000933864
0.000933322
0.0011965
0.00120102
0.00120102
0.0011965
0.00133781
0.001339
0.001339
0.00133781
0.00146957
0.00147381
0.00147381
0.00146957
0.00149493
0.00149711
0.00149711
0.00149493
0.0015076
0.00151138
0.00151138
0.0015076
0.00146003
0.00146228
0.00146228
0.00146003
0.00140642
0.00140889
0.00140889
0.00140642
0.00132755
0.00132886
0.00132886
0.00132755
0.00124907
0.0012501
0.0012501
0.00124907
0.00116544
0.00116577
0.00116577
0.00116544
0.00108742
0.00108757
0.00108757
0.00108742
0.00101343
0.00101356
0.00101356
0.00101343
0.000946413
0.000947252
0.000947252
0.000946413
0.000883267
0.000885067
0.000885067
0.000883267
0.000823428
0.000824934
0.000824934
0.000823428
0.000789206
0.000789132
0.000789132
0.000789206
0.000780725
0.000778576
0.000778576
0.000780725
0.000771597
0.000769319
0.000769319
0.000771597
-0.00638687
-0.00638472
-0.00638472
-0.00638687
-0.00743838
-0.00743307
-0.00743308
-0.00743842
-0.00902132
-0.00901739
-0.00901739
-0.00902133
-0.0112106
-0.0112079
-0.0112079
-0.0112106
-0.014227
-0.0142302
-0.0142302
-0.014227
-0.0167471
-0.0167418
-0.0167418
-0.0167471
-0.00545697
-0.00545333
-0.00545332
-0.00545691
-0.0209775
-0.0209905
-0.0209905
-0.0209775
-0.0175863
-0.0176077
-0.0176077
-0.0175863
0.00314686
0.00311975
0.00311975
0.00314686
0.0230112
0.0229882
0.0229882
0.0230112
0.0458855
0.0458914
0.0458914
0.0458855
0.0532787
0.0532802
0.0532802
0.0532787
0.0571764
0.0571875
0.0571875
0.0571764
0.0565526
0.0565571
0.0565571
0.0565526
0.0541504
0.0541657
0.0541657
0.0541504
0.044572
0.0445857
0.0445857
0.044572
0.0252573
0.0252612
0.0252612
0.0252573
0.00351839
0.0034874
0.0034874
0.00351839
-0.0118337
-0.0118555
-0.0118555
-0.0118337
-0.0232312
-0.023254
-0.023254
-0.0232312
-0.0167357
-0.016728
-0.016728
-0.0167357
-0.0143699
-0.0143758
-0.0143758
-0.0143699
-0.0107909
-0.0107869
-0.0107869
-0.0107909
-0.00863129
-0.00863049
-0.00863049
-0.00863128
-0.00715137
-0.00714906
-0.00714906
-0.00715137
-0.00618482
-0.0061838
-0.0061838
-0.00618482
-0.00536511
-0.00536338
-0.00536338
-0.00536512
-0.00397289
-0.00397105
-0.00397105
-0.00397289
-0.00372304
-0.00372056
-0.00372056
-0.00372304
-0.00364241
-0.00364098
-0.00364098
-0.00364241
-0.00356495
-0.0035628
-0.0035628
-0.00356495
-0.00356466
-0.00356291
-0.00356291
-0.00356466
-0.00359199
-0.00359002
-0.00359002
-0.00359199
-0.00369869
-0.00369644
-0.00369644
-0.00369869
-0.00396847
-0.00396598
-0.00396598
-0.00396847
)
;

boundaryField
{
    inlet
    {
        type            zeroGradient;
    }
    outlet
    {
        type            fixedValue;
        value           uniform 0;
    }
    obstacle
    {
        type            zeroGradient;
    }
    topbottomsurface
    {
        type            empty;
    }
}


// ************************************************************************* //
